x-grades
-204320738031346948513/40000000000000000000
-99553609026552708513/20000000000000000000
-193893698074863885539/40000000000000000000
-47170044524155588513/10000000000000000000
-36693331623676164513/8000000000000000000
-89126569070069645539/20000000000000000000
-173039618161897759591/40000000000000000000
-20978262272957028513/5000000000000000000
-162612578205414696617/40000000000000000000
-15739905822717316513/4000000000000000000
-152185538248931633643/40000000000000000000
-36743004567672525539/10000000000000000000
-141758498292448570669/40000000000000000000
-68272489157103519591/20000000000000000000
-26266291667193101539/8000000000000000000
-7882371147357748513/2500000000000000000
-120904418379482444721/40000000000000000000
-57845449200620456617/20000000000000000000
-110477378422999381747/40000000000000000000
-5263192922237892513/2000000000000000000
-100050338466516318773/40000000000000000000
-47418409244137393643/20000000000000000000
-89623298510033255799/40000000000000000000
-10551222316473965539/5000000000000000000
-3167850342142007713/1600000000000000000
-36991369287654330669/20000000000000000000
-68769218597067129851/40000000000000000000
-15888924654706399591/10000000000000000000
-58342178640584066877/40000000000000000000
-5312865866234253539/4000000000000000000
-47915138684101003903/40000000000000000000
-1334425584558108513/1250000000000000000
-37488098727617940929/40000000000000000000
-16137289374688204721/20000000000000000000
-5412211754226975591/8000000000000000000
-5461884698223336617/10000000000000000000
-16634018814651814981/40000000000000000000
-5710249418205141747/20000000000000000000
-6206978858168752007/40000000000000000000
-24836471998180513/1000000000000000000

y-grades
1999977/800000
1999977/400000
5999931/800000
1999977/200000
1999977/160000
5999931/400000
13999839/800000
1999977/100000
17999793/800000
1999977/80000
21999747/800000
5999931/200000
25999701/800000
13999839/400000
5999931/160000
1999977/50000
33999609/800000
17999793/400000
37999563/800000
1999977/40000
41999517/800000
21999747/400000
45999471/800000
5999931/100000
1999977/32000
25999701/400000
53999379/800000
13999839/200000
57999333/800000
5999931/80000
61999287/800000
1999977/25000
65999241/800000
33999609/400000
13999839/160000
17999793/200000
73999149/800000
37999563/400000
77999103/800000
1999977/20000

Dimensions > 0:
(0, 0, 2)
(0, 1, 2)
(0, 2, 2)
(0, 3, 1)
(0, 4, 1)
(0, 5, 1)
(0, 6, 1)
(0, 7, 1)
(0, 8, 1)
(0, 9, 1)
(0, 10, 1)
(0, 11, 1)
(0, 12, 1)
(0, 13, 1)
(0, 14, 1)
(0, 15, 1)
(0, 16, 1)
(0, 17, 1)
(0, 18, 1)
(0, 19, 1)
(0, 20, 1)
(0, 21, 1)
(0, 22, 1)
(0, 23, 1)
(0, 24, 1)
(0, 25, 1)
(0, 26, 1)
(0, 27, 1)
(0, 28, 1)
(0, 29, 1)
(0, 30, 1)
(0, 31, 1)
(0, 32, 1)
(0, 33, 1)
(0, 34, 1)
(0, 35, 1)
(0, 36, 1)
(0, 37, 1)
(0, 38, 1)
(0, 39, 1)

(1, 0, 3)
(1, 1, 3)
(1, 2, 2)
(1, 3, 1)
(1, 4, 1)
(1, 5, 1)
(1, 6, 1)
(1, 7, 1)
(1, 8, 1)
(1, 9, 1)
(1, 10, 1)
(1, 11, 1)
(1, 12, 1)
(1, 13, 1)
(1, 14, 1)
(1, 15, 1)
(1, 16, 1)
(1, 17, 1)
(1, 18, 1)
(1, 19, 1)
(1, 20, 1)
(1, 21, 1)
(1, 22, 1)
(1, 23, 1)
(1, 24, 1)
(1, 25, 1)
(1, 26, 1)
(1, 27, 1)
(1, 28, 1)
(1, 29, 1)
(1, 30, 1)
(1, 31, 1)
(1, 32, 1)
(1, 33, 1)
(1, 34, 1)
(1, 35, 1)
(1, 36, 1)
(1, 37, 1)
(1, 38, 1)
(1, 39, 1)

(2, 0, 3)
(2, 1, 3)
(2, 2, 2)
(2, 3, 1)
(2, 4, 1)
(2, 5, 1)
(2, 6, 1)
(2, 7, 1)
(2, 8, 1)
(2, 9, 1)
(2, 10, 1)
(2, 11, 1)
(2, 12, 1)
(2, 13, 1)
(2, 14, 1)
(2, 15, 1)
(2, 16, 1)
(2, 17, 1)
(2, 18, 1)
(2, 19, 1)
(2, 20, 1)
(2, 21, 1)
(2, 22, 1)
(2, 23, 1)
(2, 24, 1)
(2, 25, 1)
(2, 26, 1)
(2, 27, 1)
(2, 28, 1)
(2, 29, 1)
(2, 30, 1)
(2, 31, 1)
(2, 32, 1)
(2, 33, 1)
(2, 34, 1)
(2, 35, 1)
(2, 36, 1)
(2, 37, 1)
(2, 38, 1)
(2, 39, 1)

(3, 0, 3)
(3, 1, 3)
(3, 2, 2)
(3, 3, 1)
(3, 4, 1)
(3, 5, 1)
(3, 6, 1)
(3, 7, 1)
(3, 8, 1)
(3, 9, 1)
(3, 10, 1)
(3, 11, 1)
(3, 12, 1)
(3, 13, 1)
(3, 14, 1)
(3, 15, 1)
(3, 16, 1)
(3, 17, 1)
(3, 18, 1)
(3, 19, 1)
(3, 20, 1)
(3, 21, 1)
(3, 22, 1)
(3, 23, 1)
(3, 24, 1)
(3, 25, 1)
(3, 26, 1)
(3, 27, 1)
(3, 28, 1)
(3, 29, 1)
(3, 30, 1)
(3, 31, 1)
(3, 32, 1)
(3, 33, 1)
(3, 34, 1)
(3, 35, 1)
(3, 36, 1)
(3, 37, 1)
(3, 38, 1)
(3, 39, 1)

(4, 0, 4)
(4, 1, 4)
(4, 2, 3)
(4, 3, 2)
(4, 4, 2)
(4, 5, 1)
(4, 6, 1)
(4, 7, 1)
(4, 8, 1)
(4, 9, 1)
(4, 10, 1)
(4, 11, 1)
(4, 12, 1)
(4, 13, 1)
(4, 14, 1)
(4, 15, 1)
(4, 16, 1)
(4, 17, 1)
(4, 18, 1)
(4, 19, 1)
(4, 20, 1)
(4, 21, 1)
(4, 22, 1)
(4, 23, 1)
(4, 24, 1)
(4, 25, 1)
(4, 26, 1)
(4, 27, 1)
(4, 28, 1)
(4, 29, 1)
(4, 30, 1)
(4, 31, 1)
(4, 32, 1)
(4, 33, 1)
(4, 34, 1)
(4, 35, 1)
(4, 36, 1)
(4, 37, 1)
(4, 38, 1)
(4, 39, 1)

(5, 0, 4)
(5, 1, 4)
(5, 2, 3)
(5, 3, 2)
(5, 4, 2)
(5, 5, 1)
(5, 6, 1)
(5, 7, 1)
(5, 8, 1)
(5, 9, 1)
(5, 10, 1)
(5, 11, 1)
(5, 12, 1)
(5, 13, 1)
(5, 14, 1)
(5, 15, 1)
(5, 16, 1)
(5, 17, 1)
(5, 18, 1)
(5, 19, 1)
(5, 20, 1)
(5, 21, 1)
(5, 22, 1)
(5, 23, 1)
(5, 24, 1)
(5, 25, 1)
(5, 26, 1)
(5, 27, 1)
(5, 28, 1)
(5, 29, 1)
(5, 30, 1)
(5, 31, 1)
(5, 32, 1)
(5, 33, 1)
(5, 34, 1)
(5, 35, 1)
(5, 36, 1)
(5, 37, 1)
(5, 38, 1)
(5, 39, 1)

(6, 0, 5)
(6, 1, 5)
(6, 2, 4)
(6, 3, 3)
(6, 4, 2)
(6, 5, 1)
(6, 6, 1)
(6, 7, 1)
(6, 8, 1)
(6, 9, 1)
(6, 10, 1)
(6, 11, 1)
(6, 12, 1)
(6, 13, 1)
(6, 14, 1)
(6, 15, 1)
(6, 16, 1)
(6, 17, 1)
(6, 18, 1)
(6, 19, 1)
(6, 20, 1)
(6, 21, 1)
(6, 22, 1)
(6, 23, 1)
(6, 24, 1)
(6, 25, 1)
(6, 26, 1)
(6, 27, 1)
(6, 28, 1)
(6, 29, 1)
(6, 30, 1)
(6, 31, 1)
(6, 32, 1)
(6, 33, 1)
(6, 34, 1)
(6, 35, 1)
(6, 36, 1)
(6, 37, 1)
(6, 38, 1)
(6, 39, 1)

(7, 0, 7)
(7, 1, 7)
(7, 2, 5)
(7, 3, 3)
(7, 4, 2)
(7, 5, 1)
(7, 6, 1)
(7, 7, 1)
(7, 8, 1)
(7, 9, 1)
(7, 10, 1)
(7, 11, 1)
(7, 12, 1)
(7, 13, 1)
(7, 14, 1)
(7, 15, 1)
(7, 16, 1)
(7, 17, 1)
(7, 18, 1)
(7, 19, 1)
(7, 20, 1)
(7, 21, 1)
(7, 22, 1)
(7, 23, 1)
(7, 24, 1)
(7, 25, 1)
(7, 26, 1)
(7, 27, 1)
(7, 28, 1)
(7, 29, 1)
(7, 30, 1)
(7, 31, 1)
(7, 32, 1)
(7, 33, 1)
(7, 34, 1)
(7, 35, 1)
(7, 36, 1)
(7, 37, 1)
(7, 38, 1)
(7, 39, 1)

(8, 0, 11)
(8, 1, 11)
(8, 2, 8)
(8, 3, 4)
(8, 4, 3)
(8, 5, 2)
(8, 6, 2)
(8, 7, 2)
(8, 8, 2)
(8, 9, 2)
(8, 10, 2)
(8, 11, 2)
(8, 12, 2)
(8, 13, 2)
(8, 14, 2)
(8, 15, 2)
(8, 16, 2)
(8, 17, 2)
(8, 18, 2)
(8, 19, 2)
(8, 20, 2)
(8, 21, 2)
(8, 22, 2)
(8, 23, 2)
(8, 24, 2)
(8, 25, 2)
(8, 26, 2)
(8, 27, 2)
(8, 28, 2)
(8, 29, 2)
(8, 30, 2)
(8, 31, 2)
(8, 32, 2)
(8, 33, 2)
(8, 34, 2)
(8, 35, 2)
(8, 36, 2)
(8, 37, 1)
(8, 38, 1)
(8, 39, 1)

(9, 0, 12)
(9, 1, 12)
(9, 2, 9)
(9, 3, 5)
(9, 4, 4)
(9, 5, 2)
(9, 6, 2)
(9, 7, 2)
(9, 8, 2)
(9, 9, 2)
(9, 10, 2)
(9, 11, 2)
(9, 12, 2)
(9, 13, 2)
(9, 14, 2)
(9, 15, 2)
(9, 16, 2)
(9, 17, 2)
(9, 18, 2)
(9, 19, 2)
(9, 20, 2)
(9, 21, 2)
(9, 22, 2)
(9, 23, 2)
(9, 24, 2)
(9, 25, 2)
(9, 26, 2)
(9, 27, 2)
(9, 28, 2)
(9, 29, 2)
(9, 30, 2)
(9, 31, 1)
(9, 32, 1)
(9, 33, 1)
(9, 34, 1)
(9, 35, 1)
(9, 36, 1)
(9, 37, 1)
(9, 38, 1)
(9, 39, 1)

(10, 0, 13)
(10, 1, 13)
(10, 2, 10)
(10, 3, 6)
(10, 4, 5)
(10, 5, 2)
(10, 6, 2)
(10, 7, 2)
(10, 8, 2)
(10, 9, 2)
(10, 10, 2)
(10, 11, 2)
(10, 12, 2)
(10, 13, 2)
(10, 14, 2)
(10, 15, 2)
(10, 16, 2)
(10, 17, 2)
(10, 18, 2)
(10, 19, 2)
(10, 20, 2)
(10, 21, 2)
(10, 22, 2)
(10, 23, 2)
(10, 24, 2)
(10, 25, 2)
(10, 26, 2)
(10, 27, 2)
(10, 28, 2)
(10, 29, 2)
(10, 30, 2)
(10, 31, 1)
(10, 32, 1)
(10, 33, 1)
(10, 34, 1)
(10, 35, 1)
(10, 36, 1)
(10, 37, 1)
(10, 38, 1)
(10, 39, 1)

(11, 0, 15)
(11, 1, 14)
(11, 2, 11)
(11, 3, 7)
(11, 4, 6)
(11, 5, 3)
(11, 6, 2)
(11, 7, 2)
(11, 8, 2)
(11, 9, 2)
(11, 10, 2)
(11, 11, 2)
(11, 12, 2)
(11, 13, 2)
(11, 14, 2)
(11, 15, 2)
(11, 16, 2)
(11, 17, 2)
(11, 18, 2)
(11, 19, 2)
(11, 20, 2)
(11, 21, 2)
(11, 22, 2)
(11, 23, 2)
(11, 24, 2)
(11, 25, 2)
(11, 26, 1)
(11, 27, 1)
(11, 28, 1)
(11, 29, 1)
(11, 30, 1)
(11, 31, 1)
(11, 32, 1)
(11, 33, 1)
(11, 34, 1)
(11, 35, 1)
(11, 36, 1)
(11, 37, 1)
(11, 38, 1)
(11, 39, 1)

(12, 0, 19)
(12, 1, 17)
(12, 2, 14)
(12, 3, 10)
(12, 4, 7)
(12, 5, 4)
(12, 6, 3)
(12, 7, 2)
(12, 8, 2)
(12, 9, 2)
(12, 10, 2)
(12, 11, 2)
(12, 12, 2)
(12, 13, 2)
(12, 14, 2)
(12, 15, 2)
(12, 16, 2)
(12, 17, 2)
(12, 18, 2)
(12, 19, 1)
(12, 20, 1)
(12, 21, 1)
(12, 22, 1)
(12, 23, 1)
(12, 24, 1)
(12, 25, 1)
(12, 26, 1)
(12, 27, 1)
(12, 28, 1)
(12, 29, 1)
(12, 30, 1)
(12, 31, 1)
(12, 32, 1)
(12, 33, 1)
(12, 34, 1)
(12, 35, 1)
(12, 36, 1)
(12, 37, 1)
(12, 38, 1)
(12, 39, 1)

(13, 0, 20)
(13, 1, 17)
(13, 2, 14)
(13, 3, 10)
(13, 4, 7)
(13, 5, 4)
(13, 6, 3)
(13, 7, 2)
(13, 8, 2)
(13, 9, 2)
(13, 10, 2)
(13, 11, 2)
(13, 12, 2)
(13, 13, 2)
(13, 14, 2)
(13, 15, 2)
(13, 16, 2)
(13, 17, 2)
(13, 18, 2)
(13, 19, 1)
(13, 20, 1)
(13, 21, 1)
(13, 22, 1)
(13, 23, 1)
(13, 24, 1)
(13, 25, 1)
(13, 26, 1)
(13, 27, 1)
(13, 28, 1)
(13, 29, 1)
(13, 30, 1)
(13, 31, 1)
(13, 32, 1)
(13, 33, 1)
(13, 34, 1)
(13, 35, 1)
(13, 36, 1)
(13, 37, 1)
(13, 38, 1)
(13, 39, 1)

(14, 0, 21)
(14, 1, 18)
(14, 2, 15)
(14, 3, 11)
(14, 4, 7)
(14, 5, 4)
(14, 6, 3)
(14, 7, 2)
(14, 8, 2)
(14, 9, 2)
(14, 10, 2)
(14, 11, 2)
(14, 12, 2)
(14, 13, 2)
(14, 14, 2)
(14, 15, 2)
(14, 16, 2)
(14, 17, 2)
(14, 18, 2)
(14, 19, 1)
(14, 20, 1)
(14, 21, 1)
(14, 22, 1)
(14, 23, 1)
(14, 24, 1)
(14, 25, 1)
(14, 26, 1)
(14, 27, 1)
(14, 28, 1)
(14, 29, 1)
(14, 30, 1)
(14, 31, 1)
(14, 32, 1)
(14, 33, 1)
(14, 34, 1)
(14, 35, 1)
(14, 36, 1)
(14, 37, 1)
(14, 38, 1)
(14, 39, 1)

(15, 0, 26)
(15, 1, 21)
(15, 2, 18)
(15, 3, 13)
(15, 4, 9)
(15, 5, 6)
(15, 6, 5)
(15, 7, 4)
(15, 8, 4)
(15, 9, 4)
(15, 10, 4)
(15, 11, 4)
(15, 12, 4)
(15, 13, 4)
(15, 14, 4)
(15, 15, 3)
(15, 16, 3)
(15, 17, 3)
(15, 18, 3)
(15, 19, 2)
(15, 20, 2)
(15, 21, 2)
(15, 22, 2)
(15, 23, 2)
(15, 24, 2)
(15, 25, 2)
(15, 26, 2)
(15, 27, 2)
(15, 28, 2)
(15, 29, 2)
(15, 30, 2)
(15, 31, 2)
(15, 32, 2)
(15, 33, 2)
(15, 34, 2)
(15, 35, 2)
(15, 36, 2)
(15, 37, 2)
(15, 38, 2)
(15, 39, 1)

(16, 0, 31)
(16, 1, 23)
(16, 2, 19)
(16, 3, 14)
(16, 4, 10)
(16, 5, 7)
(16, 6, 6)
(16, 7, 5)
(16, 8, 5)
(16, 9, 5)
(16, 10, 5)
(16, 11, 5)
(16, 12, 5)
(16, 13, 4)
(16, 14, 3)
(16, 15, 3)
(16, 16, 3)
(16, 17, 3)
(16, 18, 3)
(16, 19, 2)
(16, 20, 2)
(16, 21, 2)
(16, 22, 2)
(16, 23, 2)
(16, 24, 2)
(16, 25, 2)
(16, 26, 2)
(16, 27, 2)
(16, 28, 2)
(16, 29, 2)
(16, 30, 2)
(16, 31, 2)
(16, 32, 2)
(16, 33, 2)
(16, 34, 2)
(16, 35, 2)
(16, 36, 2)
(16, 37, 1)
(16, 38, 1)
(16, 39, 1)

(17, 0, 33)
(17, 1, 25)
(17, 2, 20)
(17, 3, 15)
(17, 4, 11)
(17, 5, 8)
(17, 6, 6)
(17, 7, 5)
(17, 8, 5)
(17, 9, 5)
(17, 10, 4)
(17, 11, 4)
(17, 12, 4)
(17, 13, 4)
(17, 14, 3)
(17, 15, 3)
(17, 16, 3)
(17, 17, 3)
(17, 18, 3)
(17, 19, 2)
(17, 20, 2)
(17, 21, 2)
(17, 22, 2)
(17, 23, 2)
(17, 24, 2)
(17, 25, 2)
(17, 26, 2)
(17, 27, 2)
(17, 28, 2)
(17, 29, 2)
(17, 30, 2)
(17, 31, 1)
(17, 32, 1)
(17, 33, 1)
(17, 34, 1)
(17, 35, 1)
(17, 36, 1)
(17, 37, 1)
(17, 38, 1)
(17, 39, 1)

(18, 0, 35)
(18, 1, 27)
(18, 2, 22)
(18, 3, 17)
(18, 4, 12)
(18, 5, 9)
(18, 6, 7)
(18, 7, 6)
(18, 8, 6)
(18, 9, 6)
(18, 10, 5)
(18, 11, 5)
(18, 12, 5)
(18, 13, 4)
(18, 14, 3)
(18, 15, 2)
(18, 16, 2)
(18, 17, 2)
(18, 18, 2)
(18, 19, 1)
(18, 20, 1)
(18, 21, 1)
(18, 22, 1)
(18, 23, 1)
(18, 24, 1)
(18, 25, 1)
(18, 26, 1)
(18, 27, 1)
(18, 28, 1)
(18, 29, 1)
(18, 30, 1)
(18, 31, 1)
(18, 32, 1)
(18, 33, 1)
(18, 34, 1)
(18, 35, 1)
(18, 36, 1)
(18, 37, 1)
(18, 38, 1)
(18, 39, 1)

(19, 0, 39)
(19, 1, 29)
(19, 2, 24)
(19, 3, 19)
(19, 4, 12)
(19, 5, 9)
(19, 6, 7)
(19, 7, 6)
(19, 8, 6)
(19, 9, 6)
(19, 10, 4)
(19, 11, 4)
(19, 12, 4)
(19, 13, 4)
(19, 14, 3)
(19, 15, 2)
(19, 16, 2)
(19, 17, 2)
(19, 18, 2)
(19, 19, 1)
(19, 20, 1)
(19, 21, 1)
(19, 22, 1)
(19, 23, 1)
(19, 24, 1)
(19, 25, 1)
(19, 26, 1)
(19, 27, 1)
(19, 28, 1)
(19, 29, 1)
(19, 30, 1)
(19, 31, 1)
(19, 32, 1)
(19, 33, 1)
(19, 34, 1)
(19, 35, 1)
(19, 36, 1)
(19, 37, 1)
(19, 38, 1)
(19, 39, 1)

(20, 0, 43)
(20, 1, 32)
(20, 2, 26)
(20, 3, 20)
(20, 4, 13)
(20, 5, 9)
(20, 6, 6)
(20, 7, 5)
(20, 8, 5)
(20, 9, 5)
(20, 10, 4)
(20, 11, 4)
(20, 12, 4)
(20, 13, 4)
(20, 14, 3)
(20, 15, 2)
(20, 16, 2)
(20, 17, 2)
(20, 18, 2)
(20, 19, 1)
(20, 20, 1)
(20, 21, 1)
(20, 22, 1)
(20, 23, 1)
(20, 24, 1)
(20, 25, 1)
(20, 26, 1)
(20, 27, 1)
(20, 28, 1)
(20, 29, 1)
(20, 30, 1)
(20, 31, 1)
(20, 32, 1)
(20, 33, 1)
(20, 34, 1)
(20, 35, 1)
(20, 36, 1)
(20, 37, 1)
(20, 38, 1)
(20, 39, 1)

(21, 0, 46)
(21, 1, 34)
(21, 2, 27)
(21, 3, 20)
(21, 4, 13)
(21, 5, 9)
(21, 6, 6)
(21, 7, 5)
(21, 8, 5)
(21, 9, 5)
(21, 10, 4)
(21, 11, 4)
(21, 12, 4)
(21, 13, 4)
(21, 14, 3)
(21, 15, 2)
(21, 16, 2)
(21, 17, 2)
(21, 18, 2)
(21, 19, 1)
(21, 20, 1)
(21, 21, 1)
(21, 22, 1)
(21, 23, 1)
(21, 24, 1)
(21, 25, 1)
(21, 26, 1)
(21, 27, 1)
(21, 28, 1)
(21, 29, 1)
(21, 30, 1)
(21, 31, 1)
(21, 32, 1)
(21, 33, 1)
(21, 34, 1)
(21, 35, 1)
(21, 36, 1)
(21, 37, 1)
(21, 38, 1)
(21, 39, 1)

(22, 0, 48)
(22, 1, 35)
(22, 2, 28)
(22, 3, 21)
(22, 4, 13)
(22, 5, 9)
(22, 6, 6)
(22, 7, 5)
(22, 8, 5)
(22, 9, 5)
(22, 10, 4)
(22, 11, 4)
(22, 12, 4)
(22, 13, 4)
(22, 14, 3)
(22, 15, 2)
(22, 16, 2)
(22, 17, 2)
(22, 18, 2)
(22, 19, 1)
(22, 20, 1)
(22, 21, 1)
(22, 22, 1)
(22, 23, 1)
(22, 24, 1)
(22, 25, 1)
(22, 26, 1)
(22, 27, 1)
(22, 28, 1)
(22, 29, 1)
(22, 30, 1)
(22, 31, 1)
(22, 32, 1)
(22, 33, 1)
(22, 34, 1)
(22, 35, 1)
(22, 36, 1)
(22, 37, 1)
(22, 38, 1)
(22, 39, 1)

(23, 0, 49)
(23, 1, 36)
(23, 2, 29)
(23, 3, 22)
(23, 4, 14)
(23, 5, 10)
(23, 6, 7)
(23, 7, 6)
(23, 8, 6)
(23, 9, 6)
(23, 10, 5)
(23, 11, 4)
(23, 12, 4)
(23, 13, 4)
(23, 14, 3)
(23, 15, 2)
(23, 16, 2)
(23, 17, 2)
(23, 18, 2)
(23, 19, 1)
(23, 20, 1)
(23, 21, 1)
(23, 22, 1)
(23, 23, 1)
(23, 24, 1)
(23, 25, 1)
(23, 26, 1)
(23, 27, 1)
(23, 28, 1)
(23, 29, 1)
(23, 30, 1)
(23, 31, 1)
(23, 32, 1)
(23, 33, 1)
(23, 34, 1)
(23, 35, 1)
(23, 36, 1)
(23, 37, 1)
(23, 38, 1)
(23, 39, 1)

(24, 0, 49)
(24, 1, 36)
(24, 2, 29)
(24, 3, 22)
(24, 4, 14)
(24, 5, 10)
(24, 6, 7)
(24, 7, 6)
(24, 8, 6)
(24, 9, 6)
(24, 10, 5)
(24, 11, 4)
(24, 12, 4)
(24, 13, 4)
(24, 14, 3)
(24, 15, 2)
(24, 16, 2)
(24, 17, 2)
(24, 18, 2)
(24, 19, 1)
(24, 20, 1)
(24, 21, 1)
(24, 22, 1)
(24, 23, 1)
(24, 24, 1)
(24, 25, 1)
(24, 26, 1)
(24, 27, 1)
(24, 28, 1)
(24, 29, 1)
(24, 30, 1)
(24, 31, 1)
(24, 32, 1)
(24, 33, 1)
(24, 34, 1)
(24, 35, 1)
(24, 36, 1)
(24, 37, 1)
(24, 38, 1)
(24, 39, 1)

(25, 0, 49)
(25, 1, 36)
(25, 2, 29)
(25, 3, 22)
(25, 4, 14)
(25, 5, 10)
(25, 6, 7)
(25, 7, 6)
(25, 8, 6)
(25, 9, 6)
(25, 10, 5)
(25, 11, 4)
(25, 12, 4)
(25, 13, 4)
(25, 14, 3)
(25, 15, 2)
(25, 16, 2)
(25, 17, 2)
(25, 18, 2)
(25, 19, 1)
(25, 20, 1)
(25, 21, 1)
(25, 22, 1)
(25, 23, 1)
(25, 24, 1)
(25, 25, 1)
(25, 26, 1)
(25, 27, 1)
(25, 28, 1)
(25, 29, 1)
(25, 30, 1)
(25, 31, 1)
(25, 32, 1)
(25, 33, 1)
(25, 34, 1)
(25, 35, 1)
(25, 36, 1)
(25, 37, 1)
(25, 38, 1)
(25, 39, 1)

(26, 0, 49)
(26, 1, 36)
(26, 2, 29)
(26, 3, 22)
(26, 4, 14)
(26, 5, 10)
(26, 6, 7)
(26, 7, 6)
(26, 8, 6)
(26, 9, 6)
(26, 10, 5)
(26, 11, 4)
(26, 12, 4)
(26, 13, 4)
(26, 14, 3)
(26, 15, 2)
(26, 16, 2)
(26, 17, 2)
(26, 18, 2)
(26, 19, 1)
(26, 20, 1)
(26, 21, 1)
(26, 22, 1)
(26, 23, 1)
(26, 24, 1)
(26, 25, 1)
(26, 26, 1)
(26, 27, 1)
(26, 28, 1)
(26, 29, 1)
(26, 30, 1)
(26, 31, 1)
(26, 32, 1)
(26, 33, 1)
(26, 34, 1)
(26, 35, 1)
(26, 36, 1)
(26, 37, 1)
(26, 38, 1)
(26, 39, 1)

(27, 0, 51)
(27, 1, 37)
(27, 2, 30)
(27, 3, 23)
(27, 4, 15)
(27, 5, 11)
(27, 6, 8)
(27, 7, 7)
(27, 8, 7)
(27, 9, 7)
(27, 10, 6)
(27, 11, 4)
(27, 12, 4)
(27, 13, 4)
(27, 14, 3)
(27, 15, 2)
(27, 16, 2)
(27, 17, 2)
(27, 18, 2)
(27, 19, 1)
(27, 20, 1)
(27, 21, 1)
(27, 22, 1)
(27, 23, 1)
(27, 24, 1)
(27, 25, 1)
(27, 26, 1)
(27, 27, 1)
(27, 28, 1)
(27, 29, 1)
(27, 30, 1)
(27, 31, 1)
(27, 32, 1)
(27, 33, 1)
(27, 34, 1)
(27, 35, 1)
(27, 36, 1)
(27, 37, 1)
(27, 38, 1)
(27, 39, 1)

(28, 0, 51)
(28, 1, 37)
(28, 2, 30)
(28, 3, 23)
(28, 4, 15)
(28, 5, 11)
(28, 6, 8)
(28, 7, 7)
(28, 8, 7)
(28, 9, 7)
(28, 10, 6)
(28, 11, 4)
(28, 12, 4)
(28, 13, 4)
(28, 14, 3)
(28, 15, 2)
(28, 16, 2)
(28, 17, 2)
(28, 18, 2)
(28, 19, 1)
(28, 20, 1)
(28, 21, 1)
(28, 22, 1)
(28, 23, 1)
(28, 24, 1)
(28, 25, 1)
(28, 26, 1)
(28, 27, 1)
(28, 28, 1)
(28, 29, 1)
(28, 30, 1)
(28, 31, 1)
(28, 32, 1)
(28, 33, 1)
(28, 34, 1)
(28, 35, 1)
(28, 36, 1)
(28, 37, 1)
(28, 38, 1)
(28, 39, 1)

(29, 0, 55)
(29, 1, 38)
(29, 2, 31)
(29, 3, 24)
(29, 4, 15)
(29, 5, 11)
(29, 6, 8)
(29, 7, 7)
(29, 8, 7)
(29, 9, 7)
(29, 10, 6)
(29, 11, 4)
(29, 12, 4)
(29, 13, 4)
(29, 14, 3)
(29, 15, 2)
(29, 16, 2)
(29, 17, 2)
(29, 18, 2)
(29, 19, 1)
(29, 20, 1)
(29, 21, 1)
(29, 22, 1)
(29, 23, 1)
(29, 24, 1)
(29, 25, 1)
(29, 26, 1)
(29, 27, 1)
(29, 28, 1)
(29, 29, 1)
(29, 30, 1)
(29, 31, 1)
(29, 32, 1)
(29, 33, 1)
(29, 34, 1)
(29, 35, 1)
(29, 36, 1)
(29, 37, 1)
(29, 38, 1)
(29, 39, 1)

(30, 0, 55)
(30, 1, 38)
(30, 2, 31)
(30, 3, 24)
(30, 4, 15)
(30, 5, 11)
(30, 6, 8)
(30, 7, 7)
(30, 8, 7)
(30, 9, 7)
(30, 10, 6)
(30, 11, 4)
(30, 12, 4)
(30, 13, 4)
(30, 14, 3)
(30, 15, 2)
(30, 16, 2)
(30, 17, 2)
(30, 18, 2)
(30, 19, 1)
(30, 20, 1)
(30, 21, 1)
(30, 22, 1)
(30, 23, 1)
(30, 24, 1)
(30, 25, 1)
(30, 26, 1)
(30, 27, 1)
(30, 28, 1)
(30, 29, 1)
(30, 30, 1)
(30, 31, 1)
(30, 32, 1)
(30, 33, 1)
(30, 34, 1)
(30, 35, 1)
(30, 36, 1)
(30, 37, 1)
(30, 38, 1)
(30, 39, 1)

(31, 0, 58)
(31, 1, 40)
(31, 2, 32)
(31, 3, 25)
(31, 4, 16)
(31, 5, 12)
(31, 6, 9)
(31, 7, 8)
(31, 8, 8)
(31, 9, 8)
(31, 10, 5)
(31, 11, 4)
(31, 12, 4)
(31, 13, 4)
(31, 14, 3)
(31, 15, 2)
(31, 16, 2)
(31, 17, 2)
(31, 18, 2)
(31, 19, 1)
(31, 20, 1)
(31, 21, 1)
(31, 22, 1)
(31, 23, 1)
(31, 24, 1)
(31, 25, 1)
(31, 26, 1)
(31, 27, 1)
(31, 28, 1)
(31, 29, 1)
(31, 30, 1)
(31, 31, 1)
(31, 32, 1)
(31, 33, 1)
(31, 34, 1)
(31, 35, 1)
(31, 36, 1)
(31, 37, 1)
(31, 38, 1)
(31, 39, 1)

(32, 0, 59)
(32, 1, 41)
(32, 2, 33)
(32, 3, 25)
(32, 4, 16)
(32, 5, 12)
(32, 6, 9)
(32, 7, 8)
(32, 8, 8)
(32, 9, 8)
(32, 10, 5)
(32, 11, 4)
(32, 12, 4)
(32, 13, 4)
(32, 14, 3)
(32, 15, 2)
(32, 16, 2)
(32, 17, 2)
(32, 18, 2)
(32, 19, 1)
(32, 20, 1)
(32, 21, 1)
(32, 22, 1)
(32, 23, 1)
(32, 24, 1)
(32, 25, 1)
(32, 26, 1)
(32, 27, 1)
(32, 28, 1)
(32, 29, 1)
(32, 30, 1)
(32, 31, 1)
(32, 32, 1)
(32, 33, 1)
(32, 34, 1)
(32, 35, 1)
(32, 36, 1)
(32, 37, 1)
(32, 38, 1)
(32, 39, 1)

(33, 0, 60)
(33, 1, 42)
(33, 2, 34)
(33, 3, 26)
(33, 4, 17)
(33, 5, 13)
(33, 6, 10)
(33, 7, 9)
(33, 8, 9)
(33, 9, 9)
(33, 10, 6)
(33, 11, 4)
(33, 12, 4)
(33, 13, 4)
(33, 14, 3)
(33, 15, 2)
(33, 16, 2)
(33, 17, 2)
(33, 18, 2)
(33, 19, 1)
(33, 20, 1)
(33, 21, 1)
(33, 22, 1)
(33, 23, 1)
(33, 24, 1)
(33, 25, 1)
(33, 26, 1)
(33, 27, 1)
(33, 28, 1)
(33, 29, 1)
(33, 30, 1)
(33, 31, 1)
(33, 32, 1)
(33, 33, 1)
(33, 34, 1)
(33, 35, 1)
(33, 36, 1)
(33, 37, 1)
(33, 38, 1)
(33, 39, 1)

(34, 0, 60)
(34, 1, 42)
(34, 2, 34)
(34, 3, 26)
(34, 4, 17)
(34, 5, 13)
(34, 6, 10)
(34, 7, 9)
(34, 8, 9)
(34, 9, 9)
(34, 10, 5)
(34, 11, 4)
(34, 12, 4)
(34, 13, 4)
(34, 14, 3)
(34, 15, 2)
(34, 16, 2)
(34, 17, 2)
(34, 18, 2)
(34, 19, 1)
(34, 20, 1)
(34, 21, 1)
(34, 22, 1)
(34, 23, 1)
(34, 24, 1)
(34, 25, 1)
(34, 26, 1)
(34, 27, 1)
(34, 28, 1)
(34, 29, 1)
(34, 30, 1)
(34, 31, 1)
(34, 32, 1)
(34, 33, 1)
(34, 34, 1)
(34, 35, 1)
(34, 36, 1)
(34, 37, 1)
(34, 38, 1)
(34, 39, 1)

(35, 0, 60)
(35, 1, 42)
(35, 2, 34)
(35, 3, 26)
(35, 4, 17)
(35, 5, 13)
(35, 6, 10)
(35, 7, 9)
(35, 8, 9)
(35, 9, 9)
(35, 10, 5)
(35, 11, 4)
(35, 12, 4)
(35, 13, 4)
(35, 14, 3)
(35, 15, 2)
(35, 16, 2)
(35, 17, 2)
(35, 18, 2)
(35, 19, 1)
(35, 20, 1)
(35, 21, 1)
(35, 22, 1)
(35, 23, 1)
(35, 24, 1)
(35, 25, 1)
(35, 26, 1)
(35, 27, 1)
(35, 28, 1)
(35, 29, 1)
(35, 30, 1)
(35, 31, 1)
(35, 32, 1)
(35, 33, 1)
(35, 34, 1)
(35, 35, 1)
(35, 36, 1)
(35, 37, 1)
(35, 38, 1)
(35, 39, 1)

(36, 0, 64)
(36, 1, 45)
(36, 2, 37)
(36, 3, 28)
(36, 4, 18)
(36, 5, 14)
(36, 6, 11)
(36, 7, 9)
(36, 8, 8)
(36, 9, 8)
(36, 10, 5)
(36, 11, 4)
(36, 12, 4)
(36, 13, 4)
(36, 14, 3)
(36, 15, 2)
(36, 16, 2)
(36, 17, 2)
(36, 18, 2)
(36, 19, 1)
(36, 20, 1)
(36, 21, 1)
(36, 22, 1)
(36, 23, 1)
(36, 24, 1)
(36, 25, 1)
(36, 26, 1)
(36, 27, 1)
(36, 28, 1)
(36, 29, 1)
(36, 30, 1)
(36, 31, 1)
(36, 32, 1)
(36, 33, 1)
(36, 34, 1)
(36, 35, 1)
(36, 36, 1)
(36, 37, 1)
(36, 38, 1)
(36, 39, 1)

(37, 0, 65)
(37, 1, 46)
(37, 2, 37)
(37, 3, 27)
(37, 4, 17)
(37, 5, 13)
(37, 6, 9)
(37, 7, 8)
(37, 8, 8)
(37, 9, 8)
(37, 10, 5)
(37, 11, 4)
(37, 12, 4)
(37, 13, 4)
(37, 14, 3)
(37, 15, 2)
(37, 16, 2)
(37, 17, 2)
(37, 18, 2)
(37, 19, 1)
(37, 20, 1)
(37, 21, 1)
(37, 22, 1)
(37, 23, 1)
(37, 24, 1)
(37, 25, 1)
(37, 26, 1)
(37, 27, 1)
(37, 28, 1)
(37, 29, 1)
(37, 30, 1)
(37, 31, 1)
(37, 32, 1)
(37, 33, 1)
(37, 34, 1)
(37, 35, 1)
(37, 36, 1)
(37, 37, 1)
(37, 38, 1)
(37, 39, 1)

(38, 0, 65)
(38, 1, 45)
(38, 2, 36)
(38, 3, 27)
(38, 4, 17)
(38, 5, 13)
(38, 6, 9)
(38, 7, 8)
(38, 8, 8)
(38, 9, 8)
(38, 10, 5)
(38, 11, 4)
(38, 12, 4)
(38, 13, 4)
(38, 14, 3)
(38, 15, 2)
(38, 16, 2)
(38, 17, 2)
(38, 18, 2)
(38, 19, 1)
(38, 20, 1)
(38, 21, 1)
(38, 22, 1)
(38, 23, 1)
(38, 24, 1)
(38, 25, 1)
(38, 26, 1)
(38, 27, 1)
(38, 28, 1)
(38, 29, 1)
(38, 30, 1)
(38, 31, 1)
(38, 32, 1)
(38, 33, 1)
(38, 34, 1)
(38, 35, 1)
(38, 36, 1)
(38, 37, 1)
(38, 38, 1)
(38, 39, 1)

(39, 0, 65)
(39, 1, 45)
(39, 2, 36)
(39, 3, 27)
(39, 4, 17)
(39, 5, 13)
(39, 6, 9)
(39, 7, 8)
(39, 8, 8)
(39, 9, 8)
(39, 10, 5)
(39, 11, 4)
(39, 12, 4)
(39, 13, 4)
(39, 14, 3)
(39, 15, 2)
(39, 16, 2)
(39, 17, 2)
(39, 18, 2)
(39, 19, 1)
(39, 20, 1)
(39, 21, 1)
(39, 22, 1)
(39, 23, 1)
(39, 24, 1)
(39, 25, 1)
(39, 26, 1)
(39, 27, 1)
(39, 28, 1)
(39, 29, 1)
(39, 30, 1)
(39, 31, 1)
(39, 32, 1)
(39, 33, 1)
(39, 34, 1)
(39, 35, 1)
(39, 36, 1)
(39, 37, 1)
(39, 38, 1)
(39, 39, 1)


Betti numbers:
xi_0:
(0, 0, 2)
(1, 0, 1)
(4, 0, 1)
(6, 0, 1)
(7, 0, 2)
(8, 0, 4)
(9, 0, 1)
(10, 0, 1)
(11, 0, 2)
(12, 0, 4)
(13, 0, 1)
(14, 0, 1)
(15, 0, 5)
(16, 0, 5)
(17, 0, 2)
(18, 0, 2)
(19, 0, 4)
(20, 0, 4)
(21, 0, 3)
(22, 0, 2)
(23, 0, 1)
(27, 0, 2)
(29, 0, 4)
(31, 0, 3)
(32, 0, 1)
(33, 0, 1)
(36, 0, 4)
(37, 0, 1)
xi_1:
(0, 3, 1)
(1, 2, 1)
(4, 5, 1)
(6, 4, 1)
(7, 2, 1)
(7, 3, 1)
(8, 2, 1)
(8, 3, 2)
(8, 37, 1)
(9, 5, 1)
(9, 31, 1)
(10, 5, 1)
(11, 1, 1)
(11, 6, 1)
(11, 26, 1)
(12, 1, 1)
(12, 4, 2)
(12, 7, 1)
(12, 19, 1)
(13, 1, 1)
(14, 4, 1)
(15, 1, 2)
(15, 3, 1)
(15, 15, 1)
(15, 39, 1)
(16, 1, 3)
(16, 2, 1)
(16, 13, 1)
(16, 14, 1)
(16, 37, 1)
(17, 2, 1)
(17, 6, 1)
(17, 10, 1)
(17, 31, 1)
(18, 4, 1)
(18, 13, 1)
(18, 15, 1)
(19, 1, 2)
(19, 4, 2)
(19, 10, 1)
(20, 1, 1)
(20, 2, 1)
(20, 3, 1)
(20, 4, 1)
(20, 5, 1)
(20, 6, 1)
(21, 1, 1)
(21, 2, 1)
(21, 3, 1)
(22, 1, 1)
(22, 4, 1)
(23, 11, 1)
(27, 1, 1)
(27, 11, 1)
(29, 1, 3)
(29, 4, 1)
(31, 1, 1)
(31, 2, 1)
(31, 10, 2)
(32, 3, 1)
(33, 11, 1)
(34, 10, 1)
(36, 1, 1)
(36, 3, 1)
(36, 4, 1)
(36, 7, 1)
(36, 8, 1)
(37, 2, 1)
(37, 3, 1)
(37, 6, 1)
(38, 1, 1)
xi_2:
(9, 37, 1)
(11, 31, 1)
(12, 26, 1)
(16, 15, 1)
(16, 39, 1)
(17, 13, 1)
(17, 37, 1)
(18, 31, 1)
(19, 13, 1)
(20, 4, 1)
(20, 10, 1)
(31, 11, 1)
(34, 11, 1)
(36, 10, 1)
(37, 7, 1)
(37, 8, 1)
(38, 3, 1)
