x-grades
-451220031118434519/400000000000000000
-223014618591906119/200000000000000000
-440838443249189957/400000000000000000
-108911912328641919/100000000000000000
-86091371075989079/80000000000000000
-212633030722661557/200000000000000000
-420075267510700833/400000000000000000
-51860559197009819/50000000000000000
-409693679641456271/400000000000000000
-40450288570683399/40000000000000000
-399312091772211709/400000000000000000
-98530324459397357/100000000000000000
-388930503902967147/400000000000000000
-191869854984172433/200000000000000000
-75709783206744517/80000000000000000
-23334882631193769/25000000000000000
-368167328164478023/400000000000000000
-181488267114927871/200000000000000000
-357785740295233461/400000000000000000
-17629747318030559/20000000000000000
-347404152425988899/400000000000000000
-171106679245683309/200000000000000000
-337022564556744337/400000000000000000
-41478971327765257/50000000000000000
-13065639067499991/16000000000000000
-160725091376438747/200000000000000000
-316259388818255213/400000000000000000
-77767148720908233/100000000000000000
-305877800949010651/400000000000000000
-30068700701438837/40000000000000000
-295496213079766089/400000000000000000
-567002771767859/781250000000000
-285114625210521527/400000000000000000
-139961915637949623/200000000000000000
-54946607468255393/80000000000000000
-67385560851663671/100000000000000000
-264351449472032403/400000000000000000
-129580327768705061/200000000000000000
-253969861602787841/400000000000000000
-6219476691704139/10000000000000000

y-grades
6251461/4000000
6251461/2000000
18754383/4000000
6251461/1000000
6251461/800000
18754383/2000000
43760227/4000000
6251461/500000
56263149/4000000
6251461/400000
68766071/4000000
18754383/1000000
81268993/4000000
43760227/2000000
18754383/800000
6251461/250000
106274837/4000000
56263149/2000000
118777759/4000000
6251461/200000
131280681/4000000
68766071/2000000
143783603/4000000
18754383/500000
6251461/160000
81268993/2000000
168789447/4000000
43760227/1000000
181292369/4000000
18754383/400000
193795291/4000000
6251461/125000
206298213/4000000
106274837/2000000
43760227/800000
56263149/1000000
231304057/4000000
118777759/2000000
243806979/4000000
6251461/100000

Dimensions > 0:
(0, 0, 2)
(0, 1, 2)
(0, 2, 2)
(0, 3, 2)
(0, 4, 2)
(0, 5, 2)
(0, 6, 2)
(0, 7, 2)
(0, 8, 2)
(0, 9, 2)
(0, 10, 2)
(0, 11, 2)
(0, 12, 2)
(0, 13, 2)
(0, 14, 1)
(0, 15, 1)
(0, 16, 1)
(0, 17, 1)
(0, 18, 1)
(0, 19, 1)
(0, 20, 1)
(0, 21, 1)
(0, 22, 1)
(0, 23, 1)
(0, 24, 1)
(0, 25, 1)
(0, 26, 1)
(0, 27, 1)
(0, 28, 1)
(0, 29, 1)
(0, 30, 1)
(0, 31, 1)
(0, 32, 1)
(0, 33, 1)
(0, 34, 1)
(0, 35, 1)
(0, 36, 1)
(0, 37, 1)
(0, 38, 1)
(0, 39, 1)

(1, 0, 2)
(1, 1, 2)
(1, 2, 2)
(1, 3, 2)
(1, 4, 2)
(1, 5, 2)
(1, 6, 2)
(1, 7, 2)
(1, 8, 2)
(1, 9, 2)
(1, 10, 2)
(1, 11, 2)
(1, 12, 2)
(1, 13, 2)
(1, 14, 1)
(1, 15, 1)
(1, 16, 1)
(1, 17, 1)
(1, 18, 1)
(1, 19, 1)
(1, 20, 1)
(1, 21, 1)
(1, 22, 1)
(1, 23, 1)
(1, 24, 1)
(1, 25, 1)
(1, 26, 1)
(1, 27, 1)
(1, 28, 1)
(1, 29, 1)
(1, 30, 1)
(1, 31, 1)
(1, 32, 1)
(1, 33, 1)
(1, 34, 1)
(1, 35, 1)
(1, 36, 1)
(1, 37, 1)
(1, 38, 1)
(1, 39, 1)

(2, 0, 3)
(2, 1, 3)
(2, 2, 2)
(2, 3, 2)
(2, 4, 2)
(2, 5, 2)
(2, 6, 2)
(2, 7, 2)
(2, 8, 2)
(2, 9, 2)
(2, 10, 2)
(2, 11, 1)
(2, 12, 1)
(2, 13, 1)
(2, 14, 1)
(2, 15, 1)
(2, 16, 1)
(2, 17, 1)
(2, 18, 1)
(2, 19, 1)
(2, 20, 1)
(2, 21, 1)
(2, 22, 1)
(2, 23, 1)
(2, 24, 1)
(2, 25, 1)
(2, 26, 1)
(2, 27, 1)
(2, 28, 1)
(2, 29, 1)
(2, 30, 1)
(2, 31, 1)
(2, 32, 1)
(2, 33, 1)
(2, 34, 1)
(2, 35, 1)
(2, 36, 1)
(2, 37, 1)
(2, 38, 1)
(2, 39, 1)

(3, 0, 7)
(3, 1, 5)
(3, 2, 4)
(3, 3, 3)
(3, 4, 3)
(3, 5, 3)
(3, 6, 3)
(3, 7, 2)
(3, 8, 2)
(3, 9, 2)
(3, 10, 2)
(3, 11, 2)
(3, 12, 2)
(3, 13, 2)
(3, 14, 2)
(3, 15, 2)
(3, 16, 2)
(3, 17, 2)
(3, 18, 2)
(3, 19, 2)
(3, 20, 2)
(3, 21, 2)
(3, 22, 2)
(3, 23, 2)
(3, 24, 2)
(3, 25, 2)
(3, 26, 2)
(3, 27, 2)
(3, 28, 2)
(3, 29, 2)
(3, 30, 2)
(3, 31, 2)
(3, 32, 2)
(3, 33, 2)
(3, 34, 2)
(3, 35, 2)
(3, 36, 1)
(3, 37, 1)
(3, 38, 1)
(3, 39, 1)

(4, 0, 9)
(4, 1, 7)
(4, 2, 6)
(4, 3, 5)
(4, 4, 5)
(4, 5, 5)
(4, 6, 5)
(4, 7, 4)
(4, 8, 4)
(4, 9, 4)
(4, 10, 4)
(4, 11, 3)
(4, 12, 3)
(4, 13, 3)
(4, 14, 3)
(4, 15, 3)
(4, 16, 3)
(4, 17, 2)
(4, 18, 2)
(4, 19, 2)
(4, 20, 2)
(4, 21, 2)
(4, 22, 2)
(4, 23, 2)
(4, 24, 2)
(4, 25, 2)
(4, 26, 2)
(4, 27, 2)
(4, 28, 2)
(4, 29, 2)
(4, 30, 1)
(4, 31, 1)
(4, 32, 1)
(4, 33, 1)
(4, 34, 1)
(4, 35, 1)
(4, 36, 1)
(4, 37, 1)
(4, 38, 1)
(4, 39, 1)

(5, 0, 9)
(5, 1, 7)
(5, 2, 6)
(5, 3, 5)
(5, 4, 5)
(5, 5, 5)
(5, 6, 5)
(5, 7, 4)
(5, 8, 4)
(5, 9, 4)
(5, 10, 4)
(5, 11, 3)
(5, 12, 3)
(5, 13, 3)
(5, 14, 3)
(5, 15, 3)
(5, 16, 3)
(5, 17, 2)
(5, 18, 2)
(5, 19, 2)
(5, 20, 2)
(5, 21, 2)
(5, 22, 2)
(5, 23, 2)
(5, 24, 2)
(5, 25, 2)
(5, 26, 2)
(5, 27, 2)
(5, 28, 2)
(5, 29, 2)
(5, 30, 1)
(5, 31, 1)
(5, 32, 1)
(5, 33, 1)
(5, 34, 1)
(5, 35, 1)
(5, 36, 1)
(5, 37, 1)
(5, 38, 1)
(5, 39, 1)

(6, 0, 11)
(6, 1, 8)
(6, 2, 7)
(6, 3, 5)
(6, 4, 5)
(6, 5, 5)
(6, 6, 5)
(6, 7, 3)
(6, 8, 3)
(6, 9, 3)
(6, 10, 3)
(6, 11, 3)
(6, 12, 3)
(6, 13, 3)
(6, 14, 3)
(6, 15, 3)
(6, 16, 3)
(6, 17, 2)
(6, 18, 2)
(6, 19, 2)
(6, 20, 2)
(6, 21, 2)
(6, 22, 2)
(6, 23, 2)
(6, 24, 2)
(6, 25, 2)
(6, 26, 2)
(6, 27, 2)
(6, 28, 2)
(6, 29, 2)
(6, 30, 1)
(6, 31, 1)
(6, 32, 1)
(6, 33, 1)
(6, 34, 1)
(6, 35, 1)
(6, 36, 1)
(6, 37, 1)
(6, 38, 1)
(6, 39, 1)

(7, 0, 13)
(7, 1, 8)
(7, 2, 7)
(7, 3, 5)
(7, 4, 5)
(7, 5, 5)
(7, 6, 5)
(7, 7, 3)
(7, 8, 3)
(7, 9, 3)
(7, 10, 3)
(7, 11, 3)
(7, 12, 3)
(7, 13, 3)
(7, 14, 3)
(7, 15, 3)
(7, 16, 3)
(7, 17, 2)
(7, 18, 2)
(7, 19, 2)
(7, 20, 2)
(7, 21, 2)
(7, 22, 2)
(7, 23, 2)
(7, 24, 2)
(7, 25, 2)
(7, 26, 2)
(7, 27, 2)
(7, 28, 1)
(7, 29, 1)
(7, 30, 1)
(7, 31, 1)
(7, 32, 1)
(7, 33, 1)
(7, 34, 1)
(7, 35, 1)
(7, 36, 1)
(7, 37, 1)
(7, 38, 1)
(7, 39, 1)

(8, 0, 15)
(8, 1, 9)
(8, 2, 8)
(8, 3, 6)
(8, 4, 5)
(8, 5, 5)
(8, 6, 5)
(8, 7, 3)
(8, 8, 3)
(8, 9, 3)
(8, 10, 3)
(8, 11, 3)
(8, 12, 3)
(8, 13, 3)
(8, 14, 3)
(8, 15, 3)
(8, 16, 3)
(8, 17, 2)
(8, 18, 2)
(8, 19, 2)
(8, 20, 2)
(8, 21, 2)
(8, 22, 2)
(8, 23, 2)
(8, 24, 2)
(8, 25, 2)
(8, 26, 2)
(8, 27, 1)
(8, 28, 1)
(8, 29, 1)
(8, 30, 1)
(8, 31, 1)
(8, 32, 1)
(8, 33, 1)
(8, 34, 1)
(8, 35, 1)
(8, 36, 1)
(8, 37, 1)
(8, 38, 1)
(8, 39, 1)

(9, 0, 15)
(9, 1, 9)
(9, 2, 8)
(9, 3, 6)
(9, 4, 5)
(9, 5, 5)
(9, 6, 5)
(9, 7, 3)
(9, 8, 3)
(9, 9, 3)
(9, 10, 3)
(9, 11, 3)
(9, 12, 3)
(9, 13, 3)
(9, 14, 3)
(9, 15, 3)
(9, 16, 3)
(9, 17, 2)
(9, 18, 2)
(9, 19, 2)
(9, 20, 2)
(9, 21, 2)
(9, 22, 2)
(9, 23, 2)
(9, 24, 2)
(9, 25, 2)
(9, 26, 2)
(9, 27, 1)
(9, 28, 1)
(9, 29, 1)
(9, 30, 1)
(9, 31, 1)
(9, 32, 1)
(9, 33, 1)
(9, 34, 1)
(9, 35, 1)
(9, 36, 1)
(9, 37, 1)
(9, 38, 1)
(9, 39, 1)

(10, 0, 17)
(10, 1, 10)
(10, 2, 9)
(10, 3, 7)
(10, 4, 6)
(10, 5, 6)
(10, 6, 6)
(10, 7, 4)
(10, 8, 4)
(10, 9, 4)
(10, 10, 4)
(10, 11, 4)
(10, 12, 4)
(10, 13, 4)
(10, 14, 4)
(10, 15, 4)
(10, 16, 4)
(10, 17, 2)
(10, 18, 2)
(10, 19, 2)
(10, 20, 2)
(10, 21, 2)
(10, 22, 2)
(10, 23, 2)
(10, 24, 2)
(10, 25, 2)
(10, 26, 1)
(10, 27, 1)
(10, 28, 1)
(10, 29, 1)
(10, 30, 1)
(10, 31, 1)
(10, 32, 1)
(10, 33, 1)
(10, 34, 1)
(10, 35, 1)
(10, 36, 1)
(10, 37, 1)
(10, 38, 1)
(10, 39, 1)

(11, 0, 22)
(11, 1, 14)
(11, 2, 11)
(11, 3, 7)
(11, 4, 7)
(11, 5, 6)
(11, 6, 6)
(11, 7, 5)
(11, 8, 5)
(11, 9, 5)
(11, 10, 5)
(11, 11, 5)
(11, 12, 5)
(11, 13, 5)
(11, 14, 4)
(11, 15, 4)
(11, 16, 4)
(11, 17, 2)
(11, 18, 2)
(11, 19, 2)
(11, 20, 2)
(11, 21, 2)
(11, 22, 2)
(11, 23, 2)
(11, 24, 2)
(11, 25, 2)
(11, 26, 1)
(11, 27, 1)
(11, 28, 1)
(11, 29, 1)
(11, 30, 1)
(11, 31, 1)
(11, 32, 1)
(11, 33, 1)
(11, 34, 1)
(11, 35, 1)
(11, 36, 1)
(11, 37, 1)
(11, 38, 1)
(11, 39, 1)

(12, 0, 23)
(12, 1, 15)
(12, 2, 12)
(12, 3, 8)
(12, 4, 8)
(12, 5, 7)
(12, 6, 7)
(12, 7, 4)
(12, 8, 4)
(12, 9, 4)
(12, 10, 4)
(12, 11, 4)
(12, 12, 4)
(12, 13, 4)
(12, 14, 4)
(12, 15, 4)
(12, 16, 4)
(12, 17, 2)
(12, 18, 2)
(12, 19, 2)
(12, 20, 2)
(12, 21, 2)
(12, 22, 2)
(12, 23, 2)
(12, 24, 2)
(12, 25, 2)
(12, 26, 1)
(12, 27, 1)
(12, 28, 1)
(12, 29, 1)
(12, 30, 1)
(12, 31, 1)
(12, 32, 1)
(12, 33, 1)
(12, 34, 1)
(12, 35, 1)
(12, 36, 1)
(12, 37, 1)
(12, 38, 1)
(12, 39, 1)

(13, 0, 26)
(13, 1, 17)
(13, 2, 13)
(13, 3, 8)
(13, 4, 8)
(13, 5, 7)
(13, 6, 7)
(13, 7, 5)
(13, 8, 5)
(13, 9, 5)
(13, 10, 5)
(13, 11, 4)
(13, 12, 4)
(13, 13, 4)
(13, 14, 4)
(13, 15, 4)
(13, 16, 2)
(13, 17, 2)
(13, 18, 2)
(13, 19, 2)
(13, 20, 2)
(13, 21, 2)
(13, 22, 2)
(13, 23, 2)
(13, 24, 2)
(13, 25, 2)
(13, 26, 1)
(13, 27, 1)
(13, 28, 1)
(13, 29, 1)
(13, 30, 1)
(13, 31, 1)
(13, 32, 1)
(13, 33, 1)
(13, 34, 1)
(13, 35, 1)
(13, 36, 1)
(13, 37, 1)
(13, 38, 1)
(13, 39, 1)

(14, 0, 26)
(14, 1, 17)
(14, 2, 13)
(14, 3, 8)
(14, 4, 8)
(14, 5, 7)
(14, 6, 7)
(14, 7, 5)
(14, 8, 5)
(14, 9, 5)
(14, 10, 5)
(14, 11, 4)
(14, 12, 4)
(14, 13, 4)
(14, 14, 4)
(14, 15, 4)
(14, 16, 2)
(14, 17, 2)
(14, 18, 2)
(14, 19, 2)
(14, 20, 2)
(14, 21, 2)
(14, 22, 2)
(14, 23, 2)
(14, 24, 2)
(14, 25, 2)
(14, 26, 1)
(14, 27, 1)
(14, 28, 1)
(14, 29, 1)
(14, 30, 1)
(14, 31, 1)
(14, 32, 1)
(14, 33, 1)
(14, 34, 1)
(14, 35, 1)
(14, 36, 1)
(14, 37, 1)
(14, 38, 1)
(14, 39, 1)

(15, 0, 29)
(15, 1, 20)
(15, 2, 15)
(15, 3, 9)
(15, 4, 8)
(15, 5, 7)
(15, 6, 7)
(15, 7, 5)
(15, 8, 5)
(15, 9, 5)
(15, 10, 5)
(15, 11, 4)
(15, 12, 4)
(15, 13, 4)
(15, 14, 3)
(15, 15, 3)
(15, 16, 2)
(15, 17, 2)
(15, 18, 2)
(15, 19, 2)
(15, 20, 2)
(15, 21, 2)
(15, 22, 2)
(15, 23, 1)
(15, 24, 1)
(15, 25, 1)
(15, 26, 1)
(15, 27, 1)
(15, 28, 1)
(15, 29, 1)
(15, 30, 1)
(15, 31, 1)
(15, 32, 1)
(15, 33, 1)
(15, 34, 1)
(15, 35, 1)
(15, 36, 1)
(15, 37, 1)
(15, 38, 1)
(15, 39, 1)

(16, 0, 32)
(16, 1, 22)
(16, 2, 16)
(16, 3, 9)
(16, 4, 8)
(16, 5, 7)
(16, 6, 7)
(16, 7, 4)
(16, 8, 4)
(16, 9, 4)
(16, 10, 4)
(16, 11, 4)
(16, 12, 4)
(16, 13, 3)
(16, 14, 3)
(16, 15, 3)
(16, 16, 2)
(16, 17, 2)
(16, 18, 2)
(16, 19, 2)
(16, 20, 2)
(16, 21, 2)
(16, 22, 2)
(16, 23, 1)
(16, 24, 1)
(16, 25, 1)
(16, 26, 1)
(16, 27, 1)
(16, 28, 1)
(16, 29, 1)
(16, 30, 1)
(16, 31, 1)
(16, 32, 1)
(16, 33, 1)
(16, 34, 1)
(16, 35, 1)
(16, 36, 1)
(16, 37, 1)
(16, 38, 1)
(16, 39, 1)

(17, 0, 33)
(17, 1, 23)
(17, 2, 17)
(17, 3, 9)
(17, 4, 8)
(17, 5, 7)
(17, 6, 7)
(17, 7, 4)
(17, 8, 4)
(17, 9, 4)
(17, 10, 4)
(17, 11, 4)
(17, 12, 4)
(17, 13, 3)
(17, 14, 3)
(17, 15, 3)
(17, 16, 2)
(17, 17, 2)
(17, 18, 2)
(17, 19, 2)
(17, 20, 2)
(17, 21, 2)
(17, 22, 2)
(17, 23, 1)
(17, 24, 1)
(17, 25, 1)
(17, 26, 1)
(17, 27, 1)
(17, 28, 1)
(17, 29, 1)
(17, 30, 1)
(17, 31, 1)
(17, 32, 1)
(17, 33, 1)
(17, 34, 1)
(17, 35, 1)
(17, 36, 1)
(17, 37, 1)
(17, 38, 1)
(17, 39, 1)

(18, 0, 35)
(18, 1, 25)
(18, 2, 18)
(18, 3, 9)
(18, 4, 8)
(18, 5, 6)
(18, 6, 6)
(18, 7, 4)
(18, 8, 4)
(18, 9, 4)
(18, 10, 4)
(18, 11, 4)
(18, 12, 4)
(18, 13, 3)
(18, 14, 3)
(18, 15, 3)
(18, 16, 2)
(18, 17, 2)
(18, 18, 2)
(18, 19, 2)
(18, 20, 2)
(18, 21, 2)
(18, 22, 2)
(18, 23, 1)
(18, 24, 1)
(18, 25, 1)
(18, 26, 1)
(18, 27, 1)
(18, 28, 1)
(18, 29, 1)
(18, 30, 1)
(18, 31, 1)
(18, 32, 1)
(18, 33, 1)
(18, 34, 1)
(18, 35, 1)
(18, 36, 1)
(18, 37, 1)
(18, 38, 1)
(18, 39, 1)

(19, 0, 36)
(19, 1, 26)
(19, 2, 18)
(19, 3, 9)
(19, 4, 8)
(19, 5, 6)
(19, 6, 5)
(19, 7, 4)
(19, 8, 4)
(19, 9, 4)
(19, 10, 4)
(19, 11, 4)
(19, 12, 4)
(19, 13, 3)
(19, 14, 3)
(19, 15, 3)
(19, 16, 2)
(19, 17, 2)
(19, 18, 2)
(19, 19, 2)
(19, 20, 2)
(19, 21, 2)
(19, 22, 2)
(19, 23, 1)
(19, 24, 1)
(19, 25, 1)
(19, 26, 1)
(19, 27, 1)
(19, 28, 1)
(19, 29, 1)
(19, 30, 1)
(19, 31, 1)
(19, 32, 1)
(19, 33, 1)
(19, 34, 1)
(19, 35, 1)
(19, 36, 1)
(19, 37, 1)
(19, 38, 1)
(19, 39, 1)

(20, 0, 38)
(20, 1, 26)
(20, 2, 18)
(20, 3, 9)
(20, 4, 8)
(20, 5, 6)
(20, 6, 5)
(20, 7, 4)
(20, 8, 4)
(20, 9, 4)
(20, 10, 4)
(20, 11, 4)
(20, 12, 4)
(20, 13, 3)
(20, 14, 3)
(20, 15, 3)
(20, 16, 2)
(20, 17, 2)
(20, 18, 2)
(20, 19, 2)
(20, 20, 2)
(20, 21, 2)
(20, 22, 2)
(20, 23, 1)
(20, 24, 1)
(20, 25, 1)
(20, 26, 1)
(20, 27, 1)
(20, 28, 1)
(20, 29, 1)
(20, 30, 1)
(20, 31, 1)
(20, 32, 1)
(20, 33, 1)
(20, 34, 1)
(20, 35, 1)
(20, 36, 1)
(20, 37, 1)
(20, 38, 1)
(20, 39, 1)

(21, 0, 41)
(21, 1, 29)
(21, 2, 19)
(21, 3, 9)
(21, 4, 9)
(21, 5, 7)
(21, 6, 6)
(21, 7, 5)
(21, 8, 5)
(21, 9, 5)
(21, 10, 5)
(21, 11, 3)
(21, 12, 3)
(21, 13, 2)
(21, 14, 1)
(21, 15, 1)
(21, 16, 1)
(21, 17, 1)
(21, 18, 1)
(21, 19, 1)
(21, 20, 1)
(21, 21, 1)
(21, 22, 1)
(21, 23, 1)
(21, 24, 1)
(21, 25, 1)
(21, 26, 1)
(21, 27, 1)
(21, 28, 1)
(21, 29, 1)
(21, 30, 1)
(21, 31, 1)
(21, 32, 1)
(21, 33, 1)
(21, 34, 1)
(21, 35, 1)
(21, 36, 1)
(21, 37, 1)
(21, 38, 1)
(21, 39, 1)

(22, 0, 42)
(22, 1, 30)
(22, 2, 19)
(22, 3, 9)
(22, 4, 9)
(22, 5, 7)
(22, 6, 6)
(22, 7, 5)
(22, 8, 5)
(22, 9, 5)
(22, 10, 5)
(22, 11, 3)
(22, 12, 3)
(22, 13, 2)
(22, 14, 1)
(22, 15, 1)
(22, 16, 1)
(22, 17, 1)
(22, 18, 1)
(22, 19, 1)
(22, 20, 1)
(22, 21, 1)
(22, 22, 1)
(22, 23, 1)
(22, 24, 1)
(22, 25, 1)
(22, 26, 1)
(22, 27, 1)
(22, 28, 1)
(22, 29, 1)
(22, 30, 1)
(22, 31, 1)
(22, 32, 1)
(22, 33, 1)
(22, 34, 1)
(22, 35, 1)
(22, 36, 1)
(22, 37, 1)
(22, 38, 1)
(22, 39, 1)

(23, 0, 42)
(23, 1, 30)
(23, 2, 19)
(23, 3, 9)
(23, 4, 9)
(23, 5, 7)
(23, 6, 6)
(23, 7, 5)
(23, 8, 5)
(23, 9, 5)
(23, 10, 5)
(23, 11, 3)
(23, 12, 3)
(23, 13, 2)
(23, 14, 1)
(23, 15, 1)
(23, 16, 1)
(23, 17, 1)
(23, 18, 1)
(23, 19, 1)
(23, 20, 1)
(23, 21, 1)
(23, 22, 1)
(23, 23, 1)
(23, 24, 1)
(23, 25, 1)
(23, 26, 1)
(23, 27, 1)
(23, 28, 1)
(23, 29, 1)
(23, 30, 1)
(23, 31, 1)
(23, 32, 1)
(23, 33, 1)
(23, 34, 1)
(23, 35, 1)
(23, 36, 1)
(23, 37, 1)
(23, 38, 1)
(23, 39, 1)

(24, 0, 43)
(24, 1, 31)
(24, 2, 19)
(24, 3, 9)
(24, 4, 9)
(24, 5, 7)
(24, 6, 6)
(24, 7, 5)
(24, 8, 5)
(24, 9, 5)
(24, 10, 5)
(24, 11, 3)
(24, 12, 3)
(24, 13, 2)
(24, 14, 1)
(24, 15, 1)
(24, 16, 1)
(24, 17, 1)
(24, 18, 1)
(24, 19, 1)
(24, 20, 1)
(24, 21, 1)
(24, 22, 1)
(24, 23, 1)
(24, 24, 1)
(24, 25, 1)
(24, 26, 1)
(24, 27, 1)
(24, 28, 1)
(24, 29, 1)
(24, 30, 1)
(24, 31, 1)
(24, 32, 1)
(24, 33, 1)
(24, 34, 1)
(24, 35, 1)
(24, 36, 1)
(24, 37, 1)
(24, 38, 1)
(24, 39, 1)

(25, 0, 43)
(25, 1, 31)
(25, 2, 19)
(25, 3, 9)
(25, 4, 9)
(25, 5, 7)
(25, 6, 6)
(25, 7, 5)
(25, 8, 5)
(25, 9, 5)
(25, 10, 5)
(25, 11, 3)
(25, 12, 3)
(25, 13, 1)
(25, 14, 1)
(25, 15, 1)
(25, 16, 1)
(25, 17, 1)
(25, 18, 1)
(25, 19, 1)
(25, 20, 1)
(25, 21, 1)
(25, 22, 1)
(25, 23, 1)
(25, 24, 1)
(25, 25, 1)
(25, 26, 1)
(25, 27, 1)
(25, 28, 1)
(25, 29, 1)
(25, 30, 1)
(25, 31, 1)
(25, 32, 1)
(25, 33, 1)
(25, 34, 1)
(25, 35, 1)
(25, 36, 1)
(25, 37, 1)
(25, 38, 1)
(25, 39, 1)

(26, 0, 46)
(26, 1, 34)
(26, 2, 21)
(26, 3, 10)
(26, 4, 10)
(26, 5, 8)
(26, 6, 7)
(26, 7, 6)
(26, 8, 6)
(26, 9, 6)
(26, 10, 6)
(26, 11, 4)
(26, 12, 2)
(26, 13, 1)
(26, 14, 1)
(26, 15, 1)
(26, 16, 1)
(26, 17, 1)
(26, 18, 1)
(26, 19, 1)
(26, 20, 1)
(26, 21, 1)
(26, 22, 1)
(26, 23, 1)
(26, 24, 1)
(26, 25, 1)
(26, 26, 1)
(26, 27, 1)
(26, 28, 1)
(26, 29, 1)
(26, 30, 1)
(26, 31, 1)
(26, 32, 1)
(26, 33, 1)
(26, 34, 1)
(26, 35, 1)
(26, 36, 1)
(26, 37, 1)
(26, 38, 1)
(26, 39, 1)

(27, 0, 46)
(27, 1, 34)
(27, 2, 21)
(27, 3, 10)
(27, 4, 10)
(27, 5, 8)
(27, 6, 7)
(27, 7, 6)
(27, 8, 6)
(27, 9, 6)
(27, 10, 6)
(27, 11, 2)
(27, 12, 2)
(27, 13, 1)
(27, 14, 1)
(27, 15, 1)
(27, 16, 1)
(27, 17, 1)
(27, 18, 1)
(27, 19, 1)
(27, 20, 1)
(27, 21, 1)
(27, 22, 1)
(27, 23, 1)
(27, 24, 1)
(27, 25, 1)
(27, 26, 1)
(27, 27, 1)
(27, 28, 1)
(27, 29, 1)
(27, 30, 1)
(27, 31, 1)
(27, 32, 1)
(27, 33, 1)
(27, 34, 1)
(27, 35, 1)
(27, 36, 1)
(27, 37, 1)
(27, 38, 1)
(27, 39, 1)

(28, 0, 47)
(28, 1, 35)
(28, 2, 22)
(28, 3, 10)
(28, 4, 10)
(28, 5, 8)
(28, 6, 7)
(28, 7, 6)
(28, 8, 6)
(28, 9, 6)
(28, 10, 6)
(28, 11, 2)
(28, 12, 2)
(28, 13, 1)
(28, 14, 1)
(28, 15, 1)
(28, 16, 1)
(28, 17, 1)
(28, 18, 1)
(28, 19, 1)
(28, 20, 1)
(28, 21, 1)
(28, 22, 1)
(28, 23, 1)
(28, 24, 1)
(28, 25, 1)
(28, 26, 1)
(28, 27, 1)
(28, 28, 1)
(28, 29, 1)
(28, 30, 1)
(28, 31, 1)
(28, 32, 1)
(28, 33, 1)
(28, 34, 1)
(28, 35, 1)
(28, 36, 1)
(28, 37, 1)
(28, 38, 1)
(28, 39, 1)

(29, 0, 48)
(29, 1, 36)
(29, 2, 23)
(29, 3, 11)
(29, 4, 10)
(29, 5, 8)
(29, 6, 6)
(29, 7, 6)
(29, 8, 6)
(29, 9, 6)
(29, 10, 6)
(29, 11, 2)
(29, 12, 2)
(29, 13, 1)
(29, 14, 1)
(29, 15, 1)
(29, 16, 1)
(29, 17, 1)
(29, 18, 1)
(29, 19, 1)
(29, 20, 1)
(29, 21, 1)
(29, 22, 1)
(29, 23, 1)
(29, 24, 1)
(29, 25, 1)
(29, 26, 1)
(29, 27, 1)
(29, 28, 1)
(29, 29, 1)
(29, 30, 1)
(29, 31, 1)
(29, 32, 1)
(29, 33, 1)
(29, 34, 1)
(29, 35, 1)
(29, 36, 1)
(29, 37, 1)
(29, 38, 1)
(29, 39, 1)

(30, 0, 48)
(30, 1, 36)
(30, 2, 23)
(30, 3, 11)
(30, 4, 10)
(30, 5, 8)
(30, 6, 6)
(30, 7, 6)
(30, 8, 6)
(30, 9, 6)
(30, 10, 6)
(30, 11, 2)
(30, 12, 2)
(30, 13, 1)
(30, 14, 1)
(30, 15, 1)
(30, 16, 1)
(30, 17, 1)
(30, 18, 1)
(30, 19, 1)
(30, 20, 1)
(30, 21, 1)
(30, 22, 1)
(30, 23, 1)
(30, 24, 1)
(30, 25, 1)
(30, 26, 1)
(30, 27, 1)
(30, 28, 1)
(30, 29, 1)
(30, 30, 1)
(30, 31, 1)
(30, 32, 1)
(30, 33, 1)
(30, 34, 1)
(30, 35, 1)
(30, 36, 1)
(30, 37, 1)
(30, 38, 1)
(30, 39, 1)

(31, 0, 50)
(31, 1, 38)
(31, 2, 24)
(31, 3, 10)
(31, 4, 10)
(31, 5, 8)
(31, 6, 6)
(31, 7, 6)
(31, 8, 6)
(31, 9, 6)
(31, 10, 6)
(31, 11, 2)
(31, 12, 2)
(31, 13, 1)
(31, 14, 1)
(31, 15, 1)
(31, 16, 1)
(31, 17, 1)
(31, 18, 1)
(31, 19, 1)
(31, 20, 1)
(31, 21, 1)
(31, 22, 1)
(31, 23, 1)
(31, 24, 1)
(31, 25, 1)
(31, 26, 1)
(31, 27, 1)
(31, 28, 1)
(31, 29, 1)
(31, 30, 1)
(31, 31, 1)
(31, 32, 1)
(31, 33, 1)
(31, 34, 1)
(31, 35, 1)
(31, 36, 1)
(31, 37, 1)
(31, 38, 1)
(31, 39, 1)

(32, 0, 51)
(32, 1, 39)
(32, 2, 25)
(32, 3, 10)
(32, 4, 10)
(32, 5, 8)
(32, 6, 6)
(32, 7, 6)
(32, 8, 6)
(32, 9, 6)
(32, 10, 6)
(32, 11, 2)
(32, 12, 2)
(32, 13, 1)
(32, 14, 1)
(32, 15, 1)
(32, 16, 1)
(32, 17, 1)
(32, 18, 1)
(32, 19, 1)
(32, 20, 1)
(32, 21, 1)
(32, 22, 1)
(32, 23, 1)
(32, 24, 1)
(32, 25, 1)
(32, 26, 1)
(32, 27, 1)
(32, 28, 1)
(32, 29, 1)
(32, 30, 1)
(32, 31, 1)
(32, 32, 1)
(32, 33, 1)
(32, 34, 1)
(32, 35, 1)
(32, 36, 1)
(32, 37, 1)
(32, 38, 1)
(32, 39, 1)

(33, 0, 53)
(33, 1, 40)
(33, 2, 26)
(33, 3, 11)
(33, 4, 11)
(33, 5, 9)
(33, 6, 7)
(33, 7, 6)
(33, 8, 6)
(33, 9, 6)
(33, 10, 6)
(33, 11, 2)
(33, 12, 2)
(33, 13, 1)
(33, 14, 1)
(33, 15, 1)
(33, 16, 1)
(33, 17, 1)
(33, 18, 1)
(33, 19, 1)
(33, 20, 1)
(33, 21, 1)
(33, 22, 1)
(33, 23, 1)
(33, 24, 1)
(33, 25, 1)
(33, 26, 1)
(33, 27, 1)
(33, 28, 1)
(33, 29, 1)
(33, 30, 1)
(33, 31, 1)
(33, 32, 1)
(33, 33, 1)
(33, 34, 1)
(33, 35, 1)
(33, 36, 1)
(33, 37, 1)
(33, 38, 1)
(33, 39, 1)

(34, 0, 53)
(34, 1, 40)
(34, 2, 26)
(34, 3, 11)
(34, 4, 11)
(34, 5, 9)
(34, 6, 7)
(34, 7, 6)
(34, 8, 6)
(34, 9, 6)
(34, 10, 6)
(34, 11, 2)
(34, 12, 2)
(34, 13, 1)
(34, 14, 1)
(34, 15, 1)
(34, 16, 1)
(34, 17, 1)
(34, 18, 1)
(34, 19, 1)
(34, 20, 1)
(34, 21, 1)
(34, 22, 1)
(34, 23, 1)
(34, 24, 1)
(34, 25, 1)
(34, 26, 1)
(34, 27, 1)
(34, 28, 1)
(34, 29, 1)
(34, 30, 1)
(34, 31, 1)
(34, 32, 1)
(34, 33, 1)
(34, 34, 1)
(34, 35, 1)
(34, 36, 1)
(34, 37, 1)
(34, 38, 1)
(34, 39, 1)

(35, 0, 53)
(35, 1, 40)
(35, 2, 26)
(35, 3, 11)
(35, 4, 11)
(35, 5, 9)
(35, 6, 7)
(35, 7, 6)
(35, 8, 6)
(35, 9, 6)
(35, 10, 6)
(35, 11, 2)
(35, 12, 2)
(35, 13, 1)
(35, 14, 1)
(35, 15, 1)
(35, 16, 1)
(35, 17, 1)
(35, 18, 1)
(35, 19, 1)
(35, 20, 1)
(35, 21, 1)
(35, 22, 1)
(35, 23, 1)
(35, 24, 1)
(35, 25, 1)
(35, 26, 1)
(35, 27, 1)
(35, 28, 1)
(35, 29, 1)
(35, 30, 1)
(35, 31, 1)
(35, 32, 1)
(35, 33, 1)
(35, 34, 1)
(35, 35, 1)
(35, 36, 1)
(35, 37, 1)
(35, 38, 1)
(35, 39, 1)

(36, 0, 54)
(36, 1, 41)
(36, 2, 27)
(36, 3, 11)
(36, 4, 11)
(36, 5, 9)
(36, 6, 7)
(36, 7, 6)
(36, 8, 6)
(36, 9, 6)
(36, 10, 6)
(36, 11, 2)
(36, 12, 2)
(36, 13, 1)
(36, 14, 1)
(36, 15, 1)
(36, 16, 1)
(36, 17, 1)
(36, 18, 1)
(36, 19, 1)
(36, 20, 1)
(36, 21, 1)
(36, 22, 1)
(36, 23, 1)
(36, 24, 1)
(36, 25, 1)
(36, 26, 1)
(36, 27, 1)
(36, 28, 1)
(36, 29, 1)
(36, 30, 1)
(36, 31, 1)
(36, 32, 1)
(36, 33, 1)
(36, 34, 1)
(36, 35, 1)
(36, 36, 1)
(36, 37, 1)
(36, 38, 1)
(36, 39, 1)

(37, 0, 54)
(37, 1, 41)
(37, 2, 27)
(37, 3, 11)
(37, 4, 11)
(37, 5, 9)
(37, 6, 7)
(37, 7, 6)
(37, 8, 6)
(37, 9, 6)
(37, 10, 6)
(37, 11, 2)
(37, 12, 2)
(37, 13, 1)
(37, 14, 1)
(37, 15, 1)
(37, 16, 1)
(37, 17, 1)
(37, 18, 1)
(37, 19, 1)
(37, 20, 1)
(37, 21, 1)
(37, 22, 1)
(37, 23, 1)
(37, 24, 1)
(37, 25, 1)
(37, 26, 1)
(37, 27, 1)
(37, 28, 1)
(37, 29, 1)
(37, 30, 1)
(37, 31, 1)
(37, 32, 1)
(37, 33, 1)
(37, 34, 1)
(37, 35, 1)
(37, 36, 1)
(37, 37, 1)
(37, 38, 1)
(37, 39, 1)

(38, 0, 55)
(38, 1, 42)
(38, 2, 27)
(38, 3, 11)
(38, 4, 11)
(38, 5, 9)
(38, 6, 6)
(38, 7, 6)
(38, 8, 6)
(38, 9, 6)
(38, 10, 6)
(38, 11, 2)
(38, 12, 2)
(38, 13, 1)
(38, 14, 1)
(38, 15, 1)
(38, 16, 1)
(38, 17, 1)
(38, 18, 1)
(38, 19, 1)
(38, 20, 1)
(38, 21, 1)
(38, 22, 1)
(38, 23, 1)
(38, 24, 1)
(38, 25, 1)
(38, 26, 1)
(38, 27, 1)
(38, 28, 1)
(38, 29, 1)
(38, 30, 1)
(38, 31, 1)
(38, 32, 1)
(38, 33, 1)
(38, 34, 1)
(38, 35, 1)
(38, 36, 1)
(38, 37, 1)
(38, 38, 1)
(38, 39, 1)

(39, 0, 56)
(39, 1, 43)
(39, 2, 28)
(39, 3, 11)
(39, 4, 11)
(39, 5, 9)
(39, 6, 6)
(39, 7, 6)
(39, 8, 6)
(39, 9, 6)
(39, 10, 6)
(39, 11, 2)
(39, 12, 2)
(39, 13, 1)
(39, 14, 1)
(39, 15, 1)
(39, 16, 1)
(39, 17, 1)
(39, 18, 1)
(39, 19, 1)
(39, 20, 1)
(39, 21, 1)
(39, 22, 1)
(39, 23, 1)
(39, 24, 1)
(39, 25, 1)
(39, 26, 1)
(39, 27, 1)
(39, 28, 1)
(39, 29, 1)
(39, 30, 1)
(39, 31, 1)
(39, 32, 1)
(39, 33, 1)
(39, 34, 1)
(39, 35, 1)
(39, 36, 1)
(39, 37, 1)
(39, 38, 1)
(39, 39, 1)


Betti numbers:
xi_0:
(0, 0, 2)
(2, 0, 1)
(3, 0, 4)
(4, 0, 2)
(6, 0, 2)
(7, 0, 2)
(8, 0, 2)
(10, 0, 2)
(11, 0, 5)
(12, 0, 1)
(13, 0, 3)
(15, 0, 3)
(16, 0, 3)
(17, 0, 1)
(18, 0, 2)
(19, 0, 1)
(20, 0, 2)
(21, 0, 3)
(22, 0, 1)
(24, 0, 1)
(26, 0, 3)
(28, 0, 1)
(29, 0, 1)
(31, 0, 2)
(32, 0, 1)
(33, 0, 2)
(36, 0, 1)
(38, 0, 1)
(39, 0, 1)
xi_1:
(0, 14, 1)
(2, 2, 1)
(2, 11, 1)
(3, 1, 2)
(3, 3, 1)
(3, 7, 1)
(3, 36, 1)
(4, 11, 1)
(4, 17, 1)
(4, 30, 1)
(6, 1, 1)
(6, 3, 1)
(6, 7, 1)
(7, 1, 2)
(7, 28, 1)
(8, 1, 1)
(8, 4, 1)
(8, 27, 1)
(10, 1, 1)
(10, 17, 1)
(10, 26, 1)
(11, 1, 1)
(11, 2, 2)
(11, 3, 2)
(11, 5, 1)
(11, 14, 1)
(12, 7, 2)
(13, 1, 1)
(13, 2, 1)
(13, 3, 1)
(13, 11, 1)
(13, 16, 2)
(15, 2, 1)
(15, 3, 1)
(15, 4, 1)
(15, 14, 1)
(15, 23, 1)
(16, 1, 1)
(16, 2, 1)
(16, 3, 1)
(16, 7, 1)
(16, 13, 1)
(17, 3, 1)
(18, 2, 1)
(18, 3, 1)
(18, 5, 1)
(19, 2, 1)
(19, 6, 1)
(20, 1, 2)
(21, 2, 2)
(21, 3, 1)
(21, 11, 2)
(21, 14, 1)
(22, 2, 1)
(24, 2, 1)
(25, 13, 1)
(26, 2, 1)
(26, 3, 1)
(26, 12, 2)
(27, 11, 2)
(28, 3, 1)
(29, 4, 1)
(29, 6, 1)
(31, 2, 1)
(31, 3, 2)
(32, 3, 1)
(33, 1, 1)
(33, 7, 1)
(36, 3, 1)
(38, 2, 1)
(38, 6, 1)
(39, 3, 1)
xi_2:
(2, 14, 1)
(3, 11, 1)
(4, 36, 1)
(6, 11, 1)
(7, 30, 1)
(8, 28, 1)
(10, 27, 1)
(11, 4, 1)
(11, 7, 1)
(12, 14, 1)
(13, 7, 1)
(13, 17, 2)
(15, 16, 1)
(15, 26, 1)
(16, 11, 1)
(16, 14, 1)
(18, 7, 1)
(19, 7, 1)
(21, 4, 1)
(21, 16, 1)
(21, 23, 1)
(25, 14, 1)
(26, 13, 1)
(27, 12, 2)
(29, 7, 1)
(31, 4, 1)
(38, 7, 1)
