x-grades
-15549595076781203003/400000000000000000
-7585174473303663003/200000000000000000
-14791102816433449009/400000000000000000
-3602964171564893003/100000000000000000
-2806522111217139003/80000000000000000
-6826682212955909009/200000000000000000
-13274118295737941021/400000000000000000
-1611859020695508003/50000000000000000
-12515626035390187027/400000000000000000
-1213637990521631003/40000000000000000
-11757133775042433033/400000000000000000
-2844471911217139009/100000000000000000
-10998641514694679039/400000000000000000
-5309697692260401021/200000000000000000
-2048029850869385009/80000000000000000
-616306445260815503/25000000000000000
-9481656993999171051/400000000000000000
-4551205431912647027/200000000000000000
-8723164733651417057/400000000000000000
-417195930173877003/20000000000000000
-7964672473303663063/400000000000000000
-3792713171564893033/200000000000000000
-7206180212955909069/400000000000000000
-853366760347754009/50000000000000000
-257907518104326203/16000000000000000
-3034220911217139039/200000000000000000
-5689195692260401081/400000000000000000
-1327487390521631021/100000000000000000
-4930703431912647087/400000000000000000
-455145730173877009/40000000000000000
-4172211171564893093/400000000000000000
-118530157543469253/12500000000000000
-3413718911217139099/400000000000000000
-1517236390521631051/200000000000000000
-531045330173877021/80000000000000000
-568995130173877027/100000000000000000
-1896734390521631111/400000000000000000
-758744130173877057/200000000000000000
-1138242130173877117/400000000000000000
-18974900000000003/10000000000000000

y-grades
2499993/1000000
2499993/500000
7499979/1000000
2499993/250000
2499993/200000
7499979/500000
17499951/1000000
2499993/125000
22499937/1000000
2499993/100000
27499923/1000000
7499979/250000
32499909/1000000
17499951/500000
7499979/200000
2499993/62500
42499881/1000000
22499937/500000
47499867/1000000
2499993/50000
52499853/1000000
27499923/500000
57499839/1000000
7499979/125000
2499993/40000
32499909/500000
67499811/1000000
17499951/250000
72499797/1000000
7499979/100000
77499783/1000000
2499993/31250
82499769/1000000
42499881/500000
17499951/200000
22499937/250000
92499741/1000000
47499867/500000
97499727/1000000
2499993/25000

Dimensions > 0:
(0, 0, 2)
(0, 1, 2)
(0, 2, 2)
(0, 3, 2)
(0, 4, 2)
(0, 5, 2)
(0, 6, 2)
(0, 7, 2)
(0, 8, 2)
(0, 9, 2)
(0, 10, 2)
(0, 11, 2)
(0, 12, 2)
(0, 13, 2)
(0, 14, 2)
(0, 15, 2)
(0, 16, 2)
(0, 17, 2)
(0, 18, 2)
(0, 19, 2)
(0, 20, 2)
(0, 21, 2)
(0, 22, 2)
(0, 23, 2)
(0, 24, 1)
(0, 25, 1)
(0, 26, 1)
(0, 27, 1)
(0, 28, 1)
(0, 29, 1)
(0, 30, 1)
(0, 31, 1)
(0, 32, 1)
(0, 33, 1)
(0, 34, 1)
(0, 35, 1)
(0, 36, 1)
(0, 37, 1)
(0, 38, 1)
(0, 39, 1)

(1, 0, 3)
(1, 1, 3)
(1, 2, 3)
(1, 3, 3)
(1, 4, 3)
(1, 5, 3)
(1, 6, 3)
(1, 7, 3)
(1, 8, 3)
(1, 9, 3)
(1, 10, 3)
(1, 11, 3)
(1, 12, 3)
(1, 13, 3)
(1, 14, 3)
(1, 15, 3)
(1, 16, 3)
(1, 17, 3)
(1, 18, 3)
(1, 19, 3)
(1, 20, 3)
(1, 21, 3)
(1, 22, 3)
(1, 23, 3)
(1, 24, 1)
(1, 25, 1)
(1, 26, 1)
(1, 27, 1)
(1, 28, 1)
(1, 29, 1)
(1, 30, 1)
(1, 31, 1)
(1, 32, 1)
(1, 33, 1)
(1, 34, 1)
(1, 35, 1)
(1, 36, 1)
(1, 37, 1)
(1, 38, 1)
(1, 39, 1)

(2, 0, 4)
(2, 1, 4)
(2, 2, 4)
(2, 3, 4)
(2, 4, 4)
(2, 5, 4)
(2, 6, 4)
(2, 7, 4)
(2, 8, 4)
(2, 9, 4)
(2, 10, 4)
(2, 11, 4)
(2, 12, 4)
(2, 13, 4)
(2, 14, 4)
(2, 15, 4)
(2, 16, 4)
(2, 17, 4)
(2, 18, 4)
(2, 19, 4)
(2, 20, 4)
(2, 21, 4)
(2, 22, 4)
(2, 23, 4)
(2, 24, 1)
(2, 25, 1)
(2, 26, 1)
(2, 27, 1)
(2, 28, 1)
(2, 29, 1)
(2, 30, 1)
(2, 31, 1)
(2, 32, 1)
(2, 33, 1)
(2, 34, 1)
(2, 35, 1)
(2, 36, 1)
(2, 37, 1)
(2, 38, 1)
(2, 39, 1)

(3, 0, 9)
(3, 1, 9)
(3, 2, 9)
(3, 3, 9)
(3, 4, 8)
(3, 5, 8)
(3, 6, 8)
(3, 7, 8)
(3, 8, 8)
(3, 9, 8)
(3, 10, 8)
(3, 11, 8)
(3, 12, 8)
(3, 13, 8)
(3, 14, 8)
(3, 15, 8)
(3, 16, 8)
(3, 17, 7)
(3, 18, 7)
(3, 19, 7)
(3, 20, 7)
(3, 21, 7)
(3, 22, 7)
(3, 23, 7)
(3, 24, 3)
(3, 25, 3)
(3, 26, 3)
(3, 27, 3)
(3, 28, 3)
(3, 29, 3)
(3, 30, 3)
(3, 31, 3)
(3, 32, 3)
(3, 33, 3)
(3, 34, 3)
(3, 35, 3)
(3, 36, 3)
(3, 37, 3)
(3, 38, 3)
(3, 39, 3)

(4, 0, 15)
(4, 1, 15)
(4, 2, 15)
(4, 3, 14)
(4, 4, 12)
(4, 5, 11)
(4, 6, 11)
(4, 7, 11)
(4, 8, 11)
(4, 9, 11)
(4, 10, 11)
(4, 11, 10)
(4, 12, 10)
(4, 13, 10)
(4, 14, 10)
(4, 15, 10)
(4, 16, 10)
(4, 17, 9)
(4, 18, 9)
(4, 19, 9)
(4, 20, 9)
(4, 21, 9)
(4, 22, 9)
(4, 23, 9)
(4, 24, 3)
(4, 25, 3)
(4, 26, 3)
(4, 27, 3)
(4, 28, 3)
(4, 29, 3)
(4, 30, 3)
(4, 31, 3)
(4, 32, 3)
(4, 33, 3)
(4, 34, 3)
(4, 35, 3)
(4, 36, 3)
(4, 37, 3)
(4, 38, 3)
(4, 39, 3)

(5, 0, 24)
(5, 1, 24)
(5, 2, 23)
(5, 3, 22)
(5, 4, 17)
(5, 5, 16)
(5, 6, 16)
(5, 7, 16)
(5, 8, 16)
(5, 9, 16)
(5, 10, 15)
(5, 11, 15)
(5, 12, 15)
(5, 13, 15)
(5, 14, 15)
(5, 15, 14)
(5, 16, 13)
(5, 17, 12)
(5, 18, 12)
(5, 19, 11)
(5, 20, 11)
(5, 21, 11)
(5, 22, 11)
(5, 23, 11)
(5, 24, 4)
(5, 25, 4)
(5, 26, 4)
(5, 27, 4)
(5, 28, 4)
(5, 29, 4)
(5, 30, 4)
(5, 31, 4)
(5, 32, 4)
(5, 33, 4)
(5, 34, 4)
(5, 35, 4)
(5, 36, 4)
(5, 37, 4)
(5, 38, 4)
(5, 39, 4)

(6, 0, 33)
(6, 1, 33)
(6, 2, 32)
(6, 3, 31)
(6, 4, 25)
(6, 5, 24)
(6, 6, 24)
(6, 7, 24)
(6, 8, 23)
(6, 9, 23)
(6, 10, 22)
(6, 11, 22)
(6, 12, 22)
(6, 13, 22)
(6, 14, 22)
(6, 15, 19)
(6, 16, 18)
(6, 17, 17)
(6, 18, 16)
(6, 19, 15)
(6, 20, 15)
(6, 21, 15)
(6, 22, 14)
(6, 23, 13)
(6, 24, 4)
(6, 25, 4)
(6, 26, 4)
(6, 27, 4)
(6, 28, 4)
(6, 29, 4)
(6, 30, 4)
(6, 31, 4)
(6, 32, 4)
(6, 33, 4)
(6, 34, 4)
(6, 35, 4)
(6, 36, 4)
(6, 37, 4)
(6, 38, 4)
(6, 39, 4)

(7, 0, 47)
(7, 1, 47)
(7, 2, 46)
(7, 3, 42)
(7, 4, 34)
(7, 5, 33)
(7, 6, 33)
(7, 7, 33)
(7, 8, 32)
(7, 9, 32)
(7, 10, 31)
(7, 11, 31)
(7, 12, 31)
(7, 13, 30)
(7, 14, 30)
(7, 15, 27)
(7, 16, 25)
(7, 17, 24)
(7, 18, 23)
(7, 19, 22)
(7, 20, 20)
(7, 21, 19)
(7, 22, 18)
(7, 23, 18)
(7, 24, 6)
(7, 25, 6)
(7, 26, 6)
(7, 27, 6)
(7, 28, 6)
(7, 29, 5)
(7, 30, 4)
(7, 31, 4)
(7, 32, 4)
(7, 33, 4)
(7, 34, 4)
(7, 35, 4)
(7, 36, 4)
(7, 37, 4)
(7, 38, 4)
(7, 39, 4)

(8, 0, 55)
(8, 1, 55)
(8, 2, 54)
(8, 3, 50)
(8, 4, 41)
(8, 5, 39)
(8, 6, 39)
(8, 7, 39)
(8, 8, 38)
(8, 9, 38)
(8, 10, 37)
(8, 11, 37)
(8, 12, 37)
(8, 13, 36)
(8, 14, 36)
(8, 15, 33)
(8, 16, 31)
(8, 17, 30)
(8, 18, 28)
(8, 19, 27)
(8, 20, 24)
(8, 21, 23)
(8, 22, 22)
(8, 23, 22)
(8, 24, 7)
(8, 25, 7)
(8, 26, 7)
(8, 27, 7)
(8, 28, 7)
(8, 29, 6)
(8, 30, 5)
(8, 31, 5)
(8, 32, 5)
(8, 33, 5)
(8, 34, 5)
(8, 35, 5)
(8, 36, 5)
(8, 37, 5)
(8, 38, 5)
(8, 39, 5)

(9, 0, 63)
(9, 1, 63)
(9, 2, 62)
(9, 3, 56)
(9, 4, 46)
(9, 5, 44)
(9, 6, 44)
(9, 7, 43)
(9, 8, 42)
(9, 9, 41)
(9, 10, 40)
(9, 11, 40)
(9, 12, 40)
(9, 13, 39)
(9, 14, 38)
(9, 15, 35)
(9, 16, 33)
(9, 17, 32)
(9, 18, 30)
(9, 19, 29)
(9, 20, 26)
(9, 21, 24)
(9, 22, 23)
(9, 23, 23)
(9, 24, 8)
(9, 25, 7)
(9, 26, 7)
(9, 27, 7)
(9, 28, 7)
(9, 29, 6)
(9, 30, 5)
(9, 31, 5)
(9, 32, 5)
(9, 33, 5)
(9, 34, 5)
(9, 35, 5)
(9, 36, 5)
(9, 37, 5)
(9, 38, 5)
(9, 39, 5)

(10, 0, 71)
(10, 1, 69)
(10, 2, 68)
(10, 3, 61)
(10, 4, 50)
(10, 5, 48)
(10, 6, 48)
(10, 7, 47)
(10, 8, 46)
(10, 9, 45)
(10, 10, 44)
(10, 11, 44)
(10, 12, 44)
(10, 13, 43)
(10, 14, 42)
(10, 15, 39)
(10, 16, 36)
(10, 17, 35)
(10, 18, 32)
(10, 19, 31)
(10, 20, 28)
(10, 21, 26)
(10, 22, 24)
(10, 23, 24)
(10, 24, 8)
(10, 25, 7)
(10, 26, 7)
(10, 27, 7)
(10, 28, 7)
(10, 29, 6)
(10, 30, 5)
(10, 31, 5)
(10, 32, 5)
(10, 33, 5)
(10, 34, 5)
(10, 35, 5)
(10, 36, 5)
(10, 37, 5)
(10, 38, 5)
(10, 39, 5)

(11, 0, 76)
(11, 1, 74)
(11, 2, 73)
(11, 3, 65)
(11, 4, 54)
(11, 5, 52)
(11, 6, 52)
(11, 7, 51)
(11, 8, 50)
(11, 9, 49)
(11, 10, 48)
(11, 11, 48)
(11, 12, 47)
(11, 13, 46)
(11, 14, 45)
(11, 15, 42)
(11, 16, 39)
(11, 17, 38)
(11, 18, 34)
(11, 19, 33)
(11, 20, 30)
(11, 21, 28)
(11, 22, 26)
(11, 23, 26)
(11, 24, 9)
(11, 25, 8)
(11, 26, 8)
(11, 27, 8)
(11, 28, 8)
(11, 29, 7)
(11, 30, 6)
(11, 31, 5)
(11, 32, 5)
(11, 33, 5)
(11, 34, 5)
(11, 35, 5)
(11, 36, 5)
(11, 37, 5)
(11, 38, 5)
(11, 39, 5)

(12, 0, 86)
(12, 1, 82)
(12, 2, 79)
(12, 3, 70)
(12, 4, 58)
(12, 5, 56)
(12, 6, 56)
(12, 7, 55)
(12, 8, 54)
(12, 9, 53)
(12, 10, 52)
(12, 11, 52)
(12, 12, 51)
(12, 13, 49)
(12, 14, 48)
(12, 15, 45)
(12, 16, 42)
(12, 17, 41)
(12, 18, 37)
(12, 19, 36)
(12, 20, 33)
(12, 21, 31)
(12, 22, 29)
(12, 23, 28)
(12, 24, 9)
(12, 25, 8)
(12, 26, 8)
(12, 27, 8)
(12, 28, 8)
(12, 29, 7)
(12, 30, 5)
(12, 31, 5)
(12, 32, 5)
(12, 33, 5)
(12, 34, 5)
(12, 35, 5)
(12, 36, 5)
(12, 37, 5)
(12, 38, 5)
(12, 39, 5)

(13, 0, 104)
(13, 1, 100)
(13, 2, 96)
(13, 3, 85)
(13, 4, 71)
(13, 5, 68)
(13, 6, 68)
(13, 7, 67)
(13, 8, 66)
(13, 9, 65)
(13, 10, 64)
(13, 11, 64)
(13, 12, 63)
(13, 13, 60)
(13, 14, 59)
(13, 15, 56)
(13, 16, 53)
(13, 17, 51)
(13, 18, 46)
(13, 19, 45)
(13, 20, 42)
(13, 21, 40)
(13, 22, 38)
(13, 23, 36)
(13, 24, 16)
(13, 25, 15)
(13, 26, 15)
(13, 27, 15)
(13, 28, 14)
(13, 29, 13)
(13, 30, 11)
(13, 31, 10)
(13, 32, 10)
(13, 33, 10)
(13, 34, 10)
(13, 35, 10)
(13, 36, 10)
(13, 37, 10)
(13, 38, 8)
(13, 39, 8)

(14, 0, 116)
(14, 1, 111)
(14, 2, 106)
(14, 3, 93)
(14, 4, 78)
(14, 5, 75)
(14, 6, 75)
(14, 7, 74)
(14, 8, 73)
(14, 9, 72)
(14, 10, 71)
(14, 11, 71)
(14, 12, 70)
(14, 13, 67)
(14, 14, 66)
(14, 15, 63)
(14, 16, 60)
(14, 17, 58)
(14, 18, 52)
(14, 19, 51)
(14, 20, 48)
(14, 21, 46)
(14, 22, 44)
(14, 23, 41)
(14, 24, 19)
(14, 25, 18)
(14, 26, 18)
(14, 27, 18)
(14, 28, 17)
(14, 29, 16)
(14, 30, 13)
(14, 31, 12)
(14, 32, 12)
(14, 33, 12)
(14, 34, 12)
(14, 35, 12)
(14, 36, 12)
(14, 37, 11)
(14, 38, 9)
(14, 39, 8)

(15, 0, 138)
(15, 1, 132)
(15, 2, 125)
(15, 3, 110)
(15, 4, 94)
(15, 5, 91)
(15, 6, 90)
(15, 7, 89)
(15, 8, 87)
(15, 9, 86)
(15, 10, 85)
(15, 11, 85)
(15, 12, 84)
(15, 13, 81)
(15, 14, 80)
(15, 15, 75)
(15, 16, 72)
(15, 17, 68)
(15, 18, 61)
(15, 19, 59)
(15, 20, 56)
(15, 21, 54)
(15, 22, 51)
(15, 23, 48)
(15, 24, 25)
(15, 25, 24)
(15, 26, 24)
(15, 27, 23)
(15, 28, 22)
(15, 29, 21)
(15, 30, 17)
(15, 31, 16)
(15, 32, 16)
(15, 33, 16)
(15, 34, 16)
(15, 35, 16)
(15, 36, 15)
(15, 37, 13)
(15, 38, 11)
(15, 39, 9)

(16, 0, 215)
(16, 1, 207)
(16, 2, 196)
(16, 3, 159)
(16, 4, 131)
(16, 5, 124)
(16, 6, 122)
(16, 7, 120)
(16, 8, 118)
(16, 9, 114)
(16, 10, 111)
(16, 11, 110)
(16, 12, 109)
(16, 13, 105)
(16, 14, 101)
(16, 15, 95)
(16, 16, 90)
(16, 17, 83)
(16, 18, 73)
(16, 19, 68)
(16, 20, 61)
(16, 21, 58)
(16, 22, 54)
(16, 23, 51)
(16, 24, 29)
(16, 25, 27)
(16, 26, 27)
(16, 27, 26)
(16, 28, 24)
(16, 29, 21)
(16, 30, 17)
(16, 31, 16)
(16, 32, 16)
(16, 33, 16)
(16, 34, 16)
(16, 35, 16)
(16, 36, 14)
(16, 37, 13)
(16, 38, 11)
(16, 39, 9)

(17, 0, 242)
(17, 1, 224)
(17, 2, 210)
(17, 3, 169)
(17, 4, 142)
(17, 5, 135)
(17, 6, 133)
(17, 7, 131)
(17, 8, 129)
(17, 9, 125)
(17, 10, 122)
(17, 11, 121)
(17, 12, 120)
(17, 13, 116)
(17, 14, 112)
(17, 15, 105)
(17, 16, 100)
(17, 17, 91)
(17, 18, 81)
(17, 19, 74)
(17, 20, 65)
(17, 21, 62)
(17, 22, 58)
(17, 23, 55)
(17, 24, 33)
(17, 25, 29)
(17, 26, 29)
(17, 27, 28)
(17, 28, 26)
(17, 29, 23)
(17, 30, 19)
(17, 31, 18)
(17, 32, 18)
(17, 33, 18)
(17, 34, 18)
(17, 35, 18)
(17, 36, 16)
(17, 37, 14)
(17, 38, 12)
(17, 39, 9)

(18, 0, 272)
(18, 1, 249)
(18, 2, 228)
(18, 3, 185)
(18, 4, 155)
(18, 5, 147)
(18, 6, 144)
(18, 7, 142)
(18, 8, 140)
(18, 9, 135)
(18, 10, 132)
(18, 11, 131)
(18, 12, 129)
(18, 13, 125)
(18, 14, 121)
(18, 15, 114)
(18, 16, 109)
(18, 17, 100)
(18, 18, 90)
(18, 19, 82)
(18, 20, 70)
(18, 21, 67)
(18, 22, 62)
(18, 23, 59)
(18, 24, 37)
(18, 25, 32)
(18, 26, 32)
(18, 27, 31)
(18, 28, 29)
(18, 29, 26)
(18, 30, 21)
(18, 31, 20)
(18, 32, 20)
(18, 33, 20)
(18, 34, 19)
(18, 35, 19)
(18, 36, 17)
(18, 37, 15)
(18, 38, 13)
(18, 39, 10)

(19, 0, 293)
(19, 1, 264)
(19, 2, 235)
(19, 3, 192)
(19, 4, 162)
(19, 5, 154)
(19, 6, 151)
(19, 7, 149)
(19, 8, 147)
(19, 9, 142)
(19, 10, 139)
(19, 11, 138)
(19, 12, 136)
(19, 13, 132)
(19, 14, 128)
(19, 15, 121)
(19, 16, 115)
(19, 17, 105)
(19, 18, 95)
(19, 19, 87)
(19, 20, 74)
(19, 21, 71)
(19, 22, 66)
(19, 23, 63)
(19, 24, 41)
(19, 25, 35)
(19, 26, 35)
(19, 27, 34)
(19, 28, 32)
(19, 29, 29)
(19, 30, 24)
(19, 31, 22)
(19, 32, 22)
(19, 33, 22)
(19, 34, 21)
(19, 35, 21)
(19, 36, 19)
(19, 37, 16)
(19, 38, 14)
(19, 39, 10)

(20, 0, 306)
(20, 1, 277)
(20, 2, 248)
(20, 3, 205)
(20, 4, 175)
(20, 5, 167)
(20, 6, 163)
(20, 7, 161)
(20, 8, 159)
(20, 9, 154)
(20, 10, 150)
(20, 11, 149)
(20, 12, 147)
(20, 13, 143)
(20, 14, 139)
(20, 15, 132)
(20, 16, 125)
(20, 17, 112)
(20, 18, 100)
(20, 19, 92)
(20, 20, 78)
(20, 21, 73)
(20, 22, 68)
(20, 23, 65)
(20, 24, 43)
(20, 25, 36)
(20, 26, 36)
(20, 27, 35)
(20, 28, 33)
(20, 29, 29)
(20, 30, 24)
(20, 31, 22)
(20, 32, 22)
(20, 33, 22)
(20, 34, 21)
(20, 35, 21)
(20, 36, 19)
(20, 37, 16)
(20, 38, 13)
(20, 39, 9)

(21, 0, 319)
(21, 1, 290)
(21, 2, 261)
(21, 3, 218)
(21, 4, 186)
(21, 5, 178)
(21, 6, 174)
(21, 7, 171)
(21, 8, 169)
(21, 9, 164)
(21, 10, 160)
(21, 11, 159)
(21, 12, 157)
(21, 13, 153)
(21, 14, 149)
(21, 15, 142)
(21, 16, 133)
(21, 17, 119)
(21, 18, 106)
(21, 19, 96)
(21, 20, 82)
(21, 21, 77)
(21, 22, 72)
(21, 23, 68)
(21, 24, 46)
(21, 25, 38)
(21, 26, 38)
(21, 27, 37)
(21, 28, 34)
(21, 29, 31)
(21, 30, 25)
(21, 31, 24)
(21, 32, 24)
(21, 33, 24)
(21, 34, 23)
(21, 35, 23)
(21, 36, 21)
(21, 37, 18)
(21, 38, 14)
(21, 39, 10)

(22, 0, 323)
(22, 1, 294)
(22, 2, 265)
(22, 3, 222)
(22, 4, 190)
(22, 5, 182)
(22, 6, 178)
(22, 7, 175)
(22, 8, 173)
(22, 9, 168)
(22, 10, 164)
(22, 11, 163)
(22, 12, 161)
(22, 13, 157)
(22, 14, 153)
(22, 15, 146)
(22, 16, 137)
(22, 17, 122)
(22, 18, 109)
(22, 19, 97)
(22, 20, 82)
(22, 21, 77)
(22, 22, 72)
(22, 23, 68)
(22, 24, 46)
(22, 25, 38)
(22, 26, 38)
(22, 27, 36)
(22, 28, 34)
(22, 29, 31)
(22, 30, 25)
(22, 31, 24)
(22, 32, 24)
(22, 33, 24)
(22, 34, 23)
(22, 35, 23)
(22, 36, 21)
(22, 37, 18)
(22, 38, 14)
(22, 39, 10)

(23, 0, 334)
(23, 1, 305)
(23, 2, 276)
(23, 3, 233)
(23, 4, 200)
(23, 5, 192)
(23, 6, 187)
(23, 7, 184)
(23, 8, 182)
(23, 9, 177)
(23, 10, 173)
(23, 11, 172)
(23, 12, 170)
(23, 13, 166)
(23, 14, 162)
(23, 15, 155)
(23, 16, 146)
(23, 17, 129)
(23, 18, 116)
(23, 19, 102)
(23, 20, 86)
(23, 21, 81)
(23, 22, 75)
(23, 23, 71)
(23, 24, 48)
(23, 25, 39)
(23, 26, 39)
(23, 27, 37)
(23, 28, 35)
(23, 29, 32)
(23, 30, 26)
(23, 31, 24)
(23, 32, 24)
(23, 33, 24)
(23, 34, 23)
(23, 35, 23)
(23, 36, 21)
(23, 37, 18)
(23, 38, 14)
(23, 39, 10)

(24, 0, 339)
(24, 1, 310)
(24, 2, 281)
(24, 3, 238)
(24, 4, 205)
(24, 5, 197)
(24, 6, 192)
(24, 7, 189)
(24, 8, 187)
(24, 9, 182)
(24, 10, 178)
(24, 11, 177)
(24, 12, 175)
(24, 13, 171)
(24, 14, 167)
(24, 15, 160)
(24, 16, 151)
(24, 17, 134)
(24, 18, 120)
(24, 19, 104)
(24, 20, 88)
(24, 21, 83)
(24, 22, 77)
(24, 23, 73)
(24, 24, 50)
(24, 25, 40)
(24, 26, 40)
(24, 27, 38)
(24, 28, 36)
(24, 29, 33)
(24, 30, 27)
(24, 31, 25)
(24, 32, 25)
(24, 33, 25)
(24, 34, 24)
(24, 35, 24)
(24, 36, 22)
(24, 37, 19)
(24, 38, 14)
(24, 39, 10)

(25, 0, 347)
(25, 1, 318)
(25, 2, 289)
(25, 3, 246)
(25, 4, 213)
(25, 5, 205)
(25, 6, 199)
(25, 7, 196)
(25, 8, 194)
(25, 9, 189)
(25, 10, 185)
(25, 11, 183)
(25, 12, 181)
(25, 13, 177)
(25, 14, 173)
(25, 15, 166)
(25, 16, 157)
(25, 17, 140)
(25, 18, 124)
(25, 19, 107)
(25, 20, 90)
(25, 21, 85)
(25, 22, 79)
(25, 23, 75)
(25, 24, 52)
(25, 25, 42)
(25, 26, 42)
(25, 27, 40)
(25, 28, 38)
(25, 29, 35)
(25, 30, 29)
(25, 31, 27)
(25, 32, 27)
(25, 33, 26)
(25, 34, 25)
(25, 35, 24)
(25, 36, 22)
(25, 37, 19)
(25, 38, 14)
(25, 39, 10)

(26, 0, 355)
(26, 1, 326)
(26, 2, 297)
(26, 3, 254)
(26, 4, 220)
(26, 5, 212)
(26, 6, 206)
(26, 7, 203)
(26, 8, 201)
(26, 9, 195)
(26, 10, 191)
(26, 11, 189)
(26, 12, 187)
(26, 13, 183)
(26, 14, 179)
(26, 15, 172)
(26, 16, 163)
(26, 17, 145)
(26, 18, 128)
(26, 19, 110)
(26, 20, 92)
(26, 21, 87)
(26, 22, 81)
(26, 23, 76)
(26, 24, 53)
(26, 25, 42)
(26, 26, 41)
(26, 27, 39)
(26, 28, 37)
(26, 29, 34)
(26, 30, 28)
(26, 31, 26)
(26, 32, 25)
(26, 33, 25)
(26, 34, 24)
(26, 35, 24)
(26, 36, 22)
(26, 37, 19)
(26, 38, 14)
(26, 39, 10)

(27, 0, 358)
(27, 1, 329)
(27, 2, 300)
(27, 3, 257)
(27, 4, 223)
(27, 5, 215)
(27, 6, 209)
(27, 7, 206)
(27, 8, 204)
(27, 9, 198)
(27, 10, 194)
(27, 11, 192)
(27, 12, 190)
(27, 13, 186)
(27, 14, 182)
(27, 15, 175)
(27, 16, 166)
(27, 17, 147)
(27, 18, 130)
(27, 19, 111)
(27, 20, 93)
(27, 21, 88)
(27, 22, 82)
(27, 23, 77)
(27, 24, 54)
(27, 25, 43)
(27, 26, 42)
(27, 27, 40)
(27, 28, 38)
(27, 29, 35)
(27, 30, 29)
(27, 31, 27)
(27, 32, 26)
(27, 33, 26)
(27, 34, 25)
(27, 35, 25)
(27, 36, 23)
(27, 37, 20)
(27, 38, 15)
(27, 39, 10)

(28, 0, 369)
(28, 1, 340)
(28, 2, 311)
(28, 3, 268)
(28, 4, 233)
(28, 5, 225)
(28, 6, 218)
(28, 7, 215)
(28, 8, 213)
(28, 9, 207)
(28, 10, 203)
(28, 11, 201)
(28, 12, 199)
(28, 13, 195)
(28, 14, 191)
(28, 15, 184)
(28, 16, 174)
(28, 17, 154)
(28, 18, 137)
(28, 19, 116)
(28, 20, 97)
(28, 21, 92)
(28, 22, 86)
(28, 23, 80)
(28, 24, 57)
(28, 25, 45)
(28, 26, 44)
(28, 27, 42)
(28, 28, 40)
(28, 29, 37)
(28, 30, 31)
(28, 31, 29)
(28, 32, 27)
(28, 33, 27)
(28, 34, 26)
(28, 35, 26)
(28, 36, 24)
(28, 37, 20)
(28, 38, 15)
(28, 39, 10)

(29, 0, 374)
(29, 1, 345)
(29, 2, 316)
(29, 3, 273)
(29, 4, 238)
(29, 5, 230)
(29, 6, 223)
(29, 7, 220)
(29, 8, 218)
(29, 9, 212)
(29, 10, 208)
(29, 11, 206)
(29, 12, 204)
(29, 13, 200)
(29, 14, 196)
(29, 15, 189)
(29, 16, 177)
(29, 17, 157)
(29, 18, 140)
(29, 19, 117)
(29, 20, 98)
(29, 21, 93)
(29, 22, 87)
(29, 23, 81)
(29, 24, 58)
(29, 25, 45)
(29, 26, 44)
(29, 27, 42)
(29, 28, 40)
(29, 29, 37)
(29, 30, 31)
(29, 31, 29)
(29, 32, 27)
(29, 33, 27)
(29, 34, 26)
(29, 35, 26)
(29, 36, 24)
(29, 37, 20)
(29, 38, 15)
(29, 39, 10)

(30, 0, 384)
(30, 1, 355)
(30, 2, 326)
(30, 3, 283)
(30, 4, 248)
(30, 5, 240)
(30, 6, 232)
(30, 7, 229)
(30, 8, 227)
(30, 9, 221)
(30, 10, 217)
(30, 11, 215)
(30, 12, 213)
(30, 13, 209)
(30, 14, 205)
(30, 15, 198)
(30, 16, 185)
(30, 17, 162)
(30, 18, 144)
(30, 19, 121)
(30, 20, 101)
(30, 21, 96)
(30, 22, 90)
(30, 23, 84)
(30, 24, 61)
(30, 25, 48)
(30, 26, 47)
(30, 27, 45)
(30, 28, 43)
(30, 29, 40)
(30, 30, 33)
(30, 31, 30)
(30, 32, 28)
(30, 33, 28)
(30, 34, 26)
(30, 35, 26)
(30, 36, 24)
(30, 37, 21)
(30, 38, 16)
(30, 39, 10)

(31, 0, 389)
(31, 1, 360)
(31, 2, 331)
(31, 3, 288)
(31, 4, 252)
(31, 5, 244)
(31, 6, 236)
(31, 7, 233)
(31, 8, 231)
(31, 9, 225)
(31, 10, 220)
(31, 11, 218)
(31, 12, 216)
(31, 13, 212)
(31, 14, 208)
(31, 15, 201)
(31, 16, 188)
(31, 17, 163)
(31, 18, 144)
(31, 19, 122)
(31, 20, 102)
(31, 21, 97)
(31, 22, 91)
(31, 23, 84)
(31, 24, 61)
(31, 25, 48)
(31, 26, 46)
(31, 27, 44)
(31, 28, 42)
(31, 29, 39)
(31, 30, 33)
(31, 31, 30)
(31, 32, 28)
(31, 33, 28)
(31, 34, 26)
(31, 35, 26)
(31, 36, 24)
(31, 37, 21)
(31, 38, 16)
(31, 39, 10)

(32, 0, 389)
(32, 1, 360)
(32, 2, 331)
(32, 3, 288)
(32, 4, 252)
(32, 5, 244)
(32, 6, 236)
(32, 7, 233)
(32, 8, 231)
(32, 9, 225)
(32, 10, 220)
(32, 11, 218)
(32, 12, 216)
(32, 13, 212)
(32, 14, 208)
(32, 15, 201)
(32, 16, 188)
(32, 17, 163)
(32, 18, 144)
(32, 19, 122)
(32, 20, 102)
(32, 21, 97)
(32, 22, 91)
(32, 23, 84)
(32, 24, 61)
(32, 25, 48)
(32, 26, 46)
(32, 27, 44)
(32, 28, 42)
(32, 29, 39)
(32, 30, 33)
(32, 31, 30)
(32, 32, 28)
(32, 33, 28)
(32, 34, 26)
(32, 35, 26)
(32, 36, 24)
(32, 37, 21)
(32, 38, 16)
(32, 39, 10)

(33, 0, 394)
(33, 1, 365)
(33, 2, 336)
(33, 3, 293)
(33, 4, 256)
(33, 5, 248)
(33, 6, 239)
(33, 7, 236)
(33, 8, 234)
(33, 9, 228)
(33, 10, 223)
(33, 11, 221)
(33, 12, 219)
(33, 13, 215)
(33, 14, 211)
(33, 15, 204)
(33, 16, 191)
(33, 17, 166)
(33, 18, 147)
(33, 19, 125)
(33, 20, 105)
(33, 21, 100)
(33, 22, 93)
(33, 23, 86)
(33, 24, 63)
(33, 25, 50)
(33, 26, 48)
(33, 27, 46)
(33, 28, 44)
(33, 29, 41)
(33, 30, 35)
(33, 31, 31)
(33, 32, 29)
(33, 33, 29)
(33, 34, 27)
(33, 35, 27)
(33, 36, 25)
(33, 37, 22)
(33, 38, 17)
(33, 39, 10)

(34, 0, 401)
(34, 1, 372)
(34, 2, 342)
(34, 3, 299)
(34, 4, 262)
(34, 5, 253)
(34, 6, 243)
(34, 7, 240)
(34, 8, 238)
(34, 9, 232)
(34, 10, 227)
(34, 11, 225)
(34, 12, 223)
(34, 13, 219)
(34, 14, 215)
(34, 15, 208)
(34, 16, 195)
(34, 17, 170)
(34, 18, 151)
(34, 19, 129)
(34, 20, 109)
(34, 21, 104)
(34, 22, 96)
(34, 23, 89)
(34, 24, 66)
(34, 25, 53)
(34, 26, 51)
(34, 27, 48)
(34, 28, 46)
(34, 29, 43)
(34, 30, 37)
(34, 31, 33)
(34, 32, 31)
(34, 33, 31)
(34, 34, 29)
(34, 35, 29)
(34, 36, 27)
(34, 37, 24)
(34, 38, 19)
(34, 39, 12)

(35, 0, 423)
(35, 1, 394)
(35, 2, 364)
(35, 3, 320)
(35, 4, 283)
(35, 5, 272)
(35, 6, 261)
(35, 7, 253)
(35, 8, 250)
(35, 9, 243)
(35, 10, 235)
(35, 11, 232)
(35, 12, 230)
(35, 13, 224)
(35, 14, 220)
(35, 15, 213)
(35, 16, 199)
(35, 17, 174)
(35, 18, 155)
(35, 19, 133)
(35, 20, 112)
(35, 21, 107)
(35, 22, 100)
(35, 23, 93)
(35, 24, 70)
(35, 25, 57)
(35, 26, 55)
(35, 27, 52)
(35, 28, 50)
(35, 29, 47)
(35, 30, 41)
(35, 31, 37)
(35, 32, 34)
(35, 33, 34)
(35, 34, 32)
(35, 35, 32)
(35, 36, 30)
(35, 37, 27)
(35, 38, 21)
(35, 39, 14)

(36, 0, 437)
(36, 1, 408)
(36, 2, 376)
(36, 3, 332)
(36, 4, 292)
(36, 5, 280)
(36, 6, 267)
(36, 7, 259)
(36, 8, 256)
(36, 9, 249)
(36, 10, 239)
(36, 11, 235)
(36, 12, 233)
(36, 13, 227)
(36, 14, 222)
(36, 15, 215)
(36, 16, 202)
(36, 17, 177)
(36, 18, 157)
(36, 19, 135)
(36, 20, 113)
(36, 21, 108)
(36, 22, 100)
(36, 23, 93)
(36, 24, 70)
(36, 25, 57)
(36, 26, 55)
(36, 27, 52)
(36, 28, 50)
(36, 29, 47)
(36, 30, 40)
(36, 31, 36)
(36, 32, 34)
(36, 33, 33)
(36, 34, 31)
(36, 35, 31)
(36, 36, 29)
(36, 37, 26)
(36, 38, 20)
(36, 39, 13)

(37, 0, 440)
(37, 1, 411)
(37, 2, 379)
(37, 3, 335)
(37, 4, 295)
(37, 5, 283)
(37, 6, 269)
(37, 7, 261)
(37, 8, 258)
(37, 9, 251)
(37, 10, 241)
(37, 11, 237)
(37, 12, 235)
(37, 13, 229)
(37, 14, 224)
(37, 15, 217)
(37, 16, 204)
(37, 17, 179)
(37, 18, 159)
(37, 19, 137)
(37, 20, 115)
(37, 21, 110)
(37, 22, 102)
(37, 23, 95)
(37, 24, 72)
(37, 25, 59)
(37, 26, 56)
(37, 27, 53)
(37, 28, 51)
(37, 29, 48)
(37, 30, 41)
(37, 31, 36)
(37, 32, 34)
(37, 33, 33)
(37, 34, 31)
(37, 35, 31)
(37, 36, 29)
(37, 37, 26)
(37, 38, 20)
(37, 39, 13)

(38, 0, 460)
(38, 1, 430)
(38, 2, 396)
(38, 3, 349)
(38, 4, 307)
(38, 5, 294)
(38, 6, 280)
(38, 7, 269)
(38, 8, 266)
(38, 9, 259)
(38, 10, 249)
(38, 11, 245)
(38, 12, 241)
(38, 13, 235)
(38, 14, 230)
(38, 15, 223)
(38, 16, 208)
(38, 17, 182)
(38, 18, 161)
(38, 19, 139)
(38, 20, 116)
(38, 21, 110)
(38, 22, 102)
(38, 23, 95)
(38, 24, 72)
(38, 25, 59)
(38, 26, 57)
(38, 27, 54)
(38, 28, 52)
(38, 29, 48)
(38, 30, 41)
(38, 31, 36)
(38, 32, 34)
(38, 33, 33)
(38, 34, 31)
(38, 35, 31)
(38, 36, 29)
(38, 37, 26)
(38, 38, 20)
(38, 39, 13)

(39, 0, 467)
(39, 1, 437)
(39, 2, 403)
(39, 3, 356)
(39, 4, 313)
(39, 5, 299)
(39, 6, 284)
(39, 7, 273)
(39, 8, 270)
(39, 9, 263)
(39, 10, 253)
(39, 11, 249)
(39, 12, 245)
(39, 13, 238)
(39, 14, 233)
(39, 15, 226)
(39, 16, 209)
(39, 17, 182)
(39, 18, 162)
(39, 19, 140)
(39, 20, 117)
(39, 21, 111)
(39, 22, 103)
(39, 23, 96)
(39, 24, 73)
(39, 25, 60)
(39, 26, 58)
(39, 27, 55)
(39, 28, 53)
(39, 29, 49)
(39, 30, 42)
(39, 31, 37)
(39, 32, 34)
(39, 33, 33)
(39, 34, 31)
(39, 35, 31)
(39, 36, 29)
(39, 37, 25)
(39, 38, 19)
(39, 39, 12)


Betti numbers:
xi_0:
(0, 0, 2)
(1, 0, 1)
(2, 0, 1)
(3, 0, 5)
(4, 0, 6)
(5, 0, 9)
(6, 0, 9)
(7, 0, 14)
(8, 0, 8)
(9, 0, 8)
(10, 0, 8)
(11, 0, 5)
(12, 0, 10)
(13, 0, 18)
(14, 0, 12)
(15, 0, 22)
(16, 0, 77)
(17, 0, 27)
(18, 0, 30)
(19, 0, 21)
(20, 0, 13)
(21, 0, 13)
(22, 0, 4)
(23, 0, 11)
(24, 0, 5)
(25, 0, 8)
(26, 0, 8)
(27, 0, 3)
(28, 0, 11)
(29, 0, 5)
(30, 0, 10)
(31, 0, 5)
(33, 0, 5)
(34, 0, 7)
(35, 0, 22)
(36, 0, 14)
(37, 0, 3)
(38, 0, 20)
(39, 0, 7)
xi_1:
(0, 24, 1)
(1, 24, 1)
(2, 24, 1)
(3, 4, 1)
(3, 17, 1)
(3, 24, 1)
(4, 3, 1)
(4, 4, 1)
(4, 5, 1)
(4, 11, 1)
(4, 24, 2)
(5, 2, 1)
(5, 4, 3)
(5, 10, 1)
(5, 15, 1)
(5, 16, 1)
(5, 19, 1)
(5, 24, 1)
(6, 4, 1)
(6, 8, 1)
(6, 15, 2)
(6, 18, 1)
(6, 22, 1)
(6, 23, 1)
(6, 24, 2)
(7, 3, 3)
(7, 4, 2)
(7, 13, 1)
(7, 16, 1)
(7, 20, 2)
(7, 21, 1)
(7, 24, 3)
(7, 29, 1)
(7, 30, 1)
(8, 4, 1)
(8, 5, 1)
(8, 18, 1)
(8, 20, 1)
(8, 24, 3)
(9, 3, 2)
(9, 4, 1)
(9, 7, 1)
(9, 9, 1)
(9, 14, 1)
(9, 21, 1)
(9, 24, 1)
(9, 25, 1)
(10, 1, 2)
(10, 3, 1)
(10, 4, 1)
(10, 16, 1)
(10, 18, 1)
(10, 22, 1)
(10, 24, 1)
(11, 3, 1)
(11, 12, 1)
(11, 18, 1)
(11, 24, 1)
(11, 31, 1)
(12, 1, 2)
(12, 2, 2)
(12, 3, 1)
(12, 4, 1)
(12, 13, 1)
(12, 23, 1)
(12, 24, 2)
(12, 30, 1)
(13, 2, 1)
(13, 3, 2)
(13, 4, 2)
(13, 5, 1)
(13, 13, 1)
(13, 17, 1)
(13, 18, 1)
(13, 23, 1)
(13, 24, 1)
(13, 28, 1)
(13, 31, 1)
(13, 38, 2)
(14, 1, 1)
(14, 2, 1)
(14, 3, 2)
(14, 4, 1)
(14, 18, 1)
(14, 23, 1)
(14, 24, 2)
(14, 30, 1)
(14, 37, 1)
(14, 39, 1)
(15, 1, 1)
(15, 2, 2)
(15, 3, 2)
(15, 4, 1)
(15, 6, 1)
(15, 8, 1)
(15, 15, 2)
(15, 17, 2)
(15, 18, 1)
(15, 19, 1)
(15, 22, 1)
(15, 24, 1)
(15, 27, 1)
(15, 30, 1)
(15, 36, 1)
(15, 37, 1)
(15, 39, 1)
(16, 1, 2)
(16, 2, 4)
(16, 3, 22)
(16, 4, 12)
(16, 5, 4)
(16, 6, 1)
(16, 7, 1)
(16, 9, 3)
(16, 10, 2)
(16, 11, 1)
(16, 13, 1)
(16, 14, 3)
(16, 15, 1)
(16, 16, 2)
(16, 17, 3)
(16, 18, 3)
(16, 19, 4)
(16, 20, 4)
(16, 21, 1)
(16, 22, 1)
(16, 25, 1)
(16, 27, 1)
(16, 28, 1)
(16, 29, 2)
(16, 36, 1)
(17, 1, 10)
(17, 2, 3)
(17, 3, 4)
(17, 15, 1)
(17, 17, 2)
(17, 19, 2)
(17, 20, 2)
(17, 25, 2)
(17, 37, 1)
(17, 39, 1)
(18, 1, 5)
(18, 2, 7)
(18, 3, 2)
(18, 4, 3)
(18, 5, 1)
(18, 6, 1)
(18, 9, 1)
(18, 12, 1)
(18, 19, 1)
(18, 20, 3)
(18, 22, 1)
(18, 25, 1)
(18, 30, 1)
(18, 34, 1)
(19, 1, 6)
(19, 2, 8)
(19, 16, 1)
(19, 17, 1)
(19, 20, 1)
(19, 25, 1)
(19, 31, 1)
(19, 37, 1)
(19, 39, 1)
(20, 6, 1)
(20, 10, 1)
(20, 16, 1)
(20, 17, 3)
(20, 18, 2)
(20, 20, 1)
(20, 21, 2)
(20, 25, 1)
(20, 29, 1)
(20, 31, 1)
(20, 38, 1)
(21, 4, 2)
(21, 7, 1)
(21, 16, 2)
(21, 17, 1)
(21, 18, 1)
(21, 19, 2)
(21, 23, 1)
(21, 25, 1)
(21, 28, 1)
(21, 30, 1)
(21, 38, 1)
(22, 17, 1)
(22, 19, 2)
(22, 20, 1)
(22, 27, 1)
(23, 4, 1)
(23, 6, 1)
(23, 17, 2)
(23, 19, 2)
(23, 20, 1)
(23, 22, 1)
(23, 24, 1)
(23, 25, 1)
(23, 31, 1)
(24, 18, 1)
(24, 19, 2)
(24, 25, 1)
(24, 38, 1)
(25, 6, 1)
(25, 11, 1)
(25, 18, 2)
(25, 19, 1)
(25, 20, 1)
(25, 33, 1)
(25, 35, 1)
(26, 4, 1)
(26, 9, 1)
(26, 17, 1)
(26, 18, 1)
(26, 19, 1)
(26, 20, 1)
(26, 23, 1)
(26, 25, 1)
(26, 26, 1)
(26, 32, 1)
(27, 17, 1)
(27, 19, 1)
(27, 39, 1)
(28, 4, 1)
(28, 6, 1)
(28, 16, 1)
(28, 17, 1)
(28, 19, 2)
(28, 20, 1)
(28, 23, 1)
(28, 25, 1)
(28, 32, 1)
(28, 37, 1)
(29, 16, 2)
(29, 19, 2)
(29, 25, 1)
(30, 6, 1)
(30, 16, 1)
(30, 17, 3)
(30, 18, 1)
(30, 19, 1)
(30, 20, 1)
(30, 30, 1)
(30, 31, 1)
(30, 34, 1)
(30, 39, 1)
(31, 4, 1)
(31, 10, 1)
(31, 17, 2)
(31, 18, 1)
(31, 23, 1)
(31, 26, 1)
(33, 4, 1)
(33, 6, 1)
(33, 22, 1)
(33, 31, 1)
(33, 39, 1)
(34, 2, 1)
(34, 5, 1)
(34, 6, 1)
(34, 22, 1)
(34, 27, 1)
(35, 3, 1)
(35, 5, 2)
(35, 6, 1)
(35, 7, 5)
(35, 8, 1)
(35, 9, 1)
(35, 10, 3)
(35, 11, 1)
(35, 13, 2)
(35, 16, 1)
(35, 20, 1)
(35, 32, 1)
(35, 38, 1)
(36, 2, 2)
(36, 4, 3)
(36, 5, 1)
(36, 6, 2)
(36, 10, 2)
(36, 11, 1)
(36, 14, 1)
(36, 18, 1)
(36, 20, 1)
(36, 22, 1)
(36, 30, 1)
(36, 33, 1)
(37, 6, 1)
(37, 26, 1)
(37, 31, 1)
(38, 1, 1)
(38, 2, 2)
(38, 3, 3)
(38, 4, 2)
(38, 5, 1)
(38, 7, 3)
(38, 12, 2)
(38, 16, 2)
(38, 17, 1)
(38, 18, 1)
(38, 20, 1)
(38, 21, 1)
(38, 29, 1)
(39, 4, 1)
(39, 5, 1)
(39, 6, 1)
(39, 13, 1)
(39, 16, 2)
(39, 17, 1)
(39, 32, 1)
(39, 37, 1)
xi_2:
(5, 11, 1)
(7, 23, 1)
(9, 24, 1)
(12, 31, 1)
(16, 19, 1)
(16, 24, 1)
(16, 27, 1)
(16, 37, 1)
(17, 4, 1)
(20, 31, 1)
(21, 29, 1)
(21, 31, 1)
(22, 28, 1)
(26, 33, 1)
(26, 35, 1)
(30, 19, 1)
(30, 37, 1)
(31, 19, 1)
(31, 30, 1)
(35, 22, 1)
(36, 16, 1)
(36, 32, 1)
(38, 26, 1)
(39, 18, 1)
