x-grades
-20031390159656479/4000000000000000
-9811970721054569/2000000000000000
-19216492724561797/4000000000000000
-2351130500876807/500000000000000
-3680319057893423/800000000000000
-8997073285959887/2000000000000000
-17586697854372433/4000000000000000
-4294812284206273/1000000000000000
-16771800419277751/4000000000000000
-1636435170173041/400000000000000
-15956902984183069/4000000000000000
-971840891664733/250000000000000
-15142005549088387/4000000000000000
-7367278415770523/2000000000000000
-2865421622798741/800000000000000
-3479914849111591/1000000000000000
-13512210678899023/4000000000000000
-6552380980675841/2000000000000000
-12697313243804341/4000000000000000
-12289864526257/4000000000000
-11882415808709659/4000000000000000
-5737483545581159/2000000000000000
-11067518373614977/4000000000000000
-2665017414016909/1000000000000000
-2050524187704059/800000000000000
-4922586110486477/2000000000000000
-9437723503425613/4000000000000000
-35274510882337/15625000000000
-8622826068330931/4000000000000000
-821537735078359/400000000000000
-7807928633236249/4000000000000000
-1850119978922227/1000000000000000
-6993031198141567/4000000000000000
-3292791240297113/2000000000000000
-1235626752609377/800000000000000
-721335630687443/500000000000000
-5363236327952203/4000000000000000
-2477893805202431/2000000000000000
-4548338892857521/4000000000000000
-207044508765509/200000000000000

y-grades
2499997/1000000
2499997/500000
7499991/1000000
2499997/250000
2499997/200000
7499991/500000
17499979/1000000
2499997/125000
22499973/1000000
2499997/100000
27499967/1000000
7499991/250000
32499961/1000000
17499979/500000
7499991/200000
2499997/62500
42499949/1000000
22499973/500000
47499943/1000000
2499997/50000
52499937/1000000
27499967/500000
57499931/1000000
7499991/125000
2499997/40000
32499961/500000
67499919/1000000
17499979/250000
72499913/1000000
7499991/100000
77499907/1000000
2499997/31250
82499901/1000000
42499949/500000
17499979/200000
22499973/250000
92499889/1000000
47499943/500000
97499883/1000000
2499997/25000

Dimensions > 0:
(0, 0, 1)
(0, 1, 1)
(0, 2, 1)
(0, 3, 1)
(0, 4, 1)
(0, 5, 1)
(0, 6, 1)
(0, 7, 1)
(0, 8, 1)
(0, 9, 1)
(0, 10, 1)
(0, 11, 1)
(0, 12, 1)
(0, 13, 1)
(0, 14, 1)
(0, 15, 1)
(0, 16, 1)
(0, 17, 1)
(0, 18, 1)
(0, 19, 1)
(0, 20, 1)
(0, 21, 1)
(0, 22, 1)
(0, 23, 1)
(0, 24, 1)
(0, 25, 1)
(0, 26, 1)
(0, 27, 1)
(0, 28, 1)
(0, 29, 1)
(0, 30, 1)
(0, 31, 1)
(0, 32, 1)
(0, 33, 1)
(0, 34, 1)
(0, 35, 1)
(0, 36, 1)
(0, 37, 1)
(0, 38, 1)
(0, 39, 1)

(1, 0, 2)
(1, 1, 2)
(1, 2, 2)
(1, 3, 2)
(1, 4, 2)
(1, 5, 2)
(1, 6, 2)
(1, 7, 2)
(1, 8, 2)
(1, 9, 2)
(1, 10, 2)
(1, 11, 1)
(1, 12, 1)
(1, 13, 1)
(1, 14, 1)
(1, 15, 1)
(1, 16, 1)
(1, 17, 1)
(1, 18, 1)
(1, 19, 1)
(1, 20, 1)
(1, 21, 1)
(1, 22, 1)
(1, 23, 1)
(1, 24, 1)
(1, 25, 1)
(1, 26, 1)
(1, 27, 1)
(1, 28, 1)
(1, 29, 1)
(1, 30, 1)
(1, 31, 1)
(1, 32, 1)
(1, 33, 1)
(1, 34, 1)
(1, 35, 1)
(1, 36, 1)
(1, 37, 1)
(1, 38, 1)
(1, 39, 1)

(2, 0, 3)
(2, 1, 3)
(2, 2, 3)
(2, 3, 2)
(2, 4, 2)
(2, 5, 2)
(2, 6, 2)
(2, 7, 2)
(2, 8, 2)
(2, 9, 2)
(2, 10, 2)
(2, 11, 1)
(2, 12, 1)
(2, 13, 1)
(2, 14, 1)
(2, 15, 1)
(2, 16, 1)
(2, 17, 1)
(2, 18, 1)
(2, 19, 1)
(2, 20, 1)
(2, 21, 1)
(2, 22, 1)
(2, 23, 1)
(2, 24, 1)
(2, 25, 1)
(2, 26, 1)
(2, 27, 1)
(2, 28, 1)
(2, 29, 1)
(2, 30, 1)
(2, 31, 1)
(2, 32, 1)
(2, 33, 1)
(2, 34, 1)
(2, 35, 1)
(2, 36, 1)
(2, 37, 1)
(2, 38, 1)
(2, 39, 1)

(3, 0, 5)
(3, 1, 5)
(3, 2, 5)
(3, 3, 3)
(3, 4, 2)
(3, 5, 2)
(3, 6, 1)
(3, 7, 1)
(3, 8, 1)
(3, 9, 1)
(3, 10, 1)
(3, 11, 1)
(3, 12, 1)
(3, 13, 1)
(3, 14, 1)
(3, 15, 1)
(3, 16, 1)
(3, 17, 1)
(3, 18, 1)
(3, 19, 1)
(3, 20, 1)
(3, 21, 1)
(3, 22, 1)
(3, 23, 1)
(3, 24, 1)
(3, 25, 1)
(3, 26, 1)
(3, 27, 1)
(3, 28, 1)
(3, 29, 1)
(3, 30, 1)
(3, 31, 1)
(3, 32, 1)
(3, 33, 1)
(3, 34, 1)
(3, 35, 1)
(3, 36, 1)
(3, 37, 1)
(3, 38, 1)
(3, 39, 1)

(4, 0, 6)
(4, 1, 5)
(4, 2, 5)
(4, 3, 2)
(4, 4, 1)
(4, 5, 1)
(4, 6, 1)
(4, 7, 1)
(4, 8, 1)
(4, 9, 1)
(4, 10, 1)
(4, 11, 1)
(4, 12, 1)
(4, 13, 1)
(4, 14, 1)
(4, 15, 1)
(4, 16, 1)
(4, 17, 1)
(4, 18, 1)
(4, 19, 1)
(4, 20, 1)
(4, 21, 1)
(4, 22, 1)
(4, 23, 1)
(4, 24, 1)
(4, 25, 1)
(4, 26, 1)
(4, 27, 1)
(4, 28, 1)
(4, 29, 1)
(4, 30, 1)
(4, 31, 1)
(4, 32, 1)
(4, 33, 1)
(4, 34, 1)
(4, 35, 1)
(4, 36, 1)
(4, 37, 1)
(4, 38, 1)
(4, 39, 1)

(5, 0, 8)
(5, 1, 7)
(5, 2, 6)
(5, 3, 3)
(5, 4, 2)
(5, 5, 2)
(5, 6, 1)
(5, 7, 1)
(5, 8, 1)
(5, 9, 1)
(5, 10, 1)
(5, 11, 1)
(5, 12, 1)
(5, 13, 1)
(5, 14, 1)
(5, 15, 1)
(5, 16, 1)
(5, 17, 1)
(5, 18, 1)
(5, 19, 1)
(5, 20, 1)
(5, 21, 1)
(5, 22, 1)
(5, 23, 1)
(5, 24, 1)
(5, 25, 1)
(5, 26, 1)
(5, 27, 1)
(5, 28, 1)
(5, 29, 1)
(5, 30, 1)
(5, 31, 1)
(5, 32, 1)
(5, 33, 1)
(5, 34, 1)
(5, 35, 1)
(5, 36, 1)
(5, 37, 1)
(5, 38, 1)
(5, 39, 1)

(6, 0, 17)
(6, 1, 8)
(6, 2, 6)
(6, 3, 3)
(6, 4, 1)
(6, 5, 1)
(6, 6, 1)
(6, 7, 1)
(6, 8, 1)
(6, 9, 1)
(6, 10, 1)
(6, 11, 1)
(6, 12, 1)
(6, 13, 1)
(6, 14, 1)
(6, 15, 1)
(6, 16, 1)
(6, 17, 1)
(6, 18, 1)
(6, 19, 1)
(6, 20, 1)
(6, 21, 1)
(6, 22, 1)
(6, 23, 1)
(6, 24, 1)
(6, 25, 1)
(6, 26, 1)
(6, 27, 1)
(6, 28, 1)
(6, 29, 1)
(6, 30, 1)
(6, 31, 1)
(6, 32, 1)
(6, 33, 1)
(6, 34, 1)
(6, 35, 1)
(6, 36, 1)
(6, 37, 1)
(6, 38, 1)
(6, 39, 1)

(7, 0, 27)
(7, 1, 9)
(7, 2, 6)
(7, 3, 3)
(7, 4, 1)
(7, 5, 1)
(7, 6, 1)
(7, 7, 1)
(7, 8, 1)
(7, 9, 1)
(7, 10, 1)
(7, 11, 1)
(7, 12, 1)
(7, 13, 1)
(7, 14, 1)
(7, 15, 1)
(7, 16, 1)
(7, 17, 1)
(7, 18, 1)
(7, 19, 1)
(7, 20, 1)
(7, 21, 1)
(7, 22, 1)
(7, 23, 1)
(7, 24, 1)
(7, 25, 1)
(7, 26, 1)
(7, 27, 1)
(7, 28, 1)
(7, 29, 1)
(7, 30, 1)
(7, 31, 1)
(7, 32, 1)
(7, 33, 1)
(7, 34, 1)
(7, 35, 1)
(7, 36, 1)
(7, 37, 1)
(7, 38, 1)
(7, 39, 1)

(8, 0, 34)
(8, 1, 10)
(8, 2, 7)
(8, 3, 4)
(8, 4, 2)
(8, 5, 2)
(8, 6, 2)
(8, 7, 2)
(8, 8, 2)
(8, 9, 2)
(8, 10, 2)
(8, 11, 2)
(8, 12, 2)
(8, 13, 2)
(8, 14, 1)
(8, 15, 1)
(8, 16, 1)
(8, 17, 1)
(8, 18, 1)
(8, 19, 1)
(8, 20, 1)
(8, 21, 1)
(8, 22, 1)
(8, 23, 1)
(8, 24, 1)
(8, 25, 1)
(8, 26, 1)
(8, 27, 1)
(8, 28, 1)
(8, 29, 1)
(8, 30, 1)
(8, 31, 1)
(8, 32, 1)
(8, 33, 1)
(8, 34, 1)
(8, 35, 1)
(8, 36, 1)
(8, 37, 1)
(8, 38, 1)
(8, 39, 1)

(9, 0, 48)
(9, 1, 15)
(9, 2, 8)
(9, 3, 5)
(9, 4, 3)
(9, 5, 3)
(9, 6, 3)
(9, 7, 3)
(9, 8, 3)
(9, 9, 3)
(9, 10, 3)
(9, 11, 2)
(9, 12, 2)
(9, 13, 1)
(9, 14, 1)
(9, 15, 1)
(9, 16, 1)
(9, 17, 1)
(9, 18, 1)
(9, 19, 1)
(9, 20, 1)
(9, 21, 1)
(9, 22, 1)
(9, 23, 1)
(9, 24, 1)
(9, 25, 1)
(9, 26, 1)
(9, 27, 1)
(9, 28, 1)
(9, 29, 1)
(9, 30, 1)
(9, 31, 1)
(9, 32, 1)
(9, 33, 1)
(9, 34, 1)
(9, 35, 1)
(9, 36, 1)
(9, 37, 1)
(9, 38, 1)
(9, 39, 1)

(10, 0, 64)
(10, 1, 14)
(10, 2, 10)
(10, 3, 6)
(10, 4, 3)
(10, 5, 3)
(10, 6, 3)
(10, 7, 2)
(10, 8, 2)
(10, 9, 2)
(10, 10, 2)
(10, 11, 1)
(10, 12, 1)
(10, 13, 1)
(10, 14, 1)
(10, 15, 1)
(10, 16, 1)
(10, 17, 1)
(10, 18, 1)
(10, 19, 1)
(10, 20, 1)
(10, 21, 1)
(10, 22, 1)
(10, 23, 1)
(10, 24, 1)
(10, 25, 1)
(10, 26, 1)
(10, 27, 1)
(10, 28, 1)
(10, 29, 1)
(10, 30, 1)
(10, 31, 1)
(10, 32, 1)
(10, 33, 1)
(10, 34, 1)
(10, 35, 1)
(10, 36, 1)
(10, 37, 1)
(10, 38, 1)
(10, 39, 1)

(11, 0, 83)
(11, 1, 16)
(11, 2, 11)
(11, 3, 7)
(11, 4, 4)
(11, 5, 4)
(11, 6, 4)
(11, 7, 4)
(11, 8, 4)
(11, 9, 4)
(11, 10, 3)
(11, 11, 2)
(11, 12, 2)
(11, 13, 2)
(11, 14, 2)
(11, 15, 2)
(11, 16, 2)
(11, 17, 2)
(11, 18, 2)
(11, 19, 1)
(11, 20, 1)
(11, 21, 1)
(11, 22, 1)
(11, 23, 1)
(11, 24, 1)
(11, 25, 1)
(11, 26, 1)
(11, 27, 1)
(11, 28, 1)
(11, 29, 1)
(11, 30, 1)
(11, 31, 1)
(11, 32, 1)
(11, 33, 1)
(11, 34, 1)
(11, 35, 1)
(11, 36, 1)
(11, 37, 1)
(11, 38, 1)
(11, 39, 1)

(12, 0, 97)
(12, 1, 17)
(12, 2, 12)
(12, 3, 8)
(12, 4, 4)
(12, 5, 4)
(12, 6, 4)
(12, 7, 4)
(12, 8, 4)
(12, 9, 4)
(12, 10, 3)
(12, 11, 2)
(12, 12, 1)
(12, 13, 1)
(12, 14, 1)
(12, 15, 1)
(12, 16, 1)
(12, 17, 1)
(12, 18, 1)
(12, 19, 1)
(12, 20, 1)
(12, 21, 1)
(12, 22, 1)
(12, 23, 1)
(12, 24, 1)
(12, 25, 1)
(12, 26, 1)
(12, 27, 1)
(12, 28, 1)
(12, 29, 1)
(12, 30, 1)
(12, 31, 1)
(12, 32, 1)
(12, 33, 1)
(12, 34, 1)
(12, 35, 1)
(12, 36, 1)
(12, 37, 1)
(12, 38, 1)
(12, 39, 1)

(13, 0, 122)
(13, 1, 18)
(13, 2, 14)
(13, 3, 8)
(13, 4, 4)
(13, 5, 4)
(13, 6, 4)
(13, 7, 3)
(13, 8, 3)
(13, 9, 3)
(13, 10, 2)
(13, 11, 1)
(13, 12, 1)
(13, 13, 1)
(13, 14, 1)
(13, 15, 1)
(13, 16, 1)
(13, 17, 1)
(13, 18, 1)
(13, 19, 1)
(13, 20, 1)
(13, 21, 1)
(13, 22, 1)
(13, 23, 1)
(13, 24, 1)
(13, 25, 1)
(13, 26, 1)
(13, 27, 1)
(13, 28, 1)
(13, 29, 1)
(13, 30, 1)
(13, 31, 1)
(13, 32, 1)
(13, 33, 1)
(13, 34, 1)
(13, 35, 1)
(13, 36, 1)
(13, 37, 1)
(13, 38, 1)
(13, 39, 1)

(14, 0, 139)
(14, 1, 21)
(14, 2, 15)
(14, 3, 8)
(14, 4, 2)
(14, 5, 2)
(14, 6, 2)
(14, 7, 2)
(14, 8, 2)
(14, 9, 2)
(14, 10, 1)
(14, 11, 1)
(14, 12, 1)
(14, 13, 1)
(14, 14, 1)
(14, 15, 1)
(14, 16, 1)
(14, 17, 1)
(14, 18, 1)
(14, 19, 1)
(14, 20, 1)
(14, 21, 1)
(14, 22, 1)
(14, 23, 1)
(14, 24, 1)
(14, 25, 1)
(14, 26, 1)
(14, 27, 1)
(14, 28, 1)
(14, 29, 1)
(14, 30, 1)
(14, 31, 1)
(14, 32, 1)
(14, 33, 1)
(14, 34, 1)
(14, 35, 1)
(14, 36, 1)
(14, 37, 1)
(14, 38, 1)
(14, 39, 1)

(15, 0, 154)
(15, 1, 20)
(15, 2, 15)
(15, 3, 7)
(15, 4, 2)
(15, 5, 2)
(15, 6, 2)
(15, 7, 2)
(15, 8, 2)
(15, 9, 2)
(15, 10, 1)
(15, 11, 1)
(15, 12, 1)
(15, 13, 1)
(15, 14, 1)
(15, 15, 1)
(15, 16, 1)
(15, 17, 1)
(15, 18, 1)
(15, 19, 1)
(15, 20, 1)
(15, 21, 1)
(15, 22, 1)
(15, 23, 1)
(15, 24, 1)
(15, 25, 1)
(15, 26, 1)
(15, 27, 1)
(15, 28, 1)
(15, 29, 1)
(15, 30, 1)
(15, 31, 1)
(15, 32, 1)
(15, 33, 1)
(15, 34, 1)
(15, 35, 1)
(15, 36, 1)
(15, 37, 1)
(15, 38, 1)
(15, 39, 1)

(16, 0, 168)
(16, 1, 22)
(16, 2, 15)
(16, 3, 8)
(16, 4, 3)
(16, 5, 3)
(16, 6, 3)
(16, 7, 3)
(16, 8, 3)
(16, 9, 3)
(16, 10, 2)
(16, 11, 2)
(16, 12, 2)
(16, 13, 2)
(16, 14, 2)
(16, 15, 2)
(16, 16, 2)
(16, 17, 2)
(16, 18, 2)
(16, 19, 2)
(16, 20, 2)
(16, 21, 2)
(16, 22, 2)
(16, 23, 2)
(16, 24, 2)
(16, 25, 2)
(16, 26, 2)
(16, 27, 2)
(16, 28, 2)
(16, 29, 2)
(16, 30, 2)
(16, 31, 2)
(16, 32, 2)
(16, 33, 2)
(16, 34, 2)
(16, 35, 2)
(16, 36, 2)
(16, 37, 2)
(16, 38, 2)
(16, 39, 2)

(17, 0, 186)
(17, 1, 24)
(17, 2, 16)
(17, 3, 8)
(17, 4, 3)
(17, 5, 3)
(17, 6, 3)
(17, 7, 3)
(17, 8, 3)
(17, 9, 3)
(17, 10, 2)
(17, 11, 2)
(17, 12, 2)
(17, 13, 2)
(17, 14, 2)
(17, 15, 2)
(17, 16, 2)
(17, 17, 2)
(17, 18, 2)
(17, 19, 2)
(17, 20, 2)
(17, 21, 2)
(17, 22, 2)
(17, 23, 2)
(17, 24, 2)
(17, 25, 2)
(17, 26, 2)
(17, 27, 2)
(17, 28, 2)
(17, 29, 2)
(17, 30, 2)
(17, 31, 2)
(17, 32, 2)
(17, 33, 2)
(17, 34, 2)
(17, 35, 2)
(17, 36, 2)
(17, 37, 2)
(17, 38, 2)
(17, 39, 2)

(18, 0, 189)
(18, 1, 25)
(18, 2, 17)
(18, 3, 8)
(18, 4, 3)
(18, 5, 3)
(18, 6, 3)
(18, 7, 3)
(18, 8, 3)
(18, 9, 3)
(18, 10, 2)
(18, 11, 2)
(18, 12, 2)
(18, 13, 2)
(18, 14, 2)
(18, 15, 2)
(18, 16, 2)
(18, 17, 2)
(18, 18, 2)
(18, 19, 2)
(18, 20, 2)
(18, 21, 2)
(18, 22, 2)
(18, 23, 2)
(18, 24, 2)
(18, 25, 2)
(18, 26, 2)
(18, 27, 2)
(18, 28, 2)
(18, 29, 2)
(18, 30, 2)
(18, 31, 2)
(18, 32, 2)
(18, 33, 2)
(18, 34, 2)
(18, 35, 2)
(18, 36, 2)
(18, 37, 2)
(18, 38, 2)
(18, 39, 2)

(19, 0, 201)
(19, 1, 30)
(19, 2, 20)
(19, 3, 9)
(19, 4, 4)
(19, 5, 4)
(19, 6, 4)
(19, 7, 4)
(19, 8, 4)
(19, 9, 4)
(19, 10, 3)
(19, 11, 3)
(19, 12, 3)
(19, 13, 3)
(19, 14, 2)
(19, 15, 2)
(19, 16, 2)
(19, 17, 2)
(19, 18, 2)
(19, 19, 2)
(19, 20, 2)
(19, 21, 2)
(19, 22, 2)
(19, 23, 2)
(19, 24, 2)
(19, 25, 2)
(19, 26, 2)
(19, 27, 2)
(19, 28, 2)
(19, 29, 2)
(19, 30, 2)
(19, 31, 2)
(19, 32, 2)
(19, 33, 2)
(19, 34, 2)
(19, 35, 2)
(19, 36, 2)
(19, 37, 2)
(19, 38, 2)
(19, 39, 2)

(20, 0, 210)
(20, 1, 33)
(20, 2, 22)
(20, 3, 10)
(20, 4, 5)
(20, 5, 5)
(20, 6, 5)
(20, 7, 5)
(20, 8, 5)
(20, 9, 5)
(20, 10, 4)
(20, 11, 3)
(20, 12, 3)
(20, 13, 3)
(20, 14, 2)
(20, 15, 2)
(20, 16, 2)
(20, 17, 2)
(20, 18, 2)
(20, 19, 2)
(20, 20, 2)
(20, 21, 2)
(20, 22, 2)
(20, 23, 2)
(20, 24, 2)
(20, 25, 2)
(20, 26, 2)
(20, 27, 2)
(20, 28, 2)
(20, 29, 2)
(20, 30, 2)
(20, 31, 2)
(20, 32, 2)
(20, 33, 2)
(20, 34, 2)
(20, 35, 2)
(20, 36, 2)
(20, 37, 2)
(20, 38, 2)
(20, 39, 2)

(21, 0, 226)
(21, 1, 39)
(21, 2, 24)
(21, 3, 13)
(21, 4, 7)
(21, 5, 7)
(21, 6, 6)
(21, 7, 5)
(21, 8, 5)
(21, 9, 5)
(21, 10, 4)
(21, 11, 3)
(21, 12, 2)
(21, 13, 2)
(21, 14, 2)
(21, 15, 2)
(21, 16, 2)
(21, 17, 2)
(21, 18, 2)
(21, 19, 2)
(21, 20, 2)
(21, 21, 2)
(21, 22, 2)
(21, 23, 2)
(21, 24, 2)
(21, 25, 2)
(21, 26, 2)
(21, 27, 2)
(21, 28, 2)
(21, 29, 2)
(21, 30, 2)
(21, 31, 2)
(21, 32, 2)
(21, 33, 2)
(21, 34, 2)
(21, 35, 2)
(21, 36, 2)
(21, 37, 2)
(21, 38, 2)
(21, 39, 2)

(22, 0, 240)
(22, 1, 38)
(22, 2, 26)
(22, 3, 15)
(22, 4, 7)
(22, 5, 6)
(22, 6, 5)
(22, 7, 4)
(22, 8, 4)
(22, 9, 4)
(22, 10, 3)
(22, 11, 3)
(22, 12, 2)
(22, 13, 2)
(22, 14, 2)
(22, 15, 2)
(22, 16, 2)
(22, 17, 2)
(22, 18, 2)
(22, 19, 2)
(22, 20, 2)
(22, 21, 2)
(22, 22, 2)
(22, 23, 2)
(22, 24, 2)
(22, 25, 2)
(22, 26, 2)
(22, 27, 2)
(22, 28, 2)
(22, 29, 2)
(22, 30, 2)
(22, 31, 2)
(22, 32, 2)
(22, 33, 2)
(22, 34, 2)
(22, 35, 2)
(22, 36, 2)
(22, 37, 2)
(22, 38, 2)
(22, 39, 2)

(23, 0, 248)
(23, 1, 44)
(23, 2, 31)
(23, 3, 16)
(23, 4, 8)
(23, 5, 7)
(23, 6, 6)
(23, 7, 6)
(23, 8, 6)
(23, 9, 4)
(23, 10, 3)
(23, 11, 2)
(23, 12, 2)
(23, 13, 2)
(23, 14, 2)
(23, 15, 2)
(23, 16, 2)
(23, 17, 2)
(23, 18, 2)
(23, 19, 2)
(23, 20, 2)
(23, 21, 2)
(23, 22, 2)
(23, 23, 2)
(23, 24, 2)
(23, 25, 2)
(23, 26, 2)
(23, 27, 2)
(23, 28, 2)
(23, 29, 2)
(23, 30, 2)
(23, 31, 2)
(23, 32, 2)
(23, 33, 2)
(23, 34, 2)
(23, 35, 2)
(23, 36, 2)
(23, 37, 2)
(23, 38, 2)
(23, 39, 2)

(24, 0, 253)
(24, 1, 47)
(24, 2, 34)
(24, 3, 17)
(24, 4, 6)
(24, 5, 6)
(24, 6, 5)
(24, 7, 5)
(24, 8, 5)
(24, 9, 3)
(24, 10, 2)
(24, 11, 2)
(24, 12, 2)
(24, 13, 2)
(24, 14, 2)
(24, 15, 2)
(24, 16, 2)
(24, 17, 2)
(24, 18, 2)
(24, 19, 2)
(24, 20, 2)
(24, 21, 2)
(24, 22, 2)
(24, 23, 2)
(24, 24, 2)
(24, 25, 2)
(24, 26, 2)
(24, 27, 2)
(24, 28, 2)
(24, 29, 2)
(24, 30, 2)
(24, 31, 2)
(24, 32, 2)
(24, 33, 2)
(24, 34, 2)
(24, 35, 2)
(24, 36, 2)
(24, 37, 2)
(24, 38, 2)
(24, 39, 2)

(25, 0, 264)
(25, 1, 48)
(25, 2, 35)
(25, 3, 14)
(25, 4, 4)
(25, 5, 4)
(25, 6, 3)
(25, 7, 3)
(25, 8, 3)
(25, 9, 3)
(25, 10, 2)
(25, 11, 2)
(25, 12, 2)
(25, 13, 2)
(25, 14, 2)
(25, 15, 2)
(25, 16, 2)
(25, 17, 2)
(25, 18, 2)
(25, 19, 2)
(25, 20, 2)
(25, 21, 2)
(25, 22, 2)
(25, 23, 2)
(25, 24, 2)
(25, 25, 2)
(25, 26, 2)
(25, 27, 2)
(25, 28, 2)
(25, 29, 2)
(25, 30, 2)
(25, 31, 2)
(25, 32, 2)
(25, 33, 2)
(25, 34, 2)
(25, 35, 2)
(25, 36, 2)
(25, 37, 2)
(25, 38, 2)
(25, 39, 2)

(26, 0, 272)
(26, 1, 49)
(26, 2, 35)
(26, 3, 14)
(26, 4, 4)
(26, 5, 4)
(26, 6, 3)
(26, 7, 3)
(26, 8, 3)
(26, 9, 3)
(26, 10, 2)
(26, 11, 2)
(26, 12, 2)
(26, 13, 2)
(26, 14, 2)
(26, 15, 2)
(26, 16, 2)
(26, 17, 2)
(26, 18, 2)
(26, 19, 2)
(26, 20, 2)
(26, 21, 2)
(26, 22, 2)
(26, 23, 2)
(26, 24, 2)
(26, 25, 2)
(26, 26, 2)
(26, 27, 2)
(26, 28, 2)
(26, 29, 2)
(26, 30, 2)
(26, 31, 2)
(26, 32, 2)
(26, 33, 2)
(26, 34, 2)
(26, 35, 2)
(26, 36, 2)
(26, 37, 2)
(26, 38, 2)
(26, 39, 2)

(27, 0, 287)
(27, 1, 52)
(27, 2, 34)
(27, 3, 14)
(27, 4, 4)
(27, 5, 4)
(27, 6, 3)
(27, 7, 3)
(27, 8, 3)
(27, 9, 3)
(27, 10, 2)
(27, 11, 2)
(27, 12, 2)
(27, 13, 2)
(27, 14, 2)
(27, 15, 2)
(27, 16, 2)
(27, 17, 2)
(27, 18, 2)
(27, 19, 2)
(27, 20, 2)
(27, 21, 2)
(27, 22, 2)
(27, 23, 2)
(27, 24, 2)
(27, 25, 2)
(27, 26, 2)
(27, 27, 2)
(27, 28, 2)
(27, 29, 2)
(27, 30, 2)
(27, 31, 2)
(27, 32, 2)
(27, 33, 2)
(27, 34, 2)
(27, 35, 2)
(27, 36, 2)
(27, 37, 2)
(27, 38, 2)
(27, 39, 2)

(28, 0, 295)
(28, 1, 50)
(28, 2, 34)
(28, 3, 14)
(28, 4, 4)
(28, 5, 4)
(28, 6, 3)
(28, 7, 3)
(28, 8, 3)
(28, 9, 3)
(28, 10, 2)
(28, 11, 2)
(28, 12, 2)
(28, 13, 2)
(28, 14, 2)
(28, 15, 2)
(28, 16, 2)
(28, 17, 2)
(28, 18, 2)
(28, 19, 2)
(28, 20, 2)
(28, 21, 2)
(28, 22, 2)
(28, 23, 2)
(28, 24, 2)
(28, 25, 2)
(28, 26, 2)
(28, 27, 2)
(28, 28, 2)
(28, 29, 2)
(28, 30, 2)
(28, 31, 2)
(28, 32, 2)
(28, 33, 2)
(28, 34, 2)
(28, 35, 2)
(28, 36, 2)
(28, 37, 2)
(28, 38, 2)
(28, 39, 2)

(29, 0, 305)
(29, 1, 51)
(29, 2, 34)
(29, 3, 14)
(29, 4, 4)
(29, 5, 4)
(29, 6, 3)
(29, 7, 3)
(29, 8, 3)
(29, 9, 3)
(29, 10, 2)
(29, 11, 2)
(29, 12, 2)
(29, 13, 2)
(29, 14, 2)
(29, 15, 2)
(29, 16, 2)
(29, 17, 2)
(29, 18, 2)
(29, 19, 2)
(29, 20, 2)
(29, 21, 2)
(29, 22, 2)
(29, 23, 2)
(29, 24, 2)
(29, 25, 2)
(29, 26, 2)
(29, 27, 2)
(29, 28, 2)
(29, 29, 2)
(29, 30, 2)
(29, 31, 2)
(29, 32, 2)
(29, 33, 2)
(29, 34, 2)
(29, 35, 2)
(29, 36, 2)
(29, 37, 2)
(29, 38, 2)
(29, 39, 2)

(30, 0, 316)
(30, 1, 52)
(30, 2, 34)
(30, 3, 14)
(30, 4, 4)
(30, 5, 4)
(30, 6, 3)
(30, 7, 3)
(30, 8, 3)
(30, 9, 3)
(30, 10, 2)
(30, 11, 2)
(30, 12, 2)
(30, 13, 2)
(30, 14, 2)
(30, 15, 2)
(30, 16, 2)
(30, 17, 2)
(30, 18, 2)
(30, 19, 2)
(30, 20, 2)
(30, 21, 2)
(30, 22, 2)
(30, 23, 2)
(30, 24, 2)
(30, 25, 2)
(30, 26, 2)
(30, 27, 2)
(30, 28, 2)
(30, 29, 2)
(30, 30, 2)
(30, 31, 2)
(30, 32, 2)
(30, 33, 2)
(30, 34, 2)
(30, 35, 2)
(30, 36, 2)
(30, 37, 2)
(30, 38, 2)
(30, 39, 2)

(31, 0, 336)
(31, 1, 52)
(31, 2, 34)
(31, 3, 14)
(31, 4, 4)
(31, 5, 4)
(31, 6, 3)
(31, 7, 3)
(31, 8, 3)
(31, 9, 3)
(31, 10, 2)
(31, 11, 2)
(31, 12, 2)
(31, 13, 2)
(31, 14, 2)
(31, 15, 2)
(31, 16, 2)
(31, 17, 2)
(31, 18, 2)
(31, 19, 2)
(31, 20, 2)
(31, 21, 2)
(31, 22, 2)
(31, 23, 2)
(31, 24, 2)
(31, 25, 2)
(31, 26, 2)
(31, 27, 2)
(31, 28, 2)
(31, 29, 2)
(31, 30, 2)
(31, 31, 2)
(31, 32, 2)
(31, 33, 2)
(31, 34, 2)
(31, 35, 2)
(31, 36, 2)
(31, 37, 2)
(31, 38, 2)
(31, 39, 2)

(32, 0, 356)
(32, 1, 52)
(32, 2, 35)
(32, 3, 15)
(32, 4, 5)
(32, 5, 5)
(32, 6, 4)
(32, 7, 4)
(32, 8, 4)
(32, 9, 4)
(32, 10, 3)
(32, 11, 3)
(32, 12, 3)
(32, 13, 3)
(32, 14, 3)
(32, 15, 3)
(32, 16, 3)
(32, 17, 3)
(32, 18, 3)
(32, 19, 3)
(32, 20, 3)
(32, 21, 3)
(32, 22, 2)
(32, 23, 2)
(32, 24, 2)
(32, 25, 1)
(32, 26, 1)
(32, 27, 1)
(32, 28, 1)
(32, 29, 1)
(32, 30, 1)
(32, 31, 1)
(32, 32, 1)
(32, 33, 1)
(32, 34, 1)
(32, 35, 1)
(32, 36, 1)
(32, 37, 1)
(32, 38, 1)
(32, 39, 1)

(33, 0, 373)
(33, 1, 56)
(33, 2, 36)
(33, 3, 16)
(33, 4, 5)
(33, 5, 5)
(33, 6, 4)
(33, 7, 4)
(33, 8, 4)
(33, 9, 4)
(33, 10, 3)
(33, 11, 3)
(33, 12, 3)
(33, 13, 3)
(33, 14, 3)
(33, 15, 3)
(33, 16, 3)
(33, 17, 3)
(33, 18, 3)
(33, 19, 3)
(33, 20, 2)
(33, 21, 2)
(33, 22, 2)
(33, 23, 1)
(33, 24, 1)
(33, 25, 1)
(33, 26, 1)
(33, 27, 1)
(33, 28, 1)
(33, 29, 1)
(33, 30, 1)
(33, 31, 1)
(33, 32, 1)
(33, 33, 1)
(33, 34, 1)
(33, 35, 1)
(33, 36, 1)
(33, 37, 1)
(33, 38, 1)
(33, 39, 1)

(34, 0, 389)
(34, 1, 58)
(34, 2, 37)
(34, 3, 16)
(34, 4, 5)
(34, 5, 5)
(34, 6, 4)
(34, 7, 4)
(34, 8, 4)
(34, 9, 4)
(34, 10, 3)
(34, 11, 3)
(34, 12, 3)
(34, 13, 3)
(34, 14, 2)
(34, 15, 2)
(34, 16, 2)
(34, 17, 2)
(34, 18, 2)
(34, 19, 2)
(34, 20, 2)
(34, 21, 1)
(34, 22, 1)
(34, 23, 1)
(34, 24, 1)
(34, 25, 1)
(34, 26, 1)
(34, 27, 1)
(34, 28, 1)
(34, 29, 1)
(34, 30, 1)
(34, 31, 1)
(34, 32, 1)
(34, 33, 1)
(34, 34, 1)
(34, 35, 1)
(34, 36, 1)
(34, 37, 1)
(34, 38, 1)
(34, 39, 1)

(35, 0, 411)
(35, 1, 59)
(35, 2, 37)
(35, 3, 17)
(35, 4, 6)
(35, 5, 6)
(35, 6, 5)
(35, 7, 5)
(35, 8, 5)
(35, 9, 5)
(35, 10, 4)
(35, 11, 4)
(35, 12, 3)
(35, 13, 2)
(35, 14, 2)
(35, 15, 2)
(35, 16, 2)
(35, 17, 2)
(35, 18, 2)
(35, 19, 1)
(35, 20, 1)
(35, 21, 1)
(35, 22, 1)
(35, 23, 1)
(35, 24, 1)
(35, 25, 1)
(35, 26, 1)
(35, 27, 1)
(35, 28, 1)
(35, 29, 1)
(35, 30, 1)
(35, 31, 1)
(35, 32, 1)
(35, 33, 1)
(35, 34, 1)
(35, 35, 1)
(35, 36, 1)
(35, 37, 1)
(35, 38, 1)
(35, 39, 1)

(36, 0, 426)
(36, 1, 58)
(36, 2, 37)
(36, 3, 17)
(36, 4, 6)
(36, 5, 6)
(36, 6, 5)
(36, 7, 5)
(36, 8, 5)
(36, 9, 4)
(36, 10, 3)
(36, 11, 2)
(36, 12, 2)
(36, 13, 2)
(36, 14, 2)
(36, 15, 2)
(36, 16, 2)
(36, 17, 2)
(36, 18, 1)
(36, 19, 1)
(36, 20, 1)
(36, 21, 1)
(36, 22, 1)
(36, 23, 1)
(36, 24, 1)
(36, 25, 1)
(36, 26, 1)
(36, 27, 1)
(36, 28, 1)
(36, 29, 1)
(36, 30, 1)
(36, 31, 1)
(36, 32, 1)
(36, 33, 1)
(36, 34, 1)
(36, 35, 1)
(36, 36, 1)
(36, 37, 1)
(36, 38, 1)
(36, 39, 1)

(37, 0, 456)
(37, 1, 62)
(37, 2, 38)
(37, 3, 18)
(37, 4, 6)
(37, 5, 5)
(37, 6, 4)
(37, 7, 4)
(37, 8, 4)
(37, 9, 3)
(37, 10, 2)
(37, 11, 2)
(37, 12, 2)
(37, 13, 1)
(37, 14, 1)
(37, 15, 1)
(37, 16, 1)
(37, 17, 1)
(37, 18, 1)
(37, 19, 1)
(37, 20, 1)
(37, 21, 1)
(37, 22, 1)
(37, 23, 1)
(37, 24, 1)
(37, 25, 1)
(37, 26, 1)
(37, 27, 1)
(37, 28, 1)
(37, 29, 1)
(37, 30, 1)
(37, 31, 1)
(37, 32, 1)
(37, 33, 1)
(37, 34, 1)
(37, 35, 1)
(37, 36, 1)
(37, 37, 1)
(37, 38, 1)
(37, 39, 1)

(38, 0, 476)
(38, 1, 65)
(38, 2, 39)
(38, 3, 18)
(38, 4, 6)
(38, 5, 6)
(38, 6, 4)
(38, 7, 3)
(38, 8, 3)
(38, 9, 2)
(38, 10, 1)
(38, 11, 1)
(38, 12, 1)
(38, 13, 1)
(38, 14, 1)
(38, 15, 1)
(38, 16, 1)
(38, 17, 1)
(38, 18, 1)
(38, 19, 1)
(38, 20, 1)
(38, 21, 1)
(38, 22, 1)
(38, 23, 1)
(38, 24, 1)
(38, 25, 1)
(38, 26, 1)
(38, 27, 1)
(38, 28, 1)
(38, 29, 1)
(38, 30, 1)
(38, 31, 1)
(38, 32, 1)
(38, 33, 1)
(38, 34, 1)
(38, 35, 1)
(38, 36, 1)
(38, 37, 1)
(38, 38, 1)
(38, 39, 1)

(39, 0, 524)
(39, 1, 63)
(39, 2, 37)
(39, 3, 16)
(39, 4, 4)
(39, 5, 4)
(39, 6, 3)
(39, 7, 3)
(39, 8, 3)
(39, 9, 2)
(39, 10, 1)
(39, 11, 1)
(39, 12, 1)
(39, 13, 1)
(39, 14, 1)
(39, 15, 1)
(39, 16, 1)
(39, 17, 1)
(39, 18, 1)
(39, 19, 1)
(39, 20, 1)
(39, 21, 1)
(39, 22, 1)
(39, 23, 1)
(39, 24, 1)
(39, 25, 1)
(39, 26, 1)
(39, 27, 1)
(39, 28, 1)
(39, 29, 1)
(39, 30, 1)
(39, 31, 1)
(39, 32, 1)
(39, 33, 1)
(39, 34, 1)
(39, 35, 1)
(39, 36, 1)
(39, 37, 1)
(39, 38, 1)
(39, 39, 1)


Betti numbers:
xi_0:
(0, 0, 1)
(1, 0, 1)
(2, 0, 1)
(3, 0, 2)
(4, 0, 1)
(5, 0, 2)
(6, 0, 9)
(7, 0, 10)
(8, 0, 7)
(9, 0, 14)
(10, 0, 17)
(11, 0, 20)
(12, 0, 14)
(13, 0, 25)
(14, 0, 17)
(15, 0, 16)
(16, 0, 14)
(17, 0, 19)
(18, 0, 5)
(19, 0, 12)
(20, 0, 9)
(21, 0, 16)
(22, 0, 14)
(23, 0, 9)
(24, 0, 5)
(25, 0, 12)
(26, 0, 8)
(27, 0, 15)
(28, 0, 9)
(29, 0, 11)
(30, 0, 11)
(31, 0, 20)
(32, 0, 20)
(33, 0, 17)
(34, 0, 17)
(35, 0, 22)
(36, 0, 18)
(37, 0, 30)
(38, 0, 20)
(39, 0, 48)
xi_1:
(1, 11, 1)
(2, 3, 1)
(3, 3, 1)
(3, 4, 1)
(3, 6, 1)
(4, 1, 1)
(4, 3, 1)
(5, 2, 1)
(5, 6, 1)
(6, 1, 8)
(6, 2, 1)
(6, 4, 1)
(7, 1, 9)
(7, 2, 1)
(8, 1, 6)
(8, 2, 1)
(8, 14, 1)
(9, 1, 9)
(9, 2, 5)
(9, 11, 1)
(9, 13, 1)
(10, 0, 1)
(10, 1, 18)
(10, 2, 1)
(10, 3, 1)
(10, 4, 1)
(10, 7, 1)
(10, 11, 1)
(11, 0, 1)
(11, 1, 18)
(11, 2, 2)
(11, 3, 1)
(11, 10, 1)
(11, 11, 1)
(11, 19, 1)
(12, 1, 13)
(12, 2, 1)
(12, 4, 1)
(12, 11, 1)
(12, 12, 1)
(13, 1, 24)
(13, 2, 1)
(13, 3, 2)
(13, 7, 1)
(14, 1, 14)
(14, 2, 2)
(14, 3, 2)
(14, 4, 2)
(15, 0, 1)
(15, 1, 17)
(15, 2, 1)
(15, 3, 1)
(16, 1, 12)
(16, 2, 2)
(17, 0, 1)
(17, 1, 17)
(17, 2, 1)
(17, 3, 1)
(18, 0, 2)
(18, 1, 4)
(18, 3, 1)
(19, 1, 7)
(19, 2, 2)
(19, 3, 2)
(19, 14, 1)
(20, 1, 6)
(20, 2, 1)
(20, 3, 2)
(20, 11, 1)
(21, 1, 10)
(21, 2, 4)
(21, 4, 1)
(21, 6, 1)
(21, 7, 1)
(21, 11, 1)
(21, 12, 1)
(22, 1, 15)
(22, 4, 2)
(22, 5, 1)
(22, 7, 1)
(23, 0, 1)
(23, 1, 3)
(23, 2, 1)
(23, 3, 4)
(23, 9, 2)
(23, 11, 1)
(24, 1, 2)
(24, 3, 2)
(24, 4, 3)
(24, 9, 1)
(25, 0, 1)
(25, 1, 11)
(25, 3, 4)
(25, 4, 1)
(26, 1, 7)
(26, 2, 1)
(27, 1, 12)
(27, 2, 4)
(28, 0, 1)
(28, 1, 11)
(29, 0, 1)
(29, 1, 10)
(29, 2, 1)
(30, 1, 10)
(30, 2, 2)
(31, 1, 20)
(31, 2, 1)
(32, 1, 20)
(32, 22, 1)
(32, 25, 1)
(33, 1, 13)
(33, 2, 3)
(33, 4, 1)
(33, 20, 1)
(33, 23, 1)
(34, 0, 1)
(34, 1, 15)
(34, 2, 3)
(34, 3, 1)
(34, 14, 1)
(34, 21, 1)
(35, 1, 21)
(35, 2, 1)
(35, 12, 1)
(35, 13, 1)
(35, 19, 1)
(36, 0, 3)
(36, 1, 18)
(36, 2, 1)
(36, 9, 1)
(36, 11, 1)
(36, 18, 1)
(37, 1, 26)
(37, 2, 3)
(37, 4, 1)
(37, 5, 1)
(37, 13, 1)
(38, 1, 17)
(38, 2, 4)
(38, 3, 1)
(38, 6, 1)
(38, 7, 1)
(39, 1, 50)
(39, 2, 1)
xi_2:
(3, 11, 1)
(4, 6, 1)
(6, 6, 1)
(8, 2, 1)
(9, 2, 1)
(9, 14, 1)
(10, 1, 1)
(10, 2, 4)
(10, 11, 1)
(10, 13, 1)
(11, 1, 1)
(11, 2, 1)
(11, 3, 1)
(11, 7, 1)
(11, 11, 1)
(12, 2, 1)
(12, 11, 1)
(12, 19, 1)
(13, 2, 2)
(13, 12, 1)
(14, 3, 1)
(14, 7, 1)
(14, 11, 1)
(15, 1, 1)
(15, 2, 2)
(15, 4, 1)
(16, 3, 1)
(17, 1, 1)
(18, 1, 2)
(20, 3, 1)
(21, 3, 1)
(21, 11, 1)
(21, 14, 1)
(22, 2, 3)
(22, 7, 1)
(22, 11, 1)
(23, 1, 1)
(23, 7, 1)
(23, 12, 1)
(24, 5, 1)
(24, 9, 1)
(24, 11, 1)
(25, 1, 1)
(25, 4, 2)
(25, 9, 2)
(27, 3, 1)
(28, 1, 1)
(28, 2, 2)
(29, 1, 1)
(30, 2, 1)
(31, 2, 1)
(32, 2, 1)
(33, 22, 1)
(33, 25, 1)
(34, 1, 1)
(34, 2, 2)
(34, 20, 1)
(34, 23, 1)
(35, 3, 1)
(35, 14, 1)
(35, 21, 1)
(36, 1, 2)
(36, 2, 2)
(36, 12, 1)
(36, 13, 1)
(36, 19, 1)
(37, 11, 1)
(37, 18, 1)
(38, 2, 2)
(38, 5, 1)
(38, 13, 1)
(39, 2, 1)
(39, 6, 1)
(39, 7, 1)
