x-grades
-2921103661477836497/200000000000000000
-1427181200653654197/100000000000000000
-2787621141136780291/200000000000000000
-680219970241563047/50000000000000000
-530827724159144817/40000000000000000
-1293698680312597991/100000000000000000
-2520656100454667879/200000000000000000
-9585604844859921/781250000000000
-2387173580113611673/200000000000000000
-232043231994308357/20000000000000000
-2253691059772555467/200000000000000000
-546737449900506841/50000000000000000
-2120208539431499261/200000000000000000
-1026733639630485579/100000000000000000
-397345203818088611/40000000000000000
-239998094864989369/25000000000000000
-1853243498749386849/200000000000000000
-893251119289429373/100000000000000000
-1719760978408330643/200000000000000000
-82650985911890127/10000000000000000
-1586278458067274437/200000000000000000
-759768598948373167/100000000000000000
-1452795937726218231/200000000000000000
-86628417347230633/12500000000000000
-52772536695406481/8000000000000000
-626286078607316961/100000000000000000
-1185830897044105819/200000000000000000
-279772409218394429/50000000000000000
-1052348376703049613/200000000000000000
-98560711653252151/20000000000000000
-918865856361993407/200000000000000000
-106515574523933163/25000000000000000
-785383336020937201/200000000000000000
-359321037925204549/100000000000000000
-130380163135976199/40000000000000000
-146289888877338223/50000000000000000
-518418295338824789/200000000000000000
-225838517584148343/100000000000000000
-384935774997768583/200000000000000000
-1988715717670253/1250000000000000

y-grades
9999681/4000000
9999681/2000000
29999043/4000000
9999681/1000000
9999681/800000
29999043/2000000
69997767/4000000
9999681/500000
89997129/4000000
9999681/400000
109996491/4000000
29999043/1000000
129995853/4000000
69997767/2000000
29999043/800000
9999681/250000
169994577/4000000
89997129/2000000
189993939/4000000
9999681/200000
209993301/4000000
109996491/2000000
229992663/4000000
29999043/500000
9999681/160000
129995853/2000000
269991387/4000000
69997767/1000000
289990749/4000000
29999043/400000
309990111/4000000
9999681/125000
329989473/4000000
169994577/2000000
69997767/800000
89997129/1000000
369988197/4000000
189993939/2000000
389987559/4000000
9999681/100000

Dimensions > 0:
(0, 0, 2)
(0, 1, 2)
(0, 2, 2)
(0, 3, 2)
(0, 4, 2)
(0, 5, 2)
(0, 6, 2)
(0, 7, 2)
(0, 8, 2)
(0, 9, 2)
(0, 10, 2)
(0, 11, 2)
(0, 12, 1)
(0, 13, 1)
(0, 14, 1)
(0, 15, 1)
(0, 16, 1)
(0, 17, 1)
(0, 18, 1)
(0, 19, 1)
(0, 20, 1)
(0, 21, 1)
(0, 22, 1)
(0, 23, 1)
(0, 24, 1)
(0, 25, 1)
(0, 26, 1)
(0, 27, 1)
(0, 28, 1)
(0, 29, 1)
(0, 30, 1)
(0, 31, 1)
(0, 32, 1)
(0, 33, 1)
(0, 34, 1)
(0, 35, 1)
(0, 36, 1)
(0, 37, 1)
(0, 38, 1)
(0, 39, 1)

(1, 0, 4)
(1, 1, 4)
(1, 2, 4)
(1, 3, 4)
(1, 4, 4)
(1, 5, 4)
(1, 6, 4)
(1, 7, 4)
(1, 8, 4)
(1, 9, 4)
(1, 10, 4)
(1, 11, 4)
(1, 12, 2)
(1, 13, 2)
(1, 14, 2)
(1, 15, 2)
(1, 16, 2)
(1, 17, 2)
(1, 18, 2)
(1, 19, 2)
(1, 20, 2)
(1, 21, 2)
(1, 22, 2)
(1, 23, 2)
(1, 24, 2)
(1, 25, 2)
(1, 26, 2)
(1, 27, 2)
(1, 28, 2)
(1, 29, 2)
(1, 30, 2)
(1, 31, 2)
(1, 32, 2)
(1, 33, 2)
(1, 34, 2)
(1, 35, 2)
(1, 36, 2)
(1, 37, 2)
(1, 38, 2)
(1, 39, 2)

(2, 0, 6)
(2, 1, 6)
(2, 2, 6)
(2, 3, 6)
(2, 4, 6)
(2, 5, 6)
(2, 6, 6)
(2, 7, 6)
(2, 8, 6)
(2, 9, 6)
(2, 10, 6)
(2, 11, 4)
(2, 12, 2)
(2, 13, 2)
(2, 14, 2)
(2, 15, 2)
(2, 16, 2)
(2, 17, 2)
(2, 18, 2)
(2, 19, 2)
(2, 20, 2)
(2, 21, 2)
(2, 22, 2)
(2, 23, 2)
(2, 24, 2)
(2, 25, 2)
(2, 26, 2)
(2, 27, 2)
(2, 28, 2)
(2, 29, 2)
(2, 30, 2)
(2, 31, 2)
(2, 32, 2)
(2, 33, 2)
(2, 34, 2)
(2, 35, 2)
(2, 36, 2)
(2, 37, 2)
(2, 38, 2)
(2, 39, 2)

(3, 0, 8)
(3, 1, 8)
(3, 2, 8)
(3, 3, 8)
(3, 4, 8)
(3, 5, 7)
(3, 6, 7)
(3, 7, 7)
(3, 8, 7)
(3, 9, 6)
(3, 10, 6)
(3, 11, 3)
(3, 12, 2)
(3, 13, 2)
(3, 14, 2)
(3, 15, 2)
(3, 16, 2)
(3, 17, 2)
(3, 18, 2)
(3, 19, 2)
(3, 20, 2)
(3, 21, 2)
(3, 22, 2)
(3, 23, 2)
(3, 24, 2)
(3, 25, 2)
(3, 26, 2)
(3, 27, 2)
(3, 28, 2)
(3, 29, 2)
(3, 30, 2)
(3, 31, 2)
(3, 32, 2)
(3, 33, 2)
(3, 34, 2)
(3, 35, 2)
(3, 36, 2)
(3, 37, 2)
(3, 38, 2)
(3, 39, 2)

(4, 0, 10)
(4, 1, 10)
(4, 2, 10)
(4, 3, 10)
(4, 4, 10)
(4, 5, 8)
(4, 6, 8)
(4, 7, 8)
(4, 8, 8)
(4, 9, 6)
(4, 10, 6)
(4, 11, 2)
(4, 12, 2)
(4, 13, 2)
(4, 14, 2)
(4, 15, 2)
(4, 16, 2)
(4, 17, 2)
(4, 18, 2)
(4, 19, 2)
(4, 20, 2)
(4, 21, 2)
(4, 22, 2)
(4, 23, 2)
(4, 24, 2)
(4, 25, 2)
(4, 26, 2)
(4, 27, 2)
(4, 28, 2)
(4, 29, 2)
(4, 30, 2)
(4, 31, 2)
(4, 32, 2)
(4, 33, 2)
(4, 34, 2)
(4, 35, 2)
(4, 36, 2)
(4, 37, 2)
(4, 38, 2)
(4, 39, 2)

(5, 0, 10)
(5, 1, 10)
(5, 2, 10)
(5, 3, 10)
(5, 4, 10)
(5, 5, 8)
(5, 6, 8)
(5, 7, 8)
(5, 8, 8)
(5, 9, 6)
(5, 10, 6)
(5, 11, 2)
(5, 12, 2)
(5, 13, 2)
(5, 14, 2)
(5, 15, 2)
(5, 16, 2)
(5, 17, 2)
(5, 18, 2)
(5, 19, 2)
(5, 20, 2)
(5, 21, 2)
(5, 22, 2)
(5, 23, 2)
(5, 24, 2)
(5, 25, 2)
(5, 26, 2)
(5, 27, 2)
(5, 28, 2)
(5, 29, 2)
(5, 30, 2)
(5, 31, 2)
(5, 32, 2)
(5, 33, 2)
(5, 34, 2)
(5, 35, 2)
(5, 36, 2)
(5, 37, 2)
(5, 38, 2)
(5, 39, 2)

(6, 0, 10)
(6, 1, 10)
(6, 2, 10)
(6, 3, 10)
(6, 4, 10)
(6, 5, 8)
(6, 6, 8)
(6, 7, 8)
(6, 8, 8)
(6, 9, 6)
(6, 10, 6)
(6, 11, 2)
(6, 12, 2)
(6, 13, 2)
(6, 14, 2)
(6, 15, 2)
(6, 16, 2)
(6, 17, 2)
(6, 18, 2)
(6, 19, 2)
(6, 20, 2)
(6, 21, 2)
(6, 22, 2)
(6, 23, 2)
(6, 24, 2)
(6, 25, 2)
(6, 26, 2)
(6, 27, 2)
(6, 28, 2)
(6, 29, 2)
(6, 30, 2)
(6, 31, 2)
(6, 32, 2)
(6, 33, 2)
(6, 34, 2)
(6, 35, 2)
(6, 36, 2)
(6, 37, 2)
(6, 38, 2)
(6, 39, 2)

(7, 0, 10)
(7, 1, 10)
(7, 2, 10)
(7, 3, 10)
(7, 4, 10)
(7, 5, 8)
(7, 6, 8)
(7, 7, 8)
(7, 8, 8)
(7, 9, 6)
(7, 10, 6)
(7, 11, 2)
(7, 12, 2)
(7, 13, 2)
(7, 14, 2)
(7, 15, 2)
(7, 16, 2)
(7, 17, 2)
(7, 18, 2)
(7, 19, 2)
(7, 20, 2)
(7, 21, 2)
(7, 22, 2)
(7, 23, 2)
(7, 24, 2)
(7, 25, 2)
(7, 26, 2)
(7, 27, 2)
(7, 28, 2)
(7, 29, 2)
(7, 30, 2)
(7, 31, 2)
(7, 32, 2)
(7, 33, 2)
(7, 34, 2)
(7, 35, 2)
(7, 36, 2)
(7, 37, 2)
(7, 38, 2)
(7, 39, 2)

(8, 0, 10)
(8, 1, 10)
(8, 2, 10)
(8, 3, 10)
(8, 4, 10)
(8, 5, 8)
(8, 6, 8)
(8, 7, 8)
(8, 8, 8)
(8, 9, 6)
(8, 10, 6)
(8, 11, 2)
(8, 12, 2)
(8, 13, 2)
(8, 14, 2)
(8, 15, 2)
(8, 16, 2)
(8, 17, 2)
(8, 18, 2)
(8, 19, 2)
(8, 20, 2)
(8, 21, 2)
(8, 22, 2)
(8, 23, 2)
(8, 24, 2)
(8, 25, 2)
(8, 26, 2)
(8, 27, 2)
(8, 28, 2)
(8, 29, 2)
(8, 30, 2)
(8, 31, 2)
(8, 32, 2)
(8, 33, 2)
(8, 34, 2)
(8, 35, 2)
(8, 36, 2)
(8, 37, 2)
(8, 38, 2)
(8, 39, 2)

(9, 0, 11)
(9, 1, 11)
(9, 2, 11)
(9, 3, 11)
(9, 4, 11)
(9, 5, 9)
(9, 6, 9)
(9, 7, 9)
(9, 8, 9)
(9, 9, 7)
(9, 10, 7)
(9, 11, 3)
(9, 12, 3)
(9, 13, 3)
(9, 14, 3)
(9, 15, 3)
(9, 16, 3)
(9, 17, 3)
(9, 18, 3)
(9, 19, 3)
(9, 20, 3)
(9, 21, 3)
(9, 22, 3)
(9, 23, 3)
(9, 24, 3)
(9, 25, 3)
(9, 26, 3)
(9, 27, 3)
(9, 28, 3)
(9, 29, 3)
(9, 30, 3)
(9, 31, 3)
(9, 32, 3)
(9, 33, 3)
(9, 34, 3)
(9, 35, 3)
(9, 36, 3)
(9, 37, 2)
(9, 38, 2)
(9, 39, 2)

(10, 0, 12)
(10, 1, 12)
(10, 2, 12)
(10, 3, 12)
(10, 4, 12)
(10, 5, 10)
(10, 6, 10)
(10, 7, 10)
(10, 8, 10)
(10, 9, 8)
(10, 10, 8)
(10, 11, 4)
(10, 12, 4)
(10, 13, 4)
(10, 14, 4)
(10, 15, 4)
(10, 16, 4)
(10, 17, 4)
(10, 18, 4)
(10, 19, 4)
(10, 20, 4)
(10, 21, 4)
(10, 22, 4)
(10, 23, 4)
(10, 24, 4)
(10, 25, 4)
(10, 26, 4)
(10, 27, 4)
(10, 28, 4)
(10, 29, 4)
(10, 30, 4)
(10, 31, 4)
(10, 32, 4)
(10, 33, 4)
(10, 34, 4)
(10, 35, 4)
(10, 36, 4)
(10, 37, 2)
(10, 38, 2)
(10, 39, 2)

(11, 0, 13)
(11, 1, 13)
(11, 2, 13)
(11, 3, 13)
(11, 4, 13)
(11, 5, 11)
(11, 6, 11)
(11, 7, 11)
(11, 8, 11)
(11, 9, 9)
(11, 10, 9)
(11, 11, 5)
(11, 12, 5)
(11, 13, 4)
(11, 14, 4)
(11, 15, 4)
(11, 16, 4)
(11, 17, 4)
(11, 18, 4)
(11, 19, 4)
(11, 20, 4)
(11, 21, 4)
(11, 22, 4)
(11, 23, 4)
(11, 24, 4)
(11, 25, 4)
(11, 26, 4)
(11, 27, 4)
(11, 28, 4)
(11, 29, 4)
(11, 30, 4)
(11, 31, 4)
(11, 32, 4)
(11, 33, 4)
(11, 34, 4)
(11, 35, 4)
(11, 36, 4)
(11, 37, 2)
(11, 38, 2)
(11, 39, 2)

(12, 0, 14)
(12, 1, 14)
(12, 2, 14)
(12, 3, 14)
(12, 4, 14)
(12, 5, 12)
(12, 6, 12)
(12, 7, 12)
(12, 8, 12)
(12, 9, 10)
(12, 10, 10)
(12, 11, 6)
(12, 12, 6)
(12, 13, 4)
(12, 14, 4)
(12, 15, 4)
(12, 16, 4)
(12, 17, 4)
(12, 18, 4)
(12, 19, 4)
(12, 20, 4)
(12, 21, 4)
(12, 22, 4)
(12, 23, 4)
(12, 24, 4)
(12, 25, 4)
(12, 26, 4)
(12, 27, 4)
(12, 28, 4)
(12, 29, 4)
(12, 30, 4)
(12, 31, 4)
(12, 32, 4)
(12, 33, 4)
(12, 34, 4)
(12, 35, 4)
(12, 36, 4)
(12, 37, 2)
(12, 38, 2)
(12, 39, 2)

(13, 0, 14)
(13, 1, 14)
(13, 2, 14)
(13, 3, 14)
(13, 4, 14)
(13, 5, 12)
(13, 6, 12)
(13, 7, 12)
(13, 8, 12)
(13, 9, 10)
(13, 10, 10)
(13, 11, 6)
(13, 12, 6)
(13, 13, 4)
(13, 14, 4)
(13, 15, 4)
(13, 16, 4)
(13, 17, 4)
(13, 18, 4)
(13, 19, 4)
(13, 20, 4)
(13, 21, 4)
(13, 22, 4)
(13, 23, 4)
(13, 24, 4)
(13, 25, 4)
(13, 26, 4)
(13, 27, 4)
(13, 28, 4)
(13, 29, 4)
(13, 30, 4)
(13, 31, 4)
(13, 32, 4)
(13, 33, 4)
(13, 34, 4)
(13, 35, 4)
(13, 36, 4)
(13, 37, 2)
(13, 38, 2)
(13, 39, 2)

(14, 0, 14)
(14, 1, 14)
(14, 2, 14)
(14, 3, 14)
(14, 4, 14)
(14, 5, 12)
(14, 6, 12)
(14, 7, 12)
(14, 8, 12)
(14, 9, 10)
(14, 10, 10)
(14, 11, 6)
(14, 12, 6)
(14, 13, 4)
(14, 14, 4)
(14, 15, 4)
(14, 16, 4)
(14, 17, 4)
(14, 18, 4)
(14, 19, 4)
(14, 20, 4)
(14, 21, 4)
(14, 22, 4)
(14, 23, 4)
(14, 24, 4)
(14, 25, 4)
(14, 26, 4)
(14, 27, 4)
(14, 28, 4)
(14, 29, 4)
(14, 30, 4)
(14, 31, 4)
(14, 32, 4)
(14, 33, 4)
(14, 34, 4)
(14, 35, 4)
(14, 36, 4)
(14, 37, 2)
(14, 38, 2)
(14, 39, 2)

(15, 0, 14)
(15, 1, 14)
(15, 2, 14)
(15, 3, 14)
(15, 4, 14)
(15, 5, 12)
(15, 6, 12)
(15, 7, 12)
(15, 8, 12)
(15, 9, 10)
(15, 10, 10)
(15, 11, 6)
(15, 12, 6)
(15, 13, 4)
(15, 14, 4)
(15, 15, 4)
(15, 16, 4)
(15, 17, 4)
(15, 18, 4)
(15, 19, 4)
(15, 20, 4)
(15, 21, 4)
(15, 22, 4)
(15, 23, 4)
(15, 24, 4)
(15, 25, 4)
(15, 26, 4)
(15, 27, 4)
(15, 28, 4)
(15, 29, 4)
(15, 30, 4)
(15, 31, 4)
(15, 32, 4)
(15, 33, 4)
(15, 34, 4)
(15, 35, 4)
(15, 36, 4)
(15, 37, 2)
(15, 38, 2)
(15, 39, 2)

(16, 0, 14)
(16, 1, 14)
(16, 2, 14)
(16, 3, 14)
(16, 4, 14)
(16, 5, 12)
(16, 6, 12)
(16, 7, 12)
(16, 8, 12)
(16, 9, 10)
(16, 10, 10)
(16, 11, 6)
(16, 12, 6)
(16, 13, 4)
(16, 14, 4)
(16, 15, 4)
(16, 16, 4)
(16, 17, 4)
(16, 18, 4)
(16, 19, 4)
(16, 20, 4)
(16, 21, 4)
(16, 22, 4)
(16, 23, 4)
(16, 24, 4)
(16, 25, 4)
(16, 26, 4)
(16, 27, 4)
(16, 28, 4)
(16, 29, 4)
(16, 30, 4)
(16, 31, 4)
(16, 32, 4)
(16, 33, 4)
(16, 34, 4)
(16, 35, 4)
(16, 36, 4)
(16, 37, 2)
(16, 38, 2)
(16, 39, 2)

(17, 0, 14)
(17, 1, 14)
(17, 2, 14)
(17, 3, 14)
(17, 4, 14)
(17, 5, 12)
(17, 6, 12)
(17, 7, 12)
(17, 8, 12)
(17, 9, 10)
(17, 10, 10)
(17, 11, 6)
(17, 12, 6)
(17, 13, 4)
(17, 14, 4)
(17, 15, 4)
(17, 16, 4)
(17, 17, 4)
(17, 18, 4)
(17, 19, 4)
(17, 20, 4)
(17, 21, 4)
(17, 22, 4)
(17, 23, 4)
(17, 24, 4)
(17, 25, 4)
(17, 26, 4)
(17, 27, 4)
(17, 28, 4)
(17, 29, 4)
(17, 30, 4)
(17, 31, 4)
(17, 32, 4)
(17, 33, 4)
(17, 34, 4)
(17, 35, 4)
(17, 36, 4)
(17, 37, 2)
(17, 38, 2)
(17, 39, 2)

(18, 0, 14)
(18, 1, 14)
(18, 2, 14)
(18, 3, 14)
(18, 4, 14)
(18, 5, 12)
(18, 6, 12)
(18, 7, 12)
(18, 8, 12)
(18, 9, 10)
(18, 10, 10)
(18, 11, 6)
(18, 12, 6)
(18, 13, 4)
(18, 14, 4)
(18, 15, 4)
(18, 16, 4)
(18, 17, 4)
(18, 18, 4)
(18, 19, 4)
(18, 20, 4)
(18, 21, 4)
(18, 22, 4)
(18, 23, 4)
(18, 24, 4)
(18, 25, 4)
(18, 26, 4)
(18, 27, 4)
(18, 28, 4)
(18, 29, 4)
(18, 30, 4)
(18, 31, 4)
(18, 32, 4)
(18, 33, 4)
(18, 34, 4)
(18, 35, 4)
(18, 36, 4)
(18, 37, 2)
(18, 38, 2)
(18, 39, 2)

(19, 0, 15)
(19, 1, 15)
(19, 2, 15)
(19, 3, 15)
(19, 4, 15)
(19, 5, 13)
(19, 6, 13)
(19, 7, 13)
(19, 8, 13)
(19, 9, 11)
(19, 10, 11)
(19, 11, 7)
(19, 12, 7)
(19, 13, 5)
(19, 14, 5)
(19, 15, 5)
(19, 16, 5)
(19, 17, 5)
(19, 18, 5)
(19, 19, 5)
(19, 20, 5)
(19, 21, 5)
(19, 22, 5)
(19, 23, 5)
(19, 24, 5)
(19, 25, 5)
(19, 26, 5)
(19, 27, 5)
(19, 28, 5)
(19, 29, 5)
(19, 30, 5)
(19, 31, 5)
(19, 32, 5)
(19, 33, 5)
(19, 34, 5)
(19, 35, 5)
(19, 36, 5)
(19, 37, 3)
(19, 38, 3)
(19, 39, 3)

(20, 0, 16)
(20, 1, 16)
(20, 2, 16)
(20, 3, 16)
(20, 4, 16)
(20, 5, 14)
(20, 6, 14)
(20, 7, 14)
(20, 8, 14)
(20, 9, 12)
(20, 10, 12)
(20, 11, 8)
(20, 12, 7)
(20, 13, 5)
(20, 14, 5)
(20, 15, 5)
(20, 16, 5)
(20, 17, 5)
(20, 18, 5)
(20, 19, 5)
(20, 20, 5)
(20, 21, 5)
(20, 22, 5)
(20, 23, 5)
(20, 24, 5)
(20, 25, 5)
(20, 26, 5)
(20, 27, 5)
(20, 28, 5)
(20, 29, 5)
(20, 30, 5)
(20, 31, 5)
(20, 32, 5)
(20, 33, 5)
(20, 34, 5)
(20, 35, 5)
(20, 36, 5)
(20, 37, 3)
(20, 38, 3)
(20, 39, 3)

(21, 0, 21)
(21, 1, 21)
(21, 2, 21)
(21, 3, 21)
(21, 4, 21)
(21, 5, 18)
(21, 6, 18)
(21, 7, 18)
(21, 8, 18)
(21, 9, 15)
(21, 10, 15)
(21, 11, 9)
(21, 12, 8)
(21, 13, 6)
(21, 14, 6)
(21, 15, 6)
(21, 16, 6)
(21, 17, 6)
(21, 18, 6)
(21, 19, 6)
(21, 20, 6)
(21, 21, 6)
(21, 22, 6)
(21, 23, 6)
(21, 24, 6)
(21, 25, 6)
(21, 26, 6)
(21, 27, 6)
(21, 28, 6)
(21, 29, 6)
(21, 30, 6)
(21, 31, 6)
(21, 32, 6)
(21, 33, 6)
(21, 34, 6)
(21, 35, 6)
(21, 36, 6)
(21, 37, 4)
(21, 38, 4)
(21, 39, 4)

(22, 0, 25)
(22, 1, 25)
(22, 2, 25)
(22, 3, 25)
(22, 4, 25)
(22, 5, 22)
(22, 6, 22)
(22, 7, 22)
(22, 8, 22)
(22, 9, 19)
(22, 10, 19)
(22, 11, 13)
(22, 12, 10)
(22, 13, 8)
(22, 14, 8)
(22, 15, 8)
(22, 16, 8)
(22, 17, 8)
(22, 18, 8)
(22, 19, 8)
(22, 20, 8)
(22, 21, 8)
(22, 22, 8)
(22, 23, 8)
(22, 24, 8)
(22, 25, 8)
(22, 26, 8)
(22, 27, 8)
(22, 28, 8)
(22, 29, 8)
(22, 30, 8)
(22, 31, 8)
(22, 32, 8)
(22, 33, 8)
(22, 34, 8)
(22, 35, 8)
(22, 36, 8)
(22, 37, 6)
(22, 38, 6)
(22, 39, 6)

(23, 0, 29)
(23, 1, 29)
(23, 2, 29)
(23, 3, 29)
(23, 4, 29)
(23, 5, 25)
(23, 6, 25)
(23, 7, 25)
(23, 8, 25)
(23, 9, 21)
(23, 10, 21)
(23, 11, 13)
(23, 12, 11)
(23, 13, 9)
(23, 14, 9)
(23, 15, 9)
(23, 16, 9)
(23, 17, 9)
(23, 18, 9)
(23, 19, 9)
(23, 20, 9)
(23, 21, 9)
(23, 22, 9)
(23, 23, 9)
(23, 24, 9)
(23, 25, 9)
(23, 26, 9)
(23, 27, 9)
(23, 28, 9)
(23, 29, 9)
(23, 30, 9)
(23, 31, 9)
(23, 32, 9)
(23, 33, 9)
(23, 34, 9)
(23, 35, 9)
(23, 36, 9)
(23, 37, 7)
(23, 38, 7)
(23, 39, 6)

(24, 0, 30)
(24, 1, 30)
(24, 2, 30)
(24, 3, 30)
(24, 4, 30)
(24, 5, 26)
(24, 6, 26)
(24, 7, 26)
(24, 8, 26)
(24, 9, 22)
(24, 10, 22)
(24, 11, 14)
(24, 12, 12)
(24, 13, 10)
(24, 14, 10)
(24, 15, 10)
(24, 16, 10)
(24, 17, 10)
(24, 18, 10)
(24, 19, 10)
(24, 20, 10)
(24, 21, 10)
(24, 22, 10)
(24, 23, 10)
(24, 24, 10)
(24, 25, 10)
(24, 26, 10)
(24, 27, 10)
(24, 28, 10)
(24, 29, 10)
(24, 30, 10)
(24, 31, 10)
(24, 32, 10)
(24, 33, 10)
(24, 34, 10)
(24, 35, 10)
(24, 36, 10)
(24, 37, 8)
(24, 38, 8)
(24, 39, 6)

(25, 0, 30)
(25, 1, 30)
(25, 2, 30)
(25, 3, 30)
(25, 4, 30)
(25, 5, 26)
(25, 6, 26)
(25, 7, 26)
(25, 8, 26)
(25, 9, 22)
(25, 10, 22)
(25, 11, 14)
(25, 12, 12)
(25, 13, 10)
(25, 14, 10)
(25, 15, 10)
(25, 16, 10)
(25, 17, 10)
(25, 18, 10)
(25, 19, 10)
(25, 20, 10)
(25, 21, 10)
(25, 22, 10)
(25, 23, 10)
(25, 24, 10)
(25, 25, 10)
(25, 26, 10)
(25, 27, 10)
(25, 28, 10)
(25, 29, 10)
(25, 30, 10)
(25, 31, 10)
(25, 32, 10)
(25, 33, 10)
(25, 34, 10)
(25, 35, 10)
(25, 36, 10)
(25, 37, 8)
(25, 38, 8)
(25, 39, 6)

(26, 0, 31)
(26, 1, 31)
(26, 2, 31)
(26, 3, 31)
(26, 4, 31)
(26, 5, 27)
(26, 6, 27)
(26, 7, 27)
(26, 8, 27)
(26, 9, 23)
(26, 10, 23)
(26, 11, 15)
(26, 12, 13)
(26, 13, 11)
(26, 14, 11)
(26, 15, 11)
(26, 16, 11)
(26, 17, 11)
(26, 18, 11)
(26, 19, 11)
(26, 20, 11)
(26, 21, 11)
(26, 22, 11)
(26, 23, 11)
(26, 24, 11)
(26, 25, 11)
(26, 26, 11)
(26, 27, 10)
(26, 28, 10)
(26, 29, 10)
(26, 30, 10)
(26, 31, 9)
(26, 32, 9)
(26, 33, 9)
(26, 34, 9)
(26, 35, 9)
(26, 36, 9)
(26, 37, 7)
(26, 38, 7)
(26, 39, 6)

(27, 0, 31)
(27, 1, 31)
(27, 2, 31)
(27, 3, 31)
(27, 4, 31)
(27, 5, 27)
(27, 6, 27)
(27, 7, 27)
(27, 8, 27)
(27, 9, 23)
(27, 10, 23)
(27, 11, 15)
(27, 12, 13)
(27, 13, 11)
(27, 14, 11)
(27, 15, 11)
(27, 16, 11)
(27, 17, 11)
(27, 18, 11)
(27, 19, 11)
(27, 20, 11)
(27, 21, 11)
(27, 22, 11)
(27, 23, 11)
(27, 24, 11)
(27, 25, 11)
(27, 26, 11)
(27, 27, 10)
(27, 28, 10)
(27, 29, 10)
(27, 30, 10)
(27, 31, 9)
(27, 32, 9)
(27, 33, 9)
(27, 34, 9)
(27, 35, 9)
(27, 36, 9)
(27, 37, 7)
(27, 38, 7)
(27, 39, 6)

(28, 0, 54)
(28, 1, 54)
(28, 2, 54)
(28, 3, 54)
(28, 4, 51)
(28, 5, 47)
(28, 6, 38)
(28, 7, 38)
(28, 8, 38)
(28, 9, 34)
(28, 10, 34)
(28, 11, 26)
(28, 12, 24)
(28, 13, 22)
(28, 14, 22)
(28, 15, 20)
(28, 16, 13)
(28, 17, 13)
(28, 18, 13)
(28, 19, 13)
(28, 20, 13)
(28, 21, 13)
(28, 22, 13)
(28, 23, 13)
(28, 24, 13)
(28, 25, 13)
(28, 26, 13)
(28, 27, 11)
(28, 28, 11)
(28, 29, 11)
(28, 30, 11)
(28, 31, 9)
(28, 32, 9)
(28, 33, 9)
(28, 34, 9)
(28, 35, 9)
(28, 36, 9)
(28, 37, 7)
(28, 38, 7)
(28, 39, 6)

(29, 0, 69)
(29, 1, 69)
(29, 2, 69)
(29, 3, 69)
(29, 4, 59)
(29, 5, 55)
(29, 6, 42)
(29, 7, 42)
(29, 8, 42)
(29, 9, 38)
(29, 10, 38)
(29, 11, 30)
(29, 12, 28)
(29, 13, 26)
(29, 14, 26)
(29, 15, 17)
(29, 16, 13)
(29, 17, 13)
(29, 18, 13)
(29, 19, 13)
(29, 20, 13)
(29, 21, 13)
(29, 22, 13)
(29, 23, 13)
(29, 24, 13)
(29, 25, 13)
(29, 26, 13)
(29, 27, 11)
(29, 28, 11)
(29, 29, 11)
(29, 30, 11)
(29, 31, 9)
(29, 32, 9)
(29, 33, 9)
(29, 34, 9)
(29, 35, 9)
(29, 36, 8)
(29, 37, 6)
(29, 38, 6)
(29, 39, 6)

(30, 0, 81)
(30, 1, 81)
(30, 2, 81)
(30, 3, 81)
(30, 4, 66)
(30, 5, 62)
(30, 6, 45)
(30, 7, 45)
(30, 8, 45)
(30, 9, 41)
(30, 10, 41)
(30, 11, 33)
(30, 12, 31)
(30, 13, 29)
(30, 14, 29)
(30, 15, 15)
(30, 16, 13)
(30, 17, 13)
(30, 18, 13)
(30, 19, 13)
(30, 20, 13)
(30, 21, 13)
(30, 22, 13)
(30, 23, 13)
(30, 24, 13)
(30, 25, 13)
(30, 26, 13)
(30, 27, 11)
(30, 28, 11)
(30, 29, 11)
(30, 30, 11)
(30, 31, 9)
(30, 32, 9)
(30, 33, 9)
(30, 34, 9)
(30, 35, 9)
(30, 36, 8)
(30, 37, 6)
(30, 38, 6)
(30, 39, 6)

(31, 0, 96)
(31, 1, 96)
(31, 2, 96)
(31, 3, 96)
(31, 4, 77)
(31, 5, 73)
(31, 6, 51)
(31, 7, 51)
(31, 8, 51)
(31, 9, 47)
(31, 10, 47)
(31, 11, 39)
(31, 12, 37)
(31, 13, 35)
(31, 14, 35)
(31, 15, 17)
(31, 16, 13)
(31, 17, 13)
(31, 18, 13)
(31, 19, 13)
(31, 20, 13)
(31, 21, 13)
(31, 22, 13)
(31, 23, 13)
(31, 24, 13)
(31, 25, 13)
(31, 26, 13)
(31, 27, 11)
(31, 28, 11)
(31, 29, 11)
(31, 30, 11)
(31, 31, 9)
(31, 32, 9)
(31, 33, 9)
(31, 34, 9)
(31, 35, 9)
(31, 36, 8)
(31, 37, 6)
(31, 38, 6)
(31, 39, 6)

(32, 0, 107)
(32, 1, 107)
(32, 2, 107)
(32, 3, 107)
(32, 4, 83)
(32, 5, 79)
(32, 6, 55)
(32, 7, 55)
(32, 8, 55)
(32, 9, 50)
(32, 10, 50)
(32, 11, 42)
(32, 12, 39)
(32, 13, 37)
(32, 14, 37)
(32, 15, 14)
(32, 16, 14)
(32, 17, 14)
(32, 18, 14)
(32, 19, 14)
(32, 20, 14)
(32, 21, 14)
(32, 22, 14)
(32, 23, 14)
(32, 24, 14)
(32, 25, 14)
(32, 26, 14)
(32, 27, 12)
(32, 28, 12)
(32, 29, 12)
(32, 30, 12)
(32, 31, 10)
(32, 32, 10)
(32, 33, 10)
(32, 34, 10)
(32, 35, 10)
(32, 36, 9)
(32, 37, 6)
(32, 38, 5)
(32, 39, 5)

(33, 0, 109)
(33, 1, 108)
(33, 2, 108)
(33, 3, 108)
(33, 4, 84)
(33, 5, 80)
(33, 6, 56)
(33, 7, 56)
(33, 8, 55)
(33, 9, 51)
(33, 10, 51)
(33, 11, 43)
(33, 12, 40)
(33, 13, 38)
(33, 14, 38)
(33, 15, 15)
(33, 16, 15)
(33, 17, 15)
(33, 18, 15)
(33, 19, 15)
(33, 20, 14)
(33, 21, 14)
(33, 22, 14)
(33, 23, 14)
(33, 24, 14)
(33, 25, 14)
(33, 26, 14)
(33, 27, 12)
(33, 28, 12)
(33, 29, 12)
(33, 30, 12)
(33, 31, 10)
(33, 32, 10)
(33, 33, 10)
(33, 34, 10)
(33, 35, 10)
(33, 36, 9)
(33, 37, 6)
(33, 38, 5)
(33, 39, 5)

(34, 0, 115)
(34, 1, 114)
(34, 2, 113)
(34, 3, 113)
(34, 4, 89)
(34, 5, 84)
(34, 6, 60)
(34, 7, 59)
(34, 8, 57)
(34, 9, 53)
(34, 10, 53)
(34, 11, 45)
(34, 12, 41)
(34, 13, 39)
(34, 14, 39)
(34, 15, 16)
(34, 16, 16)
(34, 17, 16)
(34, 18, 16)
(34, 19, 15)
(34, 20, 14)
(34, 21, 14)
(34, 22, 14)
(34, 23, 14)
(34, 24, 14)
(34, 25, 14)
(34, 26, 14)
(34, 27, 12)
(34, 28, 12)
(34, 29, 12)
(34, 30, 12)
(34, 31, 10)
(34, 32, 10)
(34, 33, 10)
(34, 34, 10)
(34, 35, 10)
(34, 36, 9)
(34, 37, 6)
(34, 38, 5)
(34, 39, 5)

(35, 0, 118)
(35, 1, 117)
(35, 2, 116)
(35, 3, 116)
(35, 4, 92)
(35, 5, 85)
(35, 6, 60)
(35, 7, 60)
(35, 8, 58)
(35, 9, 54)
(35, 10, 54)
(35, 11, 45)
(35, 12, 41)
(35, 13, 39)
(35, 14, 39)
(35, 15, 16)
(35, 16, 15)
(35, 17, 15)
(35, 18, 15)
(35, 19, 15)
(35, 20, 14)
(35, 21, 14)
(35, 22, 14)
(35, 23, 14)
(35, 24, 14)
(35, 25, 14)
(35, 26, 14)
(35, 27, 12)
(35, 28, 12)
(35, 29, 12)
(35, 30, 12)
(35, 31, 10)
(35, 32, 10)
(35, 33, 10)
(35, 34, 10)
(35, 35, 10)
(35, 36, 9)
(35, 37, 5)
(35, 38, 5)
(35, 39, 5)

(36, 0, 120)
(36, 1, 119)
(36, 2, 118)
(36, 3, 118)
(36, 4, 94)
(36, 5, 86)
(36, 6, 60)
(36, 7, 60)
(36, 8, 58)
(36, 9, 54)
(36, 10, 54)
(36, 11, 44)
(36, 12, 40)
(36, 13, 38)
(36, 14, 38)
(36, 15, 15)
(36, 16, 15)
(36, 17, 15)
(36, 18, 15)
(36, 19, 15)
(36, 20, 14)
(36, 21, 14)
(36, 22, 14)
(36, 23, 14)
(36, 24, 14)
(36, 25, 14)
(36, 26, 14)
(36, 27, 12)
(36, 28, 12)
(36, 29, 12)
(36, 30, 12)
(36, 31, 10)
(36, 32, 10)
(36, 33, 10)
(36, 34, 10)
(36, 35, 10)
(36, 36, 9)
(36, 37, 5)
(36, 38, 5)
(36, 39, 5)

(37, 0, 121)
(37, 1, 120)
(37, 2, 119)
(37, 3, 119)
(37, 4, 95)
(37, 5, 87)
(37, 6, 61)
(37, 7, 61)
(37, 8, 59)
(37, 9, 55)
(37, 10, 55)
(37, 11, 45)
(37, 12, 41)
(37, 13, 39)
(37, 14, 39)
(37, 15, 16)
(37, 16, 16)
(37, 17, 16)
(37, 18, 16)
(37, 19, 16)
(37, 20, 15)
(37, 21, 15)
(37, 22, 15)
(37, 23, 15)
(37, 24, 14)
(37, 25, 14)
(37, 26, 14)
(37, 27, 12)
(37, 28, 12)
(37, 29, 12)
(37, 30, 12)
(37, 31, 10)
(37, 32, 10)
(37, 33, 10)
(37, 34, 10)
(37, 35, 10)
(37, 36, 9)
(37, 37, 5)
(37, 38, 5)
(37, 39, 5)

(38, 0, 122)
(38, 1, 121)
(38, 2, 120)
(38, 3, 120)
(38, 4, 96)
(38, 5, 88)
(38, 6, 62)
(38, 7, 62)
(38, 8, 60)
(38, 9, 56)
(38, 10, 56)
(38, 11, 46)
(38, 12, 41)
(38, 13, 39)
(38, 14, 39)
(38, 15, 16)
(38, 16, 16)
(38, 17, 16)
(38, 18, 16)
(38, 19, 16)
(38, 20, 15)
(38, 21, 15)
(38, 22, 15)
(38, 23, 15)
(38, 24, 14)
(38, 25, 14)
(38, 26, 14)
(38, 27, 12)
(38, 28, 11)
(38, 29, 11)
(38, 30, 11)
(38, 31, 9)
(38, 32, 9)
(38, 33, 9)
(38, 34, 9)
(38, 35, 9)
(38, 36, 8)
(38, 37, 5)
(38, 38, 5)
(38, 39, 5)

(39, 0, 127)
(39, 1, 126)
(39, 2, 125)
(39, 3, 125)
(39, 4, 101)
(39, 5, 93)
(39, 6, 67)
(39, 7, 66)
(39, 8, 64)
(39, 9, 60)
(39, 10, 58)
(39, 11, 46)
(39, 12, 41)
(39, 13, 39)
(39, 14, 39)
(39, 15, 16)
(39, 16, 16)
(39, 17, 16)
(39, 18, 16)
(39, 19, 16)
(39, 20, 15)
(39, 21, 15)
(39, 22, 15)
(39, 23, 15)
(39, 24, 14)
(39, 25, 14)
(39, 26, 14)
(39, 27, 12)
(39, 28, 11)
(39, 29, 11)
(39, 30, 11)
(39, 31, 9)
(39, 32, 9)
(39, 33, 9)
(39, 34, 9)
(39, 35, 9)
(39, 36, 8)
(39, 37, 5)
(39, 38, 5)
(39, 39, 5)


Betti numbers:
xi_0:
(0, 0, 2)
(1, 0, 2)
(2, 0, 2)
(3, 0, 2)
(4, 0, 2)
(9, 0, 1)
(10, 0, 1)
(11, 0, 1)
(12, 0, 1)
(19, 0, 1)
(20, 0, 1)
(21, 0, 5)
(22, 0, 4)
(23, 0, 4)
(24, 0, 1)
(26, 0, 1)
(28, 0, 23)
(29, 0, 15)
(30, 0, 12)
(31, 0, 15)
(32, 0, 11)
(33, 0, 2)
(34, 0, 6)
(35, 0, 3)
(36, 0, 2)
(37, 0, 1)
(38, 0, 1)
(39, 0, 5)
xi_1:
(0, 12, 1)
(1, 12, 1)
(2, 11, 2)
(3, 5, 1)
(3, 9, 1)
(3, 11, 1)
(4, 5, 1)
(4, 9, 1)
(4, 11, 1)
(9, 37, 1)
(10, 37, 1)
(11, 13, 1)
(12, 13, 1)
(20, 12, 1)
(21, 5, 1)
(21, 9, 1)
(21, 11, 2)
(21, 12, 1)
(22, 12, 2)
(23, 5, 1)
(23, 9, 1)
(23, 11, 2)
(23, 39, 1)
(24, 39, 1)
(26, 27, 1)
(26, 31, 1)
(28, 4, 3)
(28, 6, 9)
(28, 15, 2)
(28, 16, 7)
(28, 27, 1)
(28, 31, 1)
(28, 39, 1)
(29, 4, 7)
(29, 6, 4)
(29, 15, 7)
(29, 16, 4)
(29, 36, 1)
(30, 4, 5)
(30, 6, 4)
(30, 15, 5)
(30, 16, 2)
(31, 4, 4)
(31, 6, 5)
(31, 15, 4)
(31, 16, 4)
(32, 4, 5)
(32, 6, 2)
(32, 9, 1)
(32, 12, 1)
(32, 15, 5)
(32, 37, 1)
(32, 38, 1)
(33, 1, 1)
(33, 8, 1)
(33, 20, 1)
(34, 2, 1)
(34, 5, 1)
(34, 7, 1)
(34, 8, 1)
(34, 12, 1)
(34, 19, 1)
(35, 5, 2)
(35, 6, 1)
(35, 11, 1)
(35, 16, 1)
(35, 37, 1)
(36, 5, 1)
(36, 6, 1)
(36, 11, 1)
(37, 24, 1)
(38, 12, 1)
(38, 28, 1)
(39, 7, 1)
(39, 10, 2)
(39, 11, 2)
xi_2:
(3, 12, 1)
(4, 12, 1)
(21, 12, 1)
(23, 12, 1)
(26, 39, 1)
(28, 39, 1)
(29, 16, 7)
(29, 39, 1)
(30, 16, 4)
(31, 16, 2)
(32, 16, 4)
(33, 9, 1)
(35, 7, 1)
(35, 19, 1)
(35, 38, 1)
(36, 16, 1)
(38, 37, 1)
