x-grades
-1218275975716745591/1000000000000000000
-596880144615279791/500000000000000000
-1169244602744373573/1000000000000000000
-286182229064546891/250000000000000000
-224042645954400311/200000000000000000
-547848771642907773/500000000000000000
-1071181856799629537/1000000000000000000
-130833271289180441/125000000000000000
-1022150483827257519/1000000000000000000
-99763479734107151/100000000000000000
-973119110854885501/1000000000000000000
-237150856092174873/250000000000000000
-924087737882513483/1000000000000000000
-449786025698163737/500000000000000000
-175011272982028293/200000000000000000
-415303065636697/488281250000000
-826024991937769447/1000000000000000000
-400754652725791719/500000000000000000
-776993618965397429/1000000000000000000
-37623896623960571/50000000000000000
-727962245993025411/1000000000000000000
-351723279753419701/500000000000000000
-678930873020653393/1000000000000000000
-81801898316808423/125000000000000000
-5039196000386251/8000000000000000
-302691906781047683/500000000000000000
-580868127075909357/1000000000000000000
-139088110147430837/250000000000000000
-531836754103537339/1000000000000000000
-50732106761735133/100000000000000000
-482805381131165321/1000000000000000000
-28643105915311207/62500000000000000
-433774008158793303/1000000000000000000
-204629160836303647/500000000000000000
-76948527037284257/200000000000000000
-90056737175058819/250000000000000000
-335711262214049267/1000000000000000000
-155597787863931629/500000000000000000
-286679889241677249/1000000000000000000
-6554105068887281/25000000000000000

y-grades
4420171/4000000
4420171/2000000
13260513/4000000
4420171/1000000
4420171/800000
13260513/2000000
30941197/4000000
4420171/500000
39781539/4000000
4420171/400000
48621881/4000000
13260513/1000000
57462223/4000000
30941197/2000000
13260513/800000
4420171/250000
75142907/4000000
39781539/2000000
83983249/4000000
4420171/200000
92823591/4000000
48621881/2000000
101663933/4000000
13260513/500000
4420171/160000
57462223/2000000
119344617/4000000
30941197/1000000
128184959/4000000
13260513/400000
137025301/4000000
4420171/125000
145865643/4000000
75142907/2000000
30941197/800000
39781539/1000000
163546327/4000000
83983249/2000000
172386669/4000000
4420171/100000

Dimensions > 0:
(0, 0, 1)
(0, 1, 1)
(0, 2, 1)
(0, 3, 1)
(0, 4, 1)
(0, 5, 1)
(0, 6, 1)
(0, 7, 1)
(0, 8, 1)
(0, 9, 1)
(0, 10, 1)
(0, 11, 1)
(0, 12, 1)
(0, 13, 1)
(0, 14, 1)
(0, 15, 1)
(0, 16, 1)
(0, 17, 1)
(0, 18, 1)
(0, 19, 1)
(0, 20, 1)
(0, 21, 1)
(0, 22, 1)
(0, 23, 1)
(0, 24, 1)
(0, 25, 1)
(0, 26, 1)
(0, 27, 1)
(0, 28, 1)
(0, 29, 1)
(0, 30, 1)
(0, 31, 1)
(0, 32, 1)
(0, 33, 1)
(0, 34, 1)
(0, 35, 1)
(0, 36, 1)
(0, 37, 1)
(0, 38, 1)
(0, 39, 1)

(1, 0, 1)
(1, 1, 1)
(1, 2, 1)
(1, 3, 1)
(1, 4, 1)
(1, 5, 1)
(1, 6, 1)
(1, 7, 1)
(1, 8, 1)
(1, 9, 1)
(1, 10, 1)
(1, 11, 1)
(1, 12, 1)
(1, 13, 1)
(1, 14, 1)
(1, 15, 1)
(1, 16, 1)
(1, 17, 1)
(1, 18, 1)
(1, 19, 1)
(1, 20, 1)
(1, 21, 1)
(1, 22, 1)
(1, 23, 1)
(1, 24, 1)
(1, 25, 1)
(1, 26, 1)
(1, 27, 1)
(1, 28, 1)
(1, 29, 1)
(1, 30, 1)
(1, 31, 1)
(1, 32, 1)
(1, 33, 1)
(1, 34, 1)
(1, 35, 1)
(1, 36, 1)
(1, 37, 1)
(1, 38, 1)
(1, 39, 1)

(2, 0, 1)
(2, 1, 1)
(2, 2, 1)
(2, 3, 1)
(2, 4, 1)
(2, 5, 1)
(2, 6, 1)
(2, 7, 1)
(2, 8, 1)
(2, 9, 1)
(2, 10, 1)
(2, 11, 1)
(2, 12, 1)
(2, 13, 1)
(2, 14, 1)
(2, 15, 1)
(2, 16, 1)
(2, 17, 1)
(2, 18, 1)
(2, 19, 1)
(2, 20, 1)
(2, 21, 1)
(2, 22, 1)
(2, 23, 1)
(2, 24, 1)
(2, 25, 1)
(2, 26, 1)
(2, 27, 1)
(2, 28, 1)
(2, 29, 1)
(2, 30, 1)
(2, 31, 1)
(2, 32, 1)
(2, 33, 1)
(2, 34, 1)
(2, 35, 1)
(2, 36, 1)
(2, 37, 1)
(2, 38, 1)
(2, 39, 1)

(3, 0, 3)
(3, 1, 3)
(3, 2, 2)
(3, 3, 2)
(3, 4, 2)
(3, 5, 2)
(3, 6, 2)
(3, 7, 2)
(3, 8, 2)
(3, 9, 2)
(3, 10, 2)
(3, 11, 2)
(3, 12, 2)
(3, 13, 2)
(3, 14, 2)
(3, 15, 2)
(3, 16, 2)
(3, 17, 2)
(3, 18, 2)
(3, 19, 2)
(3, 20, 2)
(3, 21, 1)
(3, 22, 1)
(3, 23, 1)
(3, 24, 1)
(3, 25, 1)
(3, 26, 1)
(3, 27, 1)
(3, 28, 1)
(3, 29, 1)
(3, 30, 1)
(3, 31, 1)
(3, 32, 1)
(3, 33, 1)
(3, 34, 1)
(3, 35, 1)
(3, 36, 1)
(3, 37, 1)
(3, 38, 1)
(3, 39, 1)

(4, 0, 3)
(4, 1, 3)
(4, 2, 2)
(4, 3, 2)
(4, 4, 2)
(4, 5, 2)
(4, 6, 2)
(4, 7, 2)
(4, 8, 2)
(4, 9, 2)
(4, 10, 2)
(4, 11, 2)
(4, 12, 2)
(4, 13, 2)
(4, 14, 2)
(4, 15, 2)
(4, 16, 2)
(4, 17, 2)
(4, 18, 2)
(4, 19, 2)
(4, 20, 2)
(4, 21, 1)
(4, 22, 1)
(4, 23, 1)
(4, 24, 1)
(4, 25, 1)
(4, 26, 1)
(4, 27, 1)
(4, 28, 1)
(4, 29, 1)
(4, 30, 1)
(4, 31, 1)
(4, 32, 1)
(4, 33, 1)
(4, 34, 1)
(4, 35, 1)
(4, 36, 1)
(4, 37, 1)
(4, 38, 1)
(4, 39, 1)

(5, 0, 3)
(5, 1, 3)
(5, 2, 2)
(5, 3, 2)
(5, 4, 2)
(5, 5, 2)
(5, 6, 2)
(5, 7, 2)
(5, 8, 2)
(5, 9, 2)
(5, 10, 2)
(5, 11, 2)
(5, 12, 2)
(5, 13, 2)
(5, 14, 2)
(5, 15, 2)
(5, 16, 2)
(5, 17, 2)
(5, 18, 2)
(5, 19, 2)
(5, 20, 2)
(5, 21, 1)
(5, 22, 1)
(5, 23, 1)
(5, 24, 1)
(5, 25, 1)
(5, 26, 1)
(5, 27, 1)
(5, 28, 1)
(5, 29, 1)
(5, 30, 1)
(5, 31, 1)
(5, 32, 1)
(5, 33, 1)
(5, 34, 1)
(5, 35, 1)
(5, 36, 1)
(5, 37, 1)
(5, 38, 1)
(5, 39, 1)

(6, 0, 4)
(6, 1, 4)
(6, 2, 2)
(6, 3, 2)
(6, 4, 2)
(6, 5, 2)
(6, 6, 2)
(6, 7, 2)
(6, 8, 2)
(6, 9, 2)
(6, 10, 2)
(6, 11, 2)
(6, 12, 2)
(6, 13, 2)
(6, 14, 2)
(6, 15, 2)
(6, 16, 2)
(6, 17, 2)
(6, 18, 2)
(6, 19, 1)
(6, 20, 1)
(6, 21, 1)
(6, 22, 1)
(6, 23, 1)
(6, 24, 1)
(6, 25, 1)
(6, 26, 1)
(6, 27, 1)
(6, 28, 1)
(6, 29, 1)
(6, 30, 1)
(6, 31, 1)
(6, 32, 1)
(6, 33, 1)
(6, 34, 1)
(6, 35, 1)
(6, 36, 1)
(6, 37, 1)
(6, 38, 1)
(6, 39, 1)

(7, 0, 4)
(7, 1, 4)
(7, 2, 2)
(7, 3, 2)
(7, 4, 2)
(7, 5, 2)
(7, 6, 2)
(7, 7, 2)
(7, 8, 2)
(7, 9, 2)
(7, 10, 2)
(7, 11, 2)
(7, 12, 2)
(7, 13, 2)
(7, 14, 2)
(7, 15, 2)
(7, 16, 2)
(7, 17, 2)
(7, 18, 2)
(7, 19, 1)
(7, 20, 1)
(7, 21, 1)
(7, 22, 1)
(7, 23, 1)
(7, 24, 1)
(7, 25, 1)
(7, 26, 1)
(7, 27, 1)
(7, 28, 1)
(7, 29, 1)
(7, 30, 1)
(7, 31, 1)
(7, 32, 1)
(7, 33, 1)
(7, 34, 1)
(7, 35, 1)
(7, 36, 1)
(7, 37, 1)
(7, 38, 1)
(7, 39, 1)

(8, 0, 4)
(8, 1, 4)
(8, 2, 2)
(8, 3, 2)
(8, 4, 2)
(8, 5, 2)
(8, 6, 2)
(8, 7, 2)
(8, 8, 2)
(8, 9, 2)
(8, 10, 2)
(8, 11, 2)
(8, 12, 2)
(8, 13, 2)
(8, 14, 2)
(8, 15, 2)
(8, 16, 2)
(8, 17, 2)
(8, 18, 2)
(8, 19, 1)
(8, 20, 1)
(8, 21, 1)
(8, 22, 1)
(8, 23, 1)
(8, 24, 1)
(8, 25, 1)
(8, 26, 1)
(8, 27, 1)
(8, 28, 1)
(8, 29, 1)
(8, 30, 1)
(8, 31, 1)
(8, 32, 1)
(8, 33, 1)
(8, 34, 1)
(8, 35, 1)
(8, 36, 1)
(8, 37, 1)
(8, 38, 1)
(8, 39, 1)

(9, 0, 4)
(9, 1, 4)
(9, 2, 2)
(9, 3, 2)
(9, 4, 2)
(9, 5, 2)
(9, 6, 2)
(9, 7, 2)
(9, 8, 2)
(9, 9, 2)
(9, 10, 2)
(9, 11, 2)
(9, 12, 2)
(9, 13, 2)
(9, 14, 2)
(9, 15, 2)
(9, 16, 2)
(9, 17, 2)
(9, 18, 2)
(9, 19, 1)
(9, 20, 1)
(9, 21, 1)
(9, 22, 1)
(9, 23, 1)
(9, 24, 1)
(9, 25, 1)
(9, 26, 1)
(9, 27, 1)
(9, 28, 1)
(9, 29, 1)
(9, 30, 1)
(9, 31, 1)
(9, 32, 1)
(9, 33, 1)
(9, 34, 1)
(9, 35, 1)
(9, 36, 1)
(9, 37, 1)
(9, 38, 1)
(9, 39, 1)

(10, 0, 7)
(10, 1, 5)
(10, 2, 3)
(10, 3, 3)
(10, 4, 3)
(10, 5, 3)
(10, 6, 3)
(10, 7, 3)
(10, 8, 3)
(10, 9, 3)
(10, 10, 3)
(10, 11, 3)
(10, 12, 3)
(10, 13, 3)
(10, 14, 2)
(10, 15, 2)
(10, 16, 2)
(10, 17, 2)
(10, 18, 2)
(10, 19, 1)
(10, 20, 1)
(10, 21, 1)
(10, 22, 1)
(10, 23, 1)
(10, 24, 1)
(10, 25, 1)
(10, 26, 1)
(10, 27, 1)
(10, 28, 1)
(10, 29, 1)
(10, 30, 1)
(10, 31, 1)
(10, 32, 1)
(10, 33, 1)
(10, 34, 1)
(10, 35, 1)
(10, 36, 1)
(10, 37, 1)
(10, 38, 1)
(10, 39, 1)

(11, 0, 13)
(11, 1, 5)
(11, 2, 3)
(11, 3, 3)
(11, 4, 3)
(11, 5, 3)
(11, 6, 3)
(11, 7, 3)
(11, 8, 3)
(11, 9, 3)
(11, 10, 3)
(11, 11, 3)
(11, 12, 2)
(11, 13, 2)
(11, 14, 2)
(11, 15, 2)
(11, 16, 2)
(11, 17, 2)
(11, 18, 2)
(11, 19, 1)
(11, 20, 1)
(11, 21, 1)
(11, 22, 1)
(11, 23, 1)
(11, 24, 1)
(11, 25, 1)
(11, 26, 1)
(11, 27, 1)
(11, 28, 1)
(11, 29, 1)
(11, 30, 1)
(11, 31, 1)
(11, 32, 1)
(11, 33, 1)
(11, 34, 1)
(11, 35, 1)
(11, 36, 1)
(11, 37, 1)
(11, 38, 1)
(11, 39, 1)

(12, 0, 16)
(12, 1, 5)
(12, 2, 3)
(12, 3, 3)
(12, 4, 3)
(12, 5, 3)
(12, 6, 3)
(12, 7, 3)
(12, 8, 3)
(12, 9, 3)
(12, 10, 3)
(12, 11, 2)
(12, 12, 2)
(12, 13, 2)
(12, 14, 2)
(12, 15, 2)
(12, 16, 2)
(12, 17, 2)
(12, 18, 2)
(12, 19, 1)
(12, 20, 1)
(12, 21, 1)
(12, 22, 1)
(12, 23, 1)
(12, 24, 1)
(12, 25, 1)
(12, 26, 1)
(12, 27, 1)
(12, 28, 1)
(12, 29, 1)
(12, 30, 1)
(12, 31, 1)
(12, 32, 1)
(12, 33, 1)
(12, 34, 1)
(12, 35, 1)
(12, 36, 1)
(12, 37, 1)
(12, 38, 1)
(12, 39, 1)

(13, 0, 20)
(13, 1, 5)
(13, 2, 3)
(13, 3, 3)
(13, 4, 3)
(13, 5, 3)
(13, 6, 3)
(13, 7, 3)
(13, 8, 3)
(13, 9, 3)
(13, 10, 3)
(13, 11, 2)
(13, 12, 2)
(13, 13, 2)
(13, 14, 2)
(13, 15, 2)
(13, 16, 2)
(13, 17, 2)
(13, 18, 2)
(13, 19, 1)
(13, 20, 1)
(13, 21, 1)
(13, 22, 1)
(13, 23, 1)
(13, 24, 1)
(13, 25, 1)
(13, 26, 1)
(13, 27, 1)
(13, 28, 1)
(13, 29, 1)
(13, 30, 1)
(13, 31, 1)
(13, 32, 1)
(13, 33, 1)
(13, 34, 1)
(13, 35, 1)
(13, 36, 1)
(13, 37, 1)
(13, 38, 1)
(13, 39, 1)

(14, 0, 22)
(14, 1, 5)
(14, 2, 3)
(14, 3, 3)
(14, 4, 3)
(14, 5, 3)
(14, 6, 3)
(14, 7, 3)
(14, 8, 3)
(14, 9, 3)
(14, 10, 2)
(14, 11, 2)
(14, 12, 2)
(14, 13, 2)
(14, 14, 2)
(14, 15, 2)
(14, 16, 2)
(14, 17, 2)
(14, 18, 2)
(14, 19, 1)
(14, 20, 1)
(14, 21, 1)
(14, 22, 1)
(14, 23, 1)
(14, 24, 1)
(14, 25, 1)
(14, 26, 1)
(14, 27, 1)
(14, 28, 1)
(14, 29, 1)
(14, 30, 1)
(14, 31, 1)
(14, 32, 1)
(14, 33, 1)
(14, 34, 1)
(14, 35, 1)
(14, 36, 1)
(14, 37, 1)
(14, 38, 1)
(14, 39, 1)

(15, 0, 24)
(15, 1, 5)
(15, 2, 3)
(15, 3, 3)
(15, 4, 3)
(15, 5, 3)
(15, 6, 3)
(15, 7, 3)
(15, 8, 3)
(15, 9, 3)
(15, 10, 2)
(15, 11, 2)
(15, 12, 2)
(15, 13, 2)
(15, 14, 2)
(15, 15, 2)
(15, 16, 2)
(15, 17, 2)
(15, 18, 2)
(15, 19, 1)
(15, 20, 1)
(15, 21, 1)
(15, 22, 1)
(15, 23, 1)
(15, 24, 1)
(15, 25, 1)
(15, 26, 1)
(15, 27, 1)
(15, 28, 1)
(15, 29, 1)
(15, 30, 1)
(15, 31, 1)
(15, 32, 1)
(15, 33, 1)
(15, 34, 1)
(15, 35, 1)
(15, 36, 1)
(15, 37, 1)
(15, 38, 1)
(15, 39, 1)

(16, 0, 26)
(16, 1, 5)
(16, 2, 3)
(16, 3, 3)
(16, 4, 3)
(16, 5, 3)
(16, 6, 3)
(16, 7, 3)
(16, 8, 3)
(16, 9, 3)
(16, 10, 2)
(16, 11, 2)
(16, 12, 2)
(16, 13, 2)
(16, 14, 2)
(16, 15, 2)
(16, 16, 2)
(16, 17, 2)
(16, 18, 2)
(16, 19, 1)
(16, 20, 1)
(16, 21, 1)
(16, 22, 1)
(16, 23, 1)
(16, 24, 1)
(16, 25, 1)
(16, 26, 1)
(16, 27, 1)
(16, 28, 1)
(16, 29, 1)
(16, 30, 1)
(16, 31, 1)
(16, 32, 1)
(16, 33, 1)
(16, 34, 1)
(16, 35, 1)
(16, 36, 1)
(16, 37, 1)
(16, 38, 1)
(16, 39, 1)

(17, 0, 28)
(17, 1, 5)
(17, 2, 3)
(17, 3, 3)
(17, 4, 3)
(17, 5, 3)
(17, 6, 3)
(17, 7, 3)
(17, 8, 3)
(17, 9, 3)
(17, 10, 2)
(17, 11, 2)
(17, 12, 2)
(17, 13, 2)
(17, 14, 2)
(17, 15, 2)
(17, 16, 2)
(17, 17, 2)
(17, 18, 2)
(17, 19, 1)
(17, 20, 1)
(17, 21, 1)
(17, 22, 1)
(17, 23, 1)
(17, 24, 1)
(17, 25, 1)
(17, 26, 1)
(17, 27, 1)
(17, 28, 1)
(17, 29, 1)
(17, 30, 1)
(17, 31, 1)
(17, 32, 1)
(17, 33, 1)
(17, 34, 1)
(17, 35, 1)
(17, 36, 1)
(17, 37, 1)
(17, 38, 1)
(17, 39, 1)

(18, 0, 32)
(18, 1, 6)
(18, 2, 4)
(18, 3, 4)
(18, 4, 4)
(18, 5, 4)
(18, 6, 3)
(18, 7, 3)
(18, 8, 3)
(18, 9, 3)
(18, 10, 2)
(18, 11, 2)
(18, 12, 2)
(18, 13, 2)
(18, 14, 2)
(18, 15, 2)
(18, 16, 2)
(18, 17, 2)
(18, 18, 2)
(18, 19, 1)
(18, 20, 1)
(18, 21, 1)
(18, 22, 1)
(18, 23, 1)
(18, 24, 1)
(18, 25, 1)
(18, 26, 1)
(18, 27, 1)
(18, 28, 1)
(18, 29, 1)
(18, 30, 1)
(18, 31, 1)
(18, 32, 1)
(18, 33, 1)
(18, 34, 1)
(18, 35, 1)
(18, 36, 1)
(18, 37, 1)
(18, 38, 1)
(18, 39, 1)

(19, 0, 35)
(19, 1, 6)
(19, 2, 4)
(19, 3, 4)
(19, 4, 4)
(19, 5, 4)
(19, 6, 3)
(19, 7, 3)
(19, 8, 3)
(19, 9, 3)
(19, 10, 2)
(19, 11, 2)
(19, 12, 2)
(19, 13, 2)
(19, 14, 2)
(19, 15, 2)
(19, 16, 2)
(19, 17, 2)
(19, 18, 2)
(19, 19, 1)
(19, 20, 1)
(19, 21, 1)
(19, 22, 1)
(19, 23, 1)
(19, 24, 1)
(19, 25, 1)
(19, 26, 1)
(19, 27, 1)
(19, 28, 1)
(19, 29, 1)
(19, 30, 1)
(19, 31, 1)
(19, 32, 1)
(19, 33, 1)
(19, 34, 1)
(19, 35, 1)
(19, 36, 1)
(19, 37, 1)
(19, 38, 1)
(19, 39, 1)

(20, 0, 39)
(20, 1, 6)
(20, 2, 4)
(20, 3, 4)
(20, 4, 4)
(20, 5, 4)
(20, 6, 3)
(20, 7, 3)
(20, 8, 3)
(20, 9, 3)
(20, 10, 2)
(20, 11, 2)
(20, 12, 2)
(20, 13, 2)
(20, 14, 2)
(20, 15, 2)
(20, 16, 2)
(20, 17, 2)
(20, 18, 2)
(20, 19, 1)
(20, 20, 1)
(20, 21, 1)
(20, 22, 1)
(20, 23, 1)
(20, 24, 1)
(20, 25, 1)
(20, 26, 1)
(20, 27, 1)
(20, 28, 1)
(20, 29, 1)
(20, 30, 1)
(20, 31, 1)
(20, 32, 1)
(20, 33, 1)
(20, 34, 1)
(20, 35, 1)
(20, 36, 1)
(20, 37, 1)
(20, 38, 1)
(20, 39, 1)

(21, 0, 44)
(21, 1, 7)
(21, 2, 5)
(21, 3, 5)
(21, 4, 5)
(21, 5, 4)
(21, 6, 3)
(21, 7, 3)
(21, 8, 3)
(21, 9, 3)
(21, 10, 2)
(21, 11, 2)
(21, 12, 2)
(21, 13, 2)
(21, 14, 2)
(21, 15, 2)
(21, 16, 2)
(21, 17, 1)
(21, 18, 1)
(21, 19, 1)
(21, 20, 1)
(21, 21, 1)
(21, 22, 1)
(21, 23, 1)
(21, 24, 1)
(21, 25, 1)
(21, 26, 1)
(21, 27, 1)
(21, 28, 1)
(21, 29, 1)
(21, 30, 1)
(21, 31, 1)
(21, 32, 1)
(21, 33, 1)
(21, 34, 1)
(21, 35, 1)
(21, 36, 1)
(21, 37, 1)
(21, 38, 1)
(21, 39, 1)

(22, 0, 49)
(22, 1, 7)
(22, 2, 4)
(22, 3, 4)
(22, 4, 4)
(22, 5, 4)
(22, 6, 3)
(22, 7, 3)
(22, 8, 3)
(22, 9, 3)
(22, 10, 2)
(22, 11, 2)
(22, 12, 2)
(22, 13, 2)
(22, 14, 2)
(22, 15, 2)
(22, 16, 2)
(22, 17, 1)
(22, 18, 1)
(22, 19, 1)
(22, 20, 1)
(22, 21, 1)
(22, 22, 1)
(22, 23, 1)
(22, 24, 1)
(22, 25, 1)
(22, 26, 1)
(22, 27, 1)
(22, 28, 1)
(22, 29, 1)
(22, 30, 1)
(22, 31, 1)
(22, 32, 1)
(22, 33, 1)
(22, 34, 1)
(22, 35, 1)
(22, 36, 1)
(22, 37, 1)
(22, 38, 1)
(22, 39, 1)

(23, 0, 53)
(23, 1, 6)
(23, 2, 4)
(23, 3, 4)
(23, 4, 4)
(23, 5, 4)
(23, 6, 3)
(23, 7, 3)
(23, 8, 3)
(23, 9, 3)
(23, 10, 2)
(23, 11, 2)
(23, 12, 2)
(23, 13, 2)
(23, 14, 2)
(23, 15, 2)
(23, 16, 2)
(23, 17, 1)
(23, 18, 1)
(23, 19, 1)
(23, 20, 1)
(23, 21, 1)
(23, 22, 1)
(23, 23, 1)
(23, 24, 1)
(23, 25, 1)
(23, 26, 1)
(23, 27, 1)
(23, 28, 1)
(23, 29, 1)
(23, 30, 1)
(23, 31, 1)
(23, 32, 1)
(23, 33, 1)
(23, 34, 1)
(23, 35, 1)
(23, 36, 1)
(23, 37, 1)
(23, 38, 1)
(23, 39, 1)

(24, 0, 55)
(24, 1, 6)
(24, 2, 4)
(24, 3, 4)
(24, 4, 4)
(24, 5, 4)
(24, 6, 3)
(24, 7, 3)
(24, 8, 3)
(24, 9, 3)
(24, 10, 2)
(24, 11, 2)
(24, 12, 2)
(24, 13, 2)
(24, 14, 2)
(24, 15, 2)
(24, 16, 2)
(24, 17, 1)
(24, 18, 1)
(24, 19, 1)
(24, 20, 1)
(24, 21, 1)
(24, 22, 1)
(24, 23, 1)
(24, 24, 1)
(24, 25, 1)
(24, 26, 1)
(24, 27, 1)
(24, 28, 1)
(24, 29, 1)
(24, 30, 1)
(24, 31, 1)
(24, 32, 1)
(24, 33, 1)
(24, 34, 1)
(24, 35, 1)
(24, 36, 1)
(24, 37, 1)
(24, 38, 1)
(24, 39, 1)

(25, 0, 57)
(25, 1, 6)
(25, 2, 4)
(25, 3, 4)
(25, 4, 4)
(25, 5, 4)
(25, 6, 3)
(25, 7, 3)
(25, 8, 3)
(25, 9, 3)
(25, 10, 2)
(25, 11, 2)
(25, 12, 2)
(25, 13, 2)
(25, 14, 2)
(25, 15, 2)
(25, 16, 2)
(25, 17, 1)
(25, 18, 1)
(25, 19, 1)
(25, 20, 1)
(25, 21, 1)
(25, 22, 1)
(25, 23, 1)
(25, 24, 1)
(25, 25, 1)
(25, 26, 1)
(25, 27, 1)
(25, 28, 1)
(25, 29, 1)
(25, 30, 1)
(25, 31, 1)
(25, 32, 1)
(25, 33, 1)
(25, 34, 1)
(25, 35, 1)
(25, 36, 1)
(25, 37, 1)
(25, 38, 1)
(25, 39, 1)

(26, 0, 61)
(26, 1, 6)
(26, 2, 4)
(26, 3, 4)
(26, 4, 4)
(26, 5, 4)
(26, 6, 3)
(26, 7, 3)
(26, 8, 3)
(26, 9, 3)
(26, 10, 2)
(26, 11, 2)
(26, 12, 2)
(26, 13, 2)
(26, 14, 2)
(26, 15, 2)
(26, 16, 2)
(26, 17, 1)
(26, 18, 1)
(26, 19, 1)
(26, 20, 1)
(26, 21, 1)
(26, 22, 1)
(26, 23, 1)
(26, 24, 1)
(26, 25, 1)
(26, 26, 1)
(26, 27, 1)
(26, 28, 1)
(26, 29, 1)
(26, 30, 1)
(26, 31, 1)
(26, 32, 1)
(26, 33, 1)
(26, 34, 1)
(26, 35, 1)
(26, 36, 1)
(26, 37, 1)
(26, 38, 1)
(26, 39, 1)

(27, 0, 65)
(27, 1, 6)
(27, 2, 4)
(27, 3, 4)
(27, 4, 4)
(27, 5, 4)
(27, 6, 3)
(27, 7, 3)
(27, 8, 3)
(27, 9, 3)
(27, 10, 2)
(27, 11, 2)
(27, 12, 2)
(27, 13, 2)
(27, 14, 2)
(27, 15, 2)
(27, 16, 2)
(27, 17, 1)
(27, 18, 1)
(27, 19, 1)
(27, 20, 1)
(27, 21, 1)
(27, 22, 1)
(27, 23, 1)
(27, 24, 1)
(27, 25, 1)
(27, 26, 1)
(27, 27, 1)
(27, 28, 1)
(27, 29, 1)
(27, 30, 1)
(27, 31, 1)
(27, 32, 1)
(27, 33, 1)
(27, 34, 1)
(27, 35, 1)
(27, 36, 1)
(27, 37, 1)
(27, 38, 1)
(27, 39, 1)

(28, 0, 65)
(28, 1, 6)
(28, 2, 4)
(28, 3, 4)
(28, 4, 4)
(28, 5, 4)
(28, 6, 3)
(28, 7, 3)
(28, 8, 3)
(28, 9, 3)
(28, 10, 2)
(28, 11, 2)
(28, 12, 2)
(28, 13, 2)
(28, 14, 2)
(28, 15, 2)
(28, 16, 2)
(28, 17, 1)
(28, 18, 1)
(28, 19, 1)
(28, 20, 1)
(28, 21, 1)
(28, 22, 1)
(28, 23, 1)
(28, 24, 1)
(28, 25, 1)
(28, 26, 1)
(28, 27, 1)
(28, 28, 1)
(28, 29, 1)
(28, 30, 1)
(28, 31, 1)
(28, 32, 1)
(28, 33, 1)
(28, 34, 1)
(28, 35, 1)
(28, 36, 1)
(28, 37, 1)
(28, 38, 1)
(28, 39, 1)

(29, 0, 66)
(29, 1, 7)
(29, 2, 5)
(29, 3, 5)
(29, 4, 5)
(29, 5, 5)
(29, 6, 4)
(29, 7, 4)
(29, 8, 4)
(29, 9, 4)
(29, 10, 3)
(29, 11, 3)
(29, 12, 3)
(29, 13, 3)
(29, 14, 3)
(29, 15, 3)
(29, 16, 3)
(29, 17, 2)
(29, 18, 2)
(29, 19, 2)
(29, 20, 1)
(29, 21, 1)
(29, 22, 1)
(29, 23, 1)
(29, 24, 1)
(29, 25, 1)
(29, 26, 1)
(29, 27, 1)
(29, 28, 1)
(29, 29, 1)
(29, 30, 1)
(29, 31, 1)
(29, 32, 1)
(29, 33, 1)
(29, 34, 1)
(29, 35, 1)
(29, 36, 1)
(29, 37, 1)
(29, 38, 1)
(29, 39, 1)

(30, 0, 67)
(30, 1, 8)
(30, 2, 5)
(30, 3, 5)
(30, 4, 5)
(30, 5, 5)
(30, 6, 4)
(30, 7, 4)
(30, 8, 4)
(30, 9, 4)
(30, 10, 3)
(30, 11, 3)
(30, 12, 3)
(30, 13, 3)
(30, 14, 3)
(30, 15, 3)
(30, 16, 3)
(30, 17, 1)
(30, 18, 1)
(30, 19, 1)
(30, 20, 1)
(30, 21, 1)
(30, 22, 1)
(30, 23, 1)
(30, 24, 1)
(30, 25, 1)
(30, 26, 1)
(30, 27, 1)
(30, 28, 1)
(30, 29, 1)
(30, 30, 1)
(30, 31, 1)
(30, 32, 1)
(30, 33, 1)
(30, 34, 1)
(30, 35, 1)
(30, 36, 1)
(30, 37, 1)
(30, 38, 1)
(30, 39, 1)

(31, 0, 67)
(31, 1, 8)
(31, 2, 5)
(31, 3, 5)
(31, 4, 5)
(31, 5, 5)
(31, 6, 4)
(31, 7, 4)
(31, 8, 4)
(31, 9, 4)
(31, 10, 3)
(31, 11, 3)
(31, 12, 3)
(31, 13, 3)
(31, 14, 3)
(31, 15, 3)
(31, 16, 3)
(31, 17, 1)
(31, 18, 1)
(31, 19, 1)
(31, 20, 1)
(31, 21, 1)
(31, 22, 1)
(31, 23, 1)
(31, 24, 1)
(31, 25, 1)
(31, 26, 1)
(31, 27, 1)
(31, 28, 1)
(31, 29, 1)
(31, 30, 1)
(31, 31, 1)
(31, 32, 1)
(31, 33, 1)
(31, 34, 1)
(31, 35, 1)
(31, 36, 1)
(31, 37, 1)
(31, 38, 1)
(31, 39, 1)

(32, 0, 67)
(32, 1, 8)
(32, 2, 5)
(32, 3, 5)
(32, 4, 5)
(32, 5, 5)
(32, 6, 4)
(32, 7, 4)
(32, 8, 4)
(32, 9, 4)
(32, 10, 3)
(32, 11, 3)
(32, 12, 3)
(32, 13, 3)
(32, 14, 3)
(32, 15, 3)
(32, 16, 3)
(32, 17, 1)
(32, 18, 1)
(32, 19, 1)
(32, 20, 1)
(32, 21, 1)
(32, 22, 1)
(32, 23, 1)
(32, 24, 1)
(32, 25, 1)
(32, 26, 1)
(32, 27, 1)
(32, 28, 1)
(32, 29, 1)
(32, 30, 1)
(32, 31, 1)
(32, 32, 1)
(32, 33, 1)
(32, 34, 1)
(32, 35, 1)
(32, 36, 1)
(32, 37, 1)
(32, 38, 1)
(32, 39, 1)

(33, 0, 67)
(33, 1, 8)
(33, 2, 5)
(33, 3, 5)
(33, 4, 5)
(33, 5, 5)
(33, 6, 4)
(33, 7, 4)
(33, 8, 4)
(33, 9, 4)
(33, 10, 3)
(33, 11, 3)
(33, 12, 3)
(33, 13, 3)
(33, 14, 3)
(33, 15, 3)
(33, 16, 3)
(33, 17, 1)
(33, 18, 1)
(33, 19, 1)
(33, 20, 1)
(33, 21, 1)
(33, 22, 1)
(33, 23, 1)
(33, 24, 1)
(33, 25, 1)
(33, 26, 1)
(33, 27, 1)
(33, 28, 1)
(33, 29, 1)
(33, 30, 1)
(33, 31, 1)
(33, 32, 1)
(33, 33, 1)
(33, 34, 1)
(33, 35, 1)
(33, 36, 1)
(33, 37, 1)
(33, 38, 1)
(33, 39, 1)

(34, 0, 67)
(34, 1, 8)
(34, 2, 5)
(34, 3, 5)
(34, 4, 5)
(34, 5, 5)
(34, 6, 4)
(34, 7, 4)
(34, 8, 4)
(34, 9, 4)
(34, 10, 3)
(34, 11, 3)
(34, 12, 3)
(34, 13, 3)
(34, 14, 3)
(34, 15, 3)
(34, 16, 3)
(34, 17, 1)
(34, 18, 1)
(34, 19, 1)
(34, 20, 1)
(34, 21, 1)
(34, 22, 1)
(34, 23, 1)
(34, 24, 1)
(34, 25, 1)
(34, 26, 1)
(34, 27, 1)
(34, 28, 1)
(34, 29, 1)
(34, 30, 1)
(34, 31, 1)
(34, 32, 1)
(34, 33, 1)
(34, 34, 1)
(34, 35, 1)
(34, 36, 1)
(34, 37, 1)
(34, 38, 1)
(34, 39, 1)

(35, 0, 67)
(35, 1, 8)
(35, 2, 5)
(35, 3, 5)
(35, 4, 5)
(35, 5, 5)
(35, 6, 4)
(35, 7, 4)
(35, 8, 4)
(35, 9, 4)
(35, 10, 3)
(35, 11, 3)
(35, 12, 3)
(35, 13, 3)
(35, 14, 3)
(35, 15, 3)
(35, 16, 3)
(35, 17, 1)
(35, 18, 1)
(35, 19, 1)
(35, 20, 1)
(35, 21, 1)
(35, 22, 1)
(35, 23, 1)
(35, 24, 1)
(35, 25, 1)
(35, 26, 1)
(35, 27, 1)
(35, 28, 1)
(35, 29, 1)
(35, 30, 1)
(35, 31, 1)
(35, 32, 1)
(35, 33, 1)
(35, 34, 1)
(35, 35, 1)
(35, 36, 1)
(35, 37, 1)
(35, 38, 1)
(35, 39, 1)

(36, 0, 67)
(36, 1, 8)
(36, 2, 5)
(36, 3, 5)
(36, 4, 5)
(36, 5, 5)
(36, 6, 4)
(36, 7, 4)
(36, 8, 4)
(36, 9, 4)
(36, 10, 3)
(36, 11, 3)
(36, 12, 3)
(36, 13, 3)
(36, 14, 3)
(36, 15, 3)
(36, 16, 3)
(36, 17, 1)
(36, 18, 1)
(36, 19, 1)
(36, 20, 1)
(36, 21, 1)
(36, 22, 1)
(36, 23, 1)
(36, 24, 1)
(36, 25, 1)
(36, 26, 1)
(36, 27, 1)
(36, 28, 1)
(36, 29, 1)
(36, 30, 1)
(36, 31, 1)
(36, 32, 1)
(36, 33, 1)
(36, 34, 1)
(36, 35, 1)
(36, 36, 1)
(36, 37, 1)
(36, 38, 1)
(36, 39, 1)

(37, 0, 67)
(37, 1, 8)
(37, 2, 5)
(37, 3, 5)
(37, 4, 5)
(37, 5, 5)
(37, 6, 4)
(37, 7, 4)
(37, 8, 4)
(37, 9, 4)
(37, 10, 3)
(37, 11, 3)
(37, 12, 3)
(37, 13, 3)
(37, 14, 3)
(37, 15, 3)
(37, 16, 3)
(37, 17, 1)
(37, 18, 1)
(37, 19, 1)
(37, 20, 1)
(37, 21, 1)
(37, 22, 1)
(37, 23, 1)
(37, 24, 1)
(37, 25, 1)
(37, 26, 1)
(37, 27, 1)
(37, 28, 1)
(37, 29, 1)
(37, 30, 1)
(37, 31, 1)
(37, 32, 1)
(37, 33, 1)
(37, 34, 1)
(37, 35, 1)
(37, 36, 1)
(37, 37, 1)
(37, 38, 1)
(37, 39, 1)

(38, 0, 68)
(38, 1, 9)
(38, 2, 6)
(38, 3, 6)
(38, 4, 6)
(38, 5, 6)
(38, 6, 5)
(38, 7, 5)
(38, 8, 5)
(38, 9, 5)
(38, 10, 3)
(38, 11, 3)
(38, 12, 3)
(38, 13, 3)
(38, 14, 3)
(38, 15, 3)
(38, 16, 3)
(38, 17, 1)
(38, 18, 1)
(38, 19, 1)
(38, 20, 1)
(38, 21, 1)
(38, 22, 1)
(38, 23, 1)
(38, 24, 1)
(38, 25, 1)
(38, 26, 1)
(38, 27, 1)
(38, 28, 1)
(38, 29, 1)
(38, 30, 1)
(38, 31, 1)
(38, 32, 1)
(38, 33, 1)
(38, 34, 1)
(38, 35, 1)
(38, 36, 1)
(38, 37, 1)
(38, 38, 1)
(38, 39, 1)

(39, 0, 69)
(39, 1, 9)
(39, 2, 6)
(39, 3, 6)
(39, 4, 6)
(39, 5, 6)
(39, 6, 5)
(39, 7, 5)
(39, 8, 5)
(39, 9, 5)
(39, 10, 3)
(39, 11, 3)
(39, 12, 3)
(39, 13, 3)
(39, 14, 3)
(39, 15, 3)
(39, 16, 3)
(39, 17, 1)
(39, 18, 1)
(39, 19, 1)
(39, 20, 1)
(39, 21, 1)
(39, 22, 1)
(39, 23, 1)
(39, 24, 1)
(39, 25, 1)
(39, 26, 1)
(39, 27, 1)
(39, 28, 1)
(39, 29, 1)
(39, 30, 1)
(39, 31, 1)
(39, 32, 1)
(39, 33, 1)
(39, 34, 1)
(39, 35, 1)
(39, 36, 1)
(39, 37, 1)
(39, 38, 1)
(39, 39, 1)


Betti numbers:
xi_0:
(0, 0, 1)
(3, 0, 2)
(6, 0, 1)
(10, 0, 3)
(11, 0, 6)
(12, 0, 3)
(13, 0, 4)
(14, 0, 2)
(15, 0, 2)
(16, 0, 2)
(17, 0, 2)
(18, 0, 4)
(19, 0, 3)
(20, 0, 4)
(21, 0, 5)
(22, 0, 5)
(23, 0, 4)
(24, 0, 2)
(25, 0, 2)
(26, 0, 4)
(27, 0, 4)
(29, 0, 1)
(30, 0, 1)
(38, 0, 1)
(39, 0, 1)
xi_1:
(3, 2, 1)
(3, 21, 1)
(6, 2, 1)
(6, 19, 1)
(10, 1, 2)
(10, 14, 1)
(11, 1, 6)
(11, 12, 1)
(12, 1, 3)
(12, 11, 1)
(13, 1, 4)
(14, 1, 2)
(14, 10, 1)
(15, 1, 2)
(16, 1, 2)
(17, 1, 2)
(18, 1, 3)
(18, 6, 1)
(19, 1, 3)
(20, 1, 4)
(21, 1, 4)
(21, 5, 1)
(21, 17, 1)
(22, 1, 5)
(22, 2, 1)
(23, 1, 5)
(24, 1, 2)
(25, 1, 2)
(26, 1, 4)
(27, 1, 4)
(29, 20, 1)
(30, 2, 1)
(30, 17, 1)
(38, 10, 1)
(39, 1, 1)
xi_2:
(6, 21, 1)
(11, 14, 1)
(12, 12, 1)
(14, 11, 1)
(21, 19, 1)
(22, 5, 1)
(23, 2, 1)
(30, 20, 1)
