x-grades
-1842171657311969701/40000000000000000
-902933001720689381/20000000000000000
-1769560349570787823/40000000000000000
-433313673925049221/10000000000000000
-339389808365921189/8000000000000000
-830321693979507503/20000000000000000
-1624337734088424067/40000000000000000
-198504010027229141/5000000000000000
-1551726426347242189/40000000000000000
-1212336617981321/32000000000000
-1479115118606060311/40000000000000000
-360702366183867343/10000000000000000
-1406503810864878433/40000000000000000
-685099078497143747/20000000000000000
-266778500624739311/8000000000000000
-81099178078319101/2500000000000000
-1261281195382514677/40000000000000000
-612487770755961869/20000000000000000
-1188669887641332799/40000000000000000
-57618211688537093/2000000000000000
-1116058579900150921/40000000000000000
-539876463014779991/20000000000000000
-1043447272158969043/40000000000000000
-125892702286047263/5000000000000000
-194167192883557433/8000000000000000
-467265155273598113/20000000000000000
-898224656676605287/40000000000000000
-215479750701503587/10000000000000000
-825613348935423409/40000000000000000
-78930769506483247/4000000000000000
-753002041194241531/40000000000000000
-22396762103864081/1250000000000000
-680390733453059653/40000000000000000
-322042539791234357/20000000000000000
-24311177028475111/1600000000000000
-142868442960321709/10000000000000000
-535168117970695897/40000000000000000
-249431232050052479/20000000000000000
-462556810229514019/40000000000000000
-10656278908973077/1000000000000000

y-grades
9999961/4000000
9999961/2000000
29999883/4000000
9999961/1000000
9999961/800000
29999883/2000000
69999727/4000000
9999961/500000
89999649/4000000
9999961/400000
109999571/4000000
29999883/1000000
129999493/4000000
69999727/2000000
29999883/800000
9999961/250000
169999337/4000000
89999649/2000000
189999259/4000000
9999961/200000
209999181/4000000
109999571/2000000
229999103/4000000
29999883/500000
9999961/160000
129999493/2000000
269998947/4000000
69999727/1000000
289998869/4000000
29999883/400000
309998791/4000000
9999961/125000
329998713/4000000
169999337/2000000
69999727/800000
89999649/1000000
369998557/4000000
189999259/2000000
389998479/4000000
9999961/100000

Dimensions > 0:
(0, 0, 1)
(0, 1, 1)
(0, 2, 1)
(0, 3, 1)
(0, 4, 1)
(0, 5, 1)
(0, 6, 1)
(0, 7, 1)
(0, 8, 1)
(0, 9, 1)
(0, 10, 1)
(0, 11, 1)
(0, 12, 1)
(0, 13, 1)
(0, 14, 1)
(0, 15, 1)
(0, 16, 1)
(0, 17, 1)
(0, 18, 1)
(0, 19, 1)
(0, 20, 1)
(0, 21, 1)
(0, 22, 1)
(0, 23, 1)
(0, 24, 1)
(0, 25, 1)
(0, 26, 1)
(0, 27, 1)
(0, 28, 1)
(0, 29, 1)
(0, 30, 1)
(0, 31, 1)
(0, 32, 1)
(0, 33, 1)
(0, 34, 1)
(0, 35, 1)
(0, 36, 1)
(0, 37, 1)
(0, 38, 1)
(0, 39, 1)

(1, 0, 3)
(1, 1, 3)
(1, 2, 3)
(1, 3, 2)
(1, 4, 2)
(1, 5, 2)
(1, 6, 2)
(1, 7, 2)
(1, 8, 2)
(1, 9, 2)
(1, 10, 2)
(1, 11, 2)
(1, 12, 2)
(1, 13, 2)
(1, 14, 2)
(1, 15, 2)
(1, 16, 1)
(1, 17, 1)
(1, 18, 1)
(1, 19, 1)
(1, 20, 1)
(1, 21, 1)
(1, 22, 1)
(1, 23, 1)
(1, 24, 1)
(1, 25, 1)
(1, 26, 1)
(1, 27, 1)
(1, 28, 1)
(1, 29, 1)
(1, 30, 1)
(1, 31, 1)
(1, 32, 1)
(1, 33, 1)
(1, 34, 1)
(1, 35, 1)
(1, 36, 1)
(1, 37, 1)
(1, 38, 1)
(1, 39, 1)

(2, 0, 5)
(2, 1, 5)
(2, 2, 5)
(2, 3, 4)
(2, 4, 4)
(2, 5, 4)
(2, 6, 4)
(2, 7, 3)
(2, 8, 3)
(2, 9, 3)
(2, 10, 3)
(2, 11, 3)
(2, 12, 3)
(2, 13, 3)
(2, 14, 3)
(2, 15, 3)
(2, 16, 1)
(2, 17, 1)
(2, 18, 1)
(2, 19, 1)
(2, 20, 1)
(2, 21, 1)
(2, 22, 1)
(2, 23, 1)
(2, 24, 1)
(2, 25, 1)
(2, 26, 1)
(2, 27, 1)
(2, 28, 1)
(2, 29, 1)
(2, 30, 1)
(2, 31, 1)
(2, 32, 1)
(2, 33, 1)
(2, 34, 1)
(2, 35, 1)
(2, 36, 1)
(2, 37, 1)
(2, 38, 1)
(2, 39, 1)

(3, 0, 8)
(3, 1, 8)
(3, 2, 8)
(3, 3, 7)
(3, 4, 7)
(3, 5, 7)
(3, 6, 7)
(3, 7, 6)
(3, 8, 6)
(3, 9, 6)
(3, 10, 6)
(3, 11, 5)
(3, 12, 5)
(3, 13, 5)
(3, 14, 5)
(3, 15, 5)
(3, 16, 2)
(3, 17, 2)
(3, 18, 1)
(3, 19, 1)
(3, 20, 1)
(3, 21, 1)
(3, 22, 1)
(3, 23, 1)
(3, 24, 1)
(3, 25, 1)
(3, 26, 1)
(3, 27, 1)
(3, 28, 1)
(3, 29, 1)
(3, 30, 1)
(3, 31, 1)
(3, 32, 1)
(3, 33, 1)
(3, 34, 1)
(3, 35, 1)
(3, 36, 1)
(3, 37, 1)
(3, 38, 1)
(3, 39, 1)

(4, 0, 8)
(4, 1, 8)
(4, 2, 8)
(4, 3, 7)
(4, 4, 7)
(4, 5, 7)
(4, 6, 7)
(4, 7, 6)
(4, 8, 6)
(4, 9, 6)
(4, 10, 6)
(4, 11, 5)
(4, 12, 5)
(4, 13, 5)
(4, 14, 5)
(4, 15, 5)
(4, 16, 2)
(4, 17, 2)
(4, 18, 1)
(4, 19, 1)
(4, 20, 1)
(4, 21, 1)
(4, 22, 1)
(4, 23, 1)
(4, 24, 1)
(4, 25, 1)
(4, 26, 1)
(4, 27, 1)
(4, 28, 1)
(4, 29, 1)
(4, 30, 1)
(4, 31, 1)
(4, 32, 1)
(4, 33, 1)
(4, 34, 1)
(4, 35, 1)
(4, 36, 1)
(4, 37, 1)
(4, 38, 1)
(4, 39, 1)

(5, 0, 12)
(5, 1, 12)
(5, 2, 12)
(5, 3, 11)
(5, 4, 10)
(5, 5, 10)
(5, 6, 10)
(5, 7, 9)
(5, 8, 9)
(5, 9, 9)
(5, 10, 9)
(5, 11, 8)
(5, 12, 8)
(5, 13, 8)
(5, 14, 8)
(5, 15, 7)
(5, 16, 3)
(5, 17, 3)
(5, 18, 2)
(5, 19, 2)
(5, 20, 2)
(5, 21, 2)
(5, 22, 2)
(5, 23, 2)
(5, 24, 2)
(5, 25, 2)
(5, 26, 2)
(5, 27, 2)
(5, 28, 2)
(5, 29, 2)
(5, 30, 2)
(5, 31, 2)
(5, 32, 2)
(5, 33, 2)
(5, 34, 2)
(5, 35, 2)
(5, 36, 2)
(5, 37, 2)
(5, 38, 2)
(5, 39, 2)

(6, 0, 15)
(6, 1, 15)
(6, 2, 15)
(6, 3, 14)
(6, 4, 13)
(6, 5, 13)
(6, 6, 13)
(6, 7, 12)
(6, 8, 12)
(6, 9, 12)
(6, 10, 12)
(6, 11, 11)
(6, 12, 11)
(6, 13, 11)
(6, 14, 11)
(6, 15, 10)
(6, 16, 5)
(6, 17, 5)
(6, 18, 4)
(6, 19, 4)
(6, 20, 4)
(6, 21, 4)
(6, 22, 4)
(6, 23, 4)
(6, 24, 4)
(6, 25, 4)
(6, 26, 4)
(6, 27, 4)
(6, 28, 4)
(6, 29, 4)
(6, 30, 4)
(6, 31, 4)
(6, 32, 4)
(6, 33, 4)
(6, 34, 4)
(6, 35, 4)
(6, 36, 4)
(6, 37, 4)
(6, 38, 4)
(6, 39, 4)

(7, 0, 16)
(7, 1, 16)
(7, 2, 16)
(7, 3, 15)
(7, 4, 14)
(7, 5, 14)
(7, 6, 14)
(7, 7, 13)
(7, 8, 13)
(7, 9, 13)
(7, 10, 13)
(7, 11, 12)
(7, 12, 12)
(7, 13, 12)
(7, 14, 12)
(7, 15, 11)
(7, 16, 6)
(7, 17, 6)
(7, 18, 5)
(7, 19, 5)
(7, 20, 5)
(7, 21, 5)
(7, 22, 5)
(7, 23, 5)
(7, 24, 5)
(7, 25, 5)
(7, 26, 5)
(7, 27, 5)
(7, 28, 4)
(7, 29, 4)
(7, 30, 4)
(7, 31, 4)
(7, 32, 4)
(7, 33, 4)
(7, 34, 4)
(7, 35, 4)
(7, 36, 4)
(7, 37, 4)
(7, 38, 4)
(7, 39, 4)

(8, 0, 19)
(8, 1, 19)
(8, 2, 19)
(8, 3, 18)
(8, 4, 17)
(8, 5, 17)
(8, 6, 17)
(8, 7, 16)
(8, 8, 16)
(8, 9, 16)
(8, 10, 16)
(8, 11, 15)
(8, 12, 15)
(8, 13, 15)
(8, 14, 15)
(8, 15, 14)
(8, 16, 9)
(8, 17, 9)
(8, 18, 8)
(8, 19, 8)
(8, 20, 8)
(8, 21, 8)
(8, 22, 8)
(8, 23, 8)
(8, 24, 8)
(8, 25, 8)
(8, 26, 7)
(8, 27, 7)
(8, 28, 6)
(8, 29, 6)
(8, 30, 6)
(8, 31, 6)
(8, 32, 6)
(8, 33, 6)
(8, 34, 6)
(8, 35, 6)
(8, 36, 6)
(8, 37, 6)
(8, 38, 6)
(8, 39, 6)

(9, 0, 24)
(9, 1, 24)
(9, 2, 24)
(9, 3, 22)
(9, 4, 20)
(9, 5, 20)
(9, 6, 20)
(9, 7, 19)
(9, 8, 19)
(9, 9, 19)
(9, 10, 19)
(9, 11, 18)
(9, 12, 18)
(9, 13, 18)
(9, 14, 18)
(9, 15, 17)
(9, 16, 10)
(9, 17, 10)
(9, 18, 9)
(9, 19, 9)
(9, 20, 9)
(9, 21, 9)
(9, 22, 9)
(9, 23, 9)
(9, 24, 9)
(9, 25, 9)
(9, 26, 8)
(9, 27, 8)
(9, 28, 7)
(9, 29, 7)
(9, 30, 7)
(9, 31, 7)
(9, 32, 7)
(9, 33, 7)
(9, 34, 7)
(9, 35, 7)
(9, 36, 7)
(9, 37, 7)
(9, 38, 7)
(9, 39, 7)

(10, 0, 31)
(10, 1, 31)
(10, 2, 31)
(10, 3, 29)
(10, 4, 27)
(10, 5, 27)
(10, 6, 27)
(10, 7, 26)
(10, 8, 26)
(10, 9, 26)
(10, 10, 26)
(10, 11, 25)
(10, 12, 25)
(10, 13, 25)
(10, 14, 25)
(10, 15, 24)
(10, 16, 15)
(10, 17, 15)
(10, 18, 14)
(10, 19, 14)
(10, 20, 14)
(10, 21, 14)
(10, 22, 14)
(10, 23, 14)
(10, 24, 14)
(10, 25, 14)
(10, 26, 13)
(10, 27, 13)
(10, 28, 12)
(10, 29, 12)
(10, 30, 12)
(10, 31, 12)
(10, 32, 11)
(10, 33, 11)
(10, 34, 11)
(10, 35, 10)
(10, 36, 10)
(10, 37, 10)
(10, 38, 10)
(10, 39, 10)

(11, 0, 38)
(11, 1, 38)
(11, 2, 38)
(11, 3, 36)
(11, 4, 34)
(11, 5, 34)
(11, 6, 34)
(11, 7, 33)
(11, 8, 31)
(11, 9, 31)
(11, 10, 30)
(11, 11, 29)
(11, 12, 29)
(11, 13, 29)
(11, 14, 29)
(11, 15, 27)
(11, 16, 16)
(11, 17, 15)
(11, 18, 14)
(11, 19, 14)
(11, 20, 14)
(11, 21, 14)
(11, 22, 14)
(11, 23, 14)
(11, 24, 14)
(11, 25, 14)
(11, 26, 13)
(11, 27, 13)
(11, 28, 12)
(11, 29, 12)
(11, 30, 12)
(11, 31, 12)
(11, 32, 11)
(11, 33, 11)
(11, 34, 11)
(11, 35, 11)
(11, 36, 11)
(11, 37, 11)
(11, 38, 11)
(11, 39, 11)

(12, 0, 43)
(12, 1, 43)
(12, 2, 43)
(12, 3, 41)
(12, 4, 39)
(12, 5, 39)
(12, 6, 39)
(12, 7, 38)
(12, 8, 36)
(12, 9, 36)
(12, 10, 35)
(12, 11, 34)
(12, 12, 34)
(12, 13, 34)
(12, 14, 34)
(12, 15, 30)
(12, 16, 17)
(12, 17, 16)
(12, 18, 15)
(12, 19, 15)
(12, 20, 15)
(12, 21, 15)
(12, 22, 15)
(12, 23, 15)
(12, 24, 15)
(12, 25, 15)
(12, 26, 14)
(12, 27, 14)
(12, 28, 13)
(12, 29, 13)
(12, 30, 13)
(12, 31, 13)
(12, 32, 12)
(12, 33, 12)
(12, 34, 12)
(12, 35, 12)
(12, 36, 12)
(12, 37, 12)
(12, 38, 12)
(12, 39, 12)

(13, 0, 45)
(13, 1, 45)
(13, 2, 45)
(13, 3, 43)
(13, 4, 41)
(13, 5, 41)
(13, 6, 41)
(13, 7, 40)
(13, 8, 38)
(13, 9, 38)
(13, 10, 37)
(13, 11, 36)
(13, 12, 36)
(13, 13, 36)
(13, 14, 36)
(13, 15, 32)
(13, 16, 17)
(13, 17, 16)
(13, 18, 15)
(13, 19, 15)
(13, 20, 15)
(13, 21, 15)
(13, 22, 15)
(13, 23, 15)
(13, 24, 15)
(13, 25, 15)
(13, 26, 14)
(13, 27, 14)
(13, 28, 13)
(13, 29, 13)
(13, 30, 13)
(13, 31, 13)
(13, 32, 12)
(13, 33, 12)
(13, 34, 12)
(13, 35, 12)
(13, 36, 12)
(13, 37, 12)
(13, 38, 12)
(13, 39, 12)

(14, 0, 51)
(14, 1, 51)
(14, 2, 51)
(14, 3, 49)
(14, 4, 46)
(14, 5, 46)
(14, 6, 46)
(14, 7, 45)
(14, 8, 43)
(14, 9, 43)
(14, 10, 42)
(14, 11, 41)
(14, 12, 41)
(14, 13, 41)
(14, 14, 41)
(14, 15, 37)
(14, 16, 22)
(14, 17, 21)
(14, 18, 20)
(14, 19, 20)
(14, 20, 20)
(14, 21, 20)
(14, 22, 20)
(14, 23, 20)
(14, 24, 20)
(14, 25, 20)
(14, 26, 19)
(14, 27, 19)
(14, 28, 17)
(14, 29, 17)
(14, 30, 17)
(14, 31, 16)
(14, 32, 15)
(14, 33, 15)
(14, 34, 15)
(14, 35, 15)
(14, 36, 15)
(14, 37, 15)
(14, 38, 15)
(14, 39, 15)

(15, 0, 55)
(15, 1, 55)
(15, 2, 55)
(15, 3, 52)
(15, 4, 49)
(15, 5, 49)
(15, 6, 49)
(15, 7, 48)
(15, 8, 46)
(15, 9, 46)
(15, 10, 45)
(15, 11, 44)
(15, 12, 44)
(15, 13, 44)
(15, 14, 44)
(15, 15, 40)
(15, 16, 24)
(15, 17, 23)
(15, 18, 22)
(15, 19, 22)
(15, 20, 22)
(15, 21, 22)
(15, 22, 22)
(15, 23, 22)
(15, 24, 22)
(15, 25, 22)
(15, 26, 21)
(15, 27, 21)
(15, 28, 19)
(15, 29, 19)
(15, 30, 18)
(15, 31, 17)
(15, 32, 16)
(15, 33, 15)
(15, 34, 15)
(15, 35, 15)
(15, 36, 15)
(15, 37, 15)
(15, 38, 15)
(15, 39, 15)

(16, 0, 60)
(16, 1, 60)
(16, 2, 60)
(16, 3, 57)
(16, 4, 54)
(16, 5, 54)
(16, 6, 54)
(16, 7, 53)
(16, 8, 51)
(16, 9, 51)
(16, 10, 50)
(16, 11, 49)
(16, 12, 49)
(16, 13, 49)
(16, 14, 49)
(16, 15, 45)
(16, 16, 27)
(16, 17, 26)
(16, 18, 25)
(16, 19, 25)
(16, 20, 25)
(16, 21, 25)
(16, 22, 25)
(16, 23, 25)
(16, 24, 25)
(16, 25, 25)
(16, 26, 24)
(16, 27, 24)
(16, 28, 22)
(16, 29, 22)
(16, 30, 21)
(16, 31, 20)
(16, 32, 18)
(16, 33, 17)
(16, 34, 17)
(16, 35, 17)
(16, 36, 17)
(16, 37, 17)
(16, 38, 17)
(16, 39, 17)

(17, 0, 96)
(17, 1, 89)
(17, 2, 78)
(17, 3, 66)
(17, 4, 63)
(17, 5, 61)
(17, 6, 60)
(17, 7, 59)
(17, 8, 56)
(17, 9, 56)
(17, 10, 54)
(17, 11, 53)
(17, 12, 53)
(17, 13, 52)
(17, 14, 51)
(17, 15, 47)
(17, 16, 29)
(17, 17, 28)
(17, 18, 27)
(17, 19, 26)
(17, 20, 26)
(17, 21, 26)
(17, 22, 26)
(17, 23, 26)
(17, 24, 26)
(17, 25, 26)
(17, 26, 25)
(17, 27, 25)
(17, 28, 23)
(17, 29, 23)
(17, 30, 22)
(17, 31, 21)
(17, 32, 19)
(17, 33, 18)
(17, 34, 18)
(17, 35, 18)
(17, 36, 18)
(17, 37, 18)
(17, 38, 18)
(17, 39, 18)

(18, 0, 119)
(18, 1, 110)
(18, 2, 87)
(18, 3, 71)
(18, 4, 68)
(18, 5, 66)
(18, 6, 64)
(18, 7, 63)
(18, 8, 60)
(18, 9, 60)
(18, 10, 57)
(18, 11, 56)
(18, 12, 56)
(18, 13, 55)
(18, 14, 54)
(18, 15, 50)
(18, 16, 32)
(18, 17, 31)
(18, 18, 30)
(18, 19, 29)
(18, 20, 29)
(18, 21, 29)
(18, 22, 29)
(18, 23, 29)
(18, 24, 29)
(18, 25, 29)
(18, 26, 28)
(18, 27, 28)
(18, 28, 26)
(18, 29, 26)
(18, 30, 25)
(18, 31, 24)
(18, 32, 22)
(18, 33, 20)
(18, 34, 20)
(18, 35, 20)
(18, 36, 20)
(18, 37, 20)
(18, 38, 20)
(18, 39, 20)

(19, 0, 128)
(19, 1, 118)
(19, 2, 95)
(19, 3, 79)
(19, 4, 75)
(19, 5, 73)
(19, 6, 69)
(19, 7, 68)
(19, 8, 65)
(19, 9, 65)
(19, 10, 61)
(19, 11, 60)
(19, 12, 60)
(19, 13, 59)
(19, 14, 58)
(19, 15, 54)
(19, 16, 35)
(19, 17, 34)
(19, 18, 33)
(19, 19, 31)
(19, 20, 31)
(19, 21, 31)
(19, 22, 31)
(19, 23, 31)
(19, 24, 31)
(19, 25, 31)
(19, 26, 30)
(19, 27, 30)
(19, 28, 28)
(19, 29, 28)
(19, 30, 27)
(19, 31, 26)
(19, 32, 24)
(19, 33, 21)
(19, 34, 21)
(19, 35, 21)
(19, 36, 20)
(19, 37, 20)
(19, 38, 20)
(19, 39, 20)

(20, 0, 137)
(20, 1, 126)
(20, 2, 103)
(20, 3, 86)
(20, 4, 82)
(20, 5, 79)
(20, 6, 75)
(20, 7, 74)
(20, 8, 71)
(20, 9, 71)
(20, 10, 67)
(20, 11, 65)
(20, 12, 65)
(20, 13, 63)
(20, 14, 62)
(20, 15, 58)
(20, 16, 37)
(20, 17, 36)
(20, 18, 35)
(20, 19, 33)
(20, 20, 33)
(20, 21, 33)
(20, 22, 33)
(20, 23, 33)
(20, 24, 33)
(20, 25, 33)
(20, 26, 32)
(20, 27, 32)
(20, 28, 30)
(20, 29, 30)
(20, 30, 29)
(20, 31, 28)
(20, 32, 26)
(20, 33, 23)
(20, 34, 23)
(20, 35, 23)
(20, 36, 22)
(20, 37, 22)
(20, 38, 22)
(20, 39, 22)

(21, 0, 155)
(21, 1, 141)
(21, 2, 118)
(21, 3, 101)
(21, 4, 94)
(21, 5, 86)
(21, 6, 82)
(21, 7, 81)
(21, 8, 78)
(21, 9, 78)
(21, 10, 74)
(21, 11, 72)
(21, 12, 72)
(21, 13, 70)
(21, 14, 69)
(21, 15, 64)
(21, 16, 42)
(21, 17, 41)
(21, 18, 40)
(21, 19, 38)
(21, 20, 38)
(21, 21, 38)
(21, 22, 38)
(21, 23, 38)
(21, 24, 38)
(21, 25, 38)
(21, 26, 37)
(21, 27, 37)
(21, 28, 35)
(21, 29, 35)
(21, 30, 34)
(21, 31, 33)
(21, 32, 31)
(21, 33, 28)
(21, 34, 28)
(21, 35, 27)
(21, 36, 26)
(21, 37, 26)
(21, 38, 26)
(21, 39, 26)

(22, 0, 167)
(22, 1, 150)
(22, 2, 124)
(22, 3, 106)
(22, 4, 97)
(22, 5, 90)
(22, 6, 85)
(22, 7, 84)
(22, 8, 81)
(22, 9, 81)
(22, 10, 77)
(22, 11, 75)
(22, 12, 75)
(22, 13, 73)
(22, 14, 72)
(22, 15, 67)
(22, 16, 44)
(22, 17, 43)
(22, 18, 42)
(22, 19, 40)
(22, 20, 40)
(22, 21, 40)
(22, 22, 40)
(22, 23, 40)
(22, 24, 40)
(22, 25, 40)
(22, 26, 39)
(22, 27, 39)
(22, 28, 37)
(22, 29, 36)
(22, 30, 35)
(22, 31, 34)
(22, 32, 32)
(22, 33, 29)
(22, 34, 29)
(22, 35, 28)
(22, 36, 28)
(22, 37, 28)
(22, 38, 28)
(22, 39, 28)

(23, 0, 185)
(23, 1, 166)
(23, 2, 139)
(23, 3, 120)
(23, 4, 111)
(23, 5, 103)
(23, 6, 98)
(23, 7, 97)
(23, 8, 94)
(23, 9, 92)
(23, 10, 87)
(23, 11, 85)
(23, 12, 85)
(23, 13, 81)
(23, 14, 80)
(23, 15, 75)
(23, 16, 51)
(23, 17, 50)
(23, 18, 49)
(23, 19, 47)
(23, 20, 47)
(23, 21, 47)
(23, 22, 47)
(23, 23, 47)
(23, 24, 46)
(23, 25, 46)
(23, 26, 45)
(23, 27, 45)
(23, 28, 43)
(23, 29, 42)
(23, 30, 41)
(23, 31, 40)
(23, 32, 38)
(23, 33, 34)
(23, 34, 34)
(23, 35, 33)
(23, 36, 33)
(23, 37, 33)
(23, 38, 33)
(23, 39, 33)

(24, 0, 202)
(24, 1, 183)
(24, 2, 154)
(24, 3, 135)
(24, 4, 126)
(24, 5, 117)
(24, 6, 112)
(24, 7, 111)
(24, 8, 108)
(24, 9, 104)
(24, 10, 99)
(24, 11, 97)
(24, 12, 95)
(24, 13, 86)
(24, 14, 85)
(24, 15, 80)
(24, 16, 55)
(24, 17, 54)
(24, 18, 53)
(24, 19, 51)
(24, 20, 51)
(24, 21, 51)
(24, 22, 51)
(24, 23, 51)
(24, 24, 50)
(24, 25, 50)
(24, 26, 49)
(24, 27, 49)
(24, 28, 46)
(24, 29, 45)
(24, 30, 44)
(24, 31, 42)
(24, 32, 40)
(24, 33, 36)
(24, 34, 36)
(24, 35, 35)
(24, 36, 35)
(24, 37, 35)
(24, 38, 35)
(24, 39, 35)

(25, 0, 224)
(25, 1, 205)
(25, 2, 172)
(25, 3, 153)
(25, 4, 143)
(25, 5, 134)
(25, 6, 128)
(25, 7, 127)
(25, 8, 124)
(25, 9, 118)
(25, 10, 113)
(25, 11, 111)
(25, 12, 106)
(25, 13, 95)
(25, 14, 94)
(25, 15, 88)
(25, 16, 61)
(25, 17, 60)
(25, 18, 59)
(25, 19, 57)
(25, 20, 57)
(25, 21, 56)
(25, 22, 56)
(25, 23, 56)
(25, 24, 55)
(25, 25, 55)
(25, 26, 54)
(25, 27, 54)
(25, 28, 51)
(25, 29, 50)
(25, 30, 49)
(25, 31, 47)
(25, 32, 44)
(25, 33, 40)
(25, 34, 40)
(25, 35, 39)
(25, 36, 39)
(25, 37, 39)
(25, 38, 39)
(25, 39, 39)

(26, 0, 272)
(26, 1, 239)
(26, 2, 195)
(26, 3, 176)
(26, 4, 164)
(26, 5, 153)
(26, 6, 142)
(26, 7, 141)
(26, 8, 136)
(26, 9, 124)
(26, 10, 118)
(26, 11, 116)
(26, 12, 105)
(26, 13, 95)
(26, 14, 94)
(26, 15, 89)
(26, 16, 62)
(26, 17, 61)
(26, 18, 60)
(26, 19, 58)
(26, 20, 58)
(26, 21, 57)
(26, 22, 57)
(26, 23, 57)
(26, 24, 56)
(26, 25, 56)
(26, 26, 55)
(26, 27, 55)
(26, 28, 52)
(26, 29, 51)
(26, 30, 50)
(26, 31, 48)
(26, 32, 45)
(26, 33, 41)
(26, 34, 41)
(26, 35, 40)
(26, 36, 40)
(26, 37, 40)
(26, 38, 40)
(26, 39, 40)

(27, 0, 350)
(27, 1, 258)
(27, 2, 209)
(27, 3, 190)
(27, 4, 177)
(27, 5, 166)
(27, 6, 148)
(27, 7, 147)
(27, 8, 142)
(27, 9, 130)
(27, 10, 123)
(27, 11, 121)
(27, 12, 110)
(27, 13, 98)
(27, 14, 97)
(27, 15, 92)
(27, 16, 65)
(27, 17, 64)
(27, 18, 63)
(27, 19, 61)
(27, 20, 61)
(27, 21, 60)
(27, 22, 60)
(27, 23, 60)
(27, 24, 59)
(27, 25, 59)
(27, 26, 58)
(27, 27, 58)
(27, 28, 55)
(27, 29, 54)
(27, 30, 53)
(27, 31, 51)
(27, 32, 48)
(27, 33, 44)
(27, 34, 44)
(27, 35, 43)
(27, 36, 43)
(27, 37, 43)
(27, 38, 43)
(27, 39, 43)

(28, 0, 457)
(28, 1, 288)
(28, 2, 230)
(28, 3, 211)
(28, 4, 198)
(28, 5, 186)
(28, 6, 158)
(28, 7, 157)
(28, 8, 152)
(28, 9, 139)
(28, 10, 132)
(28, 11, 130)
(28, 12, 118)
(28, 13, 103)
(28, 14, 102)
(28, 15, 97)
(28, 16, 69)
(28, 17, 68)
(28, 18, 67)
(28, 19, 65)
(28, 20, 65)
(28, 21, 63)
(28, 22, 63)
(28, 23, 63)
(28, 24, 62)
(28, 25, 61)
(28, 26, 58)
(28, 27, 58)
(28, 28, 55)
(28, 29, 54)
(28, 30, 53)
(28, 31, 51)
(28, 32, 48)
(28, 33, 44)
(28, 34, 44)
(28, 35, 43)
(28, 36, 43)
(28, 37, 43)
(28, 38, 43)
(28, 39, 43)

(29, 0, 463)
(29, 1, 294)
(29, 2, 235)
(29, 3, 216)
(29, 4, 203)
(29, 5, 191)
(29, 6, 163)
(29, 7, 162)
(29, 8, 157)
(29, 9, 143)
(29, 10, 136)
(29, 11, 134)
(29, 12, 122)
(29, 13, 106)
(29, 14, 105)
(29, 15, 100)
(29, 16, 72)
(29, 17, 71)
(29, 18, 70)
(29, 19, 68)
(29, 20, 68)
(29, 21, 66)
(29, 22, 66)
(29, 23, 66)
(29, 24, 65)
(29, 25, 63)
(29, 26, 60)
(29, 27, 60)
(29, 28, 57)
(29, 29, 56)
(29, 30, 55)
(29, 31, 53)
(29, 32, 50)
(29, 33, 46)
(29, 34, 46)
(29, 35, 45)
(29, 36, 45)
(29, 37, 45)
(29, 38, 45)
(29, 39, 45)

(30, 0, 471)
(30, 1, 302)
(30, 2, 240)
(30, 3, 221)
(30, 4, 208)
(30, 5, 196)
(30, 6, 168)
(30, 7, 167)
(30, 8, 162)
(30, 9, 146)
(30, 10, 139)
(30, 11, 137)
(30, 12, 123)
(30, 13, 107)
(30, 14, 106)
(30, 15, 101)
(30, 16, 73)
(30, 17, 72)
(30, 18, 71)
(30, 19, 69)
(30, 20, 69)
(30, 21, 67)
(30, 22, 67)
(30, 23, 67)
(30, 24, 66)
(30, 25, 64)
(30, 26, 61)
(30, 27, 61)
(30, 28, 58)
(30, 29, 57)
(30, 30, 56)
(30, 31, 54)
(30, 32, 51)
(30, 33, 47)
(30, 34, 47)
(30, 35, 46)
(30, 36, 46)
(30, 37, 46)
(30, 38, 46)
(30, 39, 46)

(31, 0, 482)
(31, 1, 313)
(31, 2, 249)
(31, 3, 230)
(31, 4, 217)
(31, 5, 204)
(31, 6, 176)
(31, 7, 175)
(31, 8, 169)
(31, 9, 151)
(31, 10, 144)
(31, 11, 142)
(31, 12, 127)
(31, 13, 109)
(31, 14, 108)
(31, 15, 103)
(31, 16, 74)
(31, 17, 73)
(31, 18, 72)
(31, 19, 70)
(31, 20, 70)
(31, 21, 68)
(31, 22, 68)
(31, 23, 68)
(31, 24, 67)
(31, 25, 65)
(31, 26, 62)
(31, 27, 62)
(31, 28, 59)
(31, 29, 58)
(31, 30, 57)
(31, 31, 55)
(31, 32, 52)
(31, 33, 48)
(31, 34, 48)
(31, 35, 47)
(31, 36, 47)
(31, 37, 47)
(31, 38, 47)
(31, 39, 47)

(32, 0, 482)
(32, 1, 313)
(32, 2, 249)
(32, 3, 230)
(32, 4, 217)
(32, 5, 204)
(32, 6, 176)
(32, 7, 175)
(32, 8, 169)
(32, 9, 151)
(32, 10, 144)
(32, 11, 142)
(32, 12, 127)
(32, 13, 109)
(32, 14, 108)
(32, 15, 103)
(32, 16, 74)
(32, 17, 73)
(32, 18, 72)
(32, 19, 70)
(32, 20, 70)
(32, 21, 68)
(32, 22, 68)
(32, 23, 68)
(32, 24, 67)
(32, 25, 65)
(32, 26, 62)
(32, 27, 62)
(32, 28, 59)
(32, 29, 58)
(32, 30, 57)
(32, 31, 55)
(32, 32, 52)
(32, 33, 48)
(32, 34, 48)
(32, 35, 47)
(32, 36, 47)
(32, 37, 47)
(32, 38, 47)
(32, 39, 47)

(33, 0, 482)
(33, 1, 313)
(33, 2, 249)
(33, 3, 230)
(33, 4, 217)
(33, 5, 204)
(33, 6, 176)
(33, 7, 175)
(33, 8, 169)
(33, 9, 151)
(33, 10, 144)
(33, 11, 142)
(33, 12, 127)
(33, 13, 109)
(33, 14, 108)
(33, 15, 103)
(33, 16, 74)
(33, 17, 73)
(33, 18, 72)
(33, 19, 70)
(33, 20, 70)
(33, 21, 68)
(33, 22, 68)
(33, 23, 68)
(33, 24, 67)
(33, 25, 65)
(33, 26, 62)
(33, 27, 62)
(33, 28, 59)
(33, 29, 58)
(33, 30, 57)
(33, 31, 55)
(33, 32, 52)
(33, 33, 48)
(33, 34, 48)
(33, 35, 47)
(33, 36, 47)
(33, 37, 47)
(33, 38, 47)
(33, 39, 47)

(34, 0, 482)
(34, 1, 313)
(34, 2, 249)
(34, 3, 230)
(34, 4, 217)
(34, 5, 204)
(34, 6, 176)
(34, 7, 175)
(34, 8, 169)
(34, 9, 151)
(34, 10, 144)
(34, 11, 142)
(34, 12, 127)
(34, 13, 109)
(34, 14, 108)
(34, 15, 103)
(34, 16, 74)
(34, 17, 73)
(34, 18, 72)
(34, 19, 70)
(34, 20, 70)
(34, 21, 68)
(34, 22, 68)
(34, 23, 68)
(34, 24, 67)
(34, 25, 65)
(34, 26, 62)
(34, 27, 62)
(34, 28, 59)
(34, 29, 58)
(34, 30, 57)
(34, 31, 55)
(34, 32, 52)
(34, 33, 48)
(34, 34, 48)
(34, 35, 47)
(34, 36, 47)
(34, 37, 47)
(34, 38, 47)
(34, 39, 47)

(35, 0, 485)
(35, 1, 316)
(35, 2, 252)
(35, 3, 233)
(35, 4, 220)
(35, 5, 207)
(35, 6, 179)
(35, 7, 178)
(35, 8, 172)
(35, 9, 154)
(35, 10, 147)
(35, 11, 145)
(35, 12, 130)
(35, 13, 112)
(35, 14, 111)
(35, 15, 105)
(35, 16, 76)
(35, 17, 75)
(35, 18, 74)
(35, 19, 72)
(35, 20, 72)
(35, 21, 70)
(35, 22, 70)
(35, 23, 70)
(35, 24, 69)
(35, 25, 67)
(35, 26, 64)
(35, 27, 64)
(35, 28, 61)
(35, 29, 60)
(35, 30, 59)
(35, 31, 57)
(35, 32, 54)
(35, 33, 50)
(35, 34, 50)
(35, 35, 49)
(35, 36, 49)
(35, 37, 49)
(35, 38, 49)
(35, 39, 49)

(36, 0, 488)
(36, 1, 319)
(36, 2, 255)
(36, 3, 236)
(36, 4, 223)
(36, 5, 210)
(36, 6, 182)
(36, 7, 181)
(36, 8, 175)
(36, 9, 157)
(36, 10, 150)
(36, 11, 148)
(36, 12, 133)
(36, 13, 115)
(36, 14, 114)
(36, 15, 106)
(36, 16, 77)
(36, 17, 76)
(36, 18, 75)
(36, 19, 73)
(36, 20, 73)
(36, 21, 71)
(36, 22, 71)
(36, 23, 71)
(36, 24, 70)
(36, 25, 68)
(36, 26, 65)
(36, 27, 65)
(36, 28, 62)
(36, 29, 61)
(36, 30, 60)
(36, 31, 58)
(36, 32, 55)
(36, 33, 50)
(36, 34, 50)
(36, 35, 49)
(36, 36, 48)
(36, 37, 48)
(36, 38, 48)
(36, 39, 48)

(37, 0, 493)
(37, 1, 324)
(37, 2, 260)
(37, 3, 241)
(37, 4, 228)
(37, 5, 215)
(37, 6, 187)
(37, 7, 186)
(37, 8, 180)
(37, 9, 162)
(37, 10, 155)
(37, 11, 153)
(37, 12, 138)
(37, 13, 120)
(37, 14, 119)
(37, 15, 108)
(37, 16, 79)
(37, 17, 78)
(37, 18, 77)
(37, 19, 75)
(37, 20, 75)
(37, 21, 73)
(37, 22, 73)
(37, 23, 72)
(37, 24, 71)
(37, 25, 69)
(37, 26, 66)
(37, 27, 66)
(37, 28, 63)
(37, 29, 62)
(37, 30, 61)
(37, 31, 59)
(37, 32, 56)
(37, 33, 51)
(37, 34, 51)
(37, 35, 50)
(37, 36, 49)
(37, 37, 49)
(37, 38, 49)
(37, 39, 49)

(38, 0, 527)
(38, 1, 346)
(38, 2, 279)
(38, 3, 254)
(38, 4, 240)
(38, 5, 225)
(38, 6, 197)
(38, 7, 196)
(38, 8, 188)
(38, 9, 170)
(38, 10, 163)
(38, 11, 161)
(38, 12, 146)
(38, 13, 128)
(38, 14, 127)
(38, 15, 115)
(38, 16, 80)
(38, 17, 79)
(38, 18, 78)
(38, 19, 76)
(38, 20, 76)
(38, 21, 74)
(38, 22, 74)
(38, 23, 74)
(38, 24, 73)
(38, 25, 71)
(38, 26, 67)
(38, 27, 67)
(38, 28, 64)
(38, 29, 63)
(38, 30, 62)
(38, 31, 59)
(38, 32, 56)
(38, 33, 50)
(38, 34, 50)
(38, 35, 49)
(38, 36, 48)
(38, 37, 48)
(38, 38, 48)
(38, 39, 48)

(39, 0, 612)
(39, 1, 370)
(39, 2, 297)
(39, 3, 264)
(39, 4, 247)
(39, 5, 232)
(39, 6, 203)
(39, 7, 201)
(39, 8, 190)
(39, 9, 171)
(39, 10, 164)
(39, 11, 161)
(39, 12, 146)
(39, 13, 128)
(39, 14, 126)
(39, 15, 114)
(39, 16, 78)
(39, 17, 77)
(39, 18, 76)
(39, 19, 73)
(39, 20, 73)
(39, 21, 71)
(39, 22, 71)
(39, 23, 71)
(39, 24, 70)
(39, 25, 68)
(39, 26, 65)
(39, 27, 65)
(39, 28, 62)
(39, 29, 61)
(39, 30, 60)
(39, 31, 58)
(39, 32, 55)
(39, 33, 50)
(39, 34, 50)
(39, 35, 49)
(39, 36, 48)
(39, 37, 48)
(39, 38, 48)
(39, 39, 48)


Betti numbers:
xi_0:
(0, 0, 1)
(1, 0, 2)
(2, 0, 2)
(3, 0, 3)
(5, 0, 4)
(6, 0, 3)
(7, 0, 1)
(8, 0, 3)
(9, 0, 5)
(10, 0, 7)
(11, 0, 7)
(12, 0, 5)
(13, 0, 2)
(14, 0, 6)
(15, 0, 4)
(16, 0, 5)
(17, 0, 36)
(18, 0, 23)
(19, 0, 9)
(20, 0, 9)
(21, 0, 18)
(22, 0, 12)
(23, 0, 18)
(24, 0, 17)
(25, 0, 22)
(26, 0, 48)
(27, 0, 78)
(28, 0, 108)
(29, 0, 6)
(30, 0, 8)
(31, 0, 11)
(35, 0, 3)
(36, 0, 3)
(37, 0, 5)
(38, 0, 34)
(39, 0, 85)
xi_1:
(1, 3, 1)
(1, 16, 1)
(2, 7, 1)
(2, 16, 1)
(3, 11, 1)
(3, 16, 1)
(3, 18, 1)
(5, 4, 1)
(5, 15, 1)
(5, 16, 1)
(6, 16, 1)
(7, 28, 1)
(8, 26, 1)
(9, 3, 1)
(9, 4, 1)
(9, 16, 2)
(10, 16, 2)
(10, 32, 1)
(10, 35, 1)
(11, 8, 2)
(11, 10, 1)
(11, 15, 1)
(11, 16, 2)
(11, 17, 1)
(12, 15, 2)
(12, 16, 2)
(13, 16, 2)
(14, 4, 1)
(14, 28, 1)
(14, 31, 1)
(15, 3, 1)
(15, 16, 1)
(15, 30, 1)
(15, 33, 1)
(16, 16, 2)
(16, 32, 1)
(17, 1, 7)
(17, 2, 11)
(17, 3, 9)
(17, 5, 2)
(17, 6, 1)
(17, 8, 1)
(17, 10, 1)
(17, 13, 1)
(17, 14, 1)
(17, 19, 1)
(18, 1, 2)
(18, 2, 12)
(18, 3, 4)
(18, 6, 1)
(18, 10, 1)
(18, 33, 1)
(19, 1, 1)
(19, 4, 1)
(19, 6, 2)
(19, 10, 1)
(19, 16, 1)
(19, 19, 1)
(19, 33, 1)
(19, 36, 1)
(20, 1, 1)
(20, 3, 1)
(20, 5, 1)
(20, 11, 1)
(20, 13, 1)
(20, 16, 2)
(21, 1, 3)
(21, 4, 3)
(21, 5, 5)
(21, 15, 1)
(21, 16, 1)
(21, 35, 1)
(21, 36, 1)
(22, 1, 3)
(22, 2, 3)
(22, 3, 1)
(22, 4, 2)
(22, 6, 1)
(22, 16, 1)
(22, 29, 1)
(23, 1, 2)
(23, 2, 1)
(23, 3, 1)
(23, 5, 1)
(23, 9, 2)
(23, 10, 1)
(23, 13, 2)
(23, 16, 1)
(23, 24, 1)
(23, 33, 1)
(24, 2, 2)
(24, 5, 1)
(24, 9, 2)
(24, 12, 2)
(24, 13, 5)
(24, 16, 1)
(24, 28, 1)
(24, 31, 1)
(25, 2, 4)
(25, 4, 1)
(25, 6, 1)
(25, 9, 2)
(25, 12, 3)
(25, 13, 2)
(25, 15, 1)
(25, 16, 2)
(25, 21, 1)
(25, 32, 1)
(26, 1, 14)
(26, 2, 11)
(26, 4, 2)
(26, 5, 2)
(26, 6, 6)
(26, 8, 2)
(26, 9, 6)
(26, 10, 1)
(26, 12, 6)
(27, 1, 59)
(27, 2, 6)
(27, 4, 1)
(27, 6, 7)
(27, 10, 1)
(27, 13, 2)
(28, 0, 1)
(28, 1, 78)
(28, 2, 9)
(28, 5, 1)
(28, 6, 10)
(28, 9, 1)
(28, 12, 1)
(28, 13, 3)
(28, 16, 1)
(28, 21, 1)
(28, 25, 1)
(28, 26, 2)
(29, 2, 1)
(29, 9, 1)
(29, 13, 1)
(29, 25, 1)
(30, 2, 3)
(30, 9, 2)
(30, 12, 2)
(30, 13, 1)
(31, 2, 2)
(31, 5, 1)
(31, 8, 1)
(31, 9, 2)
(31, 12, 1)
(31, 13, 2)
(31, 16, 1)
(35, 15, 1)
(36, 15, 2)
(36, 33, 1)
(36, 36, 1)
(37, 15, 3)
(37, 23, 1)
(38, 1, 12)
(38, 2, 3)
(38, 3, 6)
(38, 4, 1)
(38, 5, 2)
(38, 8, 2)
(38, 15, 1)
(38, 16, 6)
(38, 26, 1)
(38, 31, 1)
(38, 33, 1)
(39, 1, 61)
(39, 2, 6)
(39, 3, 8)
(39, 4, 3)
(39, 6, 1)
(39, 7, 1)
(39, 8, 3)
(39, 9, 1)
(39, 11, 1)
(39, 14, 1)
(39, 16, 1)
(39, 19, 1)
xi_2:
(11, 35, 1)
(21, 36, 1)
(22, 5, 1)
(22, 36, 1)
(26, 6, 1)
(26, 13, 1)
(26, 15, 1)
(27, 2, 1)
(28, 1, 1)
(30, 13, 1)
(38, 23, 1)
(39, 26, 1)
(39, 31, 1)
(39, 33, 1)
