x-grades
-77380684117735623/4000000000000000
-37760867803680807/2000000000000000
-14732557419397521/800000000000000
-17950959646653399/1000000000000000
-69944890076239587/4000000000000000
-34042970782932789/2000000000000000
-66226993055491569/4000000000000000
-1609201113627939/100000000000000
-62509096034743551/4000000000000000
-30325073762184771/2000000000000000
-58791199013995533/4000000000000000
-14233062625905381/1000000000000000
-11014660398649503/800000000000000
-26607176741436753/2000000000000000
-51355404972499497/4000000000000000
-3093528528882843/250000000000000
-47637507951751479/4000000000000000
-4577855944137747/400000000000000
-43919610931003461/4000000000000000
-10515165605157363/1000000000000000
-40201713910255443/4000000000000000
-19171382699940717/2000000000000000
-1459352675580297/160000000000000
-4328108547391677/500000000000000
-32765919868759407/4000000000000000
-15453485679192699/2000000000000000
-29048022848011389/4000000000000000
-1359453716881869/200000000000000
-25330125827263371/4000000000000000
-11735588658444681/2000000000000000
-21612228806515353/4000000000000000
-617290009254417/125000000000000
-3578866357153467/800000000000000
-8017691637696663/2000000000000000
-14176434765019317/4000000000000000
-3079371563661327/1000000000000000
-10458537744271299/4000000000000000
-859958923389729/400000000000000
-6740640723523281/4000000000000000
-610211526643659/500000000000000

y-grades
9999963/4000000
9999963/2000000
29999889/4000000
9999963/1000000
9999963/800000
29999889/2000000
69999741/4000000
9999963/500000
89999667/4000000
9999963/400000
109999593/4000000
29999889/1000000
129999519/4000000
69999741/2000000
29999889/800000
9999963/250000
169999371/4000000
89999667/2000000
189999297/4000000
9999963/200000
209999223/4000000
109999593/2000000
229999149/4000000
29999889/500000
9999963/160000
129999519/2000000
269999001/4000000
69999741/1000000
289998927/4000000
29999889/400000
309998853/4000000
9999963/125000
329998779/4000000
169999371/2000000
69999741/800000
89999667/1000000
369998631/4000000
189999297/2000000
389998557/4000000
9999963/100000

Dimensions > 0:
(0, 0, 4)
(0, 1, 4)
(0, 2, 4)
(0, 3, 4)
(0, 4, 4)
(0, 5, 4)
(0, 6, 3)
(0, 7, 3)
(0, 8, 3)
(0, 9, 3)
(0, 10, 3)
(0, 11, 3)
(0, 12, 3)
(0, 13, 2)
(0, 14, 2)
(0, 15, 2)
(0, 16, 2)
(0, 17, 2)
(0, 18, 2)
(0, 19, 2)
(0, 20, 2)
(0, 21, 2)
(0, 22, 2)
(0, 23, 2)
(0, 24, 2)
(0, 25, 2)
(0, 26, 2)
(0, 27, 2)
(0, 28, 2)
(0, 29, 2)
(0, 30, 2)
(0, 31, 2)
(0, 32, 2)
(0, 33, 2)
(0, 34, 2)
(0, 35, 2)
(0, 36, 2)
(0, 37, 2)
(0, 38, 2)
(0, 39, 2)

(1, 0, 9)
(1, 1, 9)
(1, 2, 7)
(1, 3, 7)
(1, 4, 7)
(1, 5, 7)
(1, 6, 5)
(1, 7, 4)
(1, 8, 4)
(1, 9, 3)
(1, 10, 3)
(1, 11, 3)
(1, 12, 2)
(1, 13, 2)
(1, 14, 2)
(1, 15, 2)
(1, 16, 2)
(1, 17, 2)
(1, 18, 2)
(1, 19, 2)
(1, 20, 2)
(1, 21, 2)
(1, 22, 2)
(1, 23, 2)
(1, 24, 2)
(1, 25, 2)
(1, 26, 2)
(1, 27, 2)
(1, 28, 2)
(1, 29, 2)
(1, 30, 2)
(1, 31, 2)
(1, 32, 2)
(1, 33, 2)
(1, 34, 2)
(1, 35, 2)
(1, 36, 2)
(1, 37, 2)
(1, 38, 2)
(1, 39, 2)

(2, 0, 12)
(2, 1, 12)
(2, 2, 10)
(2, 3, 8)
(2, 4, 8)
(2, 5, 8)
(2, 6, 6)
(2, 7, 4)
(2, 8, 4)
(2, 9, 2)
(2, 10, 2)
(2, 11, 2)
(2, 12, 2)
(2, 13, 2)
(2, 14, 2)
(2, 15, 2)
(2, 16, 2)
(2, 17, 2)
(2, 18, 2)
(2, 19, 2)
(2, 20, 2)
(2, 21, 2)
(2, 22, 2)
(2, 23, 2)
(2, 24, 2)
(2, 25, 2)
(2, 26, 2)
(2, 27, 2)
(2, 28, 2)
(2, 29, 2)
(2, 30, 2)
(2, 31, 2)
(2, 32, 2)
(2, 33, 2)
(2, 34, 2)
(2, 35, 2)
(2, 36, 2)
(2, 37, 2)
(2, 38, 2)
(2, 39, 2)

(3, 0, 12)
(3, 1, 12)
(3, 2, 10)
(3, 3, 8)
(3, 4, 8)
(3, 5, 8)
(3, 6, 6)
(3, 7, 4)
(3, 8, 4)
(3, 9, 2)
(3, 10, 2)
(3, 11, 2)
(3, 12, 2)
(3, 13, 2)
(3, 14, 2)
(3, 15, 2)
(3, 16, 2)
(3, 17, 2)
(3, 18, 2)
(3, 19, 2)
(3, 20, 2)
(3, 21, 2)
(3, 22, 2)
(3, 23, 2)
(3, 24, 2)
(3, 25, 2)
(3, 26, 2)
(3, 27, 2)
(3, 28, 2)
(3, 29, 2)
(3, 30, 2)
(3, 31, 2)
(3, 32, 2)
(3, 33, 2)
(3, 34, 2)
(3, 35, 2)
(3, 36, 2)
(3, 37, 2)
(3, 38, 2)
(3, 39, 2)

(4, 0, 12)
(4, 1, 12)
(4, 2, 10)
(4, 3, 8)
(4, 4, 8)
(4, 5, 8)
(4, 6, 6)
(4, 7, 4)
(4, 8, 4)
(4, 9, 2)
(4, 10, 2)
(4, 11, 2)
(4, 12, 2)
(4, 13, 2)
(4, 14, 2)
(4, 15, 2)
(4, 16, 2)
(4, 17, 2)
(4, 18, 2)
(4, 19, 2)
(4, 20, 2)
(4, 21, 2)
(4, 22, 2)
(4, 23, 2)
(4, 24, 2)
(4, 25, 2)
(4, 26, 2)
(4, 27, 2)
(4, 28, 2)
(4, 29, 2)
(4, 30, 2)
(4, 31, 2)
(4, 32, 2)
(4, 33, 2)
(4, 34, 2)
(4, 35, 2)
(4, 36, 2)
(4, 37, 2)
(4, 38, 2)
(4, 39, 2)

(5, 0, 12)
(5, 1, 12)
(5, 2, 10)
(5, 3, 8)
(5, 4, 8)
(5, 5, 8)
(5, 6, 6)
(5, 7, 4)
(5, 8, 4)
(5, 9, 2)
(5, 10, 2)
(5, 11, 2)
(5, 12, 2)
(5, 13, 2)
(5, 14, 2)
(5, 15, 2)
(5, 16, 2)
(5, 17, 2)
(5, 18, 2)
(5, 19, 2)
(5, 20, 2)
(5, 21, 2)
(5, 22, 2)
(5, 23, 2)
(5, 24, 2)
(5, 25, 2)
(5, 26, 2)
(5, 27, 2)
(5, 28, 2)
(5, 29, 2)
(5, 30, 2)
(5, 31, 2)
(5, 32, 2)
(5, 33, 2)
(5, 34, 2)
(5, 35, 2)
(5, 36, 2)
(5, 37, 2)
(5, 38, 2)
(5, 39, 2)

(6, 0, 12)
(6, 1, 12)
(6, 2, 10)
(6, 3, 8)
(6, 4, 8)
(6, 5, 8)
(6, 6, 6)
(6, 7, 4)
(6, 8, 4)
(6, 9, 2)
(6, 10, 2)
(6, 11, 2)
(6, 12, 2)
(6, 13, 2)
(6, 14, 2)
(6, 15, 2)
(6, 16, 2)
(6, 17, 2)
(6, 18, 2)
(6, 19, 2)
(6, 20, 2)
(6, 21, 2)
(6, 22, 2)
(6, 23, 2)
(6, 24, 2)
(6, 25, 2)
(6, 26, 2)
(6, 27, 2)
(6, 28, 2)
(6, 29, 2)
(6, 30, 2)
(6, 31, 2)
(6, 32, 2)
(6, 33, 2)
(6, 34, 2)
(6, 35, 2)
(6, 36, 2)
(6, 37, 2)
(6, 38, 2)
(6, 39, 2)

(7, 0, 12)
(7, 1, 12)
(7, 2, 10)
(7, 3, 8)
(7, 4, 8)
(7, 5, 8)
(7, 6, 6)
(7, 7, 4)
(7, 8, 4)
(7, 9, 2)
(7, 10, 2)
(7, 11, 2)
(7, 12, 2)
(7, 13, 2)
(7, 14, 2)
(7, 15, 2)
(7, 16, 2)
(7, 17, 2)
(7, 18, 2)
(7, 19, 2)
(7, 20, 2)
(7, 21, 2)
(7, 22, 2)
(7, 23, 2)
(7, 24, 2)
(7, 25, 2)
(7, 26, 2)
(7, 27, 2)
(7, 28, 2)
(7, 29, 2)
(7, 30, 2)
(7, 31, 2)
(7, 32, 2)
(7, 33, 2)
(7, 34, 2)
(7, 35, 2)
(7, 36, 2)
(7, 37, 2)
(7, 38, 2)
(7, 39, 2)

(8, 0, 12)
(8, 1, 12)
(8, 2, 10)
(8, 3, 8)
(8, 4, 8)
(8, 5, 8)
(8, 6, 6)
(8, 7, 4)
(8, 8, 4)
(8, 9, 2)
(8, 10, 2)
(8, 11, 2)
(8, 12, 2)
(8, 13, 2)
(8, 14, 2)
(8, 15, 2)
(8, 16, 2)
(8, 17, 2)
(8, 18, 2)
(8, 19, 2)
(8, 20, 2)
(8, 21, 2)
(8, 22, 2)
(8, 23, 2)
(8, 24, 2)
(8, 25, 2)
(8, 26, 2)
(8, 27, 2)
(8, 28, 2)
(8, 29, 2)
(8, 30, 2)
(8, 31, 2)
(8, 32, 2)
(8, 33, 2)
(8, 34, 2)
(8, 35, 2)
(8, 36, 2)
(8, 37, 2)
(8, 38, 2)
(8, 39, 2)

(9, 0, 13)
(9, 1, 13)
(9, 2, 11)
(9, 3, 9)
(9, 4, 9)
(9, 5, 9)
(9, 6, 7)
(9, 7, 5)
(9, 8, 5)
(9, 9, 3)
(9, 10, 3)
(9, 11, 3)
(9, 12, 3)
(9, 13, 3)
(9, 14, 3)
(9, 15, 3)
(9, 16, 3)
(9, 17, 3)
(9, 18, 3)
(9, 19, 3)
(9, 20, 3)
(9, 21, 3)
(9, 22, 3)
(9, 23, 3)
(9, 24, 3)
(9, 25, 3)
(9, 26, 3)
(9, 27, 3)
(9, 28, 3)
(9, 29, 3)
(9, 30, 3)
(9, 31, 3)
(9, 32, 3)
(9, 33, 3)
(9, 34, 3)
(9, 35, 3)
(9, 36, 3)
(9, 37, 3)
(9, 38, 3)
(9, 39, 3)

(10, 0, 19)
(10, 1, 19)
(10, 2, 16)
(10, 3, 14)
(10, 4, 14)
(10, 5, 14)
(10, 6, 10)
(10, 7, 7)
(10, 8, 7)
(10, 9, 4)
(10, 10, 4)
(10, 11, 4)
(10, 12, 4)
(10, 13, 4)
(10, 14, 4)
(10, 15, 4)
(10, 16, 4)
(10, 17, 4)
(10, 18, 4)
(10, 19, 4)
(10, 20, 4)
(10, 21, 4)
(10, 22, 4)
(10, 23, 4)
(10, 24, 4)
(10, 25, 4)
(10, 26, 4)
(10, 27, 4)
(10, 28, 4)
(10, 29, 4)
(10, 30, 4)
(10, 31, 4)
(10, 32, 4)
(10, 33, 4)
(10, 34, 4)
(10, 35, 4)
(10, 36, 4)
(10, 37, 4)
(10, 38, 4)
(10, 39, 4)

(11, 0, 26)
(11, 1, 26)
(11, 2, 22)
(11, 3, 19)
(11, 4, 19)
(11, 5, 19)
(11, 6, 15)
(11, 7, 11)
(11, 8, 11)
(11, 9, 7)
(11, 10, 7)
(11, 11, 7)
(11, 12, 7)
(11, 13, 7)
(11, 14, 7)
(11, 15, 7)
(11, 16, 7)
(11, 17, 7)
(11, 18, 7)
(11, 19, 7)
(11, 20, 7)
(11, 21, 7)
(11, 22, 7)
(11, 23, 7)
(11, 24, 7)
(11, 25, 6)
(11, 26, 6)
(11, 27, 6)
(11, 28, 6)
(11, 29, 6)
(11, 30, 6)
(11, 31, 6)
(11, 32, 6)
(11, 33, 6)
(11, 34, 6)
(11, 35, 6)
(11, 36, 6)
(11, 37, 6)
(11, 38, 6)
(11, 39, 6)

(12, 0, 40)
(12, 1, 40)
(12, 2, 36)
(12, 3, 32)
(12, 4, 32)
(12, 5, 32)
(12, 6, 28)
(12, 7, 21)
(12, 8, 21)
(12, 9, 13)
(12, 10, 11)
(12, 11, 11)
(12, 12, 11)
(12, 13, 11)
(12, 14, 11)
(12, 15, 9)
(12, 16, 9)
(12, 17, 9)
(12, 18, 9)
(12, 19, 9)
(12, 20, 9)
(12, 21, 9)
(12, 22, 9)
(12, 23, 9)
(12, 24, 7)
(12, 25, 7)
(12, 26, 7)
(12, 27, 7)
(12, 28, 7)
(12, 29, 7)
(12, 30, 7)
(12, 31, 7)
(12, 32, 7)
(12, 33, 7)
(12, 34, 7)
(12, 35, 7)
(12, 36, 7)
(12, 37, 7)
(12, 38, 7)
(12, 39, 7)

(13, 0, 48)
(13, 1, 48)
(13, 2, 44)
(13, 3, 40)
(13, 4, 40)
(13, 5, 40)
(13, 6, 36)
(13, 7, 27)
(13, 8, 27)
(13, 9, 19)
(13, 10, 17)
(13, 11, 17)
(13, 12, 17)
(13, 13, 17)
(13, 14, 15)
(13, 15, 13)
(13, 16, 13)
(13, 17, 13)
(13, 18, 13)
(13, 19, 13)
(13, 20, 13)
(13, 21, 13)
(13, 22, 11)
(13, 23, 11)
(13, 24, 7)
(13, 25, 7)
(13, 26, 7)
(13, 27, 7)
(13, 28, 7)
(13, 29, 7)
(13, 30, 7)
(13, 31, 7)
(13, 32, 7)
(13, 33, 7)
(13, 34, 7)
(13, 35, 7)
(13, 36, 7)
(13, 37, 7)
(13, 38, 7)
(13, 39, 7)

(14, 0, 60)
(14, 1, 60)
(14, 2, 56)
(14, 3, 52)
(14, 4, 52)
(14, 5, 52)
(14, 6, 45)
(14, 7, 34)
(14, 8, 34)
(14, 9, 23)
(14, 10, 21)
(14, 11, 21)
(14, 12, 21)
(14, 13, 21)
(14, 14, 19)
(14, 15, 17)
(14, 16, 17)
(14, 17, 17)
(14, 18, 15)
(14, 19, 15)
(14, 20, 15)
(14, 21, 13)
(14, 22, 11)
(14, 23, 11)
(14, 24, 7)
(14, 25, 7)
(14, 26, 7)
(14, 27, 7)
(14, 28, 7)
(14, 29, 7)
(14, 30, 7)
(14, 31, 7)
(14, 32, 7)
(14, 33, 7)
(14, 34, 7)
(14, 35, 7)
(14, 36, 7)
(14, 37, 7)
(14, 38, 7)
(14, 39, 7)

(15, 0, 70)
(15, 1, 70)
(15, 2, 66)
(15, 3, 62)
(15, 4, 62)
(15, 5, 62)
(15, 6, 53)
(15, 7, 42)
(15, 8, 42)
(15, 9, 29)
(15, 10, 27)
(15, 11, 27)
(15, 12, 27)
(15, 13, 27)
(15, 14, 25)
(15, 15, 21)
(15, 16, 19)
(15, 17, 19)
(15, 18, 17)
(15, 19, 17)
(15, 20, 17)
(15, 21, 13)
(15, 22, 11)
(15, 23, 11)
(15, 24, 9)
(15, 25, 9)
(15, 26, 9)
(15, 27, 9)
(15, 28, 9)
(15, 29, 9)
(15, 30, 9)
(15, 31, 9)
(15, 32, 9)
(15, 33, 9)
(15, 34, 9)
(15, 35, 7)
(15, 36, 7)
(15, 37, 7)
(15, 38, 6)
(15, 39, 6)

(16, 0, 80)
(16, 1, 80)
(16, 2, 76)
(16, 3, 72)
(16, 4, 72)
(16, 5, 72)
(16, 6, 61)
(16, 7, 48)
(16, 8, 48)
(16, 9, 33)
(16, 10, 31)
(16, 11, 31)
(16, 12, 31)
(16, 13, 31)
(16, 14, 29)
(16, 15, 25)
(16, 16, 23)
(16, 17, 23)
(16, 18, 21)
(16, 19, 21)
(16, 20, 19)
(16, 21, 11)
(16, 22, 11)
(16, 23, 11)
(16, 24, 9)
(16, 25, 9)
(16, 26, 9)
(16, 27, 9)
(16, 28, 9)
(16, 29, 9)
(16, 30, 9)
(16, 31, 9)
(16, 32, 9)
(16, 33, 9)
(16, 34, 9)
(16, 35, 7)
(16, 36, 6)
(16, 37, 6)
(16, 38, 5)
(16, 39, 5)

(17, 0, 86)
(17, 1, 86)
(17, 2, 82)
(17, 3, 78)
(17, 4, 78)
(17, 5, 78)
(17, 6, 65)
(17, 7, 52)
(17, 8, 52)
(17, 9, 35)
(17, 10, 33)
(17, 11, 33)
(17, 12, 33)
(17, 13, 33)
(17, 14, 31)
(17, 15, 27)
(17, 16, 25)
(17, 17, 25)
(17, 18, 23)
(17, 19, 21)
(17, 20, 19)
(17, 21, 9)
(17, 22, 9)
(17, 23, 9)
(17, 24, 8)
(17, 25, 8)
(17, 26, 7)
(17, 27, 7)
(17, 28, 7)
(17, 29, 7)
(17, 30, 7)
(17, 31, 7)
(17, 32, 7)
(17, 33, 7)
(17, 34, 7)
(17, 35, 5)
(17, 36, 5)
(17, 37, 5)
(17, 38, 5)
(17, 39, 5)

(18, 0, 92)
(18, 1, 92)
(18, 2, 88)
(18, 3, 84)
(18, 4, 84)
(18, 5, 84)
(18, 6, 71)
(18, 7, 56)
(18, 8, 56)
(18, 9, 39)
(18, 10, 37)
(18, 11, 37)
(18, 12, 37)
(18, 13, 37)
(18, 14, 35)
(18, 15, 31)
(18, 16, 29)
(18, 17, 29)
(18, 18, 27)
(18, 19, 23)
(18, 20, 21)
(18, 21, 11)
(18, 22, 11)
(18, 23, 9)
(18, 24, 6)
(18, 25, 6)
(18, 26, 5)
(18, 27, 5)
(18, 28, 5)
(18, 29, 5)
(18, 30, 5)
(18, 31, 5)
(18, 32, 5)
(18, 33, 5)
(18, 34, 5)
(18, 35, 5)
(18, 36, 5)
(18, 37, 5)
(18, 38, 5)
(18, 39, 5)

(19, 0, 97)
(19, 1, 97)
(19, 2, 93)
(19, 3, 89)
(19, 4, 89)
(19, 5, 89)
(19, 6, 74)
(19, 7, 59)
(19, 8, 59)
(19, 9, 40)
(19, 10, 38)
(19, 11, 38)
(19, 12, 38)
(19, 13, 38)
(19, 14, 36)
(19, 15, 32)
(19, 16, 29)
(19, 17, 29)
(19, 18, 27)
(19, 19, 23)
(19, 20, 21)
(19, 21, 9)
(19, 22, 9)
(19, 23, 7)
(19, 24, 6)
(19, 25, 6)
(19, 26, 5)
(19, 27, 5)
(19, 28, 5)
(19, 29, 5)
(19, 30, 5)
(19, 31, 5)
(19, 32, 5)
(19, 33, 5)
(19, 34, 5)
(19, 35, 5)
(19, 36, 5)
(19, 37, 5)
(19, 38, 5)
(19, 39, 5)

(20, 0, 100)
(20, 1, 100)
(20, 2, 96)
(20, 3, 92)
(20, 4, 92)
(20, 5, 92)
(20, 6, 77)
(20, 7, 62)
(20, 8, 62)
(20, 9, 43)
(20, 10, 41)
(20, 11, 41)
(20, 12, 41)
(20, 13, 41)
(20, 14, 39)
(20, 15, 35)
(20, 16, 31)
(20, 17, 31)
(20, 18, 29)
(20, 19, 24)
(20, 20, 22)
(20, 21, 10)
(20, 22, 8)
(20, 23, 6)
(20, 24, 5)
(20, 25, 5)
(20, 26, 5)
(20, 27, 5)
(20, 28, 5)
(20, 29, 5)
(20, 30, 5)
(20, 31, 5)
(20, 32, 5)
(20, 33, 5)
(20, 34, 5)
(20, 35, 5)
(20, 36, 5)
(20, 37, 5)
(20, 38, 5)
(20, 39, 5)

(21, 0, 105)
(21, 1, 105)
(21, 2, 101)
(21, 3, 97)
(21, 4, 97)
(21, 5, 97)
(21, 6, 82)
(21, 7, 65)
(21, 8, 65)
(21, 9, 46)
(21, 10, 44)
(21, 11, 44)
(21, 12, 44)
(21, 13, 44)
(21, 14, 42)
(21, 15, 38)
(21, 16, 34)
(21, 17, 33)
(21, 18, 31)
(21, 19, 26)
(21, 20, 24)
(21, 21, 12)
(21, 22, 10)
(21, 23, 8)
(21, 24, 5)
(21, 25, 5)
(21, 26, 5)
(21, 27, 5)
(21, 28, 5)
(21, 29, 5)
(21, 30, 5)
(21, 31, 5)
(21, 32, 5)
(21, 33, 5)
(21, 34, 5)
(21, 35, 5)
(21, 36, 5)
(21, 37, 5)
(21, 38, 5)
(21, 39, 5)

(22, 0, 110)
(22, 1, 110)
(22, 2, 106)
(22, 3, 102)
(22, 4, 102)
(22, 5, 102)
(22, 6, 85)
(22, 7, 68)
(22, 8, 68)
(22, 9, 47)
(22, 10, 45)
(22, 11, 45)
(22, 12, 45)
(22, 13, 45)
(22, 14, 43)
(22, 15, 39)
(22, 16, 35)
(22, 17, 33)
(22, 18, 31)
(22, 19, 26)
(22, 20, 24)
(22, 21, 10)
(22, 22, 8)
(22, 23, 6)
(22, 24, 5)
(22, 25, 5)
(22, 26, 5)
(22, 27, 5)
(22, 28, 5)
(22, 29, 5)
(22, 30, 5)
(22, 31, 5)
(22, 32, 5)
(22, 33, 5)
(22, 34, 5)
(22, 35, 5)
(22, 36, 5)
(22, 37, 5)
(22, 38, 5)
(22, 39, 5)

(23, 0, 110)
(23, 1, 110)
(23, 2, 106)
(23, 3, 102)
(23, 4, 102)
(23, 5, 102)
(23, 6, 85)
(23, 7, 68)
(23, 8, 68)
(23, 9, 47)
(23, 10, 45)
(23, 11, 45)
(23, 12, 45)
(23, 13, 45)
(23, 14, 43)
(23, 15, 39)
(23, 16, 35)
(23, 17, 33)
(23, 18, 31)
(23, 19, 26)
(23, 20, 24)
(23, 21, 10)
(23, 22, 8)
(23, 23, 6)
(23, 24, 5)
(23, 25, 5)
(23, 26, 5)
(23, 27, 5)
(23, 28, 5)
(23, 29, 5)
(23, 30, 5)
(23, 31, 5)
(23, 32, 5)
(23, 33, 5)
(23, 34, 5)
(23, 35, 5)
(23, 36, 5)
(23, 37, 5)
(23, 38, 5)
(23, 39, 5)

(24, 0, 116)
(24, 1, 116)
(24, 2, 112)
(24, 3, 108)
(24, 4, 108)
(24, 5, 108)
(24, 6, 91)
(24, 7, 72)
(24, 8, 72)
(24, 9, 51)
(24, 10, 49)
(24, 11, 49)
(24, 12, 49)
(24, 13, 49)
(24, 14, 47)
(24, 15, 43)
(24, 16, 39)
(24, 17, 37)
(24, 18, 35)
(24, 19, 30)
(24, 20, 28)
(24, 21, 14)
(24, 22, 10)
(24, 23, 8)
(24, 24, 5)
(24, 25, 5)
(24, 26, 5)
(24, 27, 5)
(24, 28, 5)
(24, 29, 5)
(24, 30, 5)
(24, 31, 5)
(24, 32, 5)
(24, 33, 5)
(24, 34, 5)
(24, 35, 5)
(24, 36, 5)
(24, 37, 5)
(24, 38, 5)
(24, 39, 5)

(25, 0, 120)
(25, 1, 120)
(25, 2, 116)
(25, 3, 112)
(25, 4, 112)
(25, 5, 112)
(25, 6, 93)
(25, 7, 74)
(25, 8, 74)
(25, 9, 51)
(25, 10, 49)
(25, 11, 49)
(25, 12, 49)
(25, 13, 49)
(25, 14, 47)
(25, 15, 43)
(25, 16, 39)
(25, 17, 37)
(25, 18, 35)
(25, 19, 30)
(25, 20, 28)
(25, 21, 12)
(25, 22, 8)
(25, 23, 6)
(25, 24, 5)
(25, 25, 5)
(25, 26, 5)
(25, 27, 5)
(25, 28, 5)
(25, 29, 5)
(25, 30, 5)
(25, 31, 5)
(25, 32, 5)
(25, 33, 5)
(25, 34, 5)
(25, 35, 5)
(25, 36, 5)
(25, 37, 5)
(25, 38, 5)
(25, 39, 5)

(26, 0, 120)
(26, 1, 120)
(26, 2, 116)
(26, 3, 112)
(26, 4, 112)
(26, 5, 112)
(26, 6, 93)
(26, 7, 74)
(26, 8, 74)
(26, 9, 51)
(26, 10, 49)
(26, 11, 49)
(26, 12, 49)
(26, 13, 49)
(26, 14, 47)
(26, 15, 43)
(26, 16, 39)
(26, 17, 37)
(26, 18, 35)
(26, 19, 30)
(26, 20, 28)
(26, 21, 12)
(26, 22, 8)
(26, 23, 6)
(26, 24, 5)
(26, 25, 5)
(26, 26, 5)
(26, 27, 5)
(26, 28, 5)
(26, 29, 5)
(26, 30, 5)
(26, 31, 5)
(26, 32, 5)
(26, 33, 5)
(26, 34, 5)
(26, 35, 5)
(26, 36, 5)
(26, 37, 5)
(26, 38, 5)
(26, 39, 5)

(27, 0, 124)
(27, 1, 124)
(27, 2, 120)
(27, 3, 116)
(27, 4, 116)
(27, 5, 116)
(27, 6, 97)
(27, 7, 76)
(27, 8, 76)
(27, 9, 53)
(27, 10, 51)
(27, 11, 51)
(27, 12, 51)
(27, 13, 51)
(27, 14, 49)
(27, 15, 45)
(27, 16, 41)
(27, 17, 39)
(27, 18, 37)
(27, 19, 32)
(27, 20, 30)
(27, 21, 14)
(27, 22, 10)
(27, 23, 8)
(27, 24, 5)
(27, 25, 5)
(27, 26, 5)
(27, 27, 5)
(27, 28, 5)
(27, 29, 5)
(27, 30, 5)
(27, 31, 5)
(27, 32, 5)
(27, 33, 5)
(27, 34, 5)
(27, 35, 5)
(27, 36, 5)
(27, 37, 5)
(27, 38, 5)
(27, 39, 5)

(28, 0, 134)
(28, 1, 134)
(28, 2, 130)
(28, 3, 123)
(28, 4, 123)
(28, 5, 123)
(28, 6, 102)
(28, 7, 81)
(28, 8, 81)
(28, 9, 56)
(28, 10, 54)
(28, 11, 54)
(28, 12, 54)
(28, 13, 53)
(28, 14, 51)
(28, 15, 47)
(28, 16, 43)
(28, 17, 41)
(28, 18, 39)
(28, 19, 34)
(28, 20, 32)
(28, 21, 14)
(28, 22, 10)
(28, 23, 8)
(28, 24, 7)
(28, 25, 7)
(28, 26, 7)
(28, 27, 7)
(28, 28, 7)
(28, 29, 6)
(28, 30, 6)
(28, 31, 5)
(28, 32, 5)
(28, 33, 5)
(28, 34, 5)
(28, 35, 5)
(28, 36, 5)
(28, 37, 5)
(28, 38, 5)
(28, 39, 5)

(29, 0, 141)
(29, 1, 141)
(29, 2, 137)
(29, 3, 124)
(29, 4, 124)
(29, 5, 124)
(29, 6, 103)
(29, 7, 82)
(29, 8, 82)
(29, 9, 57)
(29, 10, 55)
(29, 11, 55)
(29, 12, 55)
(29, 13, 53)
(29, 14, 51)
(29, 15, 47)
(29, 16, 43)
(29, 17, 41)
(29, 18, 39)
(29, 19, 34)
(29, 20, 32)
(29, 21, 14)
(29, 22, 10)
(29, 23, 8)
(29, 24, 7)
(29, 25, 7)
(29, 26, 6)
(29, 27, 6)
(29, 28, 5)
(29, 29, 5)
(29, 30, 5)
(29, 31, 5)
(29, 32, 5)
(29, 33, 5)
(29, 34, 5)
(29, 35, 5)
(29, 36, 5)
(29, 37, 5)
(29, 38, 5)
(29, 39, 5)

(30, 0, 145)
(30, 1, 145)
(30, 2, 141)
(30, 3, 124)
(30, 4, 124)
(30, 5, 124)
(30, 6, 103)
(30, 7, 82)
(30, 8, 82)
(30, 9, 57)
(30, 10, 55)
(30, 11, 55)
(30, 12, 55)
(30, 13, 53)
(30, 14, 51)
(30, 15, 47)
(30, 16, 43)
(30, 17, 41)
(30, 18, 39)
(30, 19, 34)
(30, 20, 32)
(30, 21, 14)
(30, 22, 10)
(30, 23, 8)
(30, 24, 7)
(30, 25, 7)
(30, 26, 5)
(30, 27, 5)
(30, 28, 5)
(30, 29, 5)
(30, 30, 5)
(30, 31, 5)
(30, 32, 5)
(30, 33, 5)
(30, 34, 5)
(30, 35, 5)
(30, 36, 5)
(30, 37, 5)
(30, 38, 5)
(30, 39, 5)

(31, 0, 159)
(31, 1, 159)
(31, 2, 155)
(31, 3, 132)
(31, 4, 132)
(31, 5, 132)
(31, 6, 109)
(31, 7, 86)
(31, 8, 86)
(31, 9, 59)
(31, 10, 57)
(31, 11, 57)
(31, 12, 57)
(31, 13, 54)
(31, 14, 51)
(31, 15, 47)
(31, 16, 43)
(31, 17, 41)
(31, 18, 39)
(31, 19, 34)
(31, 20, 32)
(31, 21, 12)
(31, 22, 8)
(31, 23, 6)
(31, 24, 5)
(31, 25, 5)
(31, 26, 5)
(31, 27, 5)
(31, 28, 5)
(31, 29, 5)
(31, 30, 5)
(31, 31, 5)
(31, 32, 5)
(31, 33, 5)
(31, 34, 5)
(31, 35, 5)
(31, 36, 5)
(31, 37, 5)
(31, 38, 5)
(31, 39, 5)

(32, 0, 164)
(32, 1, 164)
(32, 2, 160)
(32, 3, 132)
(32, 4, 132)
(32, 5, 132)
(32, 6, 109)
(32, 7, 86)
(32, 8, 86)
(32, 9, 59)
(32, 10, 56)
(32, 11, 55)
(32, 12, 55)
(32, 13, 53)
(32, 14, 51)
(32, 15, 47)
(32, 16, 43)
(32, 17, 41)
(32, 18, 39)
(32, 19, 34)
(32, 20, 32)
(32, 21, 12)
(32, 22, 8)
(32, 23, 6)
(32, 24, 5)
(32, 25, 5)
(32, 26, 5)
(32, 27, 5)
(32, 28, 5)
(32, 29, 5)
(32, 30, 5)
(32, 31, 5)
(32, 32, 5)
(32, 33, 5)
(32, 34, 5)
(32, 35, 5)
(32, 36, 5)
(32, 37, 5)
(32, 38, 5)
(32, 39, 5)

(33, 0, 164)
(33, 1, 164)
(33, 2, 160)
(33, 3, 132)
(33, 4, 132)
(33, 5, 132)
(33, 6, 109)
(33, 7, 86)
(33, 8, 86)
(33, 9, 59)
(33, 10, 56)
(33, 11, 55)
(33, 12, 55)
(33, 13, 53)
(33, 14, 51)
(33, 15, 47)
(33, 16, 43)
(33, 17, 41)
(33, 18, 39)
(33, 19, 34)
(33, 20, 32)
(33, 21, 12)
(33, 22, 8)
(33, 23, 6)
(33, 24, 5)
(33, 25, 5)
(33, 26, 5)
(33, 27, 5)
(33, 28, 5)
(33, 29, 5)
(33, 30, 5)
(33, 31, 5)
(33, 32, 5)
(33, 33, 5)
(33, 34, 5)
(33, 35, 5)
(33, 36, 5)
(33, 37, 5)
(33, 38, 5)
(33, 39, 5)

(34, 0, 172)
(34, 1, 172)
(34, 2, 168)
(34, 3, 140)
(34, 4, 140)
(34, 5, 140)
(34, 6, 115)
(34, 7, 90)
(34, 8, 90)
(34, 9, 61)
(34, 10, 58)
(34, 11, 57)
(34, 12, 57)
(34, 13, 55)
(34, 14, 53)
(34, 15, 48)
(34, 16, 44)
(34, 17, 42)
(34, 18, 40)
(34, 19, 34)
(34, 20, 32)
(34, 21, 12)
(34, 22, 8)
(34, 23, 6)
(34, 24, 5)
(34, 25, 5)
(34, 26, 5)
(34, 27, 5)
(34, 28, 5)
(34, 29, 5)
(34, 30, 5)
(34, 31, 5)
(34, 32, 5)
(34, 33, 5)
(34, 34, 5)
(34, 35, 5)
(34, 36, 5)
(34, 37, 5)
(34, 38, 5)
(34, 39, 5)

(35, 0, 172)
(35, 1, 172)
(35, 2, 168)
(35, 3, 140)
(35, 4, 140)
(35, 5, 140)
(35, 6, 115)
(35, 7, 90)
(35, 8, 90)
(35, 9, 61)
(35, 10, 58)
(35, 11, 57)
(35, 12, 57)
(35, 13, 55)
(35, 14, 53)
(35, 15, 48)
(35, 16, 44)
(35, 17, 42)
(35, 18, 40)
(35, 19, 34)
(35, 20, 32)
(35, 21, 12)
(35, 22, 8)
(35, 23, 6)
(35, 24, 5)
(35, 25, 5)
(35, 26, 5)
(35, 27, 5)
(35, 28, 5)
(35, 29, 5)
(35, 30, 5)
(35, 31, 5)
(35, 32, 5)
(35, 33, 5)
(35, 34, 5)
(35, 35, 5)
(35, 36, 5)
(35, 37, 5)
(35, 38, 5)
(35, 39, 5)

(36, 0, 172)
(36, 1, 172)
(36, 2, 168)
(36, 3, 140)
(36, 4, 140)
(36, 5, 140)
(36, 6, 115)
(36, 7, 90)
(36, 8, 90)
(36, 9, 61)
(36, 10, 58)
(36, 11, 57)
(36, 12, 57)
(36, 13, 55)
(36, 14, 53)
(36, 15, 48)
(36, 16, 44)
(36, 17, 42)
(36, 18, 40)
(36, 19, 34)
(36, 20, 32)
(36, 21, 12)
(36, 22, 8)
(36, 23, 6)
(36, 24, 5)
(36, 25, 5)
(36, 26, 5)
(36, 27, 5)
(36, 28, 5)
(36, 29, 5)
(36, 30, 5)
(36, 31, 5)
(36, 32, 5)
(36, 33, 5)
(36, 34, 5)
(36, 35, 5)
(36, 36, 5)
(36, 37, 5)
(36, 38, 5)
(36, 39, 5)

(37, 0, 174)
(37, 1, 174)
(37, 2, 170)
(37, 3, 142)
(37, 4, 142)
(37, 5, 142)
(37, 6, 117)
(37, 7, 92)
(37, 8, 92)
(37, 9, 63)
(37, 10, 60)
(37, 11, 59)
(37, 12, 59)
(37, 13, 57)
(37, 14, 55)
(37, 15, 50)
(37, 16, 46)
(37, 17, 44)
(37, 18, 42)
(37, 19, 36)
(37, 20, 34)
(37, 21, 12)
(37, 22, 8)
(37, 23, 6)
(37, 24, 5)
(37, 25, 5)
(37, 26, 5)
(37, 27, 5)
(37, 28, 5)
(37, 29, 5)
(37, 30, 5)
(37, 31, 5)
(37, 32, 5)
(37, 33, 5)
(37, 34, 5)
(37, 35, 5)
(37, 36, 5)
(37, 37, 5)
(37, 38, 5)
(37, 39, 5)

(38, 0, 181)
(38, 1, 181)
(38, 2, 177)
(38, 3, 149)
(38, 4, 149)
(38, 5, 149)
(38, 6, 122)
(38, 7, 95)
(38, 8, 95)
(38, 9, 64)
(38, 10, 61)
(38, 11, 60)
(38, 12, 60)
(38, 13, 58)
(38, 14, 56)
(38, 15, 51)
(38, 16, 47)
(38, 17, 45)
(38, 18, 43)
(38, 19, 37)
(38, 20, 35)
(38, 21, 12)
(38, 22, 8)
(38, 23, 6)
(38, 24, 5)
(38, 25, 5)
(38, 26, 5)
(38, 27, 5)
(38, 28, 5)
(38, 29, 5)
(38, 30, 5)
(38, 31, 5)
(38, 32, 5)
(38, 33, 5)
(38, 34, 5)
(38, 35, 5)
(38, 36, 5)
(38, 37, 5)
(38, 38, 5)
(38, 39, 5)

(39, 0, 184)
(39, 1, 184)
(39, 2, 180)
(39, 3, 152)
(39, 4, 152)
(39, 5, 152)
(39, 6, 124)
(39, 7, 96)
(39, 8, 96)
(39, 9, 64)
(39, 10, 61)
(39, 11, 60)
(39, 12, 60)
(39, 13, 58)
(39, 14, 56)
(39, 15, 51)
(39, 16, 47)
(39, 17, 45)
(39, 18, 43)
(39, 19, 37)
(39, 20, 35)
(39, 21, 12)
(39, 22, 8)
(39, 23, 6)
(39, 24, 5)
(39, 25, 5)
(39, 26, 5)
(39, 27, 5)
(39, 28, 5)
(39, 29, 5)
(39, 30, 5)
(39, 31, 5)
(39, 32, 5)
(39, 33, 5)
(39, 34, 5)
(39, 35, 5)
(39, 36, 5)
(39, 37, 5)
(39, 38, 5)
(39, 39, 5)


Betti numbers:
xi_0:
(0, 0, 4)
(1, 0, 5)
(2, 0, 3)
(9, 0, 1)
(10, 0, 6)
(11, 0, 7)
(12, 0, 14)
(13, 0, 8)
(14, 0, 12)
(15, 0, 10)
(16, 0, 10)
(17, 0, 6)
(18, 0, 6)
(19, 0, 5)
(20, 0, 3)
(21, 0, 5)
(22, 0, 5)
(24, 0, 6)
(25, 0, 4)
(27, 0, 4)
(28, 0, 10)
(29, 0, 7)
(30, 0, 4)
(31, 0, 14)
(32, 0, 5)
(34, 0, 8)
(37, 0, 2)
(38, 0, 7)
(39, 0, 3)
xi_1:
(0, 6, 1)
(0, 13, 1)
(1, 2, 2)
(1, 6, 1)
(1, 7, 1)
(1, 9, 1)
(1, 12, 1)
(2, 3, 2)
(2, 7, 1)
(2, 9, 1)
(10, 2, 1)
(10, 6, 2)
(10, 7, 1)
(10, 9, 1)
(11, 2, 1)
(11, 3, 1)
(11, 7, 1)
(11, 9, 1)
(11, 25, 1)
(12, 3, 1)
(12, 7, 3)
(12, 9, 4)
(12, 10, 2)
(12, 15, 2)
(12, 24, 2)
(13, 7, 2)
(13, 14, 2)
(13, 22, 2)
(13, 24, 2)
(14, 6, 3)
(14, 7, 2)
(14, 9, 3)
(14, 18, 2)
(14, 21, 2)
(14, 24, 2)
(15, 6, 2)
(15, 9, 2)
(15, 15, 2)
(15, 16, 2)
(15, 21, 2)
(15, 35, 2)
(15, 38, 1)
(16, 6, 2)
(16, 7, 2)
(16, 9, 2)
(16, 20, 2)
(16, 21, 4)
(16, 24, 2)
(16, 36, 1)
(17, 6, 2)
(17, 9, 2)
(17, 19, 2)
(17, 21, 2)
(17, 24, 1)
(17, 26, 1)
(18, 7, 2)
(18, 19, 2)
(18, 23, 2)
(18, 24, 2)
(19, 6, 2)
(19, 9, 2)
(19, 16, 1)
(19, 21, 2)
(20, 16, 1)
(20, 19, 1)
(20, 22, 2)
(20, 24, 1)
(21, 7, 2)
(21, 17, 1)
(21, 24, 2)
(22, 6, 2)
(22, 9, 2)
(22, 17, 1)
(22, 21, 2)
(24, 7, 2)
(24, 22, 2)
(24, 24, 2)
(25, 6, 2)
(25, 9, 2)
(25, 21, 2)
(27, 7, 2)
(27, 24, 2)
(28, 3, 3)
(28, 6, 2)
(28, 9, 2)
(28, 13, 1)
(28, 21, 2)
(28, 29, 1)
(28, 31, 1)
(29, 3, 6)
(29, 13, 1)
(29, 26, 1)
(29, 28, 1)
(30, 3, 4)
(30, 26, 1)
(31, 3, 6)
(31, 6, 2)
(31, 7, 2)
(31, 9, 2)
(31, 13, 1)
(31, 14, 1)
(31, 21, 2)
(32, 3, 5)
(32, 10, 1)
(32, 11, 1)
(34, 6, 2)
(34, 7, 2)
(34, 9, 2)
(34, 15, 1)
(34, 19, 1)
(37, 21, 2)
(38, 6, 2)
(38, 7, 2)
(38, 9, 2)
(38, 21, 1)
(39, 6, 1)
(39, 7, 1)
(39, 9, 1)
xi_2:
(1, 13, 1)
(2, 12, 1)
(12, 25, 1)
(14, 24, 2)
(15, 24, 2)
(16, 22, 2)
(16, 24, 2)
(17, 24, 2)
(17, 36, 1)
(17, 38, 1)
(18, 35, 2)
(19, 24, 2)
(20, 24, 1)
(20, 26, 1)
(22, 24, 2)
(25, 24, 2)
(28, 24, 2)
(29, 29, 1)
(29, 31, 1)
(30, 28, 1)
(31, 26, 2)
(32, 13, 1)
(32, 14, 1)
