x-grades
-27552198654730243/1600000000000000
-13496596677945503/800000000000000
-26434188057051769/1600000000000000
-6468795689553133/400000000000000
-5063235491874659/320000000000000
-12378586080267029/800000000000000
-24198166861694821/1600000000000000
-738723798839237/50000000000000
-23080156264016347/1600000000000000
-2252115096517711/160000000000000
-21962145666337873/1600000000000000
-5350785091874659/400000000000000
-20844135068659399/1600000000000000
-10142564884910081/800000000000000
-789044978839237/64000000000000
-2395889896517711/200000000000000
-18608113873302451/1600000000000000
-9024554287231607/800000000000000
-17490103275623977/1600000000000000
-846554898839237/80000000000000
-16372092677945503/1600000000000000
-7906543689553133/800000000000000
-15254082080267029/1600000000000000
-918442298839237/100000000000000
-2827214296517711/320000000000000
-6788533091874659/800000000000000
-13018060884910081/1600000000000000
-3114763896517711/400000000000000
-11900050287231607/1600000000000000
-1134104498839237/160000000000000
-10782039689553133/1600000000000000
-1277879298839237/200000000000000
-9664029091874659/1600000000000000
-4552511896517711/800000000000000
-1709203698839237/320000000000000
-1996753298839237/400000000000000
-7428007896517711/1600000000000000
-3434501298839237/800000000000000
-6309997298839237/1600000000000000
-359437/100000

y-grades
999803/400000
999803/200000
2999409/400000
999803/100000
999803/80000
2999409/200000
6998621/400000
999803/50000
8998227/400000
999803/40000
10997833/400000
2999409/100000
12997439/400000
6998621/200000
2999409/80000
999803/25000
16996651/400000
8998227/200000
18996257/400000
999803/20000
20995863/400000
10997833/200000
22995469/400000
2999409/50000
999803/16000
12997439/200000
26994681/400000
6998621/100000
28994287/400000
2999409/40000
30993893/400000
999803/12500
32993499/400000
16996651/200000
6998621/80000
8998227/100000
36992711/400000
18996257/200000
38992317/400000
999803/10000

Dimensions > 0:
(0, 0, 3)
(0, 1, 3)
(0, 2, 3)
(0, 3, 3)
(0, 4, 2)
(0, 5, 2)
(0, 6, 1)
(0, 7, 1)
(0, 8, 1)
(0, 9, 1)
(0, 10, 1)
(0, 11, 1)
(0, 12, 1)
(0, 13, 1)
(0, 14, 1)
(0, 15, 1)
(0, 16, 1)
(0, 17, 1)
(0, 18, 1)
(0, 19, 1)
(0, 20, 1)
(0, 21, 1)
(0, 22, 1)
(0, 23, 1)
(0, 24, 1)
(0, 25, 1)
(0, 26, 1)
(0, 27, 1)
(0, 28, 1)
(0, 29, 1)
(0, 30, 1)
(0, 31, 1)
(0, 32, 1)
(0, 33, 1)
(0, 34, 1)
(0, 35, 1)
(0, 36, 1)
(0, 37, 1)
(0, 38, 1)
(0, 39, 1)

(1, 0, 7)
(1, 1, 6)
(1, 2, 5)
(1, 3, 5)
(1, 4, 4)
(1, 5, 4)
(1, 6, 3)
(1, 7, 2)
(1, 8, 1)
(1, 9, 1)
(1, 10, 1)
(1, 11, 1)
(1, 12, 1)
(1, 13, 1)
(1, 14, 1)
(1, 15, 1)
(1, 16, 1)
(1, 17, 1)
(1, 18, 1)
(1, 19, 1)
(1, 20, 1)
(1, 21, 1)
(1, 22, 1)
(1, 23, 1)
(1, 24, 1)
(1, 25, 1)
(1, 26, 1)
(1, 27, 1)
(1, 28, 1)
(1, 29, 1)
(1, 30, 1)
(1, 31, 1)
(1, 32, 1)
(1, 33, 1)
(1, 34, 1)
(1, 35, 1)
(1, 36, 1)
(1, 37, 1)
(1, 38, 1)
(1, 39, 1)

(2, 0, 15)
(2, 1, 12)
(2, 2, 8)
(2, 3, 7)
(2, 4, 6)
(2, 5, 6)
(2, 6, 5)
(2, 7, 4)
(2, 8, 3)
(2, 9, 2)
(2, 10, 2)
(2, 11, 2)
(2, 12, 2)
(2, 13, 2)
(2, 14, 2)
(2, 15, 2)
(2, 16, 2)
(2, 17, 2)
(2, 18, 2)
(2, 19, 2)
(2, 20, 2)
(2, 21, 2)
(2, 22, 2)
(2, 23, 2)
(2, 24, 2)
(2, 25, 2)
(2, 26, 2)
(2, 27, 2)
(2, 28, 2)
(2, 29, 2)
(2, 30, 2)
(2, 31, 2)
(2, 32, 2)
(2, 33, 2)
(2, 34, 2)
(2, 35, 2)
(2, 36, 2)
(2, 37, 2)
(2, 38, 2)
(2, 39, 2)

(3, 0, 20)
(3, 1, 16)
(3, 2, 10)
(3, 3, 8)
(3, 4, 7)
(3, 5, 7)
(3, 6, 6)
(3, 7, 4)
(3, 8, 3)
(3, 9, 2)
(3, 10, 2)
(3, 11, 2)
(3, 12, 2)
(3, 13, 2)
(3, 14, 2)
(3, 15, 2)
(3, 16, 2)
(3, 17, 2)
(3, 18, 2)
(3, 19, 2)
(3, 20, 2)
(3, 21, 2)
(3, 22, 2)
(3, 23, 2)
(3, 24, 2)
(3, 25, 2)
(3, 26, 2)
(3, 27, 2)
(3, 28, 2)
(3, 29, 2)
(3, 30, 2)
(3, 31, 2)
(3, 32, 2)
(3, 33, 2)
(3, 34, 2)
(3, 35, 2)
(3, 36, 2)
(3, 37, 2)
(3, 38, 2)
(3, 39, 2)

(4, 0, 21)
(4, 1, 17)
(4, 2, 10)
(4, 3, 8)
(4, 4, 7)
(4, 5, 7)
(4, 6, 6)
(4, 7, 4)
(4, 8, 3)
(4, 9, 2)
(4, 10, 2)
(4, 11, 2)
(4, 12, 2)
(4, 13, 2)
(4, 14, 2)
(4, 15, 2)
(4, 16, 2)
(4, 17, 2)
(4, 18, 2)
(4, 19, 2)
(4, 20, 2)
(4, 21, 2)
(4, 22, 2)
(4, 23, 2)
(4, 24, 2)
(4, 25, 2)
(4, 26, 2)
(4, 27, 2)
(4, 28, 2)
(4, 29, 2)
(4, 30, 2)
(4, 31, 2)
(4, 32, 2)
(4, 33, 2)
(4, 34, 2)
(4, 35, 2)
(4, 36, 2)
(4, 37, 2)
(4, 38, 2)
(4, 39, 2)

(5, 0, 21)
(5, 1, 17)
(5, 2, 10)
(5, 3, 8)
(5, 4, 7)
(5, 5, 7)
(5, 6, 6)
(5, 7, 4)
(5, 8, 3)
(5, 9, 2)
(5, 10, 2)
(5, 11, 2)
(5, 12, 2)
(5, 13, 2)
(5, 14, 2)
(5, 15, 2)
(5, 16, 2)
(5, 17, 2)
(5, 18, 2)
(5, 19, 2)
(5, 20, 2)
(5, 21, 2)
(5, 22, 2)
(5, 23, 2)
(5, 24, 2)
(5, 25, 2)
(5, 26, 2)
(5, 27, 2)
(5, 28, 2)
(5, 29, 2)
(5, 30, 2)
(5, 31, 2)
(5, 32, 2)
(5, 33, 2)
(5, 34, 2)
(5, 35, 2)
(5, 36, 2)
(5, 37, 2)
(5, 38, 2)
(5, 39, 2)

(6, 0, 21)
(6, 1, 17)
(6, 2, 10)
(6, 3, 8)
(6, 4, 7)
(6, 5, 7)
(6, 6, 6)
(6, 7, 4)
(6, 8, 3)
(6, 9, 2)
(6, 10, 2)
(6, 11, 2)
(6, 12, 2)
(6, 13, 2)
(6, 14, 2)
(6, 15, 2)
(6, 16, 2)
(6, 17, 2)
(6, 18, 2)
(6, 19, 2)
(6, 20, 2)
(6, 21, 2)
(6, 22, 2)
(6, 23, 2)
(6, 24, 2)
(6, 25, 2)
(6, 26, 2)
(6, 27, 2)
(6, 28, 2)
(6, 29, 2)
(6, 30, 2)
(6, 31, 2)
(6, 32, 2)
(6, 33, 2)
(6, 34, 2)
(6, 35, 2)
(6, 36, 2)
(6, 37, 2)
(6, 38, 2)
(6, 39, 2)

(7, 0, 29)
(7, 1, 25)
(7, 2, 14)
(7, 3, 12)
(7, 4, 11)
(7, 5, 10)
(7, 6, 9)
(7, 7, 7)
(7, 8, 5)
(7, 9, 4)
(7, 10, 4)
(7, 11, 4)
(7, 12, 4)
(7, 13, 4)
(7, 14, 4)
(7, 15, 4)
(7, 16, 4)
(7, 17, 4)
(7, 18, 4)
(7, 19, 4)
(7, 20, 4)
(7, 21, 4)
(7, 22, 4)
(7, 23, 4)
(7, 24, 4)
(7, 25, 4)
(7, 26, 4)
(7, 27, 4)
(7, 28, 4)
(7, 29, 4)
(7, 30, 4)
(7, 31, 4)
(7, 32, 4)
(7, 33, 4)
(7, 34, 4)
(7, 35, 4)
(7, 36, 4)
(7, 37, 4)
(7, 38, 3)
(7, 39, 3)

(8, 0, 47)
(8, 1, 43)
(8, 2, 24)
(8, 3, 16)
(8, 4, 15)
(8, 5, 13)
(8, 6, 12)
(8, 7, 10)
(8, 8, 6)
(8, 9, 5)
(8, 10, 5)
(8, 11, 5)
(8, 12, 5)
(8, 13, 5)
(8, 14, 5)
(8, 15, 5)
(8, 16, 5)
(8, 17, 5)
(8, 18, 5)
(8, 19, 5)
(8, 20, 4)
(8, 21, 4)
(8, 22, 4)
(8, 23, 4)
(8, 24, 4)
(8, 25, 4)
(8, 26, 4)
(8, 27, 4)
(8, 28, 4)
(8, 29, 4)
(8, 30, 4)
(8, 31, 4)
(8, 32, 4)
(8, 33, 4)
(8, 34, 4)
(8, 35, 3)
(8, 36, 3)
(8, 37, 3)
(8, 38, 3)
(8, 39, 3)

(9, 0, 60)
(9, 1, 56)
(9, 2, 33)
(9, 3, 20)
(9, 4, 19)
(9, 5, 14)
(9, 6, 12)
(9, 7, 10)
(9, 8, 6)
(9, 9, 5)
(9, 10, 5)
(9, 11, 5)
(9, 12, 5)
(9, 13, 5)
(9, 14, 5)
(9, 15, 5)
(9, 16, 5)
(9, 17, 5)
(9, 18, 5)
(9, 19, 5)
(9, 20, 4)
(9, 21, 4)
(9, 22, 4)
(9, 23, 4)
(9, 24, 4)
(9, 25, 4)
(9, 26, 4)
(9, 27, 4)
(9, 28, 4)
(9, 29, 4)
(9, 30, 4)
(9, 31, 4)
(9, 32, 4)
(9, 33, 4)
(9, 34, 4)
(9, 35, 3)
(9, 36, 3)
(9, 37, 3)
(9, 38, 3)
(9, 39, 3)

(10, 0, 77)
(10, 1, 73)
(10, 2, 46)
(10, 3, 25)
(10, 4, 24)
(10, 5, 17)
(10, 6, 13)
(10, 7, 11)
(10, 8, 7)
(10, 9, 6)
(10, 10, 6)
(10, 11, 6)
(10, 12, 5)
(10, 13, 5)
(10, 14, 5)
(10, 15, 5)
(10, 16, 5)
(10, 17, 5)
(10, 18, 5)
(10, 19, 5)
(10, 20, 4)
(10, 21, 4)
(10, 22, 4)
(10, 23, 4)
(10, 24, 4)
(10, 25, 4)
(10, 26, 4)
(10, 27, 4)
(10, 28, 4)
(10, 29, 4)
(10, 30, 4)
(10, 31, 4)
(10, 32, 4)
(10, 33, 4)
(10, 34, 4)
(10, 35, 3)
(10, 36, 3)
(10, 37, 3)
(10, 38, 3)
(10, 39, 3)

(11, 0, 104)
(11, 1, 100)
(11, 2, 68)
(11, 3, 32)
(11, 4, 27)
(11, 5, 17)
(11, 6, 13)
(11, 7, 10)
(11, 8, 6)
(11, 9, 5)
(11, 10, 5)
(11, 11, 5)
(11, 12, 5)
(11, 13, 5)
(11, 14, 5)
(11, 15, 5)
(11, 16, 5)
(11, 17, 5)
(11, 18, 5)
(11, 19, 5)
(11, 20, 4)
(11, 21, 4)
(11, 22, 4)
(11, 23, 4)
(11, 24, 4)
(11, 25, 4)
(11, 26, 4)
(11, 27, 4)
(11, 28, 4)
(11, 29, 4)
(11, 30, 4)
(11, 31, 4)
(11, 32, 4)
(11, 33, 4)
(11, 34, 4)
(11, 35, 3)
(11, 36, 3)
(11, 37, 3)
(11, 38, 3)
(11, 39, 3)

(12, 0, 116)
(12, 1, 112)
(12, 2, 80)
(12, 3, 37)
(12, 4, 32)
(12, 5, 18)
(12, 6, 13)
(12, 7, 10)
(12, 8, 6)
(12, 9, 5)
(12, 10, 5)
(12, 11, 5)
(12, 12, 5)
(12, 13, 5)
(12, 14, 5)
(12, 15, 5)
(12, 16, 5)
(12, 17, 5)
(12, 18, 5)
(12, 19, 5)
(12, 20, 4)
(12, 21, 4)
(12, 22, 4)
(12, 23, 4)
(12, 24, 4)
(12, 25, 4)
(12, 26, 4)
(12, 27, 4)
(12, 28, 4)
(12, 29, 4)
(12, 30, 4)
(12, 31, 4)
(12, 32, 4)
(12, 33, 4)
(12, 34, 4)
(12, 35, 3)
(12, 36, 3)
(12, 37, 3)
(12, 38, 3)
(12, 39, 3)

(13, 0, 127)
(13, 1, 123)
(13, 2, 91)
(13, 3, 42)
(13, 4, 36)
(13, 5, 20)
(13, 6, 13)
(13, 7, 10)
(13, 8, 6)
(13, 9, 5)
(13, 10, 5)
(13, 11, 5)
(13, 12, 5)
(13, 13, 5)
(13, 14, 5)
(13, 15, 5)
(13, 16, 5)
(13, 17, 5)
(13, 18, 5)
(13, 19, 5)
(13, 20, 4)
(13, 21, 4)
(13, 22, 4)
(13, 23, 4)
(13, 24, 4)
(13, 25, 4)
(13, 26, 4)
(13, 27, 4)
(13, 28, 4)
(13, 29, 4)
(13, 30, 4)
(13, 31, 4)
(13, 32, 4)
(13, 33, 4)
(13, 34, 4)
(13, 35, 3)
(13, 36, 3)
(13, 37, 3)
(13, 38, 3)
(13, 39, 3)

(14, 0, 142)
(14, 1, 138)
(14, 2, 105)
(14, 3, 48)
(14, 4, 39)
(14, 5, 20)
(14, 6, 13)
(14, 7, 10)
(14, 8, 6)
(14, 9, 5)
(14, 10, 5)
(14, 11, 5)
(14, 12, 5)
(14, 13, 5)
(14, 14, 5)
(14, 15, 5)
(14, 16, 5)
(14, 17, 5)
(14, 18, 5)
(14, 19, 5)
(14, 20, 4)
(14, 21, 4)
(14, 22, 4)
(14, 23, 4)
(14, 24, 4)
(14, 25, 4)
(14, 26, 4)
(14, 27, 4)
(14, 28, 4)
(14, 29, 4)
(14, 30, 4)
(14, 31, 4)
(14, 32, 4)
(14, 33, 4)
(14, 34, 4)
(14, 35, 3)
(14, 36, 3)
(14, 37, 3)
(14, 38, 3)
(14, 39, 3)

(15, 0, 155)
(15, 1, 151)
(15, 2, 118)
(15, 3, 54)
(15, 4, 45)
(15, 5, 22)
(15, 6, 14)
(15, 7, 11)
(15, 8, 7)
(15, 9, 6)
(15, 10, 6)
(15, 11, 6)
(15, 12, 6)
(15, 13, 6)
(15, 14, 6)
(15, 15, 6)
(15, 16, 6)
(15, 17, 5)
(15, 18, 5)
(15, 19, 5)
(15, 20, 4)
(15, 21, 4)
(15, 22, 4)
(15, 23, 4)
(15, 24, 4)
(15, 25, 4)
(15, 26, 4)
(15, 27, 4)
(15, 28, 4)
(15, 29, 4)
(15, 30, 4)
(15, 31, 4)
(15, 32, 4)
(15, 33, 4)
(15, 34, 4)
(15, 35, 3)
(15, 36, 3)
(15, 37, 3)
(15, 38, 3)
(15, 39, 3)

(16, 0, 170)
(16, 1, 166)
(16, 2, 133)
(16, 3, 61)
(16, 4, 52)
(16, 5, 26)
(16, 6, 17)
(16, 7, 14)
(16, 8, 8)
(16, 9, 7)
(16, 10, 7)
(16, 11, 7)
(16, 12, 7)
(16, 13, 7)
(16, 14, 7)
(16, 15, 7)
(16, 16, 7)
(16, 17, 6)
(16, 18, 6)
(16, 19, 6)
(16, 20, 5)
(16, 21, 5)
(16, 22, 4)
(16, 23, 4)
(16, 24, 4)
(16, 25, 4)
(16, 26, 4)
(16, 27, 4)
(16, 28, 4)
(16, 29, 4)
(16, 30, 4)
(16, 31, 4)
(16, 32, 4)
(16, 33, 4)
(16, 34, 4)
(16, 35, 3)
(16, 36, 3)
(16, 37, 3)
(16, 38, 3)
(16, 39, 3)

(17, 0, 186)
(17, 1, 182)
(17, 2, 146)
(17, 3, 63)
(17, 4, 54)
(17, 5, 27)
(17, 6, 17)
(17, 7, 14)
(17, 8, 8)
(17, 9, 7)
(17, 10, 7)
(17, 11, 7)
(17, 12, 7)
(17, 13, 7)
(17, 14, 7)
(17, 15, 7)
(17, 16, 6)
(17, 17, 5)
(17, 18, 5)
(17, 19, 5)
(17, 20, 4)
(17, 21, 4)
(17, 22, 4)
(17, 23, 4)
(17, 24, 4)
(17, 25, 4)
(17, 26, 4)
(17, 27, 4)
(17, 28, 4)
(17, 29, 4)
(17, 30, 4)
(17, 31, 4)
(17, 32, 4)
(17, 33, 4)
(17, 34, 4)
(17, 35, 3)
(17, 36, 3)
(17, 37, 3)
(17, 38, 3)
(17, 39, 3)

(18, 0, 200)
(18, 1, 196)
(18, 2, 146)
(18, 3, 63)
(18, 4, 54)
(18, 5, 27)
(18, 6, 17)
(18, 7, 14)
(18, 8, 8)
(18, 9, 7)
(18, 10, 7)
(18, 11, 7)
(18, 12, 7)
(18, 13, 7)
(18, 14, 7)
(18, 15, 7)
(18, 16, 6)
(18, 17, 5)
(18, 18, 5)
(18, 19, 5)
(18, 20, 4)
(18, 21, 4)
(18, 22, 4)
(18, 23, 4)
(18, 24, 4)
(18, 25, 4)
(18, 26, 4)
(18, 27, 4)
(18, 28, 4)
(18, 29, 4)
(18, 30, 4)
(18, 31, 4)
(18, 32, 4)
(18, 33, 4)
(18, 34, 4)
(18, 35, 3)
(18, 36, 3)
(18, 37, 3)
(18, 38, 3)
(18, 39, 3)

(19, 0, 208)
(19, 1, 204)
(19, 2, 148)
(19, 3, 65)
(19, 4, 56)
(19, 5, 28)
(19, 6, 17)
(19, 7, 14)
(19, 8, 8)
(19, 9, 7)
(19, 10, 7)
(19, 11, 7)
(19, 12, 7)
(19, 13, 7)
(19, 14, 7)
(19, 15, 7)
(19, 16, 6)
(19, 17, 5)
(19, 18, 5)
(19, 19, 5)
(19, 20, 4)
(19, 21, 4)
(19, 22, 4)
(19, 23, 4)
(19, 24, 4)
(19, 25, 4)
(19, 26, 4)
(19, 27, 4)
(19, 28, 4)
(19, 29, 4)
(19, 30, 4)
(19, 31, 4)
(19, 32, 4)
(19, 33, 4)
(19, 34, 4)
(19, 35, 3)
(19, 36, 3)
(19, 37, 3)
(19, 38, 3)
(19, 39, 3)

(20, 0, 216)
(20, 1, 212)
(20, 2, 153)
(20, 3, 70)
(20, 4, 59)
(20, 5, 30)
(20, 6, 18)
(20, 7, 15)
(20, 8, 7)
(20, 9, 6)
(20, 10, 6)
(20, 11, 6)
(20, 12, 6)
(20, 13, 6)
(20, 14, 6)
(20, 15, 6)
(20, 16, 6)
(20, 17, 5)
(20, 18, 5)
(20, 19, 5)
(20, 20, 4)
(20, 21, 4)
(20, 22, 4)
(20, 23, 4)
(20, 24, 4)
(20, 25, 4)
(20, 26, 4)
(20, 27, 4)
(20, 28, 4)
(20, 29, 4)
(20, 30, 4)
(20, 31, 4)
(20, 32, 4)
(20, 33, 4)
(20, 34, 4)
(20, 35, 3)
(20, 36, 3)
(20, 37, 3)
(20, 38, 3)
(20, 39, 3)

(21, 0, 218)
(21, 1, 214)
(21, 2, 155)
(21, 3, 72)
(21, 4, 61)
(21, 5, 31)
(21, 6, 18)
(21, 7, 15)
(21, 8, 7)
(21, 9, 6)
(21, 10, 6)
(21, 11, 6)
(21, 12, 6)
(21, 13, 6)
(21, 14, 6)
(21, 15, 6)
(21, 16, 6)
(21, 17, 5)
(21, 18, 5)
(21, 19, 5)
(21, 20, 4)
(21, 21, 4)
(21, 22, 4)
(21, 23, 4)
(21, 24, 4)
(21, 25, 4)
(21, 26, 4)
(21, 27, 4)
(21, 28, 4)
(21, 29, 4)
(21, 30, 4)
(21, 31, 4)
(21, 32, 4)
(21, 33, 4)
(21, 34, 4)
(21, 35, 3)
(21, 36, 3)
(21, 37, 3)
(21, 38, 3)
(21, 39, 3)

(22, 0, 218)
(22, 1, 214)
(22, 2, 155)
(22, 3, 72)
(22, 4, 61)
(22, 5, 31)
(22, 6, 18)
(22, 7, 15)
(22, 8, 7)
(22, 9, 6)
(22, 10, 6)
(22, 11, 6)
(22, 12, 6)
(22, 13, 6)
(22, 14, 6)
(22, 15, 6)
(22, 16, 6)
(22, 17, 5)
(22, 18, 5)
(22, 19, 5)
(22, 20, 4)
(22, 21, 4)
(22, 22, 4)
(22, 23, 4)
(22, 24, 4)
(22, 25, 4)
(22, 26, 4)
(22, 27, 4)
(22, 28, 4)
(22, 29, 4)
(22, 30, 4)
(22, 31, 4)
(22, 32, 4)
(22, 33, 4)
(22, 34, 4)
(22, 35, 3)
(22, 36, 3)
(22, 37, 3)
(22, 38, 3)
(22, 39, 3)

(23, 0, 222)
(23, 1, 218)
(23, 2, 158)
(23, 3, 75)
(23, 4, 62)
(23, 5, 32)
(23, 6, 19)
(23, 7, 16)
(23, 8, 8)
(23, 9, 7)
(23, 10, 7)
(23, 11, 7)
(23, 12, 7)
(23, 13, 7)
(23, 14, 7)
(23, 15, 7)
(23, 16, 7)
(23, 17, 5)
(23, 18, 5)
(23, 19, 5)
(23, 20, 4)
(23, 21, 4)
(23, 22, 4)
(23, 23, 4)
(23, 24, 4)
(23, 25, 4)
(23, 26, 4)
(23, 27, 4)
(23, 28, 4)
(23, 29, 4)
(23, 30, 4)
(23, 31, 4)
(23, 32, 4)
(23, 33, 4)
(23, 34, 4)
(23, 35, 3)
(23, 36, 3)
(23, 37, 3)
(23, 38, 3)
(23, 39, 3)

(24, 0, 223)
(24, 1, 219)
(24, 2, 159)
(24, 3, 76)
(24, 4, 63)
(24, 5, 33)
(24, 6, 20)
(24, 7, 17)
(24, 8, 9)
(24, 9, 8)
(24, 10, 7)
(24, 11, 7)
(24, 12, 7)
(24, 13, 7)
(24, 14, 7)
(24, 15, 7)
(24, 16, 7)
(24, 17, 5)
(24, 18, 5)
(24, 19, 5)
(24, 20, 4)
(24, 21, 4)
(24, 22, 4)
(24, 23, 4)
(24, 24, 4)
(24, 25, 4)
(24, 26, 4)
(24, 27, 4)
(24, 28, 4)
(24, 29, 4)
(24, 30, 4)
(24, 31, 4)
(24, 32, 4)
(24, 33, 4)
(24, 34, 4)
(24, 35, 3)
(24, 36, 3)
(24, 37, 3)
(24, 38, 3)
(24, 39, 3)

(25, 0, 230)
(25, 1, 226)
(25, 2, 162)
(25, 3, 79)
(25, 4, 66)
(25, 5, 35)
(25, 6, 22)
(25, 7, 19)
(25, 8, 11)
(25, 9, 9)
(25, 10, 8)
(25, 11, 8)
(25, 12, 8)
(25, 13, 8)
(25, 14, 8)
(25, 15, 8)
(25, 16, 8)
(25, 17, 6)
(25, 18, 6)
(25, 19, 6)
(25, 20, 5)
(25, 21, 4)
(25, 22, 4)
(25, 23, 4)
(25, 24, 4)
(25, 25, 4)
(25, 26, 4)
(25, 27, 4)
(25, 28, 4)
(25, 29, 4)
(25, 30, 4)
(25, 31, 4)
(25, 32, 4)
(25, 33, 4)
(25, 34, 4)
(25, 35, 3)
(25, 36, 3)
(25, 37, 3)
(25, 38, 3)
(25, 39, 3)

(26, 0, 243)
(26, 1, 239)
(26, 2, 163)
(26, 3, 80)
(26, 4, 67)
(26, 5, 36)
(26, 6, 23)
(26, 7, 20)
(26, 8, 12)
(26, 9, 10)
(26, 10, 9)
(26, 11, 9)
(26, 12, 9)
(26, 13, 9)
(26, 14, 9)
(26, 15, 9)
(26, 16, 8)
(26, 17, 6)
(26, 18, 6)
(26, 19, 6)
(26, 20, 5)
(26, 21, 4)
(26, 22, 4)
(26, 23, 4)
(26, 24, 4)
(26, 25, 4)
(26, 26, 4)
(26, 27, 4)
(26, 28, 4)
(26, 29, 4)
(26, 30, 4)
(26, 31, 4)
(26, 32, 4)
(26, 33, 4)
(26, 34, 4)
(26, 35, 3)
(26, 36, 3)
(26, 37, 3)
(26, 38, 3)
(26, 39, 3)

(27, 0, 260)
(27, 1, 256)
(27, 2, 164)
(27, 3, 81)
(27, 4, 68)
(27, 5, 36)
(27, 6, 23)
(27, 7, 19)
(27, 8, 11)
(27, 9, 9)
(27, 10, 8)
(27, 11, 8)
(27, 12, 8)
(27, 13, 8)
(27, 14, 8)
(27, 15, 8)
(27, 16, 8)
(27, 17, 6)
(27, 18, 6)
(27, 19, 6)
(27, 20, 5)
(27, 21, 4)
(27, 22, 4)
(27, 23, 4)
(27, 24, 4)
(27, 25, 4)
(27, 26, 4)
(27, 27, 4)
(27, 28, 4)
(27, 29, 4)
(27, 30, 4)
(27, 31, 4)
(27, 32, 4)
(27, 33, 4)
(27, 34, 4)
(27, 35, 3)
(27, 36, 3)
(27, 37, 3)
(27, 38, 3)
(27, 39, 3)

(28, 0, 267)
(28, 1, 263)
(28, 2, 168)
(28, 3, 85)
(28, 4, 72)
(28, 5, 38)
(28, 6, 25)
(28, 7, 20)
(28, 8, 12)
(28, 9, 10)
(28, 10, 9)
(28, 11, 9)
(28, 12, 9)
(28, 13, 9)
(28, 14, 9)
(28, 15, 8)
(28, 16, 8)
(28, 17, 6)
(28, 18, 6)
(28, 19, 6)
(28, 20, 5)
(28, 21, 4)
(28, 22, 4)
(28, 23, 4)
(28, 24, 4)
(28, 25, 4)
(28, 26, 4)
(28, 27, 4)
(28, 28, 4)
(28, 29, 4)
(28, 30, 4)
(28, 31, 4)
(28, 32, 4)
(28, 33, 4)
(28, 34, 4)
(28, 35, 3)
(28, 36, 3)
(28, 37, 3)
(28, 38, 3)
(28, 39, 3)

(29, 0, 276)
(29, 1, 272)
(29, 2, 175)
(29, 3, 87)
(29, 4, 74)
(29, 5, 39)
(29, 6, 26)
(29, 7, 20)
(29, 8, 12)
(29, 9, 10)
(29, 10, 9)
(29, 11, 9)
(29, 12, 9)
(29, 13, 9)
(29, 14, 9)
(29, 15, 8)
(29, 16, 8)
(29, 17, 6)
(29, 18, 6)
(29, 19, 6)
(29, 20, 5)
(29, 21, 4)
(29, 22, 4)
(29, 23, 4)
(29, 24, 4)
(29, 25, 4)
(29, 26, 4)
(29, 27, 4)
(29, 28, 4)
(29, 29, 4)
(29, 30, 4)
(29, 31, 4)
(29, 32, 4)
(29, 33, 4)
(29, 34, 4)
(29, 35, 3)
(29, 36, 3)
(29, 37, 3)
(29, 38, 3)
(29, 39, 3)

(30, 0, 284)
(30, 1, 280)
(30, 2, 183)
(30, 3, 90)
(30, 4, 77)
(30, 5, 41)
(30, 6, 28)
(30, 7, 21)
(30, 8, 13)
(30, 9, 11)
(30, 10, 10)
(30, 11, 10)
(30, 12, 10)
(30, 13, 10)
(30, 14, 10)
(30, 15, 9)
(30, 16, 9)
(30, 17, 7)
(30, 18, 7)
(30, 19, 7)
(30, 20, 6)
(30, 21, 5)
(30, 22, 5)
(30, 23, 5)
(30, 24, 5)
(30, 25, 5)
(30, 26, 5)
(30, 27, 5)
(30, 28, 5)
(30, 29, 5)
(30, 30, 5)
(30, 31, 5)
(30, 32, 5)
(30, 33, 5)
(30, 34, 5)
(30, 35, 4)
(30, 36, 4)
(30, 37, 4)
(30, 38, 4)
(30, 39, 4)

(31, 0, 292)
(31, 1, 288)
(31, 2, 191)
(31, 3, 94)
(31, 4, 80)
(31, 5, 44)
(31, 6, 30)
(31, 7, 22)
(31, 8, 14)
(31, 9, 11)
(31, 10, 10)
(31, 11, 10)
(31, 12, 10)
(31, 13, 10)
(31, 14, 10)
(31, 15, 9)
(31, 16, 9)
(31, 17, 7)
(31, 18, 7)
(31, 19, 7)
(31, 20, 6)
(31, 21, 5)
(31, 22, 5)
(31, 23, 5)
(31, 24, 5)
(31, 25, 5)
(31, 26, 5)
(31, 27, 5)
(31, 28, 5)
(31, 29, 5)
(31, 30, 5)
(31, 31, 5)
(31, 32, 5)
(31, 33, 5)
(31, 34, 5)
(31, 35, 4)
(31, 36, 4)
(31, 37, 3)
(31, 38, 3)
(31, 39, 3)

(32, 0, 300)
(32, 1, 296)
(32, 2, 199)
(32, 3, 97)
(32, 4, 83)
(32, 5, 45)
(32, 6, 31)
(32, 7, 22)
(32, 8, 14)
(32, 9, 11)
(32, 10, 10)
(32, 11, 10)
(32, 12, 10)
(32, 13, 10)
(32, 14, 10)
(32, 15, 9)
(32, 16, 9)
(32, 17, 7)
(32, 18, 7)
(32, 19, 7)
(32, 20, 6)
(32, 21, 5)
(32, 22, 5)
(32, 23, 5)
(32, 24, 5)
(32, 25, 5)
(32, 26, 5)
(32, 27, 5)
(32, 28, 5)
(32, 29, 5)
(32, 30, 5)
(32, 31, 5)
(32, 32, 5)
(32, 33, 5)
(32, 34, 5)
(32, 35, 4)
(32, 36, 4)
(32, 37, 3)
(32, 38, 3)
(32, 39, 3)

(33, 0, 307)
(33, 1, 303)
(33, 2, 206)
(33, 3, 99)
(33, 4, 85)
(33, 5, 46)
(33, 6, 32)
(33, 7, 22)
(33, 8, 14)
(33, 9, 11)
(33, 10, 10)
(33, 11, 10)
(33, 12, 10)
(33, 13, 10)
(33, 14, 10)
(33, 15, 9)
(33, 16, 9)
(33, 17, 7)
(33, 18, 7)
(33, 19, 7)
(33, 20, 6)
(33, 21, 5)
(33, 22, 5)
(33, 23, 5)
(33, 24, 5)
(33, 25, 5)
(33, 26, 5)
(33, 27, 5)
(33, 28, 5)
(33, 29, 5)
(33, 30, 5)
(33, 31, 5)
(33, 32, 5)
(33, 33, 5)
(33, 34, 5)
(33, 35, 4)
(33, 36, 4)
(33, 37, 3)
(33, 38, 3)
(33, 39, 3)

(34, 0, 313)
(34, 1, 309)
(34, 2, 212)
(34, 3, 105)
(34, 4, 91)
(34, 5, 50)
(34, 6, 36)
(34, 7, 23)
(34, 8, 15)
(34, 9, 12)
(34, 10, 11)
(34, 11, 11)
(34, 12, 11)
(34, 13, 11)
(34, 14, 10)
(34, 15, 9)
(34, 16, 9)
(34, 17, 7)
(34, 18, 7)
(34, 19, 7)
(34, 20, 5)
(34, 21, 5)
(34, 22, 5)
(34, 23, 5)
(34, 24, 5)
(34, 25, 5)
(34, 26, 5)
(34, 27, 5)
(34, 28, 5)
(34, 29, 5)
(34, 30, 5)
(34, 31, 5)
(34, 32, 5)
(34, 33, 5)
(34, 34, 5)
(34, 35, 4)
(34, 36, 4)
(34, 37, 3)
(34, 38, 3)
(34, 39, 3)

(35, 0, 317)
(35, 1, 313)
(35, 2, 216)
(35, 3, 109)
(35, 4, 95)
(35, 5, 51)
(35, 6, 37)
(35, 7, 22)
(35, 8, 14)
(35, 9, 11)
(35, 10, 10)
(35, 11, 10)
(35, 12, 10)
(35, 13, 10)
(35, 14, 10)
(35, 15, 9)
(35, 16, 9)
(35, 17, 7)
(35, 18, 7)
(35, 19, 7)
(35, 20, 5)
(35, 21, 5)
(35, 22, 5)
(35, 23, 5)
(35, 24, 5)
(35, 25, 5)
(35, 26, 5)
(35, 27, 5)
(35, 28, 5)
(35, 29, 5)
(35, 30, 5)
(35, 31, 5)
(35, 32, 5)
(35, 33, 5)
(35, 34, 5)
(35, 35, 4)
(35, 36, 4)
(35, 37, 3)
(35, 38, 3)
(35, 39, 3)

(36, 0, 317)
(36, 1, 313)
(36, 2, 216)
(36, 3, 109)
(36, 4, 95)
(36, 5, 51)
(36, 6, 37)
(36, 7, 22)
(36, 8, 14)
(36, 9, 11)
(36, 10, 10)
(36, 11, 10)
(36, 12, 10)
(36, 13, 10)
(36, 14, 10)
(36, 15, 9)
(36, 16, 9)
(36, 17, 7)
(36, 18, 7)
(36, 19, 7)
(36, 20, 5)
(36, 21, 5)
(36, 22, 5)
(36, 23, 5)
(36, 24, 5)
(36, 25, 5)
(36, 26, 5)
(36, 27, 5)
(36, 28, 5)
(36, 29, 5)
(36, 30, 5)
(36, 31, 5)
(36, 32, 5)
(36, 33, 5)
(36, 34, 5)
(36, 35, 4)
(36, 36, 4)
(36, 37, 3)
(36, 38, 3)
(36, 39, 3)

(37, 0, 317)
(37, 1, 313)
(37, 2, 216)
(37, 3, 109)
(37, 4, 95)
(37, 5, 51)
(37, 6, 37)
(37, 7, 22)
(37, 8, 14)
(37, 9, 11)
(37, 10, 10)
(37, 11, 10)
(37, 12, 10)
(37, 13, 10)
(37, 14, 10)
(37, 15, 9)
(37, 16, 9)
(37, 17, 7)
(37, 18, 7)
(37, 19, 7)
(37, 20, 5)
(37, 21, 5)
(37, 22, 5)
(37, 23, 5)
(37, 24, 5)
(37, 25, 5)
(37, 26, 5)
(37, 27, 5)
(37, 28, 5)
(37, 29, 5)
(37, 30, 5)
(37, 31, 5)
(37, 32, 5)
(37, 33, 5)
(37, 34, 5)
(37, 35, 4)
(37, 36, 4)
(37, 37, 3)
(37, 38, 3)
(37, 39, 3)

(38, 0, 317)
(38, 1, 313)
(38, 2, 216)
(38, 3, 109)
(38, 4, 95)
(38, 5, 51)
(38, 6, 37)
(38, 7, 22)
(38, 8, 14)
(38, 9, 11)
(38, 10, 10)
(38, 11, 10)
(38, 12, 10)
(38, 13, 10)
(38, 14, 10)
(38, 15, 9)
(38, 16, 9)
(38, 17, 7)
(38, 18, 7)
(38, 19, 7)
(38, 20, 5)
(38, 21, 5)
(38, 22, 5)
(38, 23, 5)
(38, 24, 5)
(38, 25, 5)
(38, 26, 5)
(38, 27, 5)
(38, 28, 5)
(38, 29, 5)
(38, 30, 5)
(38, 31, 5)
(38, 32, 5)
(38, 33, 5)
(38, 34, 5)
(38, 35, 4)
(38, 36, 4)
(38, 37, 3)
(38, 38, 3)
(38, 39, 3)

(39, 0, 320)
(39, 1, 316)
(39, 2, 219)
(39, 3, 112)
(39, 4, 98)
(39, 5, 54)
(39, 6, 40)
(39, 7, 25)
(39, 8, 17)
(39, 9, 12)
(39, 10, 11)
(39, 11, 11)
(39, 12, 11)
(39, 13, 11)
(39, 14, 11)
(39, 15, 10)
(39, 16, 10)
(39, 17, 8)
(39, 18, 8)
(39, 19, 8)
(39, 20, 6)
(39, 21, 6)
(39, 22, 6)
(39, 23, 6)
(39, 24, 6)
(39, 25, 6)
(39, 26, 6)
(39, 27, 6)
(39, 28, 6)
(39, 29, 6)
(39, 30, 6)
(39, 31, 6)
(39, 32, 6)
(39, 33, 6)
(39, 34, 6)
(39, 35, 5)
(39, 36, 5)
(39, 37, 4)
(39, 38, 4)
(39, 39, 4)


Betti numbers:
xi_0:
(0, 0, 3)
(1, 0, 4)
(2, 0, 8)
(3, 0, 5)
(4, 0, 1)
(7, 0, 8)
(8, 0, 18)
(9, 0, 13)
(10, 0, 17)
(11, 0, 27)
(12, 0, 12)
(13, 0, 11)
(14, 0, 15)
(15, 0, 13)
(16, 0, 15)
(17, 0, 16)
(18, 0, 14)
(19, 0, 8)
(20, 0, 8)
(21, 0, 2)
(23, 0, 4)
(24, 0, 1)
(25, 0, 7)
(26, 0, 13)
(27, 0, 17)
(28, 0, 7)
(29, 0, 9)
(30, 0, 8)
(31, 0, 8)
(32, 0, 8)
(33, 0, 7)
(34, 0, 6)
(35, 0, 4)
(39, 0, 3)
xi_1:
(0, 4, 1)
(0, 6, 1)
(1, 1, 1)
(1, 2, 1)
(1, 7, 1)
(1, 8, 1)
(2, 1, 2)
(2, 2, 3)
(2, 3, 1)
(2, 9, 1)
(3, 1, 1)
(3, 2, 2)
(3, 3, 1)
(3, 7, 1)
(4, 2, 1)
(7, 2, 4)
(7, 5, 1)
(7, 8, 1)
(7, 38, 1)
(8, 2, 8)
(8, 3, 6)
(8, 5, 1)
(8, 8, 2)
(8, 20, 1)
(8, 35, 1)
(9, 2, 4)
(9, 3, 5)
(9, 5, 3)
(9, 6, 1)
(10, 2, 4)
(10, 3, 8)
(10, 5, 2)
(10, 6, 2)
(10, 12, 1)
(11, 2, 5)
(11, 3, 15)
(11, 4, 4)
(11, 5, 3)
(11, 7, 1)
(12, 3, 7)
(12, 5, 4)
(12, 6, 1)
(13, 3, 6)
(13, 4, 1)
(13, 5, 2)
(13, 6, 2)
(14, 2, 1)
(14, 3, 8)
(14, 4, 3)
(14, 5, 3)
(14, 6, 1)
(15, 3, 7)
(15, 5, 4)
(15, 6, 1)
(15, 17, 1)
(16, 3, 8)
(16, 5, 3)
(16, 6, 1)
(16, 8, 2)
(16, 22, 1)
(17, 2, 3)
(17, 3, 11)
(17, 5, 1)
(17, 6, 1)
(17, 16, 1)
(18, 2, 14)
(19, 2, 6)
(19, 5, 1)
(19, 6, 1)
(20, 2, 3)
(20, 4, 2)
(20, 5, 1)
(20, 6, 1)
(20, 8, 2)
(21, 5, 1)
(21, 6, 1)
(23, 2, 1)
(23, 4, 2)
(23, 17, 1)
(24, 10, 1)
(25, 2, 4)
(25, 5, 1)
(25, 9, 1)
(25, 21, 1)
(26, 2, 12)
(26, 16, 1)
(27, 2, 16)
(27, 5, 1)
(27, 7, 1)
(28, 2, 3)
(28, 5, 2)
(28, 7, 1)
(28, 15, 1)
(29, 2, 2)
(29, 3, 5)
(29, 5, 1)
(29, 7, 1)
(30, 3, 5)
(30, 5, 1)
(30, 7, 1)
(31, 3, 4)
(31, 4, 1)
(31, 6, 1)
(31, 7, 1)
(31, 9, 1)
(31, 37, 1)
(32, 3, 5)
(32, 5, 2)
(32, 7, 1)
(33, 3, 5)
(33, 5, 1)
(33, 7, 1)
(34, 5, 2)
(34, 7, 3)
(34, 14, 1)
(34, 20, 1)
(35, 5, 3)
(35, 7, 2)
(39, 9, 2)
xi_2:
(8, 38, 1)
(11, 12, 1)
(14, 6, 1)
(17, 22, 1)
(20, 16, 1)
(27, 16, 1)
(34, 21, 1)
(35, 14, 1)
