x-grades
-490075971125017811/40000000000000000
-240890719908006731/20000000000000000
-473486908507009113/40000000000000000
-116298094299501191/10000000000000000
-91379569177800083/8000000000000000
-224301657289998033/20000000000000000
-440308783270991717/40000000000000000
-54001781495248421/5000000000000000
-423719720652983019/40000000000000000
-41542518934397867/4000000000000000
-407130658034974321/40000000000000000
-99709031681492493/10000000000000000
-390541595416965623/40000000000000000
-191123532053980637/20000000000000000
-14958101311958277/1600000000000000
-5713406273280509/625000000000000
-357363470180948227/40000000000000000
-174534469435971939/20000000000000000
-340774407562939529/40000000000000000
-16623993812696759/2000000000000000
-324185344944930831/40000000000000000
-157945406817963241/20000000000000000
-307596282326922133/40000000000000000
-37412718877239723/5000000000000000
-58201443941782687/8000000000000000
-141356344199954543/20000000000000000
-274418157090904737/40000000000000000
-66530906445475097/10000000000000000
-257829094472896039/40000000000000000
-24953456316389169/4000000000000000
-241240031854887341/40000000000000000
-14559093784117687/2500000000000000
-224650969236878643/40000000000000000
-108178218963937147/20000000000000000
-41612381323773989/8000000000000000
-49941843827466399/10000000000000000
-191472844000861247/40000000000000000
-91589156345928449/20000000000000000
-174883781382852549/40000000000000000
-832946250369241/200000000000000

y-grades
5/2
5
15/2
10
25/2
15
35/2
20
45/2
25
55/2
30
65/2
35
75/2
40
85/2
45
95/2
50
105/2
55
115/2
60
125/2
65
135/2
70
145/2
75
155/2
80
165/2
85
175/2
90
185/2
95
195/2
100

Dimensions > 0:
(0, 0, 1)
(0, 1, 1)
(0, 2, 1)
(0, 3, 1)
(0, 4, 1)
(0, 5, 1)
(0, 6, 1)
(0, 7, 1)
(0, 8, 1)
(0, 9, 1)
(0, 10, 1)
(0, 11, 1)
(0, 12, 1)
(0, 13, 1)
(0, 14, 1)
(0, 15, 1)
(0, 16, 1)
(0, 17, 1)
(0, 18, 1)
(0, 19, 1)
(0, 20, 1)
(0, 21, 1)
(0, 22, 1)
(0, 23, 1)
(0, 24, 1)
(0, 25, 1)
(0, 26, 1)
(0, 27, 1)
(0, 28, 1)
(0, 29, 1)
(0, 30, 1)
(0, 31, 1)
(0, 32, 1)
(0, 33, 1)
(0, 34, 1)
(0, 35, 1)
(0, 36, 1)
(0, 37, 1)
(0, 38, 1)
(0, 39, 1)

(1, 0, 1)
(1, 1, 1)
(1, 2, 1)
(1, 3, 1)
(1, 4, 1)
(1, 5, 1)
(1, 6, 1)
(1, 7, 1)
(1, 8, 1)
(1, 9, 1)
(1, 10, 1)
(1, 11, 1)
(1, 12, 1)
(1, 13, 1)
(1, 14, 1)
(1, 15, 1)
(1, 16, 1)
(1, 17, 1)
(1, 18, 1)
(1, 19, 1)
(1, 20, 1)
(1, 21, 1)
(1, 22, 1)
(1, 23, 1)
(1, 24, 1)
(1, 25, 1)
(1, 26, 1)
(1, 27, 1)
(1, 28, 1)
(1, 29, 1)
(1, 30, 1)
(1, 31, 1)
(1, 32, 1)
(1, 33, 1)
(1, 34, 1)
(1, 35, 1)
(1, 36, 1)
(1, 37, 1)
(1, 38, 1)
(1, 39, 1)

(2, 0, 1)
(2, 1, 1)
(2, 2, 1)
(2, 3, 1)
(2, 4, 1)
(2, 5, 1)
(2, 6, 1)
(2, 7, 1)
(2, 8, 1)
(2, 9, 1)
(2, 10, 1)
(2, 11, 1)
(2, 12, 1)
(2, 13, 1)
(2, 14, 1)
(2, 15, 1)
(2, 16, 1)
(2, 17, 1)
(2, 18, 1)
(2, 19, 1)
(2, 20, 1)
(2, 21, 1)
(2, 22, 1)
(2, 23, 1)
(2, 24, 1)
(2, 25, 1)
(2, 26, 1)
(2, 27, 1)
(2, 28, 1)
(2, 29, 1)
(2, 30, 1)
(2, 31, 1)
(2, 32, 1)
(2, 33, 1)
(2, 34, 1)
(2, 35, 1)
(2, 36, 1)
(2, 37, 1)
(2, 38, 1)
(2, 39, 1)

(3, 0, 1)
(3, 1, 1)
(3, 2, 1)
(3, 3, 1)
(3, 4, 1)
(3, 5, 1)
(3, 6, 1)
(3, 7, 1)
(3, 8, 1)
(3, 9, 1)
(3, 10, 1)
(3, 11, 1)
(3, 12, 1)
(3, 13, 1)
(3, 14, 1)
(3, 15, 1)
(3, 16, 1)
(3, 17, 1)
(3, 18, 1)
(3, 19, 1)
(3, 20, 1)
(3, 21, 1)
(3, 22, 1)
(3, 23, 1)
(3, 24, 1)
(3, 25, 1)
(3, 26, 1)
(3, 27, 1)
(3, 28, 1)
(3, 29, 1)
(3, 30, 1)
(3, 31, 1)
(3, 32, 1)
(3, 33, 1)
(3, 34, 1)
(3, 35, 1)
(3, 36, 1)
(3, 37, 1)
(3, 38, 1)
(3, 39, 1)

(4, 0, 1)
(4, 1, 1)
(4, 2, 1)
(4, 3, 1)
(4, 4, 1)
(4, 5, 1)
(4, 6, 1)
(4, 7, 1)
(4, 8, 1)
(4, 9, 1)
(4, 10, 1)
(4, 11, 1)
(4, 12, 1)
(4, 13, 1)
(4, 14, 1)
(4, 15, 1)
(4, 16, 1)
(4, 17, 1)
(4, 18, 1)
(4, 19, 1)
(4, 20, 1)
(4, 21, 1)
(4, 22, 1)
(4, 23, 1)
(4, 24, 1)
(4, 25, 1)
(4, 26, 1)
(4, 27, 1)
(4, 28, 1)
(4, 29, 1)
(4, 30, 1)
(4, 31, 1)
(4, 32, 1)
(4, 33, 1)
(4, 34, 1)
(4, 35, 1)
(4, 36, 1)
(4, 37, 1)
(4, 38, 1)
(4, 39, 1)

(5, 0, 1)
(5, 1, 1)
(5, 2, 1)
(5, 3, 1)
(5, 4, 1)
(5, 5, 1)
(5, 6, 1)
(5, 7, 1)
(5, 8, 1)
(5, 9, 1)
(5, 10, 1)
(5, 11, 1)
(5, 12, 1)
(5, 13, 1)
(5, 14, 1)
(5, 15, 1)
(5, 16, 1)
(5, 17, 1)
(5, 18, 1)
(5, 19, 1)
(5, 20, 1)
(5, 21, 1)
(5, 22, 1)
(5, 23, 1)
(5, 24, 1)
(5, 25, 1)
(5, 26, 1)
(5, 27, 1)
(5, 28, 1)
(5, 29, 1)
(5, 30, 1)
(5, 31, 1)
(5, 32, 1)
(5, 33, 1)
(5, 34, 1)
(5, 35, 1)
(5, 36, 1)
(5, 37, 1)
(5, 38, 1)
(5, 39, 1)

(6, 0, 1)
(6, 1, 1)
(6, 2, 1)
(6, 3, 1)
(6, 4, 1)
(6, 5, 1)
(6, 6, 1)
(6, 7, 1)
(6, 8, 1)
(6, 9, 1)
(6, 10, 1)
(6, 11, 1)
(6, 12, 1)
(6, 13, 1)
(6, 14, 1)
(6, 15, 1)
(6, 16, 1)
(6, 17, 1)
(6, 18, 1)
(6, 19, 1)
(6, 20, 1)
(6, 21, 1)
(6, 22, 1)
(6, 23, 1)
(6, 24, 1)
(6, 25, 1)
(6, 26, 1)
(6, 27, 1)
(6, 28, 1)
(6, 29, 1)
(6, 30, 1)
(6, 31, 1)
(6, 32, 1)
(6, 33, 1)
(6, 34, 1)
(6, 35, 1)
(6, 36, 1)
(6, 37, 1)
(6, 38, 1)
(6, 39, 1)

(7, 0, 1)
(7, 1, 1)
(7, 2, 1)
(7, 3, 1)
(7, 4, 1)
(7, 5, 1)
(7, 6, 1)
(7, 7, 1)
(7, 8, 1)
(7, 9, 1)
(7, 10, 1)
(7, 11, 1)
(7, 12, 1)
(7, 13, 1)
(7, 14, 1)
(7, 15, 1)
(7, 16, 1)
(7, 17, 1)
(7, 18, 1)
(7, 19, 1)
(7, 20, 1)
(7, 21, 1)
(7, 22, 1)
(7, 23, 1)
(7, 24, 1)
(7, 25, 1)
(7, 26, 1)
(7, 27, 1)
(7, 28, 1)
(7, 29, 1)
(7, 30, 1)
(7, 31, 1)
(7, 32, 1)
(7, 33, 1)
(7, 34, 1)
(7, 35, 1)
(7, 36, 1)
(7, 37, 1)
(7, 38, 1)
(7, 39, 1)

(8, 0, 1)
(8, 1, 1)
(8, 2, 1)
(8, 3, 1)
(8, 4, 1)
(8, 5, 1)
(8, 6, 1)
(8, 7, 1)
(8, 8, 1)
(8, 9, 1)
(8, 10, 1)
(8, 11, 1)
(8, 12, 1)
(8, 13, 1)
(8, 14, 1)
(8, 15, 1)
(8, 16, 1)
(8, 17, 1)
(8, 18, 1)
(8, 19, 1)
(8, 20, 1)
(8, 21, 1)
(8, 22, 1)
(8, 23, 1)
(8, 24, 1)
(8, 25, 1)
(8, 26, 1)
(8, 27, 1)
(8, 28, 1)
(8, 29, 1)
(8, 30, 1)
(8, 31, 1)
(8, 32, 1)
(8, 33, 1)
(8, 34, 1)
(8, 35, 1)
(8, 36, 1)
(8, 37, 1)
(8, 38, 1)
(8, 39, 1)

(9, 0, 1)
(9, 1, 1)
(9, 2, 1)
(9, 3, 1)
(9, 4, 1)
(9, 5, 1)
(9, 6, 1)
(9, 7, 1)
(9, 8, 1)
(9, 9, 1)
(9, 10, 1)
(9, 11, 1)
(9, 12, 1)
(9, 13, 1)
(9, 14, 1)
(9, 15, 1)
(9, 16, 1)
(9, 17, 1)
(9, 18, 1)
(9, 19, 1)
(9, 20, 1)
(9, 21, 1)
(9, 22, 1)
(9, 23, 1)
(9, 24, 1)
(9, 25, 1)
(9, 26, 1)
(9, 27, 1)
(9, 28, 1)
(9, 29, 1)
(9, 30, 1)
(9, 31, 1)
(9, 32, 1)
(9, 33, 1)
(9, 34, 1)
(9, 35, 1)
(9, 36, 1)
(9, 37, 1)
(9, 38, 1)
(9, 39, 1)

(10, 0, 1)
(10, 1, 1)
(10, 2, 1)
(10, 3, 1)
(10, 4, 1)
(10, 5, 1)
(10, 6, 1)
(10, 7, 1)
(10, 8, 1)
(10, 9, 1)
(10, 10, 1)
(10, 11, 1)
(10, 12, 1)
(10, 13, 1)
(10, 14, 1)
(10, 15, 1)
(10, 16, 1)
(10, 17, 1)
(10, 18, 1)
(10, 19, 1)
(10, 20, 1)
(10, 21, 1)
(10, 22, 1)
(10, 23, 1)
(10, 24, 1)
(10, 25, 1)
(10, 26, 1)
(10, 27, 1)
(10, 28, 1)
(10, 29, 1)
(10, 30, 1)
(10, 31, 1)
(10, 32, 1)
(10, 33, 1)
(10, 34, 1)
(10, 35, 1)
(10, 36, 1)
(10, 37, 1)
(10, 38, 1)
(10, 39, 1)

(11, 0, 1)
(11, 1, 1)
(11, 2, 1)
(11, 3, 1)
(11, 4, 1)
(11, 5, 1)
(11, 6, 1)
(11, 7, 1)
(11, 8, 1)
(11, 9, 1)
(11, 10, 1)
(11, 11, 1)
(11, 12, 1)
(11, 13, 1)
(11, 14, 1)
(11, 15, 1)
(11, 16, 1)
(11, 17, 1)
(11, 18, 1)
(11, 19, 1)
(11, 20, 1)
(11, 21, 1)
(11, 22, 1)
(11, 23, 1)
(11, 24, 1)
(11, 25, 1)
(11, 26, 1)
(11, 27, 1)
(11, 28, 1)
(11, 29, 1)
(11, 30, 1)
(11, 31, 1)
(11, 32, 1)
(11, 33, 1)
(11, 34, 1)
(11, 35, 1)
(11, 36, 1)
(11, 37, 1)
(11, 38, 1)
(11, 39, 1)

(12, 0, 2)
(12, 1, 2)
(12, 2, 2)
(12, 3, 2)
(12, 4, 2)
(12, 5, 2)
(12, 6, 2)
(12, 7, 2)
(12, 8, 2)
(12, 9, 2)
(12, 10, 2)
(12, 11, 2)
(12, 12, 2)
(12, 13, 2)
(12, 14, 2)
(12, 15, 2)
(12, 16, 2)
(12, 17, 2)
(12, 18, 2)
(12, 19, 2)
(12, 20, 2)
(12, 21, 2)
(12, 22, 2)
(12, 23, 2)
(12, 24, 2)
(12, 25, 2)
(12, 26, 2)
(12, 27, 2)
(12, 28, 2)
(12, 29, 2)
(12, 30, 2)
(12, 31, 2)
(12, 32, 2)
(12, 33, 2)
(12, 34, 2)
(12, 35, 2)
(12, 36, 2)
(12, 37, 2)
(12, 38, 2)
(12, 39, 2)

(13, 0, 2)
(13, 1, 2)
(13, 2, 2)
(13, 3, 2)
(13, 4, 2)
(13, 5, 2)
(13, 6, 2)
(13, 7, 2)
(13, 8, 2)
(13, 9, 2)
(13, 10, 2)
(13, 11, 2)
(13, 12, 2)
(13, 13, 2)
(13, 14, 2)
(13, 15, 2)
(13, 16, 2)
(13, 17, 2)
(13, 18, 2)
(13, 19, 2)
(13, 20, 2)
(13, 21, 2)
(13, 22, 2)
(13, 23, 2)
(13, 24, 2)
(13, 25, 2)
(13, 26, 2)
(13, 27, 2)
(13, 28, 2)
(13, 29, 2)
(13, 30, 2)
(13, 31, 2)
(13, 32, 2)
(13, 33, 2)
(13, 34, 2)
(13, 35, 2)
(13, 36, 2)
(13, 37, 2)
(13, 38, 2)
(13, 39, 2)

(14, 0, 2)
(14, 1, 2)
(14, 2, 2)
(14, 3, 2)
(14, 4, 2)
(14, 5, 2)
(14, 6, 2)
(14, 7, 2)
(14, 8, 2)
(14, 9, 2)
(14, 10, 2)
(14, 11, 2)
(14, 12, 2)
(14, 13, 2)
(14, 14, 2)
(14, 15, 2)
(14, 16, 2)
(14, 17, 2)
(14, 18, 2)
(14, 19, 2)
(14, 20, 2)
(14, 21, 2)
(14, 22, 2)
(14, 23, 2)
(14, 24, 2)
(14, 25, 2)
(14, 26, 2)
(14, 27, 2)
(14, 28, 2)
(14, 29, 2)
(14, 30, 2)
(14, 31, 2)
(14, 32, 2)
(14, 33, 2)
(14, 34, 2)
(14, 35, 2)
(14, 36, 2)
(14, 37, 2)
(14, 38, 2)
(14, 39, 2)

(15, 0, 2)
(15, 1, 2)
(15, 2, 2)
(15, 3, 2)
(15, 4, 2)
(15, 5, 2)
(15, 6, 2)
(15, 7, 2)
(15, 8, 2)
(15, 9, 2)
(15, 10, 2)
(15, 11, 2)
(15, 12, 2)
(15, 13, 2)
(15, 14, 2)
(15, 15, 2)
(15, 16, 2)
(15, 17, 2)
(15, 18, 2)
(15, 19, 2)
(15, 20, 2)
(15, 21, 2)
(15, 22, 2)
(15, 23, 2)
(15, 24, 2)
(15, 25, 2)
(15, 26, 2)
(15, 27, 2)
(15, 28, 2)
(15, 29, 2)
(15, 30, 2)
(15, 31, 2)
(15, 32, 2)
(15, 33, 2)
(15, 34, 2)
(15, 35, 2)
(15, 36, 2)
(15, 37, 2)
(15, 38, 2)
(15, 39, 2)

(16, 0, 3)
(16, 1, 3)
(16, 2, 3)
(16, 3, 3)
(16, 4, 3)
(16, 5, 3)
(16, 6, 3)
(16, 7, 3)
(16, 8, 3)
(16, 9, 3)
(16, 10, 3)
(16, 11, 3)
(16, 12, 3)
(16, 13, 3)
(16, 14, 3)
(16, 15, 3)
(16, 16, 3)
(16, 17, 3)
(16, 18, 3)
(16, 19, 3)
(16, 20, 3)
(16, 21, 3)
(16, 22, 3)
(16, 23, 3)
(16, 24, 3)
(16, 25, 3)
(16, 26, 3)
(16, 27, 3)
(16, 28, 3)
(16, 29, 3)
(16, 30, 3)
(16, 31, 2)
(16, 32, 2)
(16, 33, 2)
(16, 34, 2)
(16, 35, 2)
(16, 36, 2)
(16, 37, 2)
(16, 38, 2)
(16, 39, 2)

(17, 0, 4)
(17, 1, 4)
(17, 2, 4)
(17, 3, 4)
(17, 4, 4)
(17, 5, 4)
(17, 6, 4)
(17, 7, 4)
(17, 8, 3)
(17, 9, 3)
(17, 10, 3)
(17, 11, 3)
(17, 12, 3)
(17, 13, 3)
(17, 14, 3)
(17, 15, 3)
(17, 16, 3)
(17, 17, 3)
(17, 18, 3)
(17, 19, 3)
(17, 20, 3)
(17, 21, 3)
(17, 22, 3)
(17, 23, 3)
(17, 24, 2)
(17, 25, 2)
(17, 26, 2)
(17, 27, 2)
(17, 28, 2)
(17, 29, 2)
(17, 30, 2)
(17, 31, 2)
(17, 32, 2)
(17, 33, 2)
(17, 34, 2)
(17, 35, 2)
(17, 36, 2)
(17, 37, 2)
(17, 38, 2)
(17, 39, 2)

(18, 0, 4)
(18, 1, 4)
(18, 2, 4)
(18, 3, 4)
(18, 4, 4)
(18, 5, 4)
(18, 6, 4)
(18, 7, 4)
(18, 8, 3)
(18, 9, 3)
(18, 10, 3)
(18, 11, 3)
(18, 12, 3)
(18, 13, 3)
(18, 14, 3)
(18, 15, 3)
(18, 16, 3)
(18, 17, 3)
(18, 18, 3)
(18, 19, 3)
(18, 20, 3)
(18, 21, 3)
(18, 22, 3)
(18, 23, 3)
(18, 24, 2)
(18, 25, 2)
(18, 26, 2)
(18, 27, 2)
(18, 28, 2)
(18, 29, 2)
(18, 30, 2)
(18, 31, 2)
(18, 32, 2)
(18, 33, 2)
(18, 34, 2)
(18, 35, 2)
(18, 36, 2)
(18, 37, 2)
(18, 38, 2)
(18, 39, 2)

(19, 0, 4)
(19, 1, 4)
(19, 2, 4)
(19, 3, 4)
(19, 4, 4)
(19, 5, 4)
(19, 6, 4)
(19, 7, 4)
(19, 8, 3)
(19, 9, 3)
(19, 10, 3)
(19, 11, 3)
(19, 12, 3)
(19, 13, 3)
(19, 14, 3)
(19, 15, 3)
(19, 16, 3)
(19, 17, 3)
(19, 18, 3)
(19, 19, 3)
(19, 20, 3)
(19, 21, 3)
(19, 22, 3)
(19, 23, 3)
(19, 24, 2)
(19, 25, 2)
(19, 26, 2)
(19, 27, 2)
(19, 28, 2)
(19, 29, 2)
(19, 30, 2)
(19, 31, 2)
(19, 32, 2)
(19, 33, 2)
(19, 34, 2)
(19, 35, 2)
(19, 36, 2)
(19, 37, 2)
(19, 38, 2)
(19, 39, 2)

(20, 0, 5)
(20, 1, 5)
(20, 2, 5)
(20, 3, 5)
(20, 4, 5)
(20, 5, 5)
(20, 6, 5)
(20, 7, 5)
(20, 8, 4)
(20, 9, 4)
(20, 10, 4)
(20, 11, 4)
(20, 12, 4)
(20, 13, 4)
(20, 14, 4)
(20, 15, 4)
(20, 16, 4)
(20, 17, 4)
(20, 18, 4)
(20, 19, 4)
(20, 20, 4)
(20, 21, 4)
(20, 22, 4)
(20, 23, 4)
(20, 24, 3)
(20, 25, 3)
(20, 26, 3)
(20, 27, 3)
(20, 28, 3)
(20, 29, 3)
(20, 30, 3)
(20, 31, 3)
(20, 32, 3)
(20, 33, 3)
(20, 34, 3)
(20, 35, 3)
(20, 36, 3)
(20, 37, 3)
(20, 38, 3)
(20, 39, 3)

(21, 0, 13)
(21, 1, 10)
(21, 2, 8)
(21, 3, 8)
(21, 4, 8)
(21, 5, 7)
(21, 6, 7)
(21, 7, 7)
(21, 8, 6)
(21, 9, 6)
(21, 10, 6)
(21, 11, 6)
(21, 12, 6)
(21, 13, 6)
(21, 14, 6)
(21, 15, 6)
(21, 16, 6)
(21, 17, 5)
(21, 18, 4)
(21, 19, 4)
(21, 20, 4)
(21, 21, 4)
(21, 22, 4)
(21, 23, 3)
(21, 24, 2)
(21, 25, 2)
(21, 26, 2)
(21, 27, 2)
(21, 28, 2)
(21, 29, 2)
(21, 30, 2)
(21, 31, 2)
(21, 32, 2)
(21, 33, 2)
(21, 34, 2)
(21, 35, 2)
(21, 36, 2)
(21, 37, 2)
(21, 38, 2)
(21, 39, 2)

(22, 0, 66)
(22, 1, 11)
(22, 2, 8)
(22, 3, 7)
(22, 4, 6)
(22, 5, 6)
(22, 6, 6)
(22, 7, 6)
(22, 8, 5)
(22, 9, 5)
(22, 10, 5)
(22, 11, 5)
(22, 12, 4)
(22, 13, 4)
(22, 14, 4)
(22, 15, 4)
(22, 16, 4)
(22, 17, 4)
(22, 18, 4)
(22, 19, 4)
(22, 20, 4)
(22, 21, 4)
(22, 22, 4)
(22, 23, 3)
(22, 24, 2)
(22, 25, 2)
(22, 26, 2)
(22, 27, 2)
(22, 28, 2)
(22, 29, 2)
(22, 30, 2)
(22, 31, 2)
(22, 32, 2)
(22, 33, 2)
(22, 34, 2)
(22, 35, 2)
(22, 36, 2)
(22, 37, 2)
(22, 38, 2)
(22, 39, 2)

(23, 0, 97)
(23, 1, 25)
(23, 2, 17)
(23, 3, 11)
(23, 4, 6)
(23, 5, 6)
(23, 6, 6)
(23, 7, 6)
(23, 8, 5)
(23, 9, 5)
(23, 10, 5)
(23, 11, 5)
(23, 12, 4)
(23, 13, 4)
(23, 14, 4)
(23, 15, 4)
(23, 16, 4)
(23, 17, 4)
(23, 18, 4)
(23, 19, 4)
(23, 20, 4)
(23, 21, 4)
(23, 22, 4)
(23, 23, 3)
(23, 24, 2)
(23, 25, 2)
(23, 26, 2)
(23, 27, 2)
(23, 28, 2)
(23, 29, 2)
(23, 30, 2)
(23, 31, 2)
(23, 32, 2)
(23, 33, 2)
(23, 34, 2)
(23, 35, 2)
(23, 36, 2)
(23, 37, 2)
(23, 38, 2)
(23, 39, 2)

(24, 0, 144)
(24, 1, 49)
(24, 2, 33)
(24, 3, 11)
(24, 4, 7)
(24, 5, 6)
(24, 6, 6)
(24, 7, 6)
(24, 8, 5)
(24, 9, 5)
(24, 10, 5)
(24, 11, 5)
(24, 12, 4)
(24, 13, 4)
(24, 14, 4)
(24, 15, 4)
(24, 16, 4)
(24, 17, 4)
(24, 18, 4)
(24, 19, 4)
(24, 20, 4)
(24, 21, 4)
(24, 22, 4)
(24, 23, 3)
(24, 24, 2)
(24, 25, 2)
(24, 26, 2)
(24, 27, 2)
(24, 28, 2)
(24, 29, 2)
(24, 30, 2)
(24, 31, 2)
(24, 32, 2)
(24, 33, 2)
(24, 34, 2)
(24, 35, 2)
(24, 36, 2)
(24, 37, 2)
(24, 38, 2)
(24, 39, 2)

(25, 0, 188)
(25, 1, 75)
(25, 2, 55)
(25, 3, 12)
(25, 4, 7)
(25, 5, 7)
(25, 6, 7)
(25, 7, 7)
(25, 8, 6)
(25, 9, 6)
(25, 10, 6)
(25, 11, 6)
(25, 12, 5)
(25, 13, 5)
(25, 14, 5)
(25, 15, 5)
(25, 16, 5)
(25, 17, 5)
(25, 18, 5)
(25, 19, 5)
(25, 20, 5)
(25, 21, 5)
(25, 22, 5)
(25, 23, 4)
(25, 24, 3)
(25, 25, 3)
(25, 26, 3)
(25, 27, 3)
(25, 28, 3)
(25, 29, 3)
(25, 30, 3)
(25, 31, 3)
(25, 32, 3)
(25, 33, 3)
(25, 34, 3)
(25, 35, 3)
(25, 36, 3)
(25, 37, 3)
(25, 38, 3)
(25, 39, 3)

(26, 0, 250)
(26, 1, 108)
(26, 2, 82)
(26, 3, 14)
(26, 4, 10)
(26, 5, 9)
(26, 6, 9)
(26, 7, 9)
(26, 8, 8)
(26, 9, 8)
(26, 10, 8)
(26, 11, 8)
(26, 12, 7)
(26, 13, 7)
(26, 14, 7)
(26, 15, 7)
(26, 16, 7)
(26, 17, 6)
(26, 18, 6)
(26, 19, 6)
(26, 20, 6)
(26, 21, 6)
(26, 22, 6)
(26, 23, 5)
(26, 24, 4)
(26, 25, 4)
(26, 26, 4)
(26, 27, 4)
(26, 28, 4)
(26, 29, 4)
(26, 30, 4)
(26, 31, 4)
(26, 32, 4)
(26, 33, 3)
(26, 34, 3)
(26, 35, 3)
(26, 36, 3)
(26, 37, 3)
(26, 38, 3)
(26, 39, 3)

(27, 0, 286)
(27, 1, 127)
(27, 2, 96)
(27, 3, 16)
(27, 4, 10)
(27, 5, 9)
(27, 6, 9)
(27, 7, 9)
(27, 8, 8)
(27, 9, 8)
(27, 10, 8)
(27, 11, 8)
(27, 12, 7)
(27, 13, 7)
(27, 14, 7)
(27, 15, 7)
(27, 16, 7)
(27, 17, 6)
(27, 18, 6)
(27, 19, 6)
(27, 20, 6)
(27, 21, 6)
(27, 22, 6)
(27, 23, 5)
(27, 24, 4)
(27, 25, 4)
(27, 26, 4)
(27, 27, 4)
(27, 28, 3)
(27, 29, 3)
(27, 30, 3)
(27, 31, 3)
(27, 32, 3)
(27, 33, 3)
(27, 34, 3)
(27, 35, 3)
(27, 36, 3)
(27, 37, 3)
(27, 38, 3)
(27, 39, 3)

(28, 0, 368)
(28, 1, 145)
(28, 2, 101)
(28, 3, 15)
(28, 4, 10)
(28, 5, 9)
(28, 6, 9)
(28, 7, 9)
(28, 8, 8)
(28, 9, 8)
(28, 10, 8)
(28, 11, 8)
(28, 12, 7)
(28, 13, 7)
(28, 14, 7)
(28, 15, 7)
(28, 16, 7)
(28, 17, 6)
(28, 18, 6)
(28, 19, 6)
(28, 20, 6)
(28, 21, 6)
(28, 22, 6)
(28, 23, 5)
(28, 24, 4)
(28, 25, 4)
(28, 26, 3)
(28, 27, 3)
(28, 28, 3)
(28, 29, 3)
(28, 30, 3)
(28, 31, 3)
(28, 32, 3)
(28, 33, 3)
(28, 34, 3)
(28, 35, 3)
(28, 36, 3)
(28, 37, 3)
(28, 38, 3)
(28, 39, 3)

(29, 0, 442)
(29, 1, 155)
(29, 2, 105)
(29, 3, 17)
(29, 4, 10)
(29, 5, 9)
(29, 6, 9)
(29, 7, 9)
(29, 8, 8)
(29, 9, 8)
(29, 10, 8)
(29, 11, 8)
(29, 12, 7)
(29, 13, 7)
(29, 14, 7)
(29, 15, 7)
(29, 16, 7)
(29, 17, 6)
(29, 18, 6)
(29, 19, 6)
(29, 20, 6)
(29, 21, 6)
(29, 22, 6)
(29, 23, 5)
(29, 24, 4)
(29, 25, 3)
(29, 26, 3)
(29, 27, 3)
(29, 28, 3)
(29, 29, 3)
(29, 30, 3)
(29, 31, 3)
(29, 32, 3)
(29, 33, 3)
(29, 34, 3)
(29, 35, 3)
(29, 36, 3)
(29, 37, 3)
(29, 38, 3)
(29, 39, 3)

(30, 0, 534)
(30, 1, 192)
(30, 2, 129)
(30, 3, 21)
(30, 4, 13)
(30, 5, 11)
(30, 6, 11)
(30, 7, 11)
(30, 8, 10)
(30, 9, 10)
(30, 10, 10)
(30, 11, 10)
(30, 12, 9)
(30, 13, 8)
(30, 14, 8)
(30, 15, 8)
(30, 16, 8)
(30, 17, 7)
(30, 18, 7)
(30, 19, 7)
(30, 20, 7)
(30, 21, 7)
(30, 22, 7)
(30, 23, 5)
(30, 24, 4)
(30, 25, 3)
(30, 26, 3)
(30, 27, 3)
(30, 28, 3)
(30, 29, 3)
(30, 30, 3)
(30, 31, 3)
(30, 32, 3)
(30, 33, 3)
(30, 34, 3)
(30, 35, 3)
(30, 36, 3)
(30, 37, 3)
(30, 38, 3)
(30, 39, 3)

(31, 0, 622)
(31, 1, 226)
(31, 2, 141)
(31, 3, 22)
(31, 4, 13)
(31, 5, 12)
(31, 6, 12)
(31, 7, 12)
(31, 8, 11)
(31, 9, 11)
(31, 10, 11)
(31, 11, 11)
(31, 12, 9)
(31, 13, 9)
(31, 14, 9)
(31, 15, 9)
(31, 16, 9)
(31, 17, 8)
(31, 18, 8)
(31, 19, 8)
(31, 20, 8)
(31, 21, 8)
(31, 22, 8)
(31, 23, 6)
(31, 24, 5)
(31, 25, 4)
(31, 26, 4)
(31, 27, 4)
(31, 28, 3)
(31, 29, 3)
(31, 30, 3)
(31, 31, 3)
(31, 32, 3)
(31, 33, 3)
(31, 34, 3)
(31, 35, 3)
(31, 36, 3)
(31, 37, 3)
(31, 38, 3)
(31, 39, 3)

(32, 0, 699)
(32, 1, 262)
(32, 2, 158)
(32, 3, 23)
(32, 4, 13)
(32, 5, 12)
(32, 6, 12)
(32, 7, 12)
(32, 8, 11)
(32, 9, 11)
(32, 10, 11)
(32, 11, 10)
(32, 12, 9)
(32, 13, 9)
(32, 14, 9)
(32, 15, 9)
(32, 16, 9)
(32, 17, 8)
(32, 18, 8)
(32, 19, 8)
(32, 20, 8)
(32, 21, 8)
(32, 22, 8)
(32, 23, 6)
(32, 24, 5)
(32, 25, 4)
(32, 26, 3)
(32, 27, 3)
(32, 28, 3)
(32, 29, 3)
(32, 30, 3)
(32, 31, 3)
(32, 32, 3)
(32, 33, 3)
(32, 34, 3)
(32, 35, 3)
(32, 36, 3)
(32, 37, 3)
(32, 38, 3)
(32, 39, 3)

(33, 0, 779)
(33, 1, 295)
(33, 2, 176)
(33, 3, 28)
(33, 4, 15)
(33, 5, 13)
(33, 6, 13)
(33, 7, 13)
(33, 8, 12)
(33, 9, 12)
(33, 10, 12)
(33, 11, 11)
(33, 12, 10)
(33, 13, 10)
(33, 14, 10)
(33, 15, 10)
(33, 16, 10)
(33, 17, 9)
(33, 18, 9)
(33, 19, 9)
(33, 20, 9)
(33, 21, 9)
(33, 22, 9)
(33, 23, 7)
(33, 24, 5)
(33, 25, 4)
(33, 26, 4)
(33, 27, 4)
(33, 28, 4)
(33, 29, 4)
(33, 30, 4)
(33, 31, 4)
(33, 32, 4)
(33, 33, 4)
(33, 34, 4)
(33, 35, 4)
(33, 36, 4)
(33, 37, 4)
(33, 38, 4)
(33, 39, 4)

(34, 0, 896)
(34, 1, 322)
(34, 2, 176)
(34, 3, 25)
(34, 4, 14)
(34, 5, 13)
(34, 6, 13)
(34, 7, 13)
(34, 8, 12)
(34, 9, 12)
(34, 10, 12)
(34, 11, 11)
(34, 12, 10)
(34, 13, 10)
(34, 14, 10)
(34, 15, 10)
(34, 16, 10)
(34, 17, 9)
(34, 18, 9)
(34, 19, 9)
(34, 20, 9)
(34, 21, 9)
(34, 22, 9)
(34, 23, 7)
(34, 24, 5)
(34, 25, 4)
(34, 26, 4)
(34, 27, 4)
(34, 28, 4)
(34, 29, 4)
(34, 30, 4)
(34, 31, 4)
(34, 32, 4)
(34, 33, 4)
(34, 34, 4)
(34, 35, 4)
(34, 36, 4)
(34, 37, 4)
(34, 38, 4)
(34, 39, 4)

(35, 0, 1003)
(35, 1, 373)
(35, 2, 199)
(35, 3, 28)
(35, 4, 14)
(35, 5, 13)
(35, 6, 13)
(35, 7, 13)
(35, 8, 12)
(35, 9, 12)
(35, 10, 12)
(35, 11, 11)
(35, 12, 10)
(35, 13, 10)
(35, 14, 10)
(35, 15, 10)
(35, 16, 10)
(35, 17, 9)
(35, 18, 9)
(35, 19, 9)
(35, 20, 9)
(35, 21, 9)
(35, 22, 9)
(35, 23, 7)
(35, 24, 5)
(35, 25, 4)
(35, 26, 4)
(35, 27, 4)
(35, 28, 4)
(35, 29, 4)
(35, 30, 4)
(35, 31, 4)
(35, 32, 4)
(35, 33, 4)
(35, 34, 4)
(35, 35, 4)
(35, 36, 3)
(35, 37, 3)
(35, 38, 3)
(35, 39, 2)

(36, 0, 1102)
(36, 1, 438)
(36, 2, 235)
(36, 3, 29)
(36, 4, 14)
(36, 5, 13)
(36, 6, 13)
(36, 7, 13)
(36, 8, 12)
(36, 9, 12)
(36, 10, 12)
(36, 11, 11)
(36, 12, 10)
(36, 13, 10)
(36, 14, 10)
(36, 15, 10)
(36, 16, 10)
(36, 17, 9)
(36, 18, 9)
(36, 19, 9)
(36, 20, 9)
(36, 21, 8)
(36, 22, 8)
(36, 23, 6)
(36, 24, 4)
(36, 25, 3)
(36, 26, 3)
(36, 27, 3)
(36, 28, 3)
(36, 29, 3)
(36, 30, 3)
(36, 31, 3)
(36, 32, 3)
(36, 33, 2)
(36, 34, 2)
(36, 35, 2)
(36, 36, 2)
(36, 37, 2)
(36, 38, 2)
(36, 39, 2)

(37, 0, 1247)
(37, 1, 501)
(37, 2, 270)
(37, 3, 29)
(37, 4, 14)
(37, 5, 13)
(37, 6, 13)
(37, 7, 13)
(37, 8, 12)
(37, 9, 12)
(37, 10, 12)
(37, 11, 11)
(37, 12, 10)
(37, 13, 9)
(37, 14, 9)
(37, 15, 9)
(37, 16, 9)
(37, 17, 8)
(37, 18, 8)
(37, 19, 8)
(37, 20, 8)
(37, 21, 8)
(37, 22, 8)
(37, 23, 6)
(37, 24, 4)
(37, 25, 3)
(37, 26, 3)
(37, 27, 3)
(37, 28, 2)
(37, 29, 2)
(37, 30, 2)
(37, 31, 2)
(37, 32, 2)
(37, 33, 2)
(37, 34, 2)
(37, 35, 2)
(37, 36, 2)
(37, 37, 2)
(37, 38, 2)
(37, 39, 2)

(38, 0, 1344)
(38, 1, 529)
(38, 2, 283)
(38, 3, 31)
(38, 4, 14)
(38, 5, 13)
(38, 6, 13)
(38, 7, 13)
(38, 8, 12)
(38, 9, 11)
(38, 10, 11)
(38, 11, 10)
(38, 12, 9)
(38, 13, 9)
(38, 14, 9)
(38, 15, 9)
(38, 16, 9)
(38, 17, 8)
(38, 18, 8)
(38, 19, 8)
(38, 20, 8)
(38, 21, 8)
(38, 22, 8)
(38, 23, 6)
(38, 24, 4)
(38, 25, 2)
(38, 26, 2)
(38, 27, 2)
(38, 28, 2)
(38, 29, 2)
(38, 30, 2)
(38, 31, 2)
(38, 32, 2)
(38, 33, 2)
(38, 34, 2)
(38, 35, 2)
(38, 36, 2)
(38, 37, 2)
(38, 38, 2)
(38, 39, 2)

(39, 0, 1396)
(39, 1, 531)
(39, 2, 280)
(39, 3, 30)
(39, 4, 14)
(39, 5, 13)
(39, 6, 13)
(39, 7, 13)
(39, 8, 12)
(39, 9, 11)
(39, 10, 11)
(39, 11, 10)
(39, 12, 9)
(39, 13, 9)
(39, 14, 9)
(39, 15, 9)
(39, 16, 9)
(39, 17, 8)
(39, 18, 8)
(39, 19, 8)
(39, 20, 8)
(39, 21, 8)
(39, 22, 8)
(39, 23, 6)
(39, 24, 4)
(39, 25, 2)
(39, 26, 2)
(39, 27, 2)
(39, 28, 2)
(39, 29, 2)
(39, 30, 2)
(39, 31, 2)
(39, 32, 2)
(39, 33, 2)
(39, 34, 2)
(39, 35, 2)
(39, 36, 2)
(39, 37, 2)
(39, 38, 2)
(39, 39, 2)


Betti numbers:
xi_0:
(0, 0, 1)
(12, 0, 1)
(16, 0, 1)
(17, 0, 1)
(20, 0, 1)
(21, 0, 8)
(22, 0, 53)
(23, 0, 33)
(24, 0, 47)
(25, 0, 44)
(26, 0, 62)
(27, 0, 36)
(28, 0, 82)
(29, 0, 75)
(30, 0, 92)
(31, 0, 89)
(32, 0, 77)
(33, 0, 80)
(34, 0, 117)
(35, 0, 107)
(36, 0, 99)
(37, 0, 145)
(38, 0, 97)
(39, 0, 53)
xi_1:
(16, 31, 1)
(17, 8, 1)
(17, 24, 1)
(21, 1, 3)
(21, 2, 2)
(21, 5, 1)
(21, 17, 1)
(21, 18, 1)
(21, 23, 1)
(22, 1, 52)
(22, 2, 3)
(22, 3, 1)
(22, 4, 1)
(22, 12, 1)
(23, 0, 2)
(23, 1, 19)
(23, 2, 5)
(23, 3, 5)
(23, 4, 4)
(24, 1, 23)
(24, 2, 8)
(24, 3, 17)
(24, 5, 1)
(25, 1, 18)
(25, 2, 4)
(25, 3, 21)
(25, 4, 1)
(26, 1, 29)
(26, 2, 6)
(26, 3, 25)
(26, 4, 1)
(26, 5, 1)
(26, 17, 1)
(26, 33, 1)
(27, 1, 17)
(27, 2, 5)
(27, 3, 12)
(27, 4, 2)
(27, 28, 1)
(28, 1, 64)
(28, 2, 13)
(28, 3, 6)
(28, 26, 1)
(29, 0, 1)
(29, 1, 64)
(29, 2, 8)
(29, 3, 3)
(29, 4, 2)
(29, 25, 1)
(30, 1, 55)
(30, 2, 13)
(30, 3, 20)
(30, 4, 1)
(30, 5, 1)
(30, 13, 1)
(30, 23, 1)
(31, 0, 1)
(31, 1, 55)
(31, 2, 24)
(31, 3, 12)
(31, 4, 1)
(31, 12, 1)
(31, 28, 1)
(32, 1, 41)
(32, 2, 19)
(32, 3, 18)
(32, 4, 2)
(32, 11, 1)
(32, 26, 1)
(33, 1, 47)
(33, 2, 15)
(33, 3, 13)
(33, 4, 4)
(33, 5, 1)
(33, 24, 1)
(34, 1, 90)
(34, 2, 29)
(34, 3, 4)
(35, 1, 56)
(35, 2, 28)
(35, 3, 21)
(35, 4, 3)
(35, 36, 1)
(35, 39, 1)
(36, 1, 34)
(36, 2, 29)
(36, 3, 36)
(36, 4, 2)
(36, 21, 1)
(36, 33, 1)
(37, 1, 82)
(37, 2, 28)
(37, 3, 38)
(37, 4, 2)
(37, 13, 1)
(37, 28, 1)
(38, 1, 69)
(38, 2, 18)
(38, 3, 14)
(38, 4, 2)
(38, 9, 1)
(38, 25, 1)
(39, 0, 1)
(39, 1, 51)
(39, 2, 9)
(39, 3, 2)
xi_2:
(17, 31, 1)
(22, 2, 2)
(22, 5, 1)
(22, 17, 1)
(22, 18, 1)
(23, 1, 2)
(24, 3, 1)
(24, 4, 1)
(25, 5, 1)
(26, 4, 2)
(27, 33, 1)
(28, 4, 1)
(28, 28, 1)
(29, 2, 2)
(29, 3, 1)
(29, 26, 1)
(31, 1, 1)
(31, 2, 2)
(31, 3, 1)
(31, 5, 1)
(31, 13, 1)
(32, 3, 2)
(32, 4, 1)
(32, 12, 1)
(32, 28, 1)
(33, 4, 1)
(33, 26, 1)
(34, 2, 2)
(34, 3, 1)
(34, 4, 2)
(34, 5, 1)
(35, 3, 1)
(36, 3, 1)
(36, 4, 1)
(36, 36, 1)
(36, 39, 1)
(37, 3, 3)
(37, 4, 2)
(37, 21, 1)
(37, 33, 1)
(38, 2, 3)
(38, 3, 3)
(38, 13, 1)
(38, 28, 1)
(39, 1, 1)
(39, 2, 4)
(39, 3, 4)
(39, 4, 1)
