x-grades
-428709168010650237/40000000000000000
-210051430396763177/20000000000000000
-411496553576402471/40000000000000000
-100722561589819647/10000000000000000
-78856787828430941/8000000000000000
-192838815962515411/20000000000000000
-377071324707906939/40000000000000000
-23029063593173941/2500000000000000
-359858710273659173/40000000000000000
-35125240305653529/4000000000000000
-342646095839411407/40000000000000000
-83509947155571881/10000000000000000
-325433481405163641/40000000000000000
-158413587094019879/20000000000000000
-2465766935767327/320000000000000
-37451819969223999/5000000000000000
-291008252536668109/40000000000000000
-141200972659772113/20000000000000000
-273795638102420343/40000000000000000
-13259466544264823/2000000000000000
-256583023668172577/40000000000000000
-123988358225524347/20000000000000000
-239370409233924811/40000000000000000
-7211378188025029/1250000000000000
-44431558959935409/8000000000000000
-106775743791276581/20000000000000000
-204945180365429279/40000000000000000
-49084718287076349/10000000000000000
-187732565931181513/40000000000000000
-17912625871405763/4000000000000000
-170519951496933747/40000000000000000
-20239205534976233/5000000000000000
-153307337062685981/40000000000000000
-72350514922781049/20000000000000000
-27218944525687643/8000000000000000
-31872103852828583/10000000000000000
-118882108194190449/40000000000000000
-55137900488533283/20000000000000000
-101669493759942683/40000000000000000
-232657966357047/100000000000000

y-grades
2499991/1000000
2499991/500000
7499973/1000000
2499991/250000
2499991/200000
7499973/500000
17499937/1000000
2499991/125000
22499919/1000000
2499991/100000
27499901/1000000
7499973/250000
32499883/1000000
17499937/500000
7499973/200000
2499991/62500
42499847/1000000
22499919/500000
47499829/1000000
2499991/50000
52499811/1000000
27499901/500000
57499793/1000000
7499973/125000
2499991/40000
32499883/500000
67499757/1000000
17499937/250000
72499739/1000000
7499973/100000
77499721/1000000
2499991/31250
82499703/1000000
42499847/500000
17499937/200000
22499919/250000
92499667/1000000
47499829/500000
97499649/1000000
2499991/25000

Dimensions > 0:
(0, 0, 1)
(0, 1, 1)
(0, 2, 1)
(0, 3, 1)
(0, 4, 1)
(0, 5, 1)
(0, 6, 1)
(0, 7, 1)
(0, 8, 1)
(0, 9, 1)
(0, 10, 1)
(0, 11, 1)
(0, 12, 1)
(0, 13, 1)
(0, 14, 1)
(0, 15, 1)
(0, 16, 1)
(0, 17, 1)
(0, 18, 1)
(0, 19, 1)
(0, 20, 1)
(0, 21, 1)
(0, 22, 1)
(0, 23, 1)
(0, 24, 1)
(0, 25, 1)
(0, 26, 1)
(0, 27, 1)
(0, 28, 1)
(0, 29, 1)
(0, 30, 1)
(0, 31, 1)
(0, 32, 1)
(0, 33, 1)
(0, 34, 1)
(0, 35, 1)
(0, 36, 1)
(0, 37, 1)
(0, 38, 1)
(0, 39, 1)

(1, 0, 3)
(1, 1, 3)
(1, 2, 3)
(1, 3, 3)
(1, 4, 3)
(1, 5, 3)
(1, 6, 3)
(1, 7, 3)
(1, 8, 3)
(1, 9, 3)
(1, 10, 3)
(1, 11, 3)
(1, 12, 3)
(1, 13, 3)
(1, 14, 3)
(1, 15, 3)
(1, 16, 3)
(1, 17, 3)
(1, 18, 2)
(1, 19, 2)
(1, 20, 2)
(1, 21, 2)
(1, 22, 2)
(1, 23, 2)
(1, 24, 2)
(1, 25, 2)
(1, 26, 2)
(1, 27, 1)
(1, 28, 1)
(1, 29, 1)
(1, 30, 1)
(1, 31, 1)
(1, 32, 1)
(1, 33, 1)
(1, 34, 1)
(1, 35, 1)
(1, 36, 1)
(1, 37, 1)
(1, 38, 1)
(1, 39, 1)

(2, 0, 5)
(2, 1, 3)
(2, 2, 3)
(2, 3, 3)
(2, 4, 3)
(2, 5, 3)
(2, 6, 3)
(2, 7, 3)
(2, 8, 3)
(2, 9, 3)
(2, 10, 3)
(2, 11, 3)
(2, 12, 3)
(2, 13, 3)
(2, 14, 3)
(2, 15, 3)
(2, 16, 3)
(2, 17, 3)
(2, 18, 2)
(2, 19, 2)
(2, 20, 2)
(2, 21, 2)
(2, 22, 2)
(2, 23, 2)
(2, 24, 2)
(2, 25, 2)
(2, 26, 2)
(2, 27, 1)
(2, 28, 1)
(2, 29, 1)
(2, 30, 1)
(2, 31, 1)
(2, 32, 1)
(2, 33, 1)
(2, 34, 1)
(2, 35, 1)
(2, 36, 1)
(2, 37, 1)
(2, 38, 1)
(2, 39, 1)

(3, 0, 8)
(3, 1, 4)
(3, 2, 4)
(3, 3, 4)
(3, 4, 4)
(3, 5, 4)
(3, 6, 4)
(3, 7, 4)
(3, 8, 4)
(3, 9, 3)
(3, 10, 3)
(3, 11, 3)
(3, 12, 3)
(3, 13, 3)
(3, 14, 3)
(3, 15, 3)
(3, 16, 3)
(3, 17, 3)
(3, 18, 2)
(3, 19, 2)
(3, 20, 2)
(3, 21, 2)
(3, 22, 2)
(3, 23, 2)
(3, 24, 2)
(3, 25, 2)
(3, 26, 1)
(3, 27, 1)
(3, 28, 1)
(3, 29, 1)
(3, 30, 1)
(3, 31, 1)
(3, 32, 1)
(3, 33, 1)
(3, 34, 1)
(3, 35, 1)
(3, 36, 1)
(3, 37, 1)
(3, 38, 1)
(3, 39, 1)

(4, 0, 10)
(4, 1, 4)
(4, 2, 4)
(4, 3, 4)
(4, 4, 4)
(4, 5, 4)
(4, 6, 4)
(4, 7, 4)
(4, 8, 4)
(4, 9, 3)
(4, 10, 3)
(4, 11, 3)
(4, 12, 3)
(4, 13, 3)
(4, 14, 3)
(4, 15, 3)
(4, 16, 3)
(4, 17, 3)
(4, 18, 2)
(4, 19, 2)
(4, 20, 2)
(4, 21, 2)
(4, 22, 2)
(4, 23, 2)
(4, 24, 2)
(4, 25, 2)
(4, 26, 1)
(4, 27, 1)
(4, 28, 1)
(4, 29, 1)
(4, 30, 1)
(4, 31, 1)
(4, 32, 1)
(4, 33, 1)
(4, 34, 1)
(4, 35, 1)
(4, 36, 1)
(4, 37, 1)
(4, 38, 1)
(4, 39, 1)

(5, 0, 17)
(5, 1, 5)
(5, 2, 4)
(5, 3, 4)
(5, 4, 4)
(5, 5, 4)
(5, 6, 4)
(5, 7, 4)
(5, 8, 4)
(5, 9, 3)
(5, 10, 3)
(5, 11, 3)
(5, 12, 3)
(5, 13, 3)
(5, 14, 3)
(5, 15, 3)
(5, 16, 3)
(5, 17, 3)
(5, 18, 2)
(5, 19, 2)
(5, 20, 2)
(5, 21, 2)
(5, 22, 2)
(5, 23, 2)
(5, 24, 1)
(5, 25, 1)
(5, 26, 1)
(5, 27, 1)
(5, 28, 1)
(5, 29, 1)
(5, 30, 1)
(5, 31, 1)
(5, 32, 1)
(5, 33, 1)
(5, 34, 1)
(5, 35, 1)
(5, 36, 1)
(5, 37, 1)
(5, 38, 1)
(5, 39, 1)

(6, 0, 34)
(6, 1, 12)
(6, 2, 6)
(6, 3, 6)
(6, 4, 6)
(6, 5, 6)
(6, 6, 6)
(6, 7, 5)
(6, 8, 5)
(6, 9, 4)
(6, 10, 4)
(6, 11, 4)
(6, 12, 4)
(6, 13, 4)
(6, 14, 3)
(6, 15, 3)
(6, 16, 3)
(6, 17, 3)
(6, 18, 2)
(6, 19, 2)
(6, 20, 2)
(6, 21, 2)
(6, 22, 2)
(6, 23, 2)
(6, 24, 2)
(6, 25, 2)
(6, 26, 2)
(6, 27, 2)
(6, 28, 2)
(6, 29, 2)
(6, 30, 2)
(6, 31, 2)
(6, 32, 2)
(6, 33, 2)
(6, 34, 2)
(6, 35, 2)
(6, 36, 2)
(6, 37, 1)
(6, 38, 1)
(6, 39, 1)

(7, 0, 48)
(7, 1, 15)
(7, 2, 7)
(7, 3, 6)
(7, 4, 6)
(7, 5, 6)
(7, 6, 5)
(7, 7, 5)
(7, 8, 5)
(7, 9, 4)
(7, 10, 4)
(7, 11, 4)
(7, 12, 4)
(7, 13, 4)
(7, 14, 3)
(7, 15, 3)
(7, 16, 3)
(7, 17, 3)
(7, 18, 2)
(7, 19, 2)
(7, 20, 2)
(7, 21, 2)
(7, 22, 2)
(7, 23, 2)
(7, 24, 2)
(7, 25, 2)
(7, 26, 2)
(7, 27, 2)
(7, 28, 2)
(7, 29, 2)
(7, 30, 2)
(7, 31, 2)
(7, 32, 2)
(7, 33, 2)
(7, 34, 2)
(7, 35, 2)
(7, 36, 2)
(7, 37, 1)
(7, 38, 1)
(7, 39, 1)

(8, 0, 55)
(8, 1, 19)
(8, 2, 9)
(8, 3, 7)
(8, 4, 7)
(8, 5, 7)
(8, 6, 5)
(8, 7, 5)
(8, 8, 5)
(8, 9, 4)
(8, 10, 4)
(8, 11, 4)
(8, 12, 4)
(8, 13, 4)
(8, 14, 3)
(8, 15, 3)
(8, 16, 3)
(8, 17, 3)
(8, 18, 2)
(8, 19, 2)
(8, 20, 2)
(8, 21, 2)
(8, 22, 2)
(8, 23, 2)
(8, 24, 2)
(8, 25, 2)
(8, 26, 2)
(8, 27, 2)
(8, 28, 2)
(8, 29, 2)
(8, 30, 2)
(8, 31, 2)
(8, 32, 2)
(8, 33, 2)
(8, 34, 2)
(8, 35, 2)
(8, 36, 2)
(8, 37, 1)
(8, 38, 1)
(8, 39, 1)

(9, 0, 62)
(9, 1, 26)
(9, 2, 12)
(9, 3, 9)
(9, 4, 9)
(9, 5, 9)
(9, 6, 6)
(9, 7, 6)
(9, 8, 6)
(9, 9, 5)
(9, 10, 5)
(9, 11, 5)
(9, 12, 5)
(9, 13, 5)
(9, 14, 4)
(9, 15, 4)
(9, 16, 4)
(9, 17, 4)
(9, 18, 3)
(9, 19, 3)
(9, 20, 3)
(9, 21, 3)
(9, 22, 3)
(9, 23, 3)
(9, 24, 3)
(9, 25, 3)
(9, 26, 3)
(9, 27, 3)
(9, 28, 3)
(9, 29, 3)
(9, 30, 3)
(9, 31, 2)
(9, 32, 2)
(9, 33, 2)
(9, 34, 2)
(9, 35, 2)
(9, 36, 2)
(9, 37, 1)
(9, 38, 1)
(9, 39, 1)

(10, 0, 69)
(10, 1, 32)
(10, 2, 16)
(10, 3, 11)
(10, 4, 11)
(10, 5, 11)
(10, 6, 7)
(10, 7, 7)
(10, 8, 7)
(10, 9, 6)
(10, 10, 6)
(10, 11, 6)
(10, 12, 6)
(10, 13, 6)
(10, 14, 5)
(10, 15, 5)
(10, 16, 5)
(10, 17, 5)
(10, 18, 4)
(10, 19, 4)
(10, 20, 4)
(10, 21, 4)
(10, 22, 4)
(10, 23, 4)
(10, 24, 4)
(10, 25, 4)
(10, 26, 4)
(10, 27, 4)
(10, 28, 3)
(10, 29, 3)
(10, 30, 3)
(10, 31, 2)
(10, 32, 2)
(10, 33, 2)
(10, 34, 2)
(10, 35, 2)
(10, 36, 2)
(10, 37, 1)
(10, 38, 1)
(10, 39, 1)

(11, 0, 81)
(11, 1, 43)
(11, 2, 20)
(11, 3, 14)
(11, 4, 14)
(11, 5, 13)
(11, 6, 8)
(11, 7, 8)
(11, 8, 8)
(11, 9, 7)
(11, 10, 7)
(11, 11, 7)
(11, 12, 7)
(11, 13, 7)
(11, 14, 6)
(11, 15, 6)
(11, 16, 6)
(11, 17, 6)
(11, 18, 5)
(11, 19, 5)
(11, 20, 5)
(11, 21, 4)
(11, 22, 3)
(11, 23, 3)
(11, 24, 2)
(11, 25, 2)
(11, 26, 2)
(11, 27, 2)
(11, 28, 2)
(11, 29, 2)
(11, 30, 2)
(11, 31, 1)
(11, 32, 1)
(11, 33, 1)
(11, 34, 1)
(11, 35, 1)
(11, 36, 1)
(11, 37, 1)
(11, 38, 1)
(11, 39, 1)

(12, 0, 109)
(12, 1, 61)
(12, 2, 26)
(12, 3, 17)
(12, 4, 17)
(12, 5, 14)
(12, 6, 8)
(12, 7, 7)
(12, 8, 7)
(12, 9, 6)
(12, 10, 6)
(12, 11, 6)
(12, 12, 6)
(12, 13, 6)
(12, 14, 5)
(12, 15, 5)
(12, 16, 5)
(12, 17, 5)
(12, 18, 4)
(12, 19, 4)
(12, 20, 3)
(12, 21, 2)
(12, 22, 2)
(12, 23, 2)
(12, 24, 2)
(12, 25, 2)
(12, 26, 2)
(12, 27, 2)
(12, 28, 2)
(12, 29, 2)
(12, 30, 1)
(12, 31, 1)
(12, 32, 1)
(12, 33, 1)
(12, 34, 1)
(12, 35, 1)
(12, 36, 1)
(12, 37, 1)
(12, 38, 1)
(12, 39, 1)

(13, 0, 141)
(13, 1, 74)
(13, 2, 30)
(13, 3, 19)
(13, 4, 17)
(13, 5, 14)
(13, 6, 7)
(13, 7, 7)
(13, 8, 7)
(13, 9, 6)
(13, 10, 6)
(13, 11, 6)
(13, 12, 6)
(13, 13, 6)
(13, 14, 5)
(13, 15, 5)
(13, 16, 5)
(13, 17, 5)
(13, 18, 3)
(13, 19, 3)
(13, 20, 3)
(13, 21, 2)
(13, 22, 2)
(13, 23, 2)
(13, 24, 2)
(13, 25, 2)
(13, 26, 2)
(13, 27, 2)
(13, 28, 2)
(13, 29, 2)
(13, 30, 1)
(13, 31, 1)
(13, 32, 1)
(13, 33, 1)
(13, 34, 1)
(13, 35, 1)
(13, 36, 1)
(13, 37, 1)
(13, 38, 1)
(13, 39, 1)

(14, 0, 173)
(14, 1, 86)
(14, 2, 34)
(14, 3, 17)
(14, 4, 14)
(14, 5, 12)
(14, 6, 6)
(14, 7, 6)
(14, 8, 6)
(14, 9, 6)
(14, 10, 6)
(14, 11, 6)
(14, 12, 6)
(14, 13, 6)
(14, 14, 5)
(14, 15, 5)
(14, 16, 4)
(14, 17, 4)
(14, 18, 3)
(14, 19, 3)
(14, 20, 3)
(14, 21, 2)
(14, 22, 2)
(14, 23, 2)
(14, 24, 2)
(14, 25, 2)
(14, 26, 2)
(14, 27, 2)
(14, 28, 2)
(14, 29, 2)
(14, 30, 1)
(14, 31, 1)
(14, 32, 1)
(14, 33, 1)
(14, 34, 1)
(14, 35, 1)
(14, 36, 1)
(14, 37, 1)
(14, 38, 1)
(14, 39, 1)

(15, 0, 198)
(15, 1, 97)
(15, 2, 38)
(15, 3, 19)
(15, 4, 16)
(15, 5, 14)
(15, 6, 6)
(15, 7, 6)
(15, 8, 6)
(15, 9, 6)
(15, 10, 6)
(15, 11, 6)
(15, 12, 6)
(15, 13, 6)
(15, 14, 5)
(15, 15, 5)
(15, 16, 4)
(15, 17, 4)
(15, 18, 3)
(15, 19, 3)
(15, 20, 3)
(15, 21, 2)
(15, 22, 2)
(15, 23, 2)
(15, 24, 2)
(15, 25, 2)
(15, 26, 2)
(15, 27, 2)
(15, 28, 2)
(15, 29, 2)
(15, 30, 1)
(15, 31, 1)
(15, 32, 1)
(15, 33, 1)
(15, 34, 1)
(15, 35, 1)
(15, 36, 1)
(15, 37, 1)
(15, 38, 1)
(15, 39, 1)

(16, 0, 219)
(16, 1, 107)
(16, 2, 42)
(16, 3, 17)
(16, 4, 14)
(16, 5, 13)
(16, 6, 6)
(16, 7, 6)
(16, 8, 6)
(16, 9, 6)
(16, 10, 6)
(16, 11, 6)
(16, 12, 6)
(16, 13, 6)
(16, 14, 5)
(16, 15, 5)
(16, 16, 4)
(16, 17, 4)
(16, 18, 3)
(16, 19, 3)
(16, 20, 3)
(16, 21, 2)
(16, 22, 2)
(16, 23, 2)
(16, 24, 2)
(16, 25, 2)
(16, 26, 2)
(16, 27, 2)
(16, 28, 2)
(16, 29, 2)
(16, 30, 1)
(16, 31, 1)
(16, 32, 1)
(16, 33, 1)
(16, 34, 1)
(16, 35, 1)
(16, 36, 1)
(16, 37, 1)
(16, 38, 1)
(16, 39, 1)

(17, 0, 245)
(17, 1, 124)
(17, 2, 51)
(17, 3, 17)
(17, 4, 16)
(17, 5, 15)
(17, 6, 6)
(17, 7, 6)
(17, 8, 6)
(17, 9, 6)
(17, 10, 6)
(17, 11, 6)
(17, 12, 6)
(17, 13, 6)
(17, 14, 5)
(17, 15, 5)
(17, 16, 4)
(17, 17, 4)
(17, 18, 3)
(17, 19, 3)
(17, 20, 3)
(17, 21, 2)
(17, 22, 2)
(17, 23, 2)
(17, 24, 2)
(17, 25, 2)
(17, 26, 2)
(17, 27, 2)
(17, 28, 2)
(17, 29, 2)
(17, 30, 1)
(17, 31, 1)
(17, 32, 1)
(17, 33, 1)
(17, 34, 1)
(17, 35, 1)
(17, 36, 1)
(17, 37, 1)
(17, 38, 1)
(17, 39, 1)

(18, 0, 269)
(18, 1, 136)
(18, 2, 59)
(18, 3, 18)
(18, 4, 17)
(18, 5, 16)
(18, 6, 6)
(18, 7, 6)
(18, 8, 6)
(18, 9, 6)
(18, 10, 6)
(18, 11, 6)
(18, 12, 6)
(18, 13, 6)
(18, 14, 5)
(18, 15, 5)
(18, 16, 4)
(18, 17, 4)
(18, 18, 3)
(18, 19, 3)
(18, 20, 3)
(18, 21, 2)
(18, 22, 2)
(18, 23, 2)
(18, 24, 2)
(18, 25, 2)
(18, 26, 2)
(18, 27, 2)
(18, 28, 2)
(18, 29, 2)
(18, 30, 1)
(18, 31, 1)
(18, 32, 1)
(18, 33, 1)
(18, 34, 1)
(18, 35, 1)
(18, 36, 1)
(18, 37, 1)
(18, 38, 1)
(18, 39, 1)

(19, 0, 299)
(19, 1, 150)
(19, 2, 64)
(19, 3, 19)
(19, 4, 17)
(19, 5, 16)
(19, 6, 7)
(19, 7, 7)
(19, 8, 7)
(19, 9, 7)
(19, 10, 7)
(19, 11, 7)
(19, 12, 7)
(19, 13, 7)
(19, 14, 6)
(19, 15, 6)
(19, 16, 5)
(19, 17, 5)
(19, 18, 4)
(19, 19, 4)
(19, 20, 4)
(19, 21, 3)
(19, 22, 2)
(19, 23, 2)
(19, 24, 2)
(19, 25, 2)
(19, 26, 2)
(19, 27, 2)
(19, 28, 2)
(19, 29, 2)
(19, 30, 1)
(19, 31, 1)
(19, 32, 1)
(19, 33, 1)
(19, 34, 1)
(19, 35, 1)
(19, 36, 1)
(19, 37, 1)
(19, 38, 1)
(19, 39, 1)

(20, 0, 335)
(20, 1, 166)
(20, 2, 69)
(20, 3, 19)
(20, 4, 18)
(20, 5, 18)
(20, 6, 7)
(20, 7, 7)
(20, 8, 7)
(20, 9, 7)
(20, 10, 7)
(20, 11, 7)
(20, 12, 7)
(20, 13, 7)
(20, 14, 6)
(20, 15, 6)
(20, 16, 5)
(20, 17, 5)
(20, 18, 4)
(20, 19, 4)
(20, 20, 3)
(20, 21, 2)
(20, 22, 2)
(20, 23, 2)
(20, 24, 2)
(20, 25, 2)
(20, 26, 2)
(20, 27, 2)
(20, 28, 2)
(20, 29, 2)
(20, 30, 1)
(20, 31, 1)
(20, 32, 1)
(20, 33, 1)
(20, 34, 1)
(20, 35, 1)
(20, 36, 1)
(20, 37, 1)
(20, 38, 1)
(20, 39, 1)

(21, 0, 359)
(21, 1, 175)
(21, 2, 75)
(21, 3, 20)
(21, 4, 19)
(21, 5, 18)
(21, 6, 7)
(21, 7, 7)
(21, 8, 7)
(21, 9, 7)
(21, 10, 7)
(21, 11, 7)
(21, 12, 7)
(21, 13, 7)
(21, 14, 6)
(21, 15, 6)
(21, 16, 5)
(21, 17, 5)
(21, 18, 3)
(21, 19, 3)
(21, 20, 3)
(21, 21, 2)
(21, 22, 2)
(21, 23, 2)
(21, 24, 2)
(21, 25, 2)
(21, 26, 2)
(21, 27, 2)
(21, 28, 2)
(21, 29, 2)
(21, 30, 1)
(21, 31, 1)
(21, 32, 1)
(21, 33, 1)
(21, 34, 1)
(21, 35, 1)
(21, 36, 1)
(21, 37, 1)
(21, 38, 1)
(21, 39, 1)

(22, 0, 393)
(22, 1, 187)
(22, 2, 78)
(22, 3, 20)
(22, 4, 19)
(22, 5, 19)
(22, 6, 7)
(22, 7, 7)
(22, 8, 7)
(22, 9, 7)
(22, 10, 7)
(22, 11, 7)
(22, 12, 7)
(22, 13, 7)
(22, 14, 6)
(22, 15, 6)
(22, 16, 5)
(22, 17, 5)
(22, 18, 3)
(22, 19, 3)
(22, 20, 3)
(22, 21, 2)
(22, 22, 2)
(22, 23, 2)
(22, 24, 2)
(22, 25, 2)
(22, 26, 2)
(22, 27, 2)
(22, 28, 2)
(22, 29, 2)
(22, 30, 1)
(22, 31, 1)
(22, 32, 1)
(22, 33, 1)
(22, 34, 1)
(22, 35, 1)
(22, 36, 1)
(22, 37, 1)
(22, 38, 1)
(22, 39, 1)

(23, 0, 420)
(23, 1, 196)
(23, 2, 82)
(23, 3, 20)
(23, 4, 20)
(23, 5, 19)
(23, 6, 7)
(23, 7, 7)
(23, 8, 7)
(23, 9, 7)
(23, 10, 7)
(23, 11, 7)
(23, 12, 7)
(23, 13, 7)
(23, 14, 6)
(23, 15, 6)
(23, 16, 5)
(23, 17, 5)
(23, 18, 3)
(23, 19, 3)
(23, 20, 3)
(23, 21, 2)
(23, 22, 2)
(23, 23, 2)
(23, 24, 2)
(23, 25, 2)
(23, 26, 2)
(23, 27, 2)
(23, 28, 2)
(23, 29, 2)
(23, 30, 1)
(23, 31, 1)
(23, 32, 1)
(23, 33, 1)
(23, 34, 1)
(23, 35, 1)
(23, 36, 1)
(23, 37, 1)
(23, 38, 1)
(23, 39, 1)

(24, 0, 445)
(24, 1, 211)
(24, 2, 88)
(24, 3, 21)
(24, 4, 21)
(24, 5, 21)
(24, 6, 8)
(24, 7, 8)
(24, 8, 8)
(24, 9, 8)
(24, 10, 8)
(24, 11, 8)
(24, 12, 8)
(24, 13, 8)
(24, 14, 7)
(24, 15, 7)
(24, 16, 6)
(24, 17, 6)
(24, 18, 4)
(24, 19, 4)
(24, 20, 4)
(24, 21, 3)
(24, 22, 3)
(24, 23, 3)
(24, 24, 3)
(24, 25, 3)
(24, 26, 3)
(24, 27, 3)
(24, 28, 3)
(24, 29, 3)
(24, 30, 2)
(24, 31, 2)
(24, 32, 2)
(24, 33, 2)
(24, 34, 2)
(24, 35, 2)
(24, 36, 2)
(24, 37, 2)
(24, 38, 2)
(24, 39, 2)

(25, 0, 472)
(25, 1, 225)
(25, 2, 94)
(25, 3, 20)
(25, 4, 20)
(25, 5, 20)
(25, 6, 8)
(25, 7, 8)
(25, 8, 8)
(25, 9, 8)
(25, 10, 8)
(25, 11, 8)
(25, 12, 8)
(25, 13, 8)
(25, 14, 7)
(25, 15, 7)
(25, 16, 6)
(25, 17, 6)
(25, 18, 4)
(25, 19, 4)
(25, 20, 4)
(25, 21, 3)
(25, 22, 3)
(25, 23, 3)
(25, 24, 3)
(25, 25, 3)
(25, 26, 3)
(25, 27, 3)
(25, 28, 3)
(25, 29, 3)
(25, 30, 2)
(25, 31, 2)
(25, 32, 2)
(25, 33, 2)
(25, 34, 2)
(25, 35, 2)
(25, 36, 2)
(25, 37, 2)
(25, 38, 2)
(25, 39, 2)

(26, 0, 488)
(26, 1, 230)
(26, 2, 99)
(26, 3, 21)
(26, 4, 21)
(26, 5, 20)
(26, 6, 8)
(26, 7, 8)
(26, 8, 8)
(26, 9, 8)
(26, 10, 8)
(26, 11, 8)
(26, 12, 8)
(26, 13, 8)
(26, 14, 7)
(26, 15, 7)
(26, 16, 6)
(26, 17, 6)
(26, 18, 4)
(26, 19, 4)
(26, 20, 4)
(26, 21, 3)
(26, 22, 3)
(26, 23, 3)
(26, 24, 3)
(26, 25, 3)
(26, 26, 3)
(26, 27, 3)
(26, 28, 3)
(26, 29, 3)
(26, 30, 2)
(26, 31, 2)
(26, 32, 2)
(26, 33, 2)
(26, 34, 2)
(26, 35, 2)
(26, 36, 2)
(26, 37, 2)
(26, 38, 2)
(26, 39, 2)

(27, 0, 505)
(27, 1, 237)
(27, 2, 99)
(27, 3, 21)
(27, 4, 21)
(27, 5, 21)
(27, 6, 9)
(27, 7, 9)
(27, 8, 9)
(27, 9, 9)
(27, 10, 9)
(27, 11, 9)
(27, 12, 9)
(27, 13, 9)
(27, 14, 8)
(27, 15, 8)
(27, 16, 7)
(27, 17, 7)
(27, 18, 5)
(27, 19, 5)
(27, 20, 5)
(27, 21, 4)
(27, 22, 3)
(27, 23, 3)
(27, 24, 3)
(27, 25, 3)
(27, 26, 3)
(27, 27, 3)
(27, 28, 3)
(27, 29, 3)
(27, 30, 2)
(27, 31, 2)
(27, 32, 2)
(27, 33, 2)
(27, 34, 2)
(27, 35, 2)
(27, 36, 2)
(27, 37, 2)
(27, 38, 2)
(27, 39, 2)

(28, 0, 519)
(28, 1, 243)
(28, 2, 103)
(28, 3, 24)
(28, 4, 24)
(28, 5, 23)
(28, 6, 10)
(28, 7, 10)
(28, 8, 10)
(28, 9, 10)
(28, 10, 10)
(28, 11, 10)
(28, 12, 10)
(28, 13, 10)
(28, 14, 9)
(28, 15, 9)
(28, 16, 7)
(28, 17, 7)
(28, 18, 5)
(28, 19, 5)
(28, 20, 5)
(28, 21, 4)
(28, 22, 4)
(28, 23, 4)
(28, 24, 4)
(28, 25, 4)
(28, 26, 4)
(28, 27, 4)
(28, 28, 4)
(28, 29, 4)
(28, 30, 3)
(28, 31, 3)
(28, 32, 3)
(28, 33, 3)
(28, 34, 3)
(28, 35, 3)
(28, 36, 3)
(28, 37, 3)
(28, 38, 3)
(28, 39, 3)

(29, 0, 529)
(29, 1, 252)
(29, 2, 104)
(29, 3, 23)
(29, 4, 23)
(29, 5, 23)
(29, 6, 10)
(29, 7, 10)
(29, 8, 10)
(29, 9, 10)
(29, 10, 10)
(29, 11, 10)
(29, 12, 10)
(29, 13, 10)
(29, 14, 9)
(29, 15, 9)
(29, 16, 7)
(29, 17, 7)
(29, 18, 5)
(29, 19, 5)
(29, 20, 5)
(29, 21, 4)
(29, 22, 4)
(29, 23, 4)
(29, 24, 4)
(29, 25, 4)
(29, 26, 4)
(29, 27, 4)
(29, 28, 4)
(29, 29, 4)
(29, 30, 3)
(29, 31, 3)
(29, 32, 3)
(29, 33, 3)
(29, 34, 3)
(29, 35, 3)
(29, 36, 3)
(29, 37, 3)
(29, 38, 3)
(29, 39, 3)

(30, 0, 533)
(30, 1, 256)
(30, 2, 105)
(30, 3, 23)
(30, 4, 23)
(30, 5, 23)
(30, 6, 10)
(30, 7, 10)
(30, 8, 10)
(30, 9, 10)
(30, 10, 10)
(30, 11, 10)
(30, 12, 10)
(30, 13, 10)
(30, 14, 9)
(30, 15, 9)
(30, 16, 7)
(30, 17, 7)
(30, 18, 5)
(30, 19, 5)
(30, 20, 5)
(30, 21, 4)
(30, 22, 4)
(30, 23, 4)
(30, 24, 4)
(30, 25, 4)
(30, 26, 4)
(30, 27, 4)
(30, 28, 4)
(30, 29, 4)
(30, 30, 3)
(30, 31, 3)
(30, 32, 3)
(30, 33, 3)
(30, 34, 3)
(30, 35, 3)
(30, 36, 3)
(30, 37, 3)
(30, 38, 3)
(30, 39, 3)

(31, 0, 536)
(31, 1, 259)
(31, 2, 106)
(31, 3, 23)
(31, 4, 23)
(31, 5, 23)
(31, 6, 10)
(31, 7, 10)
(31, 8, 10)
(31, 9, 10)
(31, 10, 10)
(31, 11, 10)
(31, 12, 10)
(31, 13, 10)
(31, 14, 9)
(31, 15, 9)
(31, 16, 7)
(31, 17, 7)
(31, 18, 5)
(31, 19, 5)
(31, 20, 5)
(31, 21, 4)
(31, 22, 4)
(31, 23, 4)
(31, 24, 4)
(31, 25, 4)
(31, 26, 4)
(31, 27, 4)
(31, 28, 4)
(31, 29, 4)
(31, 30, 3)
(31, 31, 3)
(31, 32, 3)
(31, 33, 3)
(31, 34, 3)
(31, 35, 3)
(31, 36, 3)
(31, 37, 3)
(31, 38, 3)
(31, 39, 3)

(32, 0, 541)
(32, 1, 264)
(32, 2, 107)
(32, 3, 23)
(32, 4, 23)
(32, 5, 23)
(32, 6, 10)
(32, 7, 10)
(32, 8, 10)
(32, 9, 10)
(32, 10, 10)
(32, 11, 10)
(32, 12, 10)
(32, 13, 10)
(32, 14, 9)
(32, 15, 9)
(32, 16, 7)
(32, 17, 7)
(32, 18, 5)
(32, 19, 5)
(32, 20, 5)
(32, 21, 4)
(32, 22, 4)
(32, 23, 4)
(32, 24, 4)
(32, 25, 4)
(32, 26, 4)
(32, 27, 4)
(32, 28, 4)
(32, 29, 4)
(32, 30, 3)
(32, 31, 3)
(32, 32, 3)
(32, 33, 3)
(32, 34, 3)
(32, 35, 3)
(32, 36, 3)
(32, 37, 3)
(32, 38, 3)
(32, 39, 3)

(33, 0, 545)
(33, 1, 268)
(33, 2, 109)
(33, 3, 23)
(33, 4, 23)
(33, 5, 23)
(33, 6, 10)
(33, 7, 10)
(33, 8, 10)
(33, 9, 10)
(33, 10, 10)
(33, 11, 10)
(33, 12, 10)
(33, 13, 10)
(33, 14, 9)
(33, 15, 9)
(33, 16, 7)
(33, 17, 7)
(33, 18, 5)
(33, 19, 5)
(33, 20, 5)
(33, 21, 4)
(33, 22, 4)
(33, 23, 4)
(33, 24, 4)
(33, 25, 4)
(33, 26, 4)
(33, 27, 4)
(33, 28, 4)
(33, 29, 4)
(33, 30, 3)
(33, 31, 3)
(33, 32, 3)
(33, 33, 3)
(33, 34, 3)
(33, 35, 2)
(33, 36, 2)
(33, 37, 2)
(33, 38, 2)
(33, 39, 2)

(34, 0, 552)
(34, 1, 275)
(34, 2, 113)
(34, 3, 24)
(34, 4, 24)
(34, 5, 24)
(34, 6, 10)
(34, 7, 10)
(34, 8, 10)
(34, 9, 10)
(34, 10, 10)
(34, 11, 10)
(34, 12, 10)
(34, 13, 10)
(34, 14, 9)
(34, 15, 9)
(34, 16, 7)
(34, 17, 7)
(34, 18, 5)
(34, 19, 5)
(34, 20, 5)
(34, 21, 4)
(34, 22, 4)
(34, 23, 3)
(34, 24, 3)
(34, 25, 3)
(34, 26, 3)
(34, 27, 3)
(34, 28, 3)
(34, 29, 3)
(34, 30, 2)
(34, 31, 2)
(34, 32, 2)
(34, 33, 2)
(34, 34, 2)
(34, 35, 2)
(34, 36, 2)
(34, 37, 2)
(34, 38, 2)
(34, 39, 2)

(35, 0, 563)
(35, 1, 280)
(35, 2, 114)
(35, 3, 24)
(35, 4, 24)
(35, 5, 24)
(35, 6, 11)
(35, 7, 11)
(35, 8, 11)
(35, 9, 11)
(35, 10, 11)
(35, 11, 11)
(35, 12, 11)
(35, 13, 11)
(35, 14, 10)
(35, 15, 10)
(35, 16, 8)
(35, 17, 8)
(35, 18, 6)
(35, 19, 6)
(35, 20, 6)
(35, 21, 4)
(35, 22, 4)
(35, 23, 3)
(35, 24, 3)
(35, 25, 3)
(35, 26, 3)
(35, 27, 3)
(35, 28, 3)
(35, 29, 3)
(35, 30, 2)
(35, 31, 2)
(35, 32, 2)
(35, 33, 2)
(35, 34, 2)
(35, 35, 2)
(35, 36, 2)
(35, 37, 2)
(35, 38, 2)
(35, 39, 2)

(36, 0, 579)
(36, 1, 280)
(36, 2, 113)
(36, 3, 23)
(36, 4, 23)
(36, 5, 23)
(36, 6, 10)
(36, 7, 10)
(36, 8, 10)
(36, 9, 10)
(36, 10, 10)
(36, 11, 10)
(36, 12, 10)
(36, 13, 10)
(36, 14, 9)
(36, 15, 9)
(36, 16, 7)
(36, 17, 7)
(36, 18, 5)
(36, 19, 5)
(36, 20, 5)
(36, 21, 4)
(36, 22, 4)
(36, 23, 3)
(36, 24, 3)
(36, 25, 3)
(36, 26, 3)
(36, 27, 3)
(36, 28, 3)
(36, 29, 3)
(36, 30, 2)
(36, 31, 2)
(36, 32, 2)
(36, 33, 2)
(36, 34, 2)
(36, 35, 2)
(36, 36, 2)
(36, 37, 2)
(36, 38, 2)
(36, 39, 2)

(37, 0, 587)
(37, 1, 283)
(37, 2, 114)
(37, 3, 24)
(37, 4, 24)
(37, 5, 24)
(37, 6, 11)
(37, 7, 11)
(37, 8, 11)
(37, 9, 10)
(37, 10, 10)
(37, 11, 10)
(37, 12, 10)
(37, 13, 10)
(37, 14, 9)
(37, 15, 9)
(37, 16, 7)
(37, 17, 7)
(37, 18, 5)
(37, 19, 5)
(37, 20, 5)
(37, 21, 4)
(37, 22, 4)
(37, 23, 3)
(37, 24, 3)
(37, 25, 3)
(37, 26, 3)
(37, 27, 3)
(37, 28, 3)
(37, 29, 3)
(37, 30, 2)
(37, 31, 2)
(37, 32, 2)
(37, 33, 2)
(37, 34, 2)
(37, 35, 2)
(37, 36, 2)
(37, 37, 2)
(37, 38, 2)
(37, 39, 2)

(38, 0, 592)
(38, 1, 285)
(38, 2, 114)
(38, 3, 24)
(38, 4, 24)
(38, 5, 24)
(38, 6, 11)
(38, 7, 11)
(38, 8, 11)
(38, 9, 10)
(38, 10, 10)
(38, 11, 10)
(38, 12, 10)
(38, 13, 10)
(38, 14, 9)
(38, 15, 9)
(38, 16, 7)
(38, 17, 7)
(38, 18, 5)
(38, 19, 5)
(38, 20, 5)
(38, 21, 4)
(38, 22, 4)
(38, 23, 3)
(38, 24, 3)
(38, 25, 3)
(38, 26, 3)
(38, 27, 3)
(38, 28, 3)
(38, 29, 3)
(38, 30, 2)
(38, 31, 2)
(38, 32, 2)
(38, 33, 2)
(38, 34, 2)
(38, 35, 2)
(38, 36, 2)
(38, 37, 2)
(38, 38, 2)
(38, 39, 2)

(39, 0, 600)
(39, 1, 287)
(39, 2, 112)
(39, 3, 22)
(39, 4, 22)
(39, 5, 22)
(39, 6, 10)
(39, 7, 10)
(39, 8, 10)
(39, 9, 10)
(39, 10, 10)
(39, 11, 10)
(39, 12, 10)
(39, 13, 10)
(39, 14, 9)
(39, 15, 9)
(39, 16, 7)
(39, 17, 7)
(39, 18, 5)
(39, 19, 5)
(39, 20, 5)
(39, 21, 4)
(39, 22, 4)
(39, 23, 3)
(39, 24, 3)
(39, 25, 3)
(39, 26, 3)
(39, 27, 3)
(39, 28, 3)
(39, 29, 3)
(39, 30, 2)
(39, 31, 2)
(39, 32, 2)
(39, 33, 2)
(39, 34, 2)
(39, 35, 2)
(39, 36, 2)
(39, 37, 2)
(39, 38, 2)
(39, 39, 2)


Betti numbers:
xi_0:
(0, 0, 1)
(1, 0, 2)
(2, 0, 2)
(3, 0, 3)
(4, 0, 2)
(5, 0, 7)
(6, 0, 17)
(7, 0, 14)
(8, 0, 7)
(9, 0, 7)
(10, 0, 7)
(11, 0, 12)
(12, 0, 28)
(13, 0, 32)
(14, 0, 32)
(15, 0, 25)
(16, 0, 21)
(17, 0, 26)
(18, 0, 24)
(19, 0, 30)
(20, 0, 36)
(21, 0, 24)
(22, 0, 34)
(23, 0, 27)
(24, 0, 25)
(25, 0, 27)
(26, 0, 16)
(27, 0, 17)
(28, 0, 14)
(29, 0, 10)
(30, 0, 4)
(31, 0, 3)
(32, 0, 5)
(33, 0, 4)
(34, 0, 7)
(35, 0, 11)
(36, 0, 16)
(37, 0, 8)
(38, 0, 5)
(39, 0, 8)
xi_1:
(1, 18, 1)
(1, 27, 1)
(2, 1, 2)
(3, 1, 2)
(3, 9, 1)
(3, 26, 1)
(4, 1, 2)
(5, 1, 6)
(5, 2, 1)
(5, 24, 1)
(6, 1, 10)
(6, 2, 5)
(6, 7, 1)
(6, 14, 1)
(6, 37, 1)
(7, 1, 11)
(7, 2, 2)
(7, 3, 1)
(7, 6, 1)
(8, 1, 3)
(8, 2, 2)
(8, 3, 1)
(8, 6, 1)
(9, 2, 4)
(9, 3, 1)
(9, 6, 1)
(9, 31, 1)
(10, 1, 1)
(10, 2, 2)
(10, 3, 2)
(10, 6, 1)
(10, 28, 1)
(11, 1, 1)
(11, 2, 7)
(11, 3, 1)
(11, 5, 1)
(11, 6, 2)
(11, 21, 1)
(11, 22, 1)
(11, 24, 1)
(12, 1, 10)
(12, 2, 12)
(12, 3, 3)
(12, 5, 2)
(12, 6, 2)
(12, 7, 1)
(12, 20, 1)
(12, 30, 1)
(13, 1, 19)
(13, 2, 9)
(13, 3, 2)
(13, 4, 2)
(13, 5, 1)
(13, 6, 2)
(13, 18, 1)
(14, 1, 20)
(14, 2, 8)
(14, 3, 6)
(14, 4, 2)
(14, 5, 1)
(14, 16, 1)
(15, 1, 14)
(15, 2, 7)
(15, 3, 3)
(15, 5, 1)
(15, 6, 2)
(16, 1, 11)
(16, 2, 6)
(16, 3, 6)
(16, 4, 1)
(16, 5, 1)
(17, 1, 9)
(17, 2, 8)
(17, 3, 10)
(17, 4, 1)
(17, 6, 2)
(18, 1, 12)
(18, 2, 4)
(18, 3, 7)
(18, 4, 1)
(18, 5, 1)
(18, 6, 2)
(19, 1, 16)
(19, 2, 9)
(19, 3, 4)
(19, 4, 1)
(19, 5, 1)
(19, 22, 1)
(20, 1, 20)
(20, 2, 11)
(20, 3, 5)
(20, 6, 2)
(20, 20, 1)
(21, 1, 15)
(21, 2, 3)
(21, 3, 5)
(21, 4, 1)
(21, 5, 1)
(21, 6, 1)
(21, 18, 1)
(22, 1, 22)
(22, 2, 9)
(22, 3, 3)
(22, 4, 1)
(22, 6, 1)
(23, 1, 18)
(23, 2, 5)
(23, 3, 4)
(23, 5, 1)
(23, 6, 1)
(24, 1, 10)
(24, 2, 9)
(24, 3, 5)
(24, 6, 1)
(25, 1, 13)
(25, 2, 8)
(25, 3, 7)
(26, 1, 11)
(26, 3, 4)
(26, 5, 1)
(27, 1, 10)
(27, 2, 7)
(27, 22, 1)
(28, 1, 8)
(28, 2, 2)
(28, 3, 1)
(28, 5, 1)
(28, 6, 1)
(28, 16, 1)
(29, 1, 1)
(29, 2, 8)
(29, 3, 2)
(30, 2, 3)
(30, 3, 1)
(31, 2, 2)
(31, 3, 1)
(32, 2, 4)
(32, 3, 1)
(33, 2, 2)
(33, 3, 2)
(33, 35, 1)
(34, 2, 3)
(34, 3, 3)
(34, 6, 1)
(34, 23, 1)
(35, 1, 6)
(35, 2, 4)
(35, 3, 1)
(35, 21, 1)
(36, 1, 16)
(36, 2, 1)
(37, 1, 5)
(37, 2, 2)
(37, 9, 1)
(38, 1, 3)
(38, 2, 2)
(39, 1, 6)
(39, 2, 4)
xi_2:
(3, 27, 1)
(5, 26, 1)
(6, 24, 1)
(7, 7, 1)
(11, 6, 1)
(11, 28, 1)
(11, 37, 1)
(12, 6, 1)
(12, 22, 1)
(12, 24, 1)
(12, 31, 1)
(13, 5, 1)
(13, 6, 1)
(13, 7, 1)
(13, 20, 1)
(14, 4, 1)
(14, 5, 2)
(14, 6, 1)
(14, 9, 1)
(14, 18, 1)
(15, 3, 1)
(15, 5, 1)
(16, 4, 1)
(16, 5, 2)
(16, 6, 1)
(17, 3, 1)
(17, 4, 3)
(18, 4, 1)
(18, 5, 1)
(18, 6, 1)
(19, 5, 1)
(19, 6, 1)
(20, 4, 1)
(20, 5, 1)
(20, 22, 1)
(21, 4, 1)
(21, 6, 1)
(21, 20, 1)
(22, 4, 1)
(22, 5, 1)
(23, 4, 1)
(23, 6, 1)
(24, 5, 1)
(25, 6, 1)
(27, 5, 1)
(28, 22, 1)
(29, 5, 1)
(34, 35, 1)
(35, 6, 1)
(36, 21, 1)
(39, 6, 1)
(39, 9, 1)
