x-grades
-288494173272775547/20000000000000000
-142043030568788087/10000000000000000
-279677949002376801/20000000000000000
-68817459216794357/5000000000000000
-54172344946395611/4000000000000000
-133226806298389341/10000000000000000
-262045500461579309/20000000000000000
-8051168385199373/625000000000000
-253229276191180563/20000000000000000
-24882116405598119/2000000000000000
-244413051920781817/20000000000000000
-60001234946395611/5000000000000000
-235596827650383071/20000000000000000
-115594357757591849/10000000000000000
-9071224135199373/800000000000000
-27796561405598119/2500000000000000
-217964379109585579/20000000000000000
-106778133487193103/10000000000000000
-209148154839186833/20000000000000000
-10237002135199373/1000000000000000
-200331930568788087/20000000000000000
-97961909216794357/10000000000000000
-191515706298389341/20000000000000000
-11694224635199373/1250000000000000
-36539896405598119/4000000000000000
-89145684946395611/10000000000000000
-173883257757591849/20000000000000000
-42368786405598119/5000000000000000
-165067033487193103/20000000000000000
-16065892135199373/2000000000000000
-156250809216794357/20000000000000000
-18980337135199373/2500000000000000
-147434584946395611/20000000000000000
-71513236405598119/10000000000000000
-27723672135199373/4000000000000000
-33552562135199373/5000000000000000
-129802136405598119/20000000000000000
-62697012135199373/10000000000000000
-120985912135199373/20000000000000000
-582889/100000

y-grades
9995773/4000000
9995773/2000000
29987319/4000000
9995773/1000000
9995773/800000
29987319/2000000
69970411/4000000
9995773/500000
89961957/4000000
9995773/400000
109953503/4000000
29987319/1000000
129945049/4000000
69970411/2000000
29987319/800000
9995773/250000
169928141/4000000
89961957/2000000
189919687/4000000
9995773/200000
209911233/4000000
109953503/2000000
229902779/4000000
29987319/500000
9995773/160000
129945049/2000000
269885871/4000000
69970411/1000000
289877417/4000000
29987319/400000
309868963/4000000
9995773/125000
329860509/4000000
169928141/2000000
69970411/800000
89961957/1000000
369843601/4000000
189919687/2000000
389835147/4000000
9995773/100000

Dimensions > 0:
(0, 0, 1)
(0, 1, 1)
(0, 2, 1)
(0, 3, 1)
(0, 4, 1)
(0, 5, 1)
(0, 6, 1)
(0, 7, 1)
(0, 8, 1)
(0, 9, 1)
(0, 10, 1)
(0, 11, 1)
(0, 12, 1)
(0, 13, 1)
(0, 14, 1)
(0, 15, 1)
(0, 16, 1)
(0, 17, 1)
(0, 18, 1)
(0, 19, 1)
(0, 20, 1)
(0, 21, 1)
(0, 22, 1)
(0, 23, 1)
(0, 24, 1)
(0, 25, 1)
(0, 26, 1)
(0, 27, 1)
(0, 28, 1)
(0, 29, 1)
(0, 30, 1)
(0, 31, 1)
(0, 32, 1)
(0, 33, 1)
(0, 34, 1)
(0, 35, 1)
(0, 36, 1)
(0, 37, 1)
(0, 38, 1)
(0, 39, 1)

(1, 0, 2)
(1, 1, 2)
(1, 2, 2)
(1, 3, 2)
(1, 4, 2)
(1, 5, 2)
(1, 6, 2)
(1, 7, 2)
(1, 8, 1)
(1, 9, 1)
(1, 10, 1)
(1, 11, 1)
(1, 12, 1)
(1, 13, 1)
(1, 14, 1)
(1, 15, 1)
(1, 16, 1)
(1, 17, 1)
(1, 18, 1)
(1, 19, 1)
(1, 20, 1)
(1, 21, 1)
(1, 22, 1)
(1, 23, 1)
(1, 24, 1)
(1, 25, 1)
(1, 26, 1)
(1, 27, 1)
(1, 28, 1)
(1, 29, 1)
(1, 30, 1)
(1, 31, 1)
(1, 32, 1)
(1, 33, 1)
(1, 34, 1)
(1, 35, 1)
(1, 36, 1)
(1, 37, 1)
(1, 38, 1)
(1, 39, 1)

(2, 0, 3)
(2, 1, 3)
(2, 2, 3)
(2, 3, 3)
(2, 4, 3)
(2, 5, 3)
(2, 6, 3)
(2, 7, 3)
(2, 8, 2)
(2, 9, 2)
(2, 10, 2)
(2, 11, 2)
(2, 12, 2)
(2, 13, 2)
(2, 14, 2)
(2, 15, 2)
(2, 16, 2)
(2, 17, 2)
(2, 18, 2)
(2, 19, 2)
(2, 20, 2)
(2, 21, 2)
(2, 22, 2)
(2, 23, 2)
(2, 24, 2)
(2, 25, 2)
(2, 26, 2)
(2, 27, 2)
(2, 28, 2)
(2, 29, 2)
(2, 30, 2)
(2, 31, 2)
(2, 32, 2)
(2, 33, 2)
(2, 34, 2)
(2, 35, 2)
(2, 36, 2)
(2, 37, 2)
(2, 38, 2)
(2, 39, 2)

(3, 0, 3)
(3, 1, 3)
(3, 2, 3)
(3, 3, 3)
(3, 4, 3)
(3, 5, 3)
(3, 6, 3)
(3, 7, 3)
(3, 8, 2)
(3, 9, 2)
(3, 10, 2)
(3, 11, 2)
(3, 12, 2)
(3, 13, 2)
(3, 14, 2)
(3, 15, 2)
(3, 16, 2)
(3, 17, 2)
(3, 18, 2)
(3, 19, 2)
(3, 20, 2)
(3, 21, 2)
(3, 22, 2)
(3, 23, 2)
(3, 24, 2)
(3, 25, 2)
(3, 26, 2)
(3, 27, 2)
(3, 28, 2)
(3, 29, 2)
(3, 30, 2)
(3, 31, 2)
(3, 32, 2)
(3, 33, 2)
(3, 34, 2)
(3, 35, 2)
(3, 36, 2)
(3, 37, 2)
(3, 38, 2)
(3, 39, 2)

(4, 0, 3)
(4, 1, 3)
(4, 2, 3)
(4, 3, 3)
(4, 4, 3)
(4, 5, 3)
(4, 6, 3)
(4, 7, 3)
(4, 8, 2)
(4, 9, 2)
(4, 10, 2)
(4, 11, 2)
(4, 12, 2)
(4, 13, 2)
(4, 14, 2)
(4, 15, 2)
(4, 16, 2)
(4, 17, 2)
(4, 18, 2)
(4, 19, 2)
(4, 20, 2)
(4, 21, 2)
(4, 22, 2)
(4, 23, 2)
(4, 24, 2)
(4, 25, 2)
(4, 26, 2)
(4, 27, 2)
(4, 28, 2)
(4, 29, 2)
(4, 30, 2)
(4, 31, 2)
(4, 32, 2)
(4, 33, 2)
(4, 34, 2)
(4, 35, 2)
(4, 36, 2)
(4, 37, 2)
(4, 38, 2)
(4, 39, 2)

(5, 0, 4)
(5, 1, 4)
(5, 2, 4)
(5, 3, 4)
(5, 4, 4)
(5, 5, 4)
(5, 6, 4)
(5, 7, 4)
(5, 8, 3)
(5, 9, 3)
(5, 10, 3)
(5, 11, 3)
(5, 12, 3)
(5, 13, 3)
(5, 14, 3)
(5, 15, 3)
(5, 16, 3)
(5, 17, 3)
(5, 18, 3)
(5, 19, 3)
(5, 20, 3)
(5, 21, 3)
(5, 22, 3)
(5, 23, 3)
(5, 24, 2)
(5, 25, 2)
(5, 26, 2)
(5, 27, 2)
(5, 28, 2)
(5, 29, 2)
(5, 30, 2)
(5, 31, 2)
(5, 32, 2)
(5, 33, 1)
(5, 34, 1)
(5, 35, 1)
(5, 36, 1)
(5, 37, 1)
(5, 38, 1)
(5, 39, 1)

(6, 0, 4)
(6, 1, 4)
(6, 2, 4)
(6, 3, 4)
(6, 4, 4)
(6, 5, 4)
(6, 6, 4)
(6, 7, 4)
(6, 8, 3)
(6, 9, 3)
(6, 10, 3)
(6, 11, 3)
(6, 12, 3)
(6, 13, 3)
(6, 14, 3)
(6, 15, 3)
(6, 16, 3)
(6, 17, 3)
(6, 18, 3)
(6, 19, 3)
(6, 20, 3)
(6, 21, 3)
(6, 22, 3)
(6, 23, 3)
(6, 24, 2)
(6, 25, 2)
(6, 26, 2)
(6, 27, 2)
(6, 28, 2)
(6, 29, 2)
(6, 30, 2)
(6, 31, 2)
(6, 32, 2)
(6, 33, 1)
(6, 34, 1)
(6, 35, 1)
(6, 36, 1)
(6, 37, 1)
(6, 38, 1)
(6, 39, 1)

(7, 0, 4)
(7, 1, 4)
(7, 2, 4)
(7, 3, 4)
(7, 4, 4)
(7, 5, 4)
(7, 6, 4)
(7, 7, 4)
(7, 8, 3)
(7, 9, 3)
(7, 10, 3)
(7, 11, 3)
(7, 12, 3)
(7, 13, 3)
(7, 14, 3)
(7, 15, 3)
(7, 16, 3)
(7, 17, 3)
(7, 18, 3)
(7, 19, 3)
(7, 20, 3)
(7, 21, 3)
(7, 22, 3)
(7, 23, 3)
(7, 24, 2)
(7, 25, 2)
(7, 26, 2)
(7, 27, 2)
(7, 28, 2)
(7, 29, 2)
(7, 30, 2)
(7, 31, 2)
(7, 32, 2)
(7, 33, 1)
(7, 34, 1)
(7, 35, 1)
(7, 36, 1)
(7, 37, 1)
(7, 38, 1)
(7, 39, 1)

(8, 0, 4)
(8, 1, 4)
(8, 2, 4)
(8, 3, 4)
(8, 4, 4)
(8, 5, 4)
(8, 6, 4)
(8, 7, 4)
(8, 8, 3)
(8, 9, 3)
(8, 10, 3)
(8, 11, 3)
(8, 12, 3)
(8, 13, 3)
(8, 14, 3)
(8, 15, 3)
(8, 16, 3)
(8, 17, 3)
(8, 18, 3)
(8, 19, 3)
(8, 20, 3)
(8, 21, 3)
(8, 22, 3)
(8, 23, 3)
(8, 24, 2)
(8, 25, 2)
(8, 26, 2)
(8, 27, 2)
(8, 28, 2)
(8, 29, 2)
(8, 30, 2)
(8, 31, 2)
(8, 32, 2)
(8, 33, 1)
(8, 34, 1)
(8, 35, 1)
(8, 36, 1)
(8, 37, 1)
(8, 38, 1)
(8, 39, 1)

(9, 0, 5)
(9, 1, 5)
(9, 2, 5)
(9, 3, 5)
(9, 4, 5)
(9, 5, 5)
(9, 6, 5)
(9, 7, 5)
(9, 8, 4)
(9, 9, 4)
(9, 10, 4)
(9, 11, 4)
(9, 12, 4)
(9, 13, 4)
(9, 14, 4)
(9, 15, 4)
(9, 16, 4)
(9, 17, 4)
(9, 18, 4)
(9, 19, 4)
(9, 20, 4)
(9, 21, 4)
(9, 22, 4)
(9, 23, 4)
(9, 24, 3)
(9, 25, 2)
(9, 26, 2)
(9, 27, 2)
(9, 28, 2)
(9, 29, 2)
(9, 30, 2)
(9, 31, 2)
(9, 32, 2)
(9, 33, 1)
(9, 34, 1)
(9, 35, 1)
(9, 36, 1)
(9, 37, 1)
(9, 38, 1)
(9, 39, 1)

(10, 0, 7)
(10, 1, 7)
(10, 2, 7)
(10, 3, 7)
(10, 4, 7)
(10, 5, 7)
(10, 6, 7)
(10, 7, 7)
(10, 8, 6)
(10, 9, 6)
(10, 10, 6)
(10, 11, 6)
(10, 12, 6)
(10, 13, 6)
(10, 14, 6)
(10, 15, 6)
(10, 16, 6)
(10, 17, 6)
(10, 18, 6)
(10, 19, 6)
(10, 20, 6)
(10, 21, 6)
(10, 22, 5)
(10, 23, 5)
(10, 24, 4)
(10, 25, 3)
(10, 26, 3)
(10, 27, 3)
(10, 28, 3)
(10, 29, 3)
(10, 30, 3)
(10, 31, 3)
(10, 32, 3)
(10, 33, 2)
(10, 34, 2)
(10, 35, 1)
(10, 36, 1)
(10, 37, 1)
(10, 38, 1)
(10, 39, 1)

(11, 0, 7)
(11, 1, 7)
(11, 2, 7)
(11, 3, 7)
(11, 4, 7)
(11, 5, 7)
(11, 6, 7)
(11, 7, 7)
(11, 8, 6)
(11, 9, 6)
(11, 10, 6)
(11, 11, 6)
(11, 12, 6)
(11, 13, 6)
(11, 14, 6)
(11, 15, 6)
(11, 16, 6)
(11, 17, 6)
(11, 18, 6)
(11, 19, 6)
(11, 20, 6)
(11, 21, 6)
(11, 22, 5)
(11, 23, 5)
(11, 24, 4)
(11, 25, 3)
(11, 26, 3)
(11, 27, 3)
(11, 28, 3)
(11, 29, 3)
(11, 30, 3)
(11, 31, 3)
(11, 32, 3)
(11, 33, 2)
(11, 34, 2)
(11, 35, 1)
(11, 36, 1)
(11, 37, 1)
(11, 38, 1)
(11, 39, 1)

(12, 0, 8)
(12, 1, 8)
(12, 2, 8)
(12, 3, 8)
(12, 4, 8)
(12, 5, 8)
(12, 6, 8)
(12, 7, 8)
(12, 8, 7)
(12, 9, 7)
(12, 10, 7)
(12, 11, 7)
(12, 12, 7)
(12, 13, 7)
(12, 14, 7)
(12, 15, 7)
(12, 16, 7)
(12, 17, 7)
(12, 18, 7)
(12, 19, 7)
(12, 20, 7)
(12, 21, 7)
(12, 22, 6)
(12, 23, 6)
(12, 24, 4)
(12, 25, 3)
(12, 26, 3)
(12, 27, 3)
(12, 28, 3)
(12, 29, 3)
(12, 30, 3)
(12, 31, 3)
(12, 32, 3)
(12, 33, 2)
(12, 34, 2)
(12, 35, 1)
(12, 36, 1)
(12, 37, 1)
(12, 38, 1)
(12, 39, 1)

(13, 0, 8)
(13, 1, 8)
(13, 2, 8)
(13, 3, 8)
(13, 4, 8)
(13, 5, 8)
(13, 6, 8)
(13, 7, 8)
(13, 8, 7)
(13, 9, 7)
(13, 10, 7)
(13, 11, 7)
(13, 12, 7)
(13, 13, 7)
(13, 14, 7)
(13, 15, 7)
(13, 16, 7)
(13, 17, 7)
(13, 18, 7)
(13, 19, 7)
(13, 20, 7)
(13, 21, 7)
(13, 22, 6)
(13, 23, 6)
(13, 24, 4)
(13, 25, 3)
(13, 26, 3)
(13, 27, 3)
(13, 28, 3)
(13, 29, 3)
(13, 30, 3)
(13, 31, 3)
(13, 32, 3)
(13, 33, 2)
(13, 34, 2)
(13, 35, 1)
(13, 36, 1)
(13, 37, 1)
(13, 38, 1)
(13, 39, 1)

(14, 0, 9)
(14, 1, 9)
(14, 2, 9)
(14, 3, 9)
(14, 4, 9)
(14, 5, 9)
(14, 6, 9)
(14, 7, 9)
(14, 8, 8)
(14, 9, 8)
(14, 10, 8)
(14, 11, 8)
(14, 12, 8)
(14, 13, 8)
(14, 14, 8)
(14, 15, 8)
(14, 16, 8)
(14, 17, 8)
(14, 18, 8)
(14, 19, 8)
(14, 20, 8)
(14, 21, 8)
(14, 22, 7)
(14, 23, 7)
(14, 24, 5)
(14, 25, 4)
(14, 26, 4)
(14, 27, 4)
(14, 28, 4)
(14, 29, 4)
(14, 30, 4)
(14, 31, 4)
(14, 32, 4)
(14, 33, 3)
(14, 34, 3)
(14, 35, 2)
(14, 36, 2)
(14, 37, 2)
(14, 38, 2)
(14, 39, 2)

(15, 0, 10)
(15, 1, 10)
(15, 2, 10)
(15, 3, 10)
(15, 4, 10)
(15, 5, 10)
(15, 6, 10)
(15, 7, 10)
(15, 8, 9)
(15, 9, 9)
(15, 10, 9)
(15, 11, 9)
(15, 12, 9)
(15, 13, 9)
(15, 14, 9)
(15, 15, 9)
(15, 16, 9)
(15, 17, 9)
(15, 18, 9)
(15, 19, 9)
(15, 20, 9)
(15, 21, 9)
(15, 22, 8)
(15, 23, 8)
(15, 24, 6)
(15, 25, 5)
(15, 26, 5)
(15, 27, 5)
(15, 28, 5)
(15, 29, 5)
(15, 30, 5)
(15, 31, 5)
(15, 32, 5)
(15, 33, 4)
(15, 34, 4)
(15, 35, 2)
(15, 36, 2)
(15, 37, 2)
(15, 38, 2)
(15, 39, 2)

(16, 0, 12)
(16, 1, 12)
(16, 2, 12)
(16, 3, 12)
(16, 4, 12)
(16, 5, 12)
(16, 6, 12)
(16, 7, 12)
(16, 8, 10)
(16, 9, 10)
(16, 10, 10)
(16, 11, 10)
(16, 12, 10)
(16, 13, 10)
(16, 14, 10)
(16, 15, 10)
(16, 16, 10)
(16, 17, 10)
(16, 18, 10)
(16, 19, 10)
(16, 20, 10)
(16, 21, 10)
(16, 22, 9)
(16, 23, 9)
(16, 24, 7)
(16, 25, 5)
(16, 26, 5)
(16, 27, 5)
(16, 28, 5)
(16, 29, 5)
(16, 30, 5)
(16, 31, 5)
(16, 32, 5)
(16, 33, 4)
(16, 34, 4)
(16, 35, 2)
(16, 36, 2)
(16, 37, 2)
(16, 38, 2)
(16, 39, 2)

(17, 0, 12)
(17, 1, 12)
(17, 2, 12)
(17, 3, 12)
(17, 4, 12)
(17, 5, 12)
(17, 6, 12)
(17, 7, 12)
(17, 8, 10)
(17, 9, 10)
(17, 10, 10)
(17, 11, 10)
(17, 12, 10)
(17, 13, 10)
(17, 14, 10)
(17, 15, 10)
(17, 16, 10)
(17, 17, 10)
(17, 18, 10)
(17, 19, 10)
(17, 20, 10)
(17, 21, 10)
(17, 22, 9)
(17, 23, 9)
(17, 24, 7)
(17, 25, 5)
(17, 26, 5)
(17, 27, 5)
(17, 28, 5)
(17, 29, 5)
(17, 30, 5)
(17, 31, 5)
(17, 32, 5)
(17, 33, 4)
(17, 34, 4)
(17, 35, 2)
(17, 36, 2)
(17, 37, 2)
(17, 38, 2)
(17, 39, 2)

(18, 0, 13)
(18, 1, 13)
(18, 2, 13)
(18, 3, 13)
(18, 4, 13)
(18, 5, 13)
(18, 6, 13)
(18, 7, 13)
(18, 8, 11)
(18, 9, 11)
(18, 10, 11)
(18, 11, 11)
(18, 12, 11)
(18, 13, 11)
(18, 14, 11)
(18, 15, 11)
(18, 16, 11)
(18, 17, 11)
(18, 18, 11)
(18, 19, 11)
(18, 20, 11)
(18, 21, 11)
(18, 22, 10)
(18, 23, 10)
(18, 24, 7)
(18, 25, 5)
(18, 26, 5)
(18, 27, 5)
(18, 28, 5)
(18, 29, 5)
(18, 30, 5)
(18, 31, 5)
(18, 32, 5)
(18, 33, 4)
(18, 34, 4)
(18, 35, 2)
(18, 36, 2)
(18, 37, 2)
(18, 38, 2)
(18, 39, 2)

(19, 0, 13)
(19, 1, 13)
(19, 2, 13)
(19, 3, 13)
(19, 4, 13)
(19, 5, 13)
(19, 6, 13)
(19, 7, 13)
(19, 8, 11)
(19, 9, 11)
(19, 10, 11)
(19, 11, 11)
(19, 12, 11)
(19, 13, 11)
(19, 14, 11)
(19, 15, 11)
(19, 16, 11)
(19, 17, 11)
(19, 18, 11)
(19, 19, 11)
(19, 20, 11)
(19, 21, 11)
(19, 22, 10)
(19, 23, 10)
(19, 24, 7)
(19, 25, 5)
(19, 26, 5)
(19, 27, 5)
(19, 28, 5)
(19, 29, 5)
(19, 30, 5)
(19, 31, 5)
(19, 32, 5)
(19, 33, 4)
(19, 34, 4)
(19, 35, 2)
(19, 36, 2)
(19, 37, 2)
(19, 38, 2)
(19, 39, 2)

(20, 0, 13)
(20, 1, 13)
(20, 2, 13)
(20, 3, 13)
(20, 4, 13)
(20, 5, 13)
(20, 6, 13)
(20, 7, 13)
(20, 8, 11)
(20, 9, 11)
(20, 10, 11)
(20, 11, 11)
(20, 12, 11)
(20, 13, 11)
(20, 14, 11)
(20, 15, 11)
(20, 16, 11)
(20, 17, 11)
(20, 18, 11)
(20, 19, 11)
(20, 20, 11)
(20, 21, 11)
(20, 22, 10)
(20, 23, 10)
(20, 24, 7)
(20, 25, 5)
(20, 26, 5)
(20, 27, 5)
(20, 28, 5)
(20, 29, 5)
(20, 30, 5)
(20, 31, 5)
(20, 32, 5)
(20, 33, 4)
(20, 34, 4)
(20, 35, 2)
(20, 36, 2)
(20, 37, 2)
(20, 38, 2)
(20, 39, 2)

(21, 0, 13)
(21, 1, 13)
(21, 2, 13)
(21, 3, 13)
(21, 4, 13)
(21, 5, 13)
(21, 6, 13)
(21, 7, 13)
(21, 8, 11)
(21, 9, 11)
(21, 10, 11)
(21, 11, 11)
(21, 12, 11)
(21, 13, 11)
(21, 14, 11)
(21, 15, 11)
(21, 16, 11)
(21, 17, 11)
(21, 18, 11)
(21, 19, 11)
(21, 20, 11)
(21, 21, 11)
(21, 22, 10)
(21, 23, 10)
(21, 24, 7)
(21, 25, 5)
(21, 26, 5)
(21, 27, 5)
(21, 28, 5)
(21, 29, 5)
(21, 30, 5)
(21, 31, 5)
(21, 32, 5)
(21, 33, 4)
(21, 34, 4)
(21, 35, 2)
(21, 36, 2)
(21, 37, 2)
(21, 38, 2)
(21, 39, 2)

(22, 0, 16)
(22, 1, 16)
(22, 2, 16)
(22, 3, 16)
(22, 4, 16)
(22, 5, 16)
(22, 6, 16)
(22, 7, 16)
(22, 8, 14)
(22, 9, 14)
(22, 10, 14)
(22, 11, 14)
(22, 12, 14)
(22, 13, 14)
(22, 14, 14)
(22, 15, 14)
(22, 16, 14)
(22, 17, 14)
(22, 18, 14)
(22, 19, 14)
(22, 20, 14)
(22, 21, 14)
(22, 22, 13)
(22, 23, 13)
(22, 24, 9)
(22, 25, 6)
(22, 26, 6)
(22, 27, 6)
(22, 28, 6)
(22, 29, 6)
(22, 30, 6)
(22, 31, 6)
(22, 32, 6)
(22, 33, 5)
(22, 34, 4)
(22, 35, 2)
(22, 36, 2)
(22, 37, 2)
(22, 38, 2)
(22, 39, 2)

(23, 0, 16)
(23, 1, 16)
(23, 2, 16)
(23, 3, 16)
(23, 4, 16)
(23, 5, 16)
(23, 6, 16)
(23, 7, 16)
(23, 8, 14)
(23, 9, 14)
(23, 10, 14)
(23, 11, 14)
(23, 12, 14)
(23, 13, 14)
(23, 14, 14)
(23, 15, 14)
(23, 16, 14)
(23, 17, 14)
(23, 18, 14)
(23, 19, 14)
(23, 20, 14)
(23, 21, 14)
(23, 22, 13)
(23, 23, 13)
(23, 24, 9)
(23, 25, 6)
(23, 26, 6)
(23, 27, 6)
(23, 28, 6)
(23, 29, 6)
(23, 30, 6)
(23, 31, 6)
(23, 32, 6)
(23, 33, 5)
(23, 34, 4)
(23, 35, 2)
(23, 36, 2)
(23, 37, 2)
(23, 38, 2)
(23, 39, 2)

(24, 0, 20)
(24, 1, 17)
(24, 2, 17)
(24, 3, 17)
(24, 4, 17)
(24, 5, 17)
(24, 6, 17)
(24, 7, 17)
(24, 8, 15)
(24, 9, 15)
(24, 10, 15)
(24, 11, 15)
(24, 12, 15)
(24, 13, 15)
(24, 14, 14)
(24, 15, 14)
(24, 16, 14)
(24, 17, 14)
(24, 18, 14)
(24, 19, 14)
(24, 20, 14)
(24, 21, 14)
(24, 22, 13)
(24, 23, 13)
(24, 24, 9)
(24, 25, 6)
(24, 26, 6)
(24, 27, 6)
(24, 28, 6)
(24, 29, 6)
(24, 30, 6)
(24, 31, 6)
(24, 32, 6)
(24, 33, 5)
(24, 34, 4)
(24, 35, 2)
(24, 36, 1)
(24, 37, 1)
(24, 38, 1)
(24, 39, 1)

(25, 0, 20)
(25, 1, 17)
(25, 2, 17)
(25, 3, 17)
(25, 4, 17)
(25, 5, 17)
(25, 6, 17)
(25, 7, 17)
(25, 8, 15)
(25, 9, 15)
(25, 10, 15)
(25, 11, 15)
(25, 12, 15)
(25, 13, 15)
(25, 14, 14)
(25, 15, 14)
(25, 16, 14)
(25, 17, 14)
(25, 18, 14)
(25, 19, 14)
(25, 20, 14)
(25, 21, 14)
(25, 22, 13)
(25, 23, 13)
(25, 24, 9)
(25, 25, 6)
(25, 26, 6)
(25, 27, 6)
(25, 28, 6)
(25, 29, 6)
(25, 30, 6)
(25, 31, 6)
(25, 32, 6)
(25, 33, 5)
(25, 34, 4)
(25, 35, 2)
(25, 36, 1)
(25, 37, 1)
(25, 38, 1)
(25, 39, 1)

(26, 0, 22)
(26, 1, 19)
(26, 2, 19)
(26, 3, 19)
(26, 4, 19)
(26, 5, 19)
(26, 6, 19)
(26, 7, 19)
(26, 8, 17)
(26, 9, 17)
(26, 10, 17)
(26, 11, 17)
(26, 12, 17)
(26, 13, 17)
(26, 14, 16)
(26, 15, 16)
(26, 16, 16)
(26, 17, 16)
(26, 18, 16)
(26, 19, 16)
(26, 20, 16)
(26, 21, 16)
(26, 22, 14)
(26, 23, 14)
(26, 24, 10)
(26, 25, 7)
(26, 26, 7)
(26, 27, 7)
(26, 28, 7)
(26, 29, 7)
(26, 30, 7)
(26, 31, 7)
(26, 32, 7)
(26, 33, 6)
(26, 34, 5)
(26, 35, 3)
(26, 36, 2)
(26, 37, 2)
(26, 38, 2)
(26, 39, 2)

(27, 0, 22)
(27, 1, 19)
(27, 2, 19)
(27, 3, 19)
(27, 4, 19)
(27, 5, 19)
(27, 6, 19)
(27, 7, 19)
(27, 8, 17)
(27, 9, 17)
(27, 10, 17)
(27, 11, 17)
(27, 12, 17)
(27, 13, 17)
(27, 14, 16)
(27, 15, 16)
(27, 16, 16)
(27, 17, 16)
(27, 18, 16)
(27, 19, 16)
(27, 20, 16)
(27, 21, 16)
(27, 22, 14)
(27, 23, 14)
(27, 24, 10)
(27, 25, 7)
(27, 26, 7)
(27, 27, 7)
(27, 28, 7)
(27, 29, 7)
(27, 30, 7)
(27, 31, 7)
(27, 32, 7)
(27, 33, 6)
(27, 34, 5)
(27, 35, 3)
(27, 36, 2)
(27, 37, 2)
(27, 38, 2)
(27, 39, 2)

(28, 0, 23)
(28, 1, 20)
(28, 2, 20)
(28, 3, 20)
(28, 4, 20)
(28, 5, 20)
(28, 6, 20)
(28, 7, 20)
(28, 8, 18)
(28, 9, 18)
(28, 10, 18)
(28, 11, 18)
(28, 12, 18)
(28, 13, 18)
(28, 14, 17)
(28, 15, 17)
(28, 16, 17)
(28, 17, 17)
(28, 18, 17)
(28, 19, 17)
(28, 20, 17)
(28, 21, 17)
(28, 22, 15)
(28, 23, 15)
(28, 24, 11)
(28, 25, 8)
(28, 26, 8)
(28, 27, 8)
(28, 28, 7)
(28, 29, 7)
(28, 30, 7)
(28, 31, 7)
(28, 32, 7)
(28, 33, 6)
(28, 34, 5)
(28, 35, 2)
(28, 36, 1)
(28, 37, 1)
(28, 38, 1)
(28, 39, 1)

(29, 0, 26)
(29, 1, 23)
(29, 2, 23)
(29, 3, 23)
(29, 4, 23)
(29, 5, 23)
(29, 6, 23)
(29, 7, 23)
(29, 8, 21)
(29, 9, 21)
(29, 10, 21)
(29, 11, 21)
(29, 12, 21)
(29, 13, 21)
(29, 14, 20)
(29, 15, 20)
(29, 16, 20)
(29, 17, 20)
(29, 18, 20)
(29, 19, 20)
(29, 20, 20)
(29, 21, 20)
(29, 22, 18)
(29, 23, 18)
(29, 24, 13)
(29, 25, 9)
(29, 26, 9)
(29, 27, 9)
(29, 28, 8)
(29, 29, 8)
(29, 30, 8)
(29, 31, 8)
(29, 32, 8)
(29, 33, 7)
(29, 34, 6)
(29, 35, 3)
(29, 36, 2)
(29, 37, 2)
(29, 38, 2)
(29, 39, 2)

(30, 0, 26)
(30, 1, 23)
(30, 2, 23)
(30, 3, 23)
(30, 4, 23)
(30, 5, 23)
(30, 6, 23)
(30, 7, 23)
(30, 8, 21)
(30, 9, 21)
(30, 10, 21)
(30, 11, 21)
(30, 12, 21)
(30, 13, 21)
(30, 14, 20)
(30, 15, 20)
(30, 16, 20)
(30, 17, 20)
(30, 18, 20)
(30, 19, 20)
(30, 20, 20)
(30, 21, 20)
(30, 22, 18)
(30, 23, 18)
(30, 24, 13)
(30, 25, 9)
(30, 26, 9)
(30, 27, 9)
(30, 28, 8)
(30, 29, 8)
(30, 30, 8)
(30, 31, 8)
(30, 32, 8)
(30, 33, 7)
(30, 34, 6)
(30, 35, 3)
(30, 36, 2)
(30, 37, 2)
(30, 38, 2)
(30, 39, 2)

(31, 0, 26)
(31, 1, 23)
(31, 2, 23)
(31, 3, 23)
(31, 4, 23)
(31, 5, 23)
(31, 6, 23)
(31, 7, 23)
(31, 8, 21)
(31, 9, 21)
(31, 10, 21)
(31, 11, 21)
(31, 12, 21)
(31, 13, 21)
(31, 14, 20)
(31, 15, 20)
(31, 16, 20)
(31, 17, 20)
(31, 18, 20)
(31, 19, 20)
(31, 20, 20)
(31, 21, 20)
(31, 22, 18)
(31, 23, 18)
(31, 24, 13)
(31, 25, 9)
(31, 26, 9)
(31, 27, 9)
(31, 28, 8)
(31, 29, 8)
(31, 30, 8)
(31, 31, 8)
(31, 32, 8)
(31, 33, 7)
(31, 34, 6)
(31, 35, 3)
(31, 36, 2)
(31, 37, 2)
(31, 38, 2)
(31, 39, 2)

(32, 0, 30)
(32, 1, 26)
(32, 2, 26)
(32, 3, 26)
(32, 4, 26)
(32, 5, 26)
(32, 6, 26)
(32, 7, 26)
(32, 8, 24)
(32, 9, 24)
(32, 10, 24)
(32, 11, 24)
(32, 12, 24)
(32, 13, 24)
(32, 14, 23)
(32, 15, 23)
(32, 16, 23)
(32, 17, 23)
(32, 18, 23)
(32, 19, 23)
(32, 20, 23)
(32, 21, 23)
(32, 22, 21)
(32, 23, 21)
(32, 24, 16)
(32, 25, 12)
(32, 26, 12)
(32, 27, 11)
(32, 28, 10)
(32, 29, 10)
(32, 30, 10)
(32, 31, 10)
(32, 32, 10)
(32, 33, 9)
(32, 34, 8)
(32, 35, 3)
(32, 36, 2)
(32, 37, 2)
(32, 38, 2)
(32, 39, 2)

(33, 0, 47)
(33, 1, 30)
(33, 2, 30)
(33, 3, 30)
(33, 4, 30)
(33, 5, 28)
(33, 6, 28)
(33, 7, 28)
(33, 8, 26)
(33, 9, 25)
(33, 10, 25)
(33, 11, 25)
(33, 12, 25)
(33, 13, 25)
(33, 14, 24)
(33, 15, 23)
(33, 16, 23)
(33, 17, 23)
(33, 18, 23)
(33, 19, 23)
(33, 20, 23)
(33, 21, 23)
(33, 22, 21)
(33, 23, 21)
(33, 24, 15)
(33, 25, 10)
(33, 26, 10)
(33, 27, 10)
(33, 28, 9)
(33, 29, 9)
(33, 30, 9)
(33, 31, 9)
(33, 32, 9)
(33, 33, 8)
(33, 34, 7)
(33, 35, 3)
(33, 36, 2)
(33, 37, 2)
(33, 38, 2)
(33, 39, 1)

(34, 0, 56)
(34, 1, 31)
(34, 2, 31)
(34, 3, 31)
(34, 4, 31)
(34, 5, 29)
(34, 6, 28)
(34, 7, 28)
(34, 8, 26)
(34, 9, 25)
(34, 10, 25)
(34, 11, 25)
(34, 12, 25)
(34, 13, 25)
(34, 14, 24)
(34, 15, 23)
(34, 16, 23)
(34, 17, 23)
(34, 18, 23)
(34, 19, 23)
(34, 20, 23)
(34, 21, 23)
(34, 22, 21)
(34, 23, 21)
(34, 24, 15)
(34, 25, 10)
(34, 26, 10)
(34, 27, 10)
(34, 28, 9)
(34, 29, 9)
(34, 30, 9)
(34, 31, 9)
(34, 32, 9)
(34, 33, 8)
(34, 34, 7)
(34, 35, 3)
(34, 36, 1)
(34, 37, 1)
(34, 38, 1)
(34, 39, 1)

(35, 0, 59)
(35, 1, 34)
(35, 2, 34)
(35, 3, 34)
(35, 4, 34)
(35, 5, 32)
(35, 6, 31)
(35, 7, 31)
(35, 8, 29)
(35, 9, 27)
(35, 10, 27)
(35, 11, 27)
(35, 12, 27)
(35, 13, 26)
(35, 14, 25)
(35, 15, 24)
(35, 16, 24)
(35, 17, 24)
(35, 18, 24)
(35, 19, 24)
(35, 20, 24)
(35, 21, 24)
(35, 22, 22)
(35, 23, 22)
(35, 24, 16)
(35, 25, 11)
(35, 26, 11)
(35, 27, 11)
(35, 28, 10)
(35, 29, 10)
(35, 30, 10)
(35, 31, 10)
(35, 32, 10)
(35, 33, 9)
(35, 34, 8)
(35, 35, 3)
(35, 36, 1)
(35, 37, 1)
(35, 38, 1)
(35, 39, 1)

(36, 0, 61)
(36, 1, 36)
(36, 2, 36)
(36, 3, 36)
(36, 4, 36)
(36, 5, 34)
(36, 6, 33)
(36, 7, 33)
(36, 8, 31)
(36, 9, 28)
(36, 10, 28)
(36, 11, 28)
(36, 12, 28)
(36, 13, 27)
(36, 14, 26)
(36, 15, 25)
(36, 16, 25)
(36, 17, 25)
(36, 18, 25)
(36, 19, 25)
(36, 20, 25)
(36, 21, 25)
(36, 22, 23)
(36, 23, 23)
(36, 24, 16)
(36, 25, 10)
(36, 26, 10)
(36, 27, 10)
(36, 28, 9)
(36, 29, 9)
(36, 30, 9)
(36, 31, 9)
(36, 32, 9)
(36, 33, 8)
(36, 34, 6)
(36, 35, 2)
(36, 36, 1)
(36, 37, 1)
(36, 38, 1)
(36, 39, 1)

(37, 0, 62)
(37, 1, 37)
(37, 2, 37)
(37, 3, 37)
(37, 4, 37)
(37, 5, 35)
(37, 6, 34)
(37, 7, 34)
(37, 8, 32)
(37, 9, 28)
(37, 10, 28)
(37, 11, 28)
(37, 12, 28)
(37, 13, 27)
(37, 14, 26)
(37, 15, 25)
(37, 16, 25)
(37, 17, 25)
(37, 18, 25)
(37, 19, 25)
(37, 20, 25)
(37, 21, 25)
(37, 22, 23)
(37, 23, 23)
(37, 24, 16)
(37, 25, 10)
(37, 26, 10)
(37, 27, 10)
(37, 28, 9)
(37, 29, 9)
(37, 30, 9)
(37, 31, 9)
(37, 32, 9)
(37, 33, 8)
(37, 34, 6)
(37, 35, 2)
(37, 36, 1)
(37, 37, 1)
(37, 38, 1)
(37, 39, 1)

(38, 0, 62)
(38, 1, 37)
(38, 2, 37)
(38, 3, 37)
(38, 4, 37)
(38, 5, 35)
(38, 6, 34)
(38, 7, 34)
(38, 8, 32)
(38, 9, 28)
(38, 10, 28)
(38, 11, 28)
(38, 12, 28)
(38, 13, 27)
(38, 14, 26)
(38, 15, 25)
(38, 16, 25)
(38, 17, 25)
(38, 18, 25)
(38, 19, 25)
(38, 20, 25)
(38, 21, 25)
(38, 22, 23)
(38, 23, 23)
(38, 24, 16)
(38, 25, 10)
(38, 26, 10)
(38, 27, 10)
(38, 28, 9)
(38, 29, 9)
(38, 30, 9)
(38, 31, 9)
(38, 32, 9)
(38, 33, 8)
(38, 34, 6)
(38, 35, 2)
(38, 36, 1)
(38, 37, 1)
(38, 38, 1)
(38, 39, 1)

(39, 0, 64)
(39, 1, 39)
(39, 2, 39)
(39, 3, 39)
(39, 4, 39)
(39, 5, 37)
(39, 6, 36)
(39, 7, 36)
(39, 8, 34)
(39, 9, 30)
(39, 10, 30)
(39, 11, 30)
(39, 12, 30)
(39, 13, 29)
(39, 14, 28)
(39, 15, 27)
(39, 16, 27)
(39, 17, 27)
(39, 18, 27)
(39, 19, 27)
(39, 20, 27)
(39, 21, 27)
(39, 22, 24)
(39, 23, 24)
(39, 24, 17)
(39, 25, 11)
(39, 26, 11)
(39, 27, 10)
(39, 28, 9)
(39, 29, 9)
(39, 30, 9)
(39, 31, 9)
(39, 32, 9)
(39, 33, 8)
(39, 34, 6)
(39, 35, 2)
(39, 36, 1)
(39, 37, 1)
(39, 38, 1)
(39, 39, 1)


Betti numbers:
xi_0:
(0, 0, 1)
(1, 0, 1)
(2, 0, 1)
(5, 0, 1)
(9, 0, 1)
(10, 0, 2)
(12, 0, 1)
(14, 0, 1)
(15, 0, 1)
(16, 0, 2)
(18, 0, 1)
(22, 0, 3)
(24, 0, 4)
(26, 0, 2)
(28, 0, 1)
(29, 0, 3)
(32, 0, 4)
(33, 0, 17)
(34, 0, 9)
(35, 0, 4)
(36, 0, 2)
(37, 0, 1)
(39, 0, 2)
xi_1:
(1, 8, 1)
(5, 24, 1)
(5, 33, 1)
(9, 25, 1)
(10, 22, 1)
(10, 35, 1)
(12, 24, 1)
(15, 35, 1)
(16, 8, 1)
(16, 25, 1)
(18, 24, 1)
(22, 24, 1)
(22, 25, 1)
(22, 34, 1)
(24, 1, 3)
(24, 14, 1)
(24, 36, 1)
(26, 22, 1)
(28, 28, 1)
(28, 35, 1)
(29, 24, 1)
(29, 25, 1)
(29, 35, 1)
(32, 1, 1)
(32, 27, 1)
(32, 35, 2)
(33, 1, 13)
(33, 5, 2)
(33, 9, 1)
(33, 15, 1)
(33, 24, 1)
(33, 25, 1)
(33, 39, 1)
(34, 1, 8)
(34, 6, 1)
(34, 36, 1)
(35, 0, 1)
(35, 1, 1)
(35, 9, 1)
(35, 13, 1)
(35, 35, 1)
(36, 9, 1)
(36, 24, 1)
(36, 25, 1)
(36, 34, 1)
(37, 9, 1)
(39, 22, 1)
(39, 27, 1)
xi_2:
(29, 35, 1)
(33, 27, 1)
(33, 35, 1)
(34, 39, 1)
(35, 1, 1)
(36, 35, 1)
(36, 36, 1)
