x-grades
-1108862880819809127/20000000000000000
-546307176466120727/10000000000000000
-1076365825044673781/20000000000000000
-265029324289276527/5000000000000000
-208773753853907687/4000000000000000
-513810120690985381/10000000000000000
-1011371713494403089/20000000000000000
-124390398200854427/2500000000000000
-978874657719267743/20000000000000000
-96262612983170007/2000000000000000
-946377601944132397/20000000000000000
-232532268514141181/5000000000000000
-913880546168997051/20000000000000000
-448816009140714689/10000000000000000
-176276698078772341/4000000000000000
-54070935156643377/1250000000000000
-848886434618726359/20000000000000000
-416318953365579343/10000000000000000
-816389378843591013/20000000000000000
-40007042547801167/1000000000000000
-783892323068455667/20000000000000000
-383821897590443997/10000000000000000
-751395267293320321/20000000000000000
-91893342425719081/2500000000000000
-28755928460727399/800000000000000
-351324841815308651/10000000000000000
-686401155743049629/20000000000000000
-167538156963870489/5000000000000000
-653904099967914283/20000000000000000
-63765557208034661/2000000000000000
-621407044192778937/20000000000000000
-4727800908634463/156250000000000
-588909988417643591/20000000000000000
-286330730265037959/10000000000000000
-111282586528501649/4000000000000000
-135041101188735143/5000000000000000
-523915876867372899/20000000000000000
-253833674489902613/10000000000000000
-491418821092237553/20000000000000000
-11879257330116747/500000000000000

y-grades
5/2
5
15/2
10
25/2
15
35/2
20
45/2
25
55/2
30
65/2
35
75/2
40
85/2
45
95/2
50
105/2
55
115/2
60
125/2
65
135/2
70
145/2
75
155/2
80
165/2
85
175/2
90
185/2
95
195/2
100

Dimensions > 0:
(0, 0, 17)
(0, 1, 17)
(0, 2, 11)
(0, 3, 4)
(0, 4, 4)
(0, 5, 2)
(0, 6, 2)
(0, 7, 2)
(0, 8, 2)
(0, 9, 2)
(0, 10, 2)
(0, 11, 2)
(0, 12, 2)
(0, 13, 2)
(0, 14, 2)
(0, 15, 1)
(0, 16, 1)
(0, 17, 1)
(0, 18, 1)
(0, 19, 1)
(0, 20, 1)
(0, 21, 1)
(0, 22, 1)
(0, 23, 1)
(0, 24, 1)
(0, 25, 1)
(0, 26, 1)
(0, 27, 1)
(0, 28, 1)
(0, 29, 1)
(0, 30, 1)
(0, 31, 1)
(0, 32, 1)
(0, 33, 1)
(0, 34, 1)
(0, 35, 1)
(0, 36, 1)
(0, 37, 1)
(0, 38, 1)
(0, 39, 1)

(1, 0, 33)
(1, 1, 33)
(1, 2, 27)
(1, 3, 11)
(1, 4, 10)
(1, 5, 8)
(1, 6, 8)
(1, 7, 8)
(1, 8, 8)
(1, 9, 8)
(1, 10, 8)
(1, 11, 8)
(1, 12, 8)
(1, 13, 7)
(1, 14, 6)
(1, 15, 5)
(1, 16, 5)
(1, 17, 5)
(1, 18, 5)
(1, 19, 5)
(1, 20, 5)
(1, 21, 5)
(1, 22, 5)
(1, 23, 5)
(1, 24, 5)
(1, 25, 5)
(1, 26, 5)
(1, 27, 5)
(1, 28, 5)
(1, 29, 3)
(1, 30, 3)
(1, 31, 3)
(1, 32, 3)
(1, 33, 3)
(1, 34, 3)
(1, 35, 3)
(1, 36, 3)
(1, 37, 3)
(1, 38, 3)
(1, 39, 3)

(2, 0, 42)
(2, 1, 42)
(2, 2, 31)
(2, 3, 15)
(2, 4, 14)
(2, 5, 12)
(2, 6, 12)
(2, 7, 12)
(2, 8, 12)
(2, 9, 12)
(2, 10, 12)
(2, 11, 12)
(2, 12, 12)
(2, 13, 9)
(2, 14, 8)
(2, 15, 7)
(2, 16, 7)
(2, 17, 7)
(2, 18, 7)
(2, 19, 7)
(2, 20, 7)
(2, 21, 7)
(2, 22, 7)
(2, 23, 7)
(2, 24, 7)
(2, 25, 7)
(2, 26, 7)
(2, 27, 7)
(2, 28, 6)
(2, 29, 3)
(2, 30, 3)
(2, 31, 3)
(2, 32, 3)
(2, 33, 3)
(2, 34, 3)
(2, 35, 3)
(2, 36, 3)
(2, 37, 3)
(2, 38, 3)
(2, 39, 3)

(3, 0, 47)
(3, 1, 47)
(3, 2, 36)
(3, 3, 20)
(3, 4, 19)
(3, 5, 17)
(3, 6, 17)
(3, 7, 17)
(3, 8, 17)
(3, 9, 17)
(3, 10, 17)
(3, 11, 17)
(3, 12, 17)
(3, 13, 13)
(3, 14, 12)
(3, 15, 11)
(3, 16, 11)
(3, 17, 11)
(3, 18, 10)
(3, 19, 10)
(3, 20, 10)
(3, 21, 10)
(3, 22, 10)
(3, 23, 10)
(3, 24, 10)
(3, 25, 9)
(3, 26, 9)
(3, 27, 9)
(3, 28, 7)
(3, 29, 4)
(3, 30, 4)
(3, 31, 4)
(3, 32, 4)
(3, 33, 4)
(3, 34, 4)
(3, 35, 3)
(3, 36, 2)
(3, 37, 2)
(3, 38, 2)
(3, 39, 2)

(4, 0, 63)
(4, 1, 63)
(4, 2, 47)
(4, 3, 27)
(4, 4, 24)
(4, 5, 21)
(4, 6, 21)
(4, 7, 21)
(4, 8, 21)
(4, 9, 21)
(4, 10, 21)
(4, 11, 20)
(4, 12, 20)
(4, 13, 15)
(4, 14, 13)
(4, 15, 12)
(4, 16, 12)
(4, 17, 12)
(4, 18, 11)
(4, 19, 11)
(4, 20, 11)
(4, 21, 11)
(4, 22, 11)
(4, 23, 11)
(4, 24, 11)
(4, 25, 10)
(4, 26, 10)
(4, 27, 9)
(4, 28, 8)
(4, 29, 5)
(4, 30, 5)
(4, 31, 4)
(4, 32, 4)
(4, 33, 4)
(4, 34, 4)
(4, 35, 3)
(4, 36, 1)
(4, 37, 1)
(4, 38, 1)
(4, 39, 1)

(5, 0, 71)
(5, 1, 71)
(5, 2, 53)
(5, 3, 31)
(5, 4, 28)
(5, 5, 25)
(5, 6, 25)
(5, 7, 25)
(5, 8, 25)
(5, 9, 25)
(5, 10, 25)
(5, 11, 24)
(5, 12, 24)
(5, 13, 18)
(5, 14, 16)
(5, 15, 15)
(5, 16, 15)
(5, 17, 15)
(5, 18, 13)
(5, 19, 13)
(5, 20, 13)
(5, 21, 13)
(5, 22, 13)
(5, 23, 13)
(5, 24, 13)
(5, 25, 12)
(5, 26, 12)
(5, 27, 11)
(5, 28, 10)
(5, 29, 7)
(5, 30, 7)
(5, 31, 6)
(5, 32, 6)
(5, 33, 6)
(5, 34, 6)
(5, 35, 5)
(5, 36, 2)
(5, 37, 2)
(5, 38, 2)
(5, 39, 1)

(6, 0, 88)
(6, 1, 88)
(6, 2, 65)
(6, 3, 37)
(6, 4, 33)
(6, 5, 30)
(6, 6, 29)
(6, 7, 29)
(6, 8, 29)
(6, 9, 28)
(6, 10, 28)
(6, 11, 27)
(6, 12, 27)
(6, 13, 21)
(6, 14, 18)
(6, 15, 16)
(6, 16, 16)
(6, 17, 16)
(6, 18, 14)
(6, 19, 13)
(6, 20, 13)
(6, 21, 13)
(6, 22, 13)
(6, 23, 13)
(6, 24, 13)
(6, 25, 12)
(6, 26, 12)
(6, 27, 11)
(6, 28, 10)
(6, 29, 6)
(6, 30, 6)
(6, 31, 5)
(6, 32, 5)
(6, 33, 5)
(6, 34, 5)
(6, 35, 5)
(6, 36, 2)
(6, 37, 2)
(6, 38, 2)
(6, 39, 1)

(7, 0, 127)
(7, 1, 126)
(7, 2, 91)
(7, 3, 48)
(7, 4, 41)
(7, 5, 37)
(7, 6, 33)
(7, 7, 33)
(7, 8, 33)
(7, 9, 32)
(7, 10, 32)
(7, 11, 30)
(7, 12, 30)
(7, 13, 24)
(7, 14, 21)
(7, 15, 19)
(7, 16, 19)
(7, 17, 19)
(7, 18, 16)
(7, 19, 15)
(7, 20, 15)
(7, 21, 15)
(7, 22, 15)
(7, 23, 15)
(7, 24, 15)
(7, 25, 14)
(7, 26, 14)
(7, 27, 13)
(7, 28, 12)
(7, 29, 8)
(7, 30, 8)
(7, 31, 7)
(7, 32, 7)
(7, 33, 7)
(7, 34, 7)
(7, 35, 7)
(7, 36, 4)
(7, 37, 4)
(7, 38, 4)
(7, 39, 3)

(8, 0, 151)
(8, 1, 150)
(8, 2, 109)
(8, 3, 61)
(8, 4, 49)
(8, 5, 42)
(8, 6, 38)
(8, 7, 38)
(8, 8, 38)
(8, 9, 37)
(8, 10, 37)
(8, 11, 35)
(8, 12, 35)
(8, 13, 29)
(8, 14, 26)
(8, 15, 24)
(8, 16, 24)
(8, 17, 24)
(8, 18, 21)
(8, 19, 20)
(8, 20, 20)
(8, 21, 19)
(8, 22, 19)
(8, 23, 19)
(8, 24, 19)
(8, 25, 18)
(8, 26, 18)
(8, 27, 17)
(8, 28, 16)
(8, 29, 12)
(8, 30, 11)
(8, 31, 10)
(8, 32, 10)
(8, 33, 10)
(8, 34, 10)
(8, 35, 10)
(8, 36, 7)
(8, 37, 7)
(8, 38, 7)
(8, 39, 6)

(9, 0, 153)
(9, 1, 152)
(9, 2, 111)
(9, 3, 63)
(9, 4, 51)
(9, 5, 44)
(9, 6, 40)
(9, 7, 40)
(9, 8, 40)
(9, 9, 39)
(9, 10, 39)
(9, 11, 37)
(9, 12, 37)
(9, 13, 31)
(9, 14, 28)
(9, 15, 26)
(9, 16, 25)
(9, 17, 25)
(9, 18, 22)
(9, 19, 21)
(9, 20, 21)
(9, 21, 19)
(9, 22, 19)
(9, 23, 19)
(9, 24, 19)
(9, 25, 18)
(9, 26, 18)
(9, 27, 17)
(9, 28, 16)
(9, 29, 12)
(9, 30, 11)
(9, 31, 10)
(9, 32, 10)
(9, 33, 10)
(9, 34, 10)
(9, 35, 10)
(9, 36, 7)
(9, 37, 7)
(9, 38, 7)
(9, 39, 6)

(10, 0, 192)
(10, 1, 191)
(10, 2, 140)
(10, 3, 74)
(10, 4, 58)
(10, 5, 51)
(10, 6, 46)
(10, 7, 46)
(10, 8, 46)
(10, 9, 45)
(10, 10, 45)
(10, 11, 43)
(10, 12, 43)
(10, 13, 37)
(10, 14, 34)
(10, 15, 32)
(10, 16, 31)
(10, 17, 31)
(10, 18, 28)
(10, 19, 27)
(10, 20, 27)
(10, 21, 25)
(10, 22, 25)
(10, 23, 25)
(10, 24, 25)
(10, 25, 24)
(10, 26, 24)
(10, 27, 23)
(10, 28, 22)
(10, 29, 18)
(10, 30, 17)
(10, 31, 16)
(10, 32, 15)
(10, 33, 15)
(10, 34, 15)
(10, 35, 15)
(10, 36, 12)
(10, 37, 12)
(10, 38, 12)
(10, 39, 11)

(11, 0, 210)
(11, 1, 209)
(11, 2, 155)
(11, 3, 85)
(11, 4, 68)
(11, 5, 60)
(11, 6, 54)
(11, 7, 54)
(11, 8, 53)
(11, 9, 52)
(11, 10, 52)
(11, 11, 50)
(11, 12, 49)
(11, 13, 43)
(11, 14, 38)
(11, 15, 36)
(11, 16, 35)
(11, 17, 35)
(11, 18, 32)
(11, 19, 31)
(11, 20, 31)
(11, 21, 29)
(11, 22, 29)
(11, 23, 29)
(11, 24, 29)
(11, 25, 28)
(11, 26, 28)
(11, 27, 27)
(11, 28, 26)
(11, 29, 22)
(11, 30, 21)
(11, 31, 20)
(11, 32, 18)
(11, 33, 18)
(11, 34, 18)
(11, 35, 18)
(11, 36, 15)
(11, 37, 15)
(11, 38, 15)
(11, 39, 14)

(12, 0, 258)
(12, 1, 257)
(12, 2, 195)
(12, 3, 110)
(12, 4, 90)
(12, 5, 78)
(12, 6, 72)
(12, 7, 72)
(12, 8, 72)
(12, 9, 71)
(12, 10, 71)
(12, 11, 67)
(12, 12, 66)
(12, 13, 59)
(12, 14, 51)
(12, 15, 49)
(12, 16, 48)
(12, 17, 48)
(12, 18, 45)
(12, 19, 44)
(12, 20, 44)
(12, 21, 40)
(12, 22, 40)
(12, 23, 40)
(12, 24, 40)
(12, 25, 39)
(12, 26, 39)
(12, 27, 38)
(12, 28, 37)
(12, 29, 31)
(12, 30, 30)
(12, 31, 29)
(12, 32, 27)
(12, 33, 27)
(12, 34, 27)
(12, 35, 27)
(12, 36, 24)
(12, 37, 24)
(12, 38, 24)
(12, 39, 23)

(13, 0, 281)
(13, 1, 280)
(13, 2, 215)
(13, 3, 130)
(13, 4, 106)
(13, 5, 93)
(13, 6, 85)
(13, 7, 85)
(13, 8, 85)
(13, 9, 84)
(13, 10, 84)
(13, 11, 78)
(13, 12, 76)
(13, 13, 69)
(13, 14, 61)
(13, 15, 59)
(13, 16, 58)
(13, 17, 58)
(13, 18, 55)
(13, 19, 54)
(13, 20, 54)
(13, 21, 47)
(13, 22, 47)
(13, 23, 47)
(13, 24, 47)
(13, 25, 46)
(13, 26, 46)
(13, 27, 45)
(13, 28, 43)
(13, 29, 35)
(13, 30, 34)
(13, 31, 33)
(13, 32, 30)
(13, 33, 30)
(13, 34, 30)
(13, 35, 30)
(13, 36, 27)
(13, 37, 27)
(13, 38, 27)
(13, 39, 26)

(14, 0, 356)
(14, 1, 351)
(14, 2, 260)
(14, 3, 142)
(14, 4, 118)
(14, 5, 106)
(14, 6, 98)
(14, 7, 98)
(14, 8, 98)
(14, 9, 97)
(14, 10, 97)
(14, 11, 90)
(14, 12, 88)
(14, 13, 80)
(14, 14, 68)
(14, 15, 66)
(14, 16, 65)
(14, 17, 64)
(14, 18, 60)
(14, 19, 58)
(14, 20, 58)
(14, 21, 51)
(14, 22, 51)
(14, 23, 51)
(14, 24, 51)
(14, 25, 50)
(14, 26, 50)
(14, 27, 49)
(14, 28, 47)
(14, 29, 39)
(14, 30, 38)
(14, 31, 37)
(14, 32, 34)
(14, 33, 34)
(14, 34, 34)
(14, 35, 34)
(14, 36, 31)
(14, 37, 31)
(14, 38, 31)
(14, 39, 30)

(15, 0, 403)
(15, 1, 396)
(15, 2, 294)
(15, 3, 166)
(15, 4, 140)
(15, 5, 128)
(15, 6, 119)
(15, 7, 118)
(15, 8, 116)
(15, 9, 115)
(15, 10, 114)
(15, 11, 104)
(15, 12, 102)
(15, 13, 93)
(15, 14, 80)
(15, 15, 78)
(15, 16, 75)
(15, 17, 73)
(15, 18, 68)
(15, 19, 65)
(15, 20, 65)
(15, 21, 59)
(15, 22, 59)
(15, 23, 59)
(15, 24, 59)
(15, 25, 58)
(15, 26, 57)
(15, 27, 54)
(15, 28, 49)
(15, 29, 40)
(15, 30, 38)
(15, 31, 37)
(15, 32, 34)
(15, 33, 34)
(15, 34, 34)
(15, 35, 34)
(15, 36, 31)
(15, 37, 31)
(15, 38, 31)
(15, 39, 30)

(16, 0, 480)
(16, 1, 472)
(16, 2, 356)
(16, 3, 199)
(16, 4, 169)
(16, 5, 155)
(16, 6, 142)
(16, 7, 142)
(16, 8, 140)
(16, 9, 137)
(16, 10, 136)
(16, 11, 126)
(16, 12, 124)
(16, 13, 113)
(16, 14, 98)
(16, 15, 95)
(16, 16, 91)
(16, 17, 87)
(16, 18, 83)
(16, 19, 79)
(16, 20, 78)
(16, 21, 67)
(16, 22, 67)
(16, 23, 67)
(16, 24, 67)
(16, 25, 66)
(16, 26, 65)
(16, 27, 61)
(16, 28, 54)
(16, 29, 45)
(16, 30, 43)
(16, 31, 42)
(16, 32, 39)
(16, 33, 39)
(16, 34, 39)
(16, 35, 38)
(16, 36, 34)
(16, 37, 34)
(16, 38, 34)
(16, 39, 33)

(17, 0, 555)
(17, 1, 546)
(17, 2, 411)
(17, 3, 225)
(17, 4, 188)
(17, 5, 174)
(17, 6, 161)
(17, 7, 161)
(17, 8, 159)
(17, 9, 156)
(17, 10, 155)
(17, 11, 145)
(17, 12, 143)
(17, 13, 131)
(17, 14, 110)
(17, 15, 107)
(17, 16, 101)
(17, 17, 97)
(17, 18, 93)
(17, 19, 87)
(17, 20, 86)
(17, 21, 73)
(17, 22, 73)
(17, 23, 73)
(17, 24, 73)
(17, 25, 72)
(17, 26, 71)
(17, 27, 67)
(17, 28, 60)
(17, 29, 48)
(17, 30, 46)
(17, 31, 45)
(17, 32, 42)
(17, 33, 42)
(17, 34, 42)
(17, 35, 41)
(17, 36, 38)
(17, 37, 38)
(17, 38, 38)
(17, 39, 36)

(18, 0, 637)
(18, 1, 625)
(18, 2, 468)
(18, 3, 250)
(18, 4, 209)
(18, 5, 195)
(18, 6, 183)
(18, 7, 183)
(18, 8, 181)
(18, 9, 178)
(18, 10, 177)
(18, 11, 166)
(18, 12, 164)
(18, 13, 151)
(18, 14, 125)
(18, 15, 119)
(18, 16, 111)
(18, 17, 107)
(18, 18, 103)
(18, 19, 94)
(18, 20, 93)
(18, 21, 80)
(18, 22, 80)
(18, 23, 80)
(18, 24, 80)
(18, 25, 79)
(18, 26, 78)
(18, 27, 74)
(18, 28, 67)
(18, 29, 53)
(18, 30, 50)
(18, 31, 49)
(18, 32, 46)
(18, 33, 46)
(18, 34, 46)
(18, 35, 44)
(18, 36, 41)
(18, 37, 41)
(18, 38, 40)
(18, 39, 38)

(19, 0, 726)
(19, 1, 713)
(19, 2, 525)
(19, 3, 280)
(19, 4, 237)
(19, 5, 223)
(19, 6, 211)
(19, 7, 209)
(19, 8, 207)
(19, 9, 203)
(19, 10, 202)
(19, 11, 190)
(19, 12, 186)
(19, 13, 173)
(19, 14, 144)
(19, 15, 136)
(19, 16, 122)
(19, 17, 118)
(19, 18, 113)
(19, 19, 103)
(19, 20, 101)
(19, 21, 88)
(19, 22, 88)
(19, 23, 88)
(19, 24, 88)
(19, 25, 87)
(19, 26, 86)
(19, 27, 82)
(19, 28, 74)
(19, 29, 60)
(19, 30, 57)
(19, 31, 56)
(19, 32, 52)
(19, 33, 51)
(19, 34, 51)
(19, 35, 48)
(19, 36, 44)
(19, 37, 44)
(19, 38, 43)
(19, 39, 42)

(20, 0, 764)
(20, 1, 750)
(20, 2, 557)
(20, 3, 307)
(20, 4, 261)
(20, 5, 247)
(20, 6, 235)
(20, 7, 232)
(20, 8, 230)
(20, 9, 226)
(20, 10, 225)
(20, 11, 211)
(20, 12, 206)
(20, 13, 192)
(20, 14, 163)
(20, 15, 155)
(20, 16, 138)
(20, 17, 134)
(20, 18, 128)
(20, 19, 118)
(20, 20, 116)
(20, 21, 101)
(20, 22, 101)
(20, 23, 101)
(20, 24, 101)
(20, 25, 100)
(20, 26, 99)
(20, 27, 95)
(20, 28, 87)
(20, 29, 73)
(20, 30, 70)
(20, 31, 69)
(20, 32, 64)
(20, 33, 63)
(20, 34, 63)
(20, 35, 57)
(20, 36, 53)
(20, 37, 52)
(20, 38, 50)
(20, 39, 49)

(21, 0, 855)
(21, 1, 840)
(21, 2, 614)
(21, 3, 324)
(21, 4, 276)
(21, 5, 262)
(21, 6, 249)
(21, 7, 246)
(21, 8, 244)
(21, 9, 240)
(21, 10, 239)
(21, 11, 225)
(21, 12, 220)
(21, 13, 206)
(21, 14, 174)
(21, 15, 166)
(21, 16, 144)
(21, 17, 138)
(21, 18, 132)
(21, 19, 122)
(21, 20, 120)
(21, 21, 105)
(21, 22, 105)
(21, 23, 104)
(21, 24, 104)
(21, 25, 103)
(21, 26, 102)
(21, 27, 98)
(21, 28, 90)
(21, 29, 76)
(21, 30, 73)
(21, 31, 72)
(21, 32, 67)
(21, 33, 65)
(21, 34, 65)
(21, 35, 58)
(21, 36, 54)
(21, 37, 54)
(21, 38, 52)
(21, 39, 51)

(22, 0, 892)
(22, 1, 877)
(22, 2, 643)
(22, 3, 341)
(22, 4, 290)
(22, 5, 274)
(22, 6, 261)
(22, 7, 258)
(22, 8, 256)
(22, 9, 252)
(22, 10, 251)
(22, 11, 235)
(22, 12, 230)
(22, 13, 215)
(22, 14, 183)
(22, 15, 175)
(22, 16, 152)
(22, 17, 146)
(22, 18, 140)
(22, 19, 129)
(22, 20, 125)
(22, 21, 110)
(22, 22, 110)
(22, 23, 109)
(22, 24, 109)
(22, 25, 108)
(22, 26, 107)
(22, 27, 103)
(22, 28, 94)
(22, 29, 78)
(22, 30, 75)
(22, 31, 74)
(22, 32, 69)
(22, 33, 66)
(22, 34, 66)
(22, 35, 59)
(22, 36, 55)
(22, 37, 55)
(22, 38, 53)
(22, 39, 51)

(23, 0, 901)
(23, 1, 886)
(23, 2, 652)
(23, 3, 350)
(23, 4, 299)
(23, 5, 283)
(23, 6, 270)
(23, 7, 267)
(23, 8, 265)
(23, 9, 261)
(23, 10, 260)
(23, 11, 244)
(23, 12, 239)
(23, 13, 224)
(23, 14, 192)
(23, 15, 184)
(23, 16, 160)
(23, 17, 154)
(23, 18, 148)
(23, 19, 137)
(23, 20, 131)
(23, 21, 116)
(23, 22, 116)
(23, 23, 115)
(23, 24, 115)
(23, 25, 114)
(23, 26, 113)
(23, 27, 109)
(23, 28, 100)
(23, 29, 83)
(23, 30, 80)
(23, 31, 79)
(23, 32, 74)
(23, 33, 70)
(23, 34, 70)
(23, 35, 63)
(23, 36, 59)
(23, 37, 59)
(23, 38, 57)
(23, 39, 54)

(24, 0, 910)
(24, 1, 895)
(24, 2, 661)
(24, 3, 359)
(24, 4, 308)
(24, 5, 292)
(24, 6, 279)
(24, 7, 276)
(24, 8, 274)
(24, 9, 270)
(24, 10, 269)
(24, 11, 252)
(24, 12, 247)
(24, 13, 232)
(24, 14, 200)
(24, 15, 192)
(24, 16, 168)
(24, 17, 162)
(24, 18, 155)
(24, 19, 143)
(24, 20, 136)
(24, 21, 120)
(24, 22, 120)
(24, 23, 119)
(24, 24, 119)
(24, 25, 118)
(24, 26, 117)
(24, 27, 113)
(24, 28, 104)
(24, 29, 86)
(24, 30, 83)
(24, 31, 81)
(24, 32, 75)
(24, 33, 71)
(24, 34, 71)
(24, 35, 64)
(24, 36, 60)
(24, 37, 60)
(24, 38, 58)
(24, 39, 55)

(25, 0, 917)
(25, 1, 902)
(25, 2, 668)
(25, 3, 366)
(25, 4, 315)
(25, 5, 299)
(25, 6, 286)
(25, 7, 283)
(25, 8, 281)
(25, 9, 277)
(25, 10, 276)
(25, 11, 259)
(25, 12, 254)
(25, 13, 239)
(25, 14, 207)
(25, 15, 198)
(25, 16, 173)
(25, 17, 167)
(25, 18, 160)
(25, 19, 148)
(25, 20, 140)
(25, 21, 124)
(25, 22, 124)
(25, 23, 123)
(25, 24, 122)
(25, 25, 121)
(25, 26, 120)
(25, 27, 116)
(25, 28, 106)
(25, 29, 88)
(25, 30, 85)
(25, 31, 82)
(25, 32, 76)
(25, 33, 72)
(25, 34, 72)
(25, 35, 65)
(25, 36, 61)
(25, 37, 61)
(25, 38, 59)
(25, 39, 56)

(26, 0, 944)
(26, 1, 929)
(26, 2, 691)
(26, 3, 382)
(26, 4, 328)
(26, 5, 311)
(26, 6, 298)
(26, 7, 295)
(26, 8, 293)
(26, 9, 289)
(26, 10, 288)
(26, 11, 269)
(26, 12, 264)
(26, 13, 249)
(26, 14, 217)
(26, 15, 207)
(26, 16, 180)
(26, 17, 174)
(26, 18, 167)
(26, 19, 155)
(26, 20, 146)
(26, 21, 129)
(26, 22, 129)
(26, 23, 128)
(26, 24, 127)
(26, 25, 126)
(26, 26, 125)
(26, 27, 121)
(26, 28, 111)
(26, 29, 93)
(26, 30, 90)
(26, 31, 87)
(26, 32, 80)
(26, 33, 75)
(26, 34, 74)
(26, 35, 67)
(26, 36, 63)
(26, 37, 63)
(26, 38, 61)
(26, 39, 57)

(27, 0, 963)
(27, 1, 948)
(27, 2, 707)
(27, 3, 394)
(27, 4, 337)
(27, 5, 319)
(27, 6, 306)
(27, 7, 303)
(27, 8, 301)
(27, 9, 297)
(27, 10, 296)
(27, 11, 277)
(27, 12, 272)
(27, 13, 256)
(27, 14, 224)
(27, 15, 214)
(27, 16, 187)
(27, 17, 180)
(27, 18, 173)
(27, 19, 161)
(27, 20, 152)
(27, 21, 135)
(27, 22, 135)
(27, 23, 134)
(27, 24, 133)
(27, 25, 132)
(27, 26, 131)
(27, 27, 127)
(27, 28, 117)
(27, 29, 99)
(27, 30, 96)
(27, 31, 93)
(27, 32, 84)
(27, 33, 79)
(27, 34, 78)
(27, 35, 71)
(27, 36, 67)
(27, 37, 67)
(27, 38, 65)
(27, 39, 61)

(28, 0, 990)
(28, 1, 972)
(28, 2, 723)
(28, 3, 400)
(28, 4, 343)
(28, 5, 325)
(28, 6, 312)
(28, 7, 309)
(28, 8, 307)
(28, 9, 303)
(28, 10, 302)
(28, 11, 283)
(28, 12, 278)
(28, 13, 262)
(28, 14, 230)
(28, 15, 219)
(28, 16, 192)
(28, 17, 185)
(28, 18, 178)
(28, 19, 166)
(28, 20, 157)
(28, 21, 140)
(28, 22, 139)
(28, 23, 138)
(28, 24, 137)
(28, 25, 136)
(28, 26, 135)
(28, 27, 131)
(28, 28, 121)
(28, 29, 103)
(28, 30, 100)
(28, 31, 97)
(28, 32, 88)
(28, 33, 83)
(28, 34, 82)
(28, 35, 75)
(28, 36, 71)
(28, 37, 71)
(28, 38, 69)
(28, 39, 65)

(29, 0, 1092)
(29, 1, 1063)
(29, 2, 769)
(29, 3, 416)
(29, 4, 357)
(29, 5, 339)
(29, 6, 326)
(29, 7, 323)
(29, 8, 321)
(29, 9, 317)
(29, 10, 316)
(29, 11, 295)
(29, 12, 289)
(29, 13, 271)
(29, 14, 235)
(29, 15, 224)
(29, 16, 196)
(29, 17, 189)
(29, 18, 182)
(29, 19, 170)
(29, 20, 161)
(29, 21, 144)
(29, 22, 143)
(29, 23, 142)
(29, 24, 141)
(29, 25, 140)
(29, 26, 139)
(29, 27, 135)
(29, 28, 125)
(29, 29, 106)
(29, 30, 103)
(29, 31, 100)
(29, 32, 90)
(29, 33, 85)
(29, 34, 84)
(29, 35, 77)
(29, 36, 73)
(29, 37, 73)
(29, 38, 71)
(29, 39, 67)

(30, 0, 1140)
(30, 1, 1110)
(30, 2, 805)
(30, 3, 446)
(30, 4, 386)
(30, 5, 365)
(30, 6, 350)
(30, 7, 347)
(30, 8, 345)
(30, 9, 338)
(30, 10, 337)
(30, 11, 313)
(30, 12, 305)
(30, 13, 282)
(30, 14, 238)
(30, 15, 227)
(30, 16, 199)
(30, 17, 192)
(30, 18, 185)
(30, 19, 173)
(30, 20, 164)
(30, 21, 147)
(30, 22, 146)
(30, 23, 144)
(30, 24, 143)
(30, 25, 142)
(30, 26, 141)
(30, 27, 136)
(30, 28, 126)
(30, 29, 107)
(30, 30, 104)
(30, 31, 101)
(30, 32, 91)
(30, 33, 86)
(30, 34, 85)
(30, 35, 78)
(30, 36, 74)
(30, 37, 74)
(30, 38, 72)
(30, 39, 68)

(31, 0, 1215)
(31, 1, 1181)
(31, 2, 843)
(31, 3, 464)
(31, 4, 401)
(31, 5, 381)
(31, 6, 367)
(31, 7, 364)
(31, 8, 362)
(31, 9, 351)
(31, 10, 350)
(31, 11, 326)
(31, 12, 318)
(31, 13, 293)
(31, 14, 248)
(31, 15, 236)
(31, 16, 208)
(31, 17, 201)
(31, 18, 190)
(31, 19, 178)
(31, 20, 169)
(31, 21, 152)
(31, 22, 151)
(31, 23, 149)
(31, 24, 148)
(31, 25, 147)
(31, 26, 146)
(31, 27, 142)
(31, 28, 132)
(31, 29, 112)
(31, 30, 108)
(31, 31, 104)
(31, 32, 94)
(31, 33, 89)
(31, 34, 88)
(31, 35, 81)
(31, 36, 76)
(31, 37, 76)
(31, 38, 74)
(31, 39, 70)

(32, 0, 1301)
(32, 1, 1264)
(32, 2, 897)
(32, 3, 491)
(32, 4, 426)
(32, 5, 406)
(32, 6, 391)
(32, 7, 388)
(32, 8, 386)
(32, 9, 365)
(32, 10, 364)
(32, 11, 340)
(32, 12, 332)
(32, 13, 304)
(32, 14, 252)
(32, 15, 238)
(32, 16, 210)
(32, 17, 203)
(32, 18, 191)
(32, 19, 178)
(32, 20, 169)
(32, 21, 152)
(32, 22, 151)
(32, 23, 148)
(32, 24, 147)
(32, 25, 146)
(32, 26, 145)
(32, 27, 141)
(32, 28, 131)
(32, 29, 111)
(32, 30, 107)
(32, 31, 104)
(32, 32, 94)
(32, 33, 89)
(32, 34, 88)
(32, 35, 80)
(32, 36, 76)
(32, 37, 76)
(32, 38, 74)
(32, 39, 70)

(33, 0, 1444)
(33, 1, 1394)
(33, 2, 961)
(33, 3, 513)
(33, 4, 448)
(33, 5, 428)
(33, 6, 414)
(33, 7, 411)
(33, 8, 409)
(33, 9, 384)
(33, 10, 383)
(33, 11, 357)
(33, 12, 348)
(33, 13, 318)
(33, 14, 260)
(33, 15, 245)
(33, 16, 213)
(33, 17, 206)
(33, 18, 194)
(33, 19, 181)
(33, 20, 172)
(33, 21, 155)
(33, 22, 154)
(33, 23, 151)
(33, 24, 149)
(33, 25, 148)
(33, 26, 147)
(33, 27, 142)
(33, 28, 132)
(33, 29, 113)
(33, 30, 109)
(33, 31, 106)
(33, 32, 95)
(33, 33, 90)
(33, 34, 89)
(33, 35, 82)
(33, 36, 78)
(33, 37, 78)
(33, 38, 76)
(33, 39, 72)

(34, 0, 1462)
(34, 1, 1412)
(34, 2, 976)
(34, 3, 527)
(34, 4, 462)
(34, 5, 441)
(34, 6, 427)
(34, 7, 424)
(34, 8, 422)
(34, 9, 396)
(34, 10, 395)
(34, 11, 369)
(34, 12, 359)
(34, 13, 328)
(34, 14, 270)
(34, 15, 255)
(34, 16, 217)
(34, 17, 210)
(34, 18, 197)
(34, 19, 184)
(34, 20, 175)
(34, 21, 158)
(34, 22, 157)
(34, 23, 154)
(34, 24, 152)
(34, 25, 151)
(34, 26, 150)
(34, 27, 145)
(34, 28, 134)
(34, 29, 115)
(34, 30, 111)
(34, 31, 108)
(34, 32, 97)
(34, 33, 92)
(34, 34, 91)
(34, 35, 84)
(34, 36, 80)
(34, 37, 80)
(34, 38, 77)
(34, 39, 73)

(35, 0, 1506)
(35, 1, 1455)
(35, 2, 1007)
(35, 3, 556)
(35, 4, 488)
(35, 5, 467)
(35, 6, 452)
(35, 7, 449)
(35, 8, 447)
(35, 9, 418)
(35, 10, 417)
(35, 11, 389)
(35, 12, 378)
(35, 13, 346)
(35, 14, 287)
(35, 15, 270)
(35, 16, 223)
(35, 17, 216)
(35, 18, 203)
(35, 19, 190)
(35, 20, 177)
(35, 21, 160)
(35, 22, 159)
(35, 23, 156)
(35, 24, 154)
(35, 25, 153)
(35, 26, 152)
(35, 27, 146)
(35, 28, 134)
(35, 29, 115)
(35, 30, 111)
(35, 31, 108)
(35, 32, 97)
(35, 33, 91)
(35, 34, 90)
(35, 35, 83)
(35, 36, 79)
(35, 37, 79)
(35, 38, 77)
(35, 39, 73)

(36, 0, 1668)
(36, 1, 1609)
(36, 2, 1083)
(36, 3, 576)
(36, 4, 508)
(36, 5, 483)
(36, 6, 469)
(36, 7, 466)
(36, 8, 463)
(36, 9, 434)
(36, 10, 433)
(36, 11, 405)
(36, 12, 394)
(36, 13, 362)
(36, 14, 303)
(36, 15, 286)
(36, 16, 234)
(36, 17, 227)
(36, 18, 214)
(36, 19, 201)
(36, 20, 185)
(36, 21, 168)
(36, 22, 167)
(36, 23, 164)
(36, 24, 162)
(36, 25, 161)
(36, 26, 160)
(36, 27, 154)
(36, 28, 142)
(36, 29, 123)
(36, 30, 119)
(36, 31, 116)
(36, 32, 104)
(36, 33, 98)
(36, 34, 97)
(36, 35, 90)
(36, 36, 86)
(36, 37, 85)
(36, 38, 82)
(36, 39, 78)

(37, 0, 1737)
(37, 1, 1673)
(37, 2, 1135)
(37, 3, 615)
(37, 4, 547)
(37, 5, 520)
(37, 6, 506)
(37, 7, 503)
(37, 8, 500)
(37, 9, 471)
(37, 10, 470)
(37, 11, 438)
(37, 12, 427)
(37, 13, 395)
(37, 14, 336)
(37, 15, 319)
(37, 16, 245)
(37, 17, 238)
(37, 18, 224)
(37, 19, 211)
(37, 20, 194)
(37, 21, 176)
(37, 22, 175)
(37, 23, 172)
(37, 24, 170)
(37, 25, 169)
(37, 26, 168)
(37, 27, 162)
(37, 28, 150)
(37, 29, 131)
(37, 30, 127)
(37, 31, 123)
(37, 32, 108)
(37, 33, 99)
(37, 34, 98)
(37, 35, 91)
(37, 36, 87)
(37, 37, 86)
(37, 38, 82)
(37, 39, 77)

(38, 0, 1770)
(38, 1, 1706)
(38, 2, 1166)
(38, 3, 642)
(38, 4, 574)
(38, 5, 543)
(38, 6, 529)
(38, 7, 526)
(38, 8, 522)
(38, 9, 493)
(38, 10, 492)
(38, 11, 460)
(38, 12, 449)
(38, 13, 417)
(38, 14, 357)
(38, 15, 340)
(38, 16, 262)
(38, 17, 254)
(38, 18, 239)
(38, 19, 225)
(38, 20, 205)
(38, 21, 187)
(38, 22, 186)
(38, 23, 182)
(38, 24, 180)
(38, 25, 179)
(38, 26, 178)
(38, 27, 172)
(38, 28, 160)
(38, 29, 141)
(38, 30, 137)
(38, 31, 132)
(38, 32, 116)
(38, 33, 106)
(38, 34, 104)
(38, 35, 96)
(38, 36, 91)
(38, 37, 90)
(38, 38, 83)
(38, 39, 76)

(39, 0, 1835)
(39, 1, 1766)
(39, 2, 1200)
(39, 3, 658)
(39, 4, 589)
(39, 5, 555)
(39, 6, 541)
(39, 7, 538)
(39, 8, 534)
(39, 9, 505)
(39, 10, 504)
(39, 11, 472)
(39, 12, 461)
(39, 13, 429)
(39, 14, 368)
(39, 15, 351)
(39, 16, 268)
(39, 17, 259)
(39, 18, 244)
(39, 19, 231)
(39, 20, 211)
(39, 21, 190)
(39, 22, 189)
(39, 23, 185)
(39, 24, 183)
(39, 25, 182)
(39, 26, 181)
(39, 27, 175)
(39, 28, 163)
(39, 29, 144)
(39, 30, 140)
(39, 31, 135)
(39, 32, 117)
(39, 33, 107)
(39, 34, 105)
(39, 35, 97)
(39, 36, 93)
(39, 37, 92)
(39, 38, 83)
(39, 39, 76)


Betti numbers:
xi_0:
(0, 0, 17)
(1, 0, 16)
(2, 0, 9)
(3, 0, 5)
(4, 0, 16)
(5, 0, 8)
(6, 0, 17)
(7, 0, 39)
(8, 0, 24)
(9, 0, 2)
(10, 0, 39)
(11, 0, 18)
(12, 0, 48)
(13, 0, 23)
(14, 0, 75)
(15, 0, 47)
(16, 0, 77)
(17, 0, 75)
(18, 0, 82)
(19, 0, 89)
(20, 0, 38)
(21, 0, 91)
(22, 0, 37)
(23, 0, 9)
(24, 0, 9)
(25, 0, 7)
(26, 0, 27)
(27, 0, 19)
(28, 0, 27)
(29, 0, 102)
(30, 0, 48)
(31, 0, 75)
(32, 0, 86)
(33, 0, 143)
(34, 0, 18)
(35, 0, 44)
(36, 0, 162)
(37, 0, 69)
(38, 0, 33)
(39, 0, 65)
xi_1:
(0, 2, 6)
(0, 3, 7)
(0, 5, 2)
(0, 15, 1)
(1, 3, 9)
(1, 4, 1)
(1, 13, 1)
(1, 14, 1)
(1, 29, 2)
(2, 2, 5)
(2, 13, 2)
(2, 28, 1)
(2, 29, 1)
(3, 13, 1)
(3, 18, 1)
(3, 25, 1)
(3, 28, 1)
(3, 35, 1)
(3, 36, 1)
(4, 2, 5)
(4, 3, 4)
(4, 4, 2)
(4, 5, 1)
(4, 11, 1)
(4, 13, 1)
(4, 14, 1)
(4, 27, 1)
(4, 31, 1)
(4, 35, 1)
(4, 36, 1)
(5, 2, 2)
(5, 3, 2)
(5, 13, 1)
(5, 18, 1)
(5, 36, 1)
(5, 39, 1)
(6, 2, 5)
(6, 3, 6)
(6, 4, 1)
(6, 6, 1)
(6, 9, 1)
(6, 14, 1)
(6, 15, 1)
(6, 19, 1)
(6, 29, 1)
(7, 1, 1)
(7, 2, 12)
(7, 3, 16)
(7, 4, 3)
(7, 5, 1)
(7, 6, 3)
(7, 11, 1)
(7, 18, 1)
(8, 2, 6)
(8, 3, 5)
(8, 4, 5)
(8, 5, 3)
(8, 6, 1)
(8, 21, 1)
(8, 30, 1)
(9, 16, 1)
(9, 21, 1)
(10, 2, 10)
(10, 3, 18)
(10, 4, 4)
(10, 6, 1)
(10, 32, 1)
(11, 2, 3)
(11, 3, 4)
(11, 4, 1)
(11, 5, 1)
(11, 6, 1)
(11, 8, 1)
(11, 12, 1)
(11, 14, 2)
(11, 32, 1)
(12, 2, 8)
(12, 3, 15)
(12, 4, 4)
(12, 5, 4)
(12, 11, 2)
(12, 13, 1)
(12, 14, 3)
(12, 21, 2)
(12, 29, 2)
(13, 2, 3)
(13, 4, 4)
(13, 5, 1)
(13, 6, 2)
(13, 11, 2)
(13, 12, 1)
(13, 14, 1)
(13, 21, 3)
(13, 28, 1)
(13, 29, 2)
(13, 32, 1)
(14, 1, 4)
(14, 2, 26)
(14, 3, 33)
(14, 4, 2)
(14, 11, 1)
(14, 13, 1)
(14, 14, 4)
(14, 17, 1)
(14, 18, 1)
(14, 19, 1)
(14, 21, 1)
(15, 1, 2)
(15, 2, 11)
(15, 3, 10)
(15, 4, 2)
(15, 6, 1)
(15, 7, 1)
(15, 8, 2)
(15, 10, 1)
(15, 11, 3)
(15, 13, 1)
(15, 14, 1)
(15, 16, 2)
(15, 17, 1)
(15, 18, 1)
(15, 19, 1)
(15, 26, 1)
(15, 27, 2)
(15, 28, 3)
(15, 29, 1)
(15, 30, 1)
(16, 1, 1)
(16, 2, 14)
(16, 3, 29)
(16, 4, 4)
(16, 5, 2)
(16, 6, 4)
(16, 9, 2)
(16, 13, 2)
(16, 14, 2)
(16, 15, 1)
(16, 16, 1)
(16, 17, 2)
(16, 19, 1)
(16, 20, 1)
(16, 21, 5)
(16, 27, 1)
(16, 28, 2)
(16, 35, 1)
(16, 36, 1)
(17, 1, 1)
(17, 2, 19)
(17, 3, 29)
(17, 4, 8)
(17, 6, 1)
(17, 13, 1)
(17, 14, 6)
(17, 16, 2)
(17, 19, 2)
(17, 21, 2)
(17, 28, 1)
(17, 29, 3)
(17, 39, 1)
(18, 1, 3)
(18, 2, 22)
(18, 3, 32)
(18, 4, 5)
(18, 11, 1)
(18, 13, 1)
(18, 14, 5)
(18, 15, 3)
(18, 16, 2)
(18, 19, 3)
(18, 29, 2)
(18, 30, 1)
(18, 35, 1)
(18, 38, 1)
(19, 1, 1)
(19, 2, 31)
(19, 3, 28)
(19, 4, 3)
(19, 7, 2)
(19, 9, 1)
(19, 11, 1)
(19, 12, 2)
(19, 14, 3)
(19, 15, 2)
(19, 16, 6)
(19, 18, 1)
(19, 19, 1)
(19, 20, 1)
(19, 28, 1)
(19, 32, 1)
(19, 33, 1)
(19, 35, 1)
(19, 36, 1)
(20, 1, 1)
(20, 2, 5)
(20, 3, 5)
(20, 4, 3)
(20, 7, 1)
(20, 11, 2)
(20, 12, 1)
(20, 13, 1)
(20, 16, 3)
(20, 18, 1)
(20, 21, 2)
(20, 32, 1)
(20, 35, 3)
(20, 37, 1)
(20, 38, 1)
(21, 1, 1)
(21, 2, 33)
(21, 3, 40)
(21, 4, 3)
(21, 6, 1)
(21, 14, 3)
(21, 16, 5)
(21, 17, 2)
(21, 23, 1)
(21, 33, 1)
(21, 35, 1)
(22, 2, 8)
(22, 3, 13)
(22, 4, 3)
(22, 5, 2)
(22, 6, 1)
(22, 11, 2)
(22, 13, 1)
(22, 16, 1)
(22, 17, 1)
(22, 19, 1)
(22, 20, 2)
(22, 28, 1)
(22, 29, 2)
(22, 33, 1)
(22, 39, 1)
(23, 16, 1)
(23, 20, 2)
(23, 29, 1)
(23, 33, 1)
(23, 39, 1)
(24, 11, 1)
(24, 18, 1)
(24, 19, 1)
(24, 20, 1)
(24, 21, 1)
(24, 29, 1)
(24, 31, 1)
(24, 32, 1)
(25, 15, 1)
(25, 16, 1)
(25, 20, 1)
(25, 24, 1)
(25, 28, 1)
(25, 31, 1)
(26, 2, 4)
(26, 3, 7)
(26, 4, 3)
(26, 5, 1)
(26, 11, 2)
(26, 15, 1)
(26, 16, 2)
(26, 20, 1)
(26, 21, 1)
(26, 32, 1)
(26, 33, 1)
(26, 34, 1)
(26, 39, 1)
(27, 2, 3)
(27, 3, 4)
(27, 4, 3)
(27, 5, 1)
(27, 13, 1)
(27, 17, 1)
(27, 32, 2)
(28, 1, 3)
(28, 2, 8)
(28, 3, 10)
(28, 4, 2)
(28, 15, 1)
(28, 22, 1)
(29, 1, 11)
(29, 2, 45)
(29, 3, 30)
(29, 4, 2)
(29, 11, 2)
(29, 12, 1)
(29, 13, 2)
(29, 14, 4)
(29, 16, 1)
(29, 29, 1)
(29, 32, 1)
(30, 1, 1)
(30, 2, 11)
(30, 3, 6)
(30, 4, 1)
(30, 5, 3)
(30, 6, 2)
(30, 9, 3)
(30, 11, 3)
(30, 12, 2)
(30, 13, 5)
(30, 14, 8)
(30, 23, 1)
(30, 27, 1)
(30, 29, 1)
(31, 1, 4)
(31, 2, 33)
(31, 3, 20)
(31, 4, 3)
(31, 9, 4)
(31, 13, 2)
(31, 14, 1)
(31, 15, 1)
(31, 18, 4)
(31, 29, 1)
(31, 30, 1)
(31, 31, 1)
(31, 36, 1)
(32, 1, 3)
(32, 2, 29)
(32, 3, 27)
(32, 4, 2)
(32, 6, 1)
(32, 9, 10)
(32, 13, 3)
(32, 14, 7)
(32, 15, 2)
(32, 18, 1)
(32, 19, 1)
(32, 23, 1)
(32, 35, 1)
(33, 1, 13)
(33, 2, 66)
(33, 3, 42)
(33, 9, 4)
(33, 11, 2)
(33, 12, 1)
(33, 13, 2)
(33, 14, 6)
(33, 15, 1)
(33, 16, 4)
(33, 24, 1)
(33, 27, 1)
(33, 32, 1)
(34, 2, 3)
(34, 3, 1)
(34, 5, 1)
(34, 9, 1)
(34, 12, 1)
(34, 13, 1)
(34, 16, 6)
(34, 18, 1)
(34, 28, 1)
(34, 38, 1)
(35, 1, 1)
(35, 2, 12)
(35, 3, 2)
(35, 4, 3)
(35, 6, 1)
(35, 9, 3)
(35, 11, 2)
(35, 12, 1)
(35, 13, 1)
(35, 14, 1)
(35, 15, 2)
(35, 16, 9)
(35, 20, 4)
(35, 27, 1)
(35, 28, 1)
(35, 33, 1)
(36, 1, 8)
(36, 2, 78)
(36, 3, 56)
(36, 4, 2)
(36, 5, 4)
(36, 8, 1)
(36, 16, 5)
(36, 20, 3)
(36, 32, 1)
(36, 37, 1)
(36, 38, 1)
(37, 1, 5)
(37, 2, 12)
(37, 3, 14)
(37, 5, 3)
(37, 11, 4)
(37, 16, 22)
(37, 18, 1)
(37, 20, 2)
(37, 21, 1)
(37, 31, 1)
(37, 32, 3)
(37, 33, 3)
(37, 38, 1)
(37, 39, 1)
(38, 2, 2)
(38, 3, 4)
(38, 5, 4)
(38, 8, 1)
(38, 14, 1)
(38, 16, 4)
(38, 17, 1)
(38, 18, 1)
(38, 19, 1)
(38, 20, 3)
(38, 23, 1)
(38, 31, 1)
(38, 32, 1)
(38, 33, 1)
(38, 34, 1)
(38, 35, 1)
(38, 36, 1)
(38, 38, 3)
(38, 39, 2)
(39, 1, 5)
(39, 2, 26)
(39, 3, 18)
(39, 4, 1)
(39, 5, 3)
(39, 14, 1)
(39, 16, 5)
(39, 17, 1)
(39, 21, 3)
(39, 32, 2)
(39, 38, 2)
xi_2:
(4, 28, 1)
(4, 35, 1)
(6, 35, 1)
(7, 3, 1)
(8, 6, 1)
(12, 4, 1)
(12, 8, 1)
(13, 14, 1)
(14, 4, 2)
(14, 5, 1)
(14, 21, 1)
(15, 21, 1)
(16, 7, 1)
(16, 18, 1)
(17, 4, 1)
(17, 6, 1)
(17, 28, 1)
(17, 36, 1)
(18, 4, 1)
(18, 6, 1)
(19, 3, 1)
(19, 4, 1)
(19, 39, 1)
(21, 4, 1)
(21, 37, 1)
(22, 3, 1)
(22, 6, 1)
(22, 17, 1)
(28, 4, 2)
(30, 29, 1)
(31, 5, 1)
(31, 6, 1)
(31, 27, 1)
(32, 31, 1)
(32, 36, 1)
(33, 6, 1)
(33, 29, 1)
(33, 35, 1)
(35, 38, 1)
(36, 4, 2)
(36, 6, 1)
(37, 3, 1)
(37, 5, 1)
(37, 20, 1)
(39, 19, 1)
(39, 36, 1)
