x-grades
-1984987232354804253/100000000000000000
-969669875558020253/50000000000000000
-1893692269877276759/100000000000000000
-462011197159628253/25000000000000000
-360479461479949853/20000000000000000
-878374913080492759/50000000000000000
-1711102344922221771/100000000000000000
-208181857960432253/12500000000000000
-1619807382444694277/100000000000000000
-157415990120593053/10000000000000000
-1528512419967166783/100000000000000000
-370716234682100759/25000000000000000
-1437217457489639289/100000000000000000
-695784988125437771/50000000000000000
-269184499002422359/20000000000000000
-81267188360834253/6250000000000000
-1254627532534584301/100000000000000000
-604490025647910277/50000000000000000
-1163332570057056807/100000000000000000
-55884254440914653/5000000000000000
-1072037607579529313/100000000000000000
-513195063170382783/50000000000000000
-980742645102001819/100000000000000000
-116886895482904759/12500000000000000
-35577907304978973/4000000000000000
-421900100692855289/50000000000000000
-798152720146946831/100000000000000000
-188126309727045771/25000000000000000
-706857757669419337/100000000000000000
-66121027643065559/10000000000000000
-615562795191891843/100000000000000000
-17809853561035253/3125000000000000
-524267832714364349/100000000000000000
-239310175737800301/50000000000000000
-86594574047367371/20000000000000000
-96831347249518277/25000000000000000
-341677907759309361/100000000000000000
-148015213260272807/50000000000000000
-250382945281781867/100000000000000000
-5118386601075453/2500000000000000

y-grades
9999963/4000000
9999963/2000000
29999889/4000000
9999963/1000000
9999963/800000
29999889/2000000
69999741/4000000
9999963/500000
89999667/4000000
9999963/400000
109999593/4000000
29999889/1000000
129999519/4000000
69999741/2000000
29999889/800000
9999963/250000
169999371/4000000
89999667/2000000
189999297/4000000
9999963/200000
209999223/4000000
109999593/2000000
229999149/4000000
29999889/500000
9999963/160000
129999519/2000000
269999001/4000000
69999741/1000000
289998927/4000000
29999889/400000
309998853/4000000
9999963/125000
329998779/4000000
169999371/2000000
69999741/800000
89999667/1000000
369998631/4000000
189999297/2000000
389998557/4000000
9999963/100000

Dimensions > 0:
(0, 0, 13)
(0, 1, 10)
(0, 2, 8)
(0, 3, 3)
(0, 4, 1)
(0, 5, 1)
(0, 6, 1)
(0, 7, 1)
(0, 8, 1)
(0, 9, 1)
(0, 10, 1)
(0, 11, 1)
(0, 12, 1)
(0, 13, 1)
(0, 14, 1)
(0, 15, 1)
(0, 16, 1)
(0, 17, 1)
(0, 18, 1)
(0, 19, 1)
(0, 20, 1)
(0, 21, 1)
(0, 22, 1)
(0, 23, 1)
(0, 24, 1)
(0, 25, 1)
(0, 26, 1)
(0, 27, 1)
(0, 28, 1)
(0, 29, 1)
(0, 30, 1)
(0, 31, 1)
(0, 32, 1)
(0, 33, 1)
(0, 34, 1)
(0, 35, 1)
(0, 36, 1)
(0, 37, 1)
(0, 38, 1)
(0, 39, 1)

(1, 0, 33)
(1, 1, 21)
(1, 2, 14)
(1, 3, 4)
(1, 4, 2)
(1, 5, 1)
(1, 6, 1)
(1, 7, 1)
(1, 8, 1)
(1, 9, 1)
(1, 10, 1)
(1, 11, 1)
(1, 12, 1)
(1, 13, 1)
(1, 14, 1)
(1, 15, 1)
(1, 16, 1)
(1, 17, 1)
(1, 18, 1)
(1, 19, 1)
(1, 20, 1)
(1, 21, 1)
(1, 22, 1)
(1, 23, 1)
(1, 24, 1)
(1, 25, 1)
(1, 26, 1)
(1, 27, 1)
(1, 28, 1)
(1, 29, 1)
(1, 30, 1)
(1, 31, 1)
(1, 32, 1)
(1, 33, 1)
(1, 34, 1)
(1, 35, 1)
(1, 36, 1)
(1, 37, 1)
(1, 38, 1)
(1, 39, 1)

(2, 0, 58)
(2, 1, 37)
(2, 2, 20)
(2, 3, 5)
(2, 4, 2)
(2, 5, 2)
(2, 6, 2)
(2, 7, 1)
(2, 8, 1)
(2, 9, 1)
(2, 10, 1)
(2, 11, 1)
(2, 12, 1)
(2, 13, 1)
(2, 14, 1)
(2, 15, 1)
(2, 16, 1)
(2, 17, 1)
(2, 18, 1)
(2, 19, 1)
(2, 20, 1)
(2, 21, 1)
(2, 22, 1)
(2, 23, 1)
(2, 24, 1)
(2, 25, 1)
(2, 26, 1)
(2, 27, 1)
(2, 28, 1)
(2, 29, 1)
(2, 30, 1)
(2, 31, 1)
(2, 32, 1)
(2, 33, 1)
(2, 34, 1)
(2, 35, 1)
(2, 36, 1)
(2, 37, 1)
(2, 38, 1)
(2, 39, 1)

(3, 0, 101)
(3, 1, 60)
(3, 2, 29)
(3, 3, 11)
(3, 4, 3)
(3, 5, 3)
(3, 6, 3)
(3, 7, 2)
(3, 8, 2)
(3, 9, 2)
(3, 10, 2)
(3, 11, 2)
(3, 12, 2)
(3, 13, 2)
(3, 14, 2)
(3, 15, 2)
(3, 16, 2)
(3, 17, 2)
(3, 18, 2)
(3, 19, 2)
(3, 20, 2)
(3, 21, 2)
(3, 22, 2)
(3, 23, 2)
(3, 24, 2)
(3, 25, 2)
(3, 26, 2)
(3, 27, 2)
(3, 28, 2)
(3, 29, 2)
(3, 30, 2)
(3, 31, 2)
(3, 32, 2)
(3, 33, 2)
(3, 34, 2)
(3, 35, 2)
(3, 36, 2)
(3, 37, 2)
(3, 38, 2)
(3, 39, 2)

(4, 0, 143)
(4, 1, 79)
(4, 2, 36)
(4, 3, 10)
(4, 4, 2)
(4, 5, 2)
(4, 6, 2)
(4, 7, 2)
(4, 8, 2)
(4, 9, 2)
(4, 10, 2)
(4, 11, 2)
(4, 12, 2)
(4, 13, 2)
(4, 14, 2)
(4, 15, 2)
(4, 16, 2)
(4, 17, 2)
(4, 18, 2)
(4, 19, 2)
(4, 20, 2)
(4, 21, 2)
(4, 22, 2)
(4, 23, 2)
(4, 24, 2)
(4, 25, 2)
(4, 26, 2)
(4, 27, 2)
(4, 28, 2)
(4, 29, 2)
(4, 30, 2)
(4, 31, 2)
(4, 32, 2)
(4, 33, 2)
(4, 34, 2)
(4, 35, 2)
(4, 36, 2)
(4, 37, 2)
(4, 38, 2)
(4, 39, 2)

(5, 0, 176)
(5, 1, 99)
(5, 2, 49)
(5, 3, 12)
(5, 4, 3)
(5, 5, 2)
(5, 6, 2)
(5, 7, 2)
(5, 8, 2)
(5, 9, 2)
(5, 10, 2)
(5, 11, 2)
(5, 12, 2)
(5, 13, 2)
(5, 14, 2)
(5, 15, 2)
(5, 16, 2)
(5, 17, 2)
(5, 18, 2)
(5, 19, 2)
(5, 20, 2)
(5, 21, 2)
(5, 22, 2)
(5, 23, 2)
(5, 24, 2)
(5, 25, 2)
(5, 26, 2)
(5, 27, 1)
(5, 28, 1)
(5, 29, 1)
(5, 30, 1)
(5, 31, 1)
(5, 32, 1)
(5, 33, 1)
(5, 34, 1)
(5, 35, 1)
(5, 36, 1)
(5, 37, 1)
(5, 38, 1)
(5, 39, 1)

(6, 0, 215)
(6, 1, 125)
(6, 2, 60)
(6, 3, 12)
(6, 4, 2)
(6, 5, 2)
(6, 6, 1)
(6, 7, 1)
(6, 8, 1)
(6, 9, 1)
(6, 10, 1)
(6, 11, 1)
(6, 12, 1)
(6, 13, 1)
(6, 14, 1)
(6, 15, 1)
(6, 16, 1)
(6, 17, 1)
(6, 18, 1)
(6, 19, 1)
(6, 20, 1)
(6, 21, 1)
(6, 22, 1)
(6, 23, 1)
(6, 24, 1)
(6, 25, 1)
(6, 26, 1)
(6, 27, 1)
(6, 28, 1)
(6, 29, 1)
(6, 30, 1)
(6, 31, 1)
(6, 32, 1)
(6, 33, 1)
(6, 34, 1)
(6, 35, 1)
(6, 36, 1)
(6, 37, 1)
(6, 38, 1)
(6, 39, 1)

(7, 0, 242)
(7, 1, 144)
(7, 2, 68)
(7, 3, 16)
(7, 4, 3)
(7, 5, 2)
(7, 6, 1)
(7, 7, 1)
(7, 8, 1)
(7, 9, 1)
(7, 10, 1)
(7, 11, 1)
(7, 12, 1)
(7, 13, 1)
(7, 14, 1)
(7, 15, 1)
(7, 16, 1)
(7, 17, 1)
(7, 18, 1)
(7, 19, 1)
(7, 20, 1)
(7, 21, 1)
(7, 22, 1)
(7, 23, 1)
(7, 24, 1)
(7, 25, 1)
(7, 26, 1)
(7, 27, 1)
(7, 28, 1)
(7, 29, 1)
(7, 30, 1)
(7, 31, 1)
(7, 32, 1)
(7, 33, 1)
(7, 34, 1)
(7, 35, 1)
(7, 36, 1)
(7, 37, 1)
(7, 38, 1)
(7, 39, 1)

(8, 0, 253)
(8, 1, 148)
(8, 2, 70)
(8, 3, 16)
(8, 4, 3)
(8, 5, 2)
(8, 6, 1)
(8, 7, 1)
(8, 8, 1)
(8, 9, 1)
(8, 10, 1)
(8, 11, 1)
(8, 12, 1)
(8, 13, 1)
(8, 14, 1)
(8, 15, 1)
(8, 16, 1)
(8, 17, 1)
(8, 18, 1)
(8, 19, 1)
(8, 20, 1)
(8, 21, 1)
(8, 22, 1)
(8, 23, 1)
(8, 24, 1)
(8, 25, 1)
(8, 26, 1)
(8, 27, 1)
(8, 28, 1)
(8, 29, 1)
(8, 30, 1)
(8, 31, 1)
(8, 32, 1)
(8, 33, 1)
(8, 34, 1)
(8, 35, 1)
(8, 36, 1)
(8, 37, 1)
(8, 38, 1)
(8, 39, 1)

(9, 0, 253)
(9, 1, 148)
(9, 2, 70)
(9, 3, 16)
(9, 4, 3)
(9, 5, 2)
(9, 6, 1)
(9, 7, 1)
(9, 8, 1)
(9, 9, 1)
(9, 10, 1)
(9, 11, 1)
(9, 12, 1)
(9, 13, 1)
(9, 14, 1)
(9, 15, 1)
(9, 16, 1)
(9, 17, 1)
(9, 18, 1)
(9, 19, 1)
(9, 20, 1)
(9, 21, 1)
(9, 22, 1)
(9, 23, 1)
(9, 24, 1)
(9, 25, 1)
(9, 26, 1)
(9, 27, 1)
(9, 28, 1)
(9, 29, 1)
(9, 30, 1)
(9, 31, 1)
(9, 32, 1)
(9, 33, 1)
(9, 34, 1)
(9, 35, 1)
(9, 36, 1)
(9, 37, 1)
(9, 38, 1)
(9, 39, 1)

(10, 0, 268)
(10, 1, 149)
(10, 2, 71)
(10, 3, 17)
(10, 4, 4)
(10, 5, 3)
(10, 6, 2)
(10, 7, 2)
(10, 8, 2)
(10, 9, 2)
(10, 10, 2)
(10, 11, 2)
(10, 12, 2)
(10, 13, 2)
(10, 14, 2)
(10, 15, 2)
(10, 16, 2)
(10, 17, 2)
(10, 18, 2)
(10, 19, 2)
(10, 20, 2)
(10, 21, 2)
(10, 22, 2)
(10, 23, 2)
(10, 24, 2)
(10, 25, 2)
(10, 26, 2)
(10, 27, 2)
(10, 28, 2)
(10, 29, 2)
(10, 30, 2)
(10, 31, 2)
(10, 32, 2)
(10, 33, 2)
(10, 34, 2)
(10, 35, 2)
(10, 36, 2)
(10, 37, 2)
(10, 38, 2)
(10, 39, 2)

(11, 0, 281)
(11, 1, 149)
(11, 2, 71)
(11, 3, 17)
(11, 4, 4)
(11, 5, 3)
(11, 6, 2)
(11, 7, 2)
(11, 8, 2)
(11, 9, 2)
(11, 10, 2)
(11, 11, 2)
(11, 12, 2)
(11, 13, 2)
(11, 14, 2)
(11, 15, 2)
(11, 16, 2)
(11, 17, 2)
(11, 18, 2)
(11, 19, 2)
(11, 20, 2)
(11, 21, 2)
(11, 22, 2)
(11, 23, 2)
(11, 24, 2)
(11, 25, 2)
(11, 26, 2)
(11, 27, 2)
(11, 28, 2)
(11, 29, 2)
(11, 30, 2)
(11, 31, 2)
(11, 32, 2)
(11, 33, 2)
(11, 34, 2)
(11, 35, 2)
(11, 36, 2)
(11, 37, 2)
(11, 38, 2)
(11, 39, 2)

(12, 0, 292)
(12, 1, 149)
(12, 2, 71)
(12, 3, 17)
(12, 4, 4)
(12, 5, 3)
(12, 6, 2)
(12, 7, 2)
(12, 8, 2)
(12, 9, 2)
(12, 10, 2)
(12, 11, 2)
(12, 12, 2)
(12, 13, 2)
(12, 14, 2)
(12, 15, 2)
(12, 16, 2)
(12, 17, 2)
(12, 18, 2)
(12, 19, 2)
(12, 20, 2)
(12, 21, 2)
(12, 22, 2)
(12, 23, 2)
(12, 24, 2)
(12, 25, 2)
(12, 26, 2)
(12, 27, 2)
(12, 28, 2)
(12, 29, 2)
(12, 30, 2)
(12, 31, 2)
(12, 32, 2)
(12, 33, 2)
(12, 34, 2)
(12, 35, 2)
(12, 36, 2)
(12, 37, 2)
(12, 38, 2)
(12, 39, 2)

(13, 0, 292)
(13, 1, 149)
(13, 2, 71)
(13, 3, 17)
(13, 4, 4)
(13, 5, 3)
(13, 6, 2)
(13, 7, 2)
(13, 8, 2)
(13, 9, 2)
(13, 10, 2)
(13, 11, 2)
(13, 12, 2)
(13, 13, 2)
(13, 14, 2)
(13, 15, 2)
(13, 16, 2)
(13, 17, 2)
(13, 18, 2)
(13, 19, 2)
(13, 20, 2)
(13, 21, 2)
(13, 22, 2)
(13, 23, 2)
(13, 24, 2)
(13, 25, 2)
(13, 26, 2)
(13, 27, 2)
(13, 28, 2)
(13, 29, 2)
(13, 30, 2)
(13, 31, 2)
(13, 32, 2)
(13, 33, 2)
(13, 34, 2)
(13, 35, 2)
(13, 36, 2)
(13, 37, 2)
(13, 38, 2)
(13, 39, 2)

(14, 0, 292)
(14, 1, 149)
(14, 2, 71)
(14, 3, 17)
(14, 4, 4)
(14, 5, 3)
(14, 6, 2)
(14, 7, 2)
(14, 8, 2)
(14, 9, 2)
(14, 10, 2)
(14, 11, 2)
(14, 12, 2)
(14, 13, 2)
(14, 14, 2)
(14, 15, 2)
(14, 16, 2)
(14, 17, 2)
(14, 18, 2)
(14, 19, 2)
(14, 20, 2)
(14, 21, 2)
(14, 22, 2)
(14, 23, 2)
(14, 24, 2)
(14, 25, 2)
(14, 26, 2)
(14, 27, 2)
(14, 28, 2)
(14, 29, 2)
(14, 30, 2)
(14, 31, 2)
(14, 32, 2)
(14, 33, 2)
(14, 34, 2)
(14, 35, 2)
(14, 36, 2)
(14, 37, 2)
(14, 38, 2)
(14, 39, 2)

(15, 0, 292)
(15, 1, 149)
(15, 2, 71)
(15, 3, 17)
(15, 4, 4)
(15, 5, 3)
(15, 6, 2)
(15, 7, 2)
(15, 8, 2)
(15, 9, 2)
(15, 10, 2)
(15, 11, 2)
(15, 12, 2)
(15, 13, 2)
(15, 14, 2)
(15, 15, 2)
(15, 16, 2)
(15, 17, 2)
(15, 18, 2)
(15, 19, 2)
(15, 20, 2)
(15, 21, 2)
(15, 22, 2)
(15, 23, 2)
(15, 24, 2)
(15, 25, 2)
(15, 26, 2)
(15, 27, 2)
(15, 28, 2)
(15, 29, 2)
(15, 30, 2)
(15, 31, 2)
(15, 32, 2)
(15, 33, 2)
(15, 34, 2)
(15, 35, 2)
(15, 36, 2)
(15, 37, 2)
(15, 38, 2)
(15, 39, 2)

(16, 0, 292)
(16, 1, 149)
(16, 2, 71)
(16, 3, 17)
(16, 4, 4)
(16, 5, 3)
(16, 6, 2)
(16, 7, 2)
(16, 8, 2)
(16, 9, 2)
(16, 10, 2)
(16, 11, 2)
(16, 12, 2)
(16, 13, 2)
(16, 14, 2)
(16, 15, 2)
(16, 16, 2)
(16, 17, 2)
(16, 18, 2)
(16, 19, 2)
(16, 20, 2)
(16, 21, 2)
(16, 22, 2)
(16, 23, 2)
(16, 24, 2)
(16, 25, 2)
(16, 26, 2)
(16, 27, 2)
(16, 28, 2)
(16, 29, 2)
(16, 30, 2)
(16, 31, 2)
(16, 32, 2)
(16, 33, 2)
(16, 34, 2)
(16, 35, 2)
(16, 36, 2)
(16, 37, 2)
(16, 38, 2)
(16, 39, 2)

(17, 0, 305)
(17, 1, 150)
(17, 2, 72)
(17, 3, 18)
(17, 4, 5)
(17, 5, 4)
(17, 6, 3)
(17, 7, 3)
(17, 8, 3)
(17, 9, 3)
(17, 10, 3)
(17, 11, 3)
(17, 12, 3)
(17, 13, 3)
(17, 14, 3)
(17, 15, 3)
(17, 16, 3)
(17, 17, 3)
(17, 18, 3)
(17, 19, 3)
(17, 20, 3)
(17, 21, 3)
(17, 22, 3)
(17, 23, 3)
(17, 24, 3)
(17, 25, 3)
(17, 26, 3)
(17, 27, 3)
(17, 28, 3)
(17, 29, 3)
(17, 30, 3)
(17, 31, 3)
(17, 32, 3)
(17, 33, 3)
(17, 34, 3)
(17, 35, 3)
(17, 36, 3)
(17, 37, 3)
(17, 38, 3)
(17, 39, 3)

(18, 0, 320)
(18, 1, 150)
(18, 2, 72)
(18, 3, 18)
(18, 4, 5)
(18, 5, 4)
(18, 6, 3)
(18, 7, 3)
(18, 8, 3)
(18, 9, 3)
(18, 10, 3)
(18, 11, 3)
(18, 12, 3)
(18, 13, 3)
(18, 14, 3)
(18, 15, 3)
(18, 16, 3)
(18, 17, 3)
(18, 18, 3)
(18, 19, 3)
(18, 20, 3)
(18, 21, 3)
(18, 22, 3)
(18, 23, 3)
(18, 24, 3)
(18, 25, 3)
(18, 26, 3)
(18, 27, 3)
(18, 28, 3)
(18, 29, 3)
(18, 30, 3)
(18, 31, 3)
(18, 32, 3)
(18, 33, 3)
(18, 34, 3)
(18, 35, 3)
(18, 36, 3)
(18, 37, 3)
(18, 38, 3)
(18, 39, 3)

(19, 0, 330)
(19, 1, 150)
(19, 2, 72)
(19, 3, 18)
(19, 4, 5)
(19, 5, 4)
(19, 6, 3)
(19, 7, 3)
(19, 8, 3)
(19, 9, 3)
(19, 10, 3)
(19, 11, 3)
(19, 12, 3)
(19, 13, 3)
(19, 14, 3)
(19, 15, 3)
(19, 16, 3)
(19, 17, 3)
(19, 18, 3)
(19, 19, 3)
(19, 20, 3)
(19, 21, 3)
(19, 22, 3)
(19, 23, 3)
(19, 24, 3)
(19, 25, 3)
(19, 26, 3)
(19, 27, 3)
(19, 28, 3)
(19, 29, 3)
(19, 30, 3)
(19, 31, 3)
(19, 32, 3)
(19, 33, 3)
(19, 34, 3)
(19, 35, 3)
(19, 36, 3)
(19, 37, 3)
(19, 38, 3)
(19, 39, 3)

(20, 0, 330)
(20, 1, 150)
(20, 2, 72)
(20, 3, 18)
(20, 4, 5)
(20, 5, 4)
(20, 6, 3)
(20, 7, 3)
(20, 8, 3)
(20, 9, 3)
(20, 10, 3)
(20, 11, 3)
(20, 12, 3)
(20, 13, 3)
(20, 14, 3)
(20, 15, 3)
(20, 16, 3)
(20, 17, 3)
(20, 18, 3)
(20, 19, 3)
(20, 20, 3)
(20, 21, 3)
(20, 22, 3)
(20, 23, 3)
(20, 24, 3)
(20, 25, 3)
(20, 26, 3)
(20, 27, 3)
(20, 28, 3)
(20, 29, 3)
(20, 30, 3)
(20, 31, 3)
(20, 32, 3)
(20, 33, 3)
(20, 34, 3)
(20, 35, 3)
(20, 36, 3)
(20, 37, 3)
(20, 38, 3)
(20, 39, 3)

(21, 0, 355)
(21, 1, 158)
(21, 2, 80)
(21, 3, 26)
(21, 4, 12)
(21, 5, 10)
(21, 6, 6)
(21, 7, 6)
(21, 8, 6)
(21, 9, 6)
(21, 10, 6)
(21, 11, 6)
(21, 12, 4)
(21, 13, 4)
(21, 14, 4)
(21, 15, 4)
(21, 16, 4)
(21, 17, 4)
(21, 18, 4)
(21, 19, 4)
(21, 20, 4)
(21, 21, 4)
(21, 22, 4)
(21, 23, 4)
(21, 24, 4)
(21, 25, 4)
(21, 26, 4)
(21, 27, 4)
(21, 28, 4)
(21, 29, 4)
(21, 30, 4)
(21, 31, 4)
(21, 32, 4)
(21, 33, 4)
(21, 34, 4)
(21, 35, 4)
(21, 36, 4)
(21, 37, 4)
(21, 38, 4)
(21, 39, 4)

(22, 0, 401)
(22, 1, 184)
(22, 2, 100)
(22, 3, 40)
(22, 4, 24)
(22, 5, 8)
(22, 6, 5)
(22, 7, 5)
(22, 8, 5)
(22, 9, 5)
(22, 10, 5)
(22, 11, 4)
(22, 12, 4)
(22, 13, 4)
(22, 14, 4)
(22, 15, 4)
(22, 16, 4)
(22, 17, 4)
(22, 18, 4)
(22, 19, 4)
(22, 20, 4)
(22, 21, 4)
(22, 22, 4)
(22, 23, 4)
(22, 24, 4)
(22, 25, 4)
(22, 26, 4)
(22, 27, 4)
(22, 28, 4)
(22, 29, 4)
(22, 30, 4)
(22, 31, 4)
(22, 32, 4)
(22, 33, 4)
(22, 34, 4)
(22, 35, 4)
(22, 36, 4)
(22, 37, 4)
(22, 38, 4)
(22, 39, 4)

(23, 0, 445)
(23, 1, 207)
(23, 2, 117)
(23, 3, 53)
(23, 4, 31)
(23, 5, 8)
(23, 6, 5)
(23, 7, 5)
(23, 8, 5)
(23, 9, 5)
(23, 10, 5)
(23, 11, 4)
(23, 12, 4)
(23, 13, 4)
(23, 14, 4)
(23, 15, 4)
(23, 16, 4)
(23, 17, 4)
(23, 18, 4)
(23, 19, 4)
(23, 20, 4)
(23, 21, 4)
(23, 22, 4)
(23, 23, 4)
(23, 24, 4)
(23, 25, 4)
(23, 26, 4)
(23, 27, 4)
(23, 28, 4)
(23, 29, 4)
(23, 30, 4)
(23, 31, 4)
(23, 32, 4)
(23, 33, 4)
(23, 34, 4)
(23, 35, 4)
(23, 36, 4)
(23, 37, 4)
(23, 38, 4)
(23, 39, 4)

(24, 0, 478)
(24, 1, 234)
(24, 2, 138)
(24, 3, 68)
(24, 4, 37)
(24, 5, 8)
(24, 6, 5)
(24, 7, 5)
(24, 8, 5)
(24, 9, 5)
(24, 10, 5)
(24, 11, 4)
(24, 12, 4)
(24, 13, 4)
(24, 14, 4)
(24, 15, 4)
(24, 16, 4)
(24, 17, 4)
(24, 18, 4)
(24, 19, 4)
(24, 20, 4)
(24, 21, 4)
(24, 22, 4)
(24, 23, 4)
(24, 24, 4)
(24, 25, 4)
(24, 26, 4)
(24, 27, 4)
(24, 28, 4)
(24, 29, 4)
(24, 30, 4)
(24, 31, 4)
(24, 32, 4)
(24, 33, 4)
(24, 34, 4)
(24, 35, 4)
(24, 36, 4)
(24, 37, 4)
(24, 38, 4)
(24, 39, 4)

(25, 0, 517)
(25, 1, 263)
(25, 2, 160)
(25, 3, 80)
(25, 4, 42)
(25, 5, 10)
(25, 6, 6)
(25, 7, 5)
(25, 8, 5)
(25, 9, 5)
(25, 10, 5)
(25, 11, 4)
(25, 12, 4)
(25, 13, 4)
(25, 14, 4)
(25, 15, 4)
(25, 16, 4)
(25, 17, 4)
(25, 18, 4)
(25, 19, 4)
(25, 20, 4)
(25, 21, 4)
(25, 22, 4)
(25, 23, 4)
(25, 24, 4)
(25, 25, 4)
(25, 26, 4)
(25, 27, 4)
(25, 28, 4)
(25, 29, 4)
(25, 30, 4)
(25, 31, 4)
(25, 32, 4)
(25, 33, 4)
(25, 34, 4)
(25, 35, 4)
(25, 36, 4)
(25, 37, 4)
(25, 38, 4)
(25, 39, 4)

(26, 0, 549)
(26, 1, 288)
(26, 2, 179)
(26, 3, 92)
(26, 4, 50)
(26, 5, 9)
(26, 6, 6)
(26, 7, 5)
(26, 8, 5)
(26, 9, 5)
(26, 10, 5)
(26, 11, 4)
(26, 12, 4)
(26, 13, 4)
(26, 14, 4)
(26, 15, 4)
(26, 16, 4)
(26, 17, 4)
(26, 18, 4)
(26, 19, 4)
(26, 20, 4)
(26, 21, 4)
(26, 22, 4)
(26, 23, 4)
(26, 24, 4)
(26, 25, 4)
(26, 26, 4)
(26, 27, 4)
(26, 28, 4)
(26, 29, 4)
(26, 30, 4)
(26, 31, 4)
(26, 32, 4)
(26, 33, 4)
(26, 34, 4)
(26, 35, 4)
(26, 36, 4)
(26, 37, 4)
(26, 38, 4)
(26, 39, 4)

(27, 0, 579)
(27, 1, 314)
(27, 2, 202)
(27, 3, 108)
(27, 4, 54)
(27, 5, 9)
(27, 6, 6)
(27, 7, 5)
(27, 8, 5)
(27, 9, 5)
(27, 10, 5)
(27, 11, 4)
(27, 12, 4)
(27, 13, 4)
(27, 14, 4)
(27, 15, 4)
(27, 16, 4)
(27, 17, 4)
(27, 18, 4)
(27, 19, 4)
(27, 20, 4)
(27, 21, 4)
(27, 22, 4)
(27, 23, 4)
(27, 24, 4)
(27, 25, 4)
(27, 26, 4)
(27, 27, 4)
(27, 28, 4)
(27, 29, 4)
(27, 30, 4)
(27, 31, 4)
(27, 32, 4)
(27, 33, 4)
(27, 34, 4)
(27, 35, 4)
(27, 36, 4)
(27, 37, 4)
(27, 38, 4)
(27, 39, 4)

(28, 0, 609)
(28, 1, 340)
(28, 2, 225)
(28, 3, 124)
(28, 4, 56)
(28, 5, 10)
(28, 6, 8)
(28, 7, 7)
(28, 8, 6)
(28, 9, 6)
(28, 10, 6)
(28, 11, 5)
(28, 12, 5)
(28, 13, 5)
(28, 14, 5)
(28, 15, 5)
(28, 16, 5)
(28, 17, 5)
(28, 18, 5)
(28, 19, 5)
(28, 20, 5)
(28, 21, 5)
(28, 22, 5)
(28, 23, 5)
(28, 24, 5)
(28, 25, 5)
(28, 26, 5)
(28, 27, 5)
(28, 28, 5)
(28, 29, 4)
(28, 30, 4)
(28, 31, 4)
(28, 32, 4)
(28, 33, 4)
(28, 34, 4)
(28, 35, 4)
(28, 36, 4)
(28, 37, 4)
(28, 38, 4)
(28, 39, 4)

(29, 0, 624)
(29, 1, 347)
(29, 2, 230)
(29, 3, 127)
(29, 4, 58)
(29, 5, 12)
(29, 6, 10)
(29, 7, 9)
(29, 8, 6)
(29, 9, 6)
(29, 10, 5)
(29, 11, 4)
(29, 12, 4)
(29, 13, 4)
(29, 14, 4)
(29, 15, 4)
(29, 16, 4)
(29, 17, 4)
(29, 18, 4)
(29, 19, 4)
(29, 20, 4)
(29, 21, 4)
(29, 22, 4)
(29, 23, 4)
(29, 24, 4)
(29, 25, 4)
(29, 26, 4)
(29, 27, 4)
(29, 28, 4)
(29, 29, 4)
(29, 30, 4)
(29, 31, 4)
(29, 32, 4)
(29, 33, 4)
(29, 34, 4)
(29, 35, 4)
(29, 36, 4)
(29, 37, 4)
(29, 38, 4)
(29, 39, 4)

(30, 0, 639)
(30, 1, 353)
(30, 2, 233)
(30, 3, 127)
(30, 4, 58)
(30, 5, 12)
(30, 6, 10)
(30, 7, 9)
(30, 8, 7)
(30, 9, 7)
(30, 10, 6)
(30, 11, 4)
(30, 12, 4)
(30, 13, 4)
(30, 14, 4)
(30, 15, 4)
(30, 16, 4)
(30, 17, 4)
(30, 18, 4)
(30, 19, 4)
(30, 20, 4)
(30, 21, 4)
(30, 22, 4)
(30, 23, 4)
(30, 24, 4)
(30, 25, 4)
(30, 26, 4)
(30, 27, 4)
(30, 28, 4)
(30, 29, 4)
(30, 30, 4)
(30, 31, 4)
(30, 32, 4)
(30, 33, 4)
(30, 34, 4)
(30, 35, 4)
(30, 36, 4)
(30, 37, 4)
(30, 38, 4)
(30, 39, 4)

(31, 0, 680)
(31, 1, 359)
(31, 2, 233)
(31, 3, 127)
(31, 4, 58)
(31, 5, 12)
(31, 6, 10)
(31, 7, 9)
(31, 8, 7)
(31, 9, 7)
(31, 10, 6)
(31, 11, 4)
(31, 12, 4)
(31, 13, 4)
(31, 14, 4)
(31, 15, 4)
(31, 16, 4)
(31, 17, 4)
(31, 18, 4)
(31, 19, 4)
(31, 20, 4)
(31, 21, 4)
(31, 22, 4)
(31, 23, 4)
(31, 24, 4)
(31, 25, 4)
(31, 26, 4)
(31, 27, 4)
(31, 28, 4)
(31, 29, 4)
(31, 30, 4)
(31, 31, 4)
(31, 32, 4)
(31, 33, 4)
(31, 34, 4)
(31, 35, 4)
(31, 36, 4)
(31, 37, 4)
(31, 38, 4)
(31, 39, 4)

(32, 0, 697)
(32, 1, 369)
(32, 2, 241)
(32, 3, 132)
(32, 4, 60)
(32, 5, 14)
(32, 6, 12)
(32, 7, 11)
(32, 8, 9)
(32, 9, 9)
(32, 10, 8)
(32, 11, 6)
(32, 12, 6)
(32, 13, 6)
(32, 14, 6)
(32, 15, 6)
(32, 16, 6)
(32, 17, 6)
(32, 18, 6)
(32, 19, 6)
(32, 20, 6)
(32, 21, 6)
(32, 22, 6)
(32, 23, 6)
(32, 24, 6)
(32, 25, 6)
(32, 26, 6)
(32, 27, 6)
(32, 28, 6)
(32, 29, 6)
(32, 30, 6)
(32, 31, 6)
(32, 32, 6)
(32, 33, 6)
(32, 34, 6)
(32, 35, 6)
(32, 36, 6)
(32, 37, 6)
(32, 38, 6)
(32, 39, 6)

(33, 0, 742)
(33, 1, 400)
(33, 2, 265)
(33, 3, 144)
(33, 4, 60)
(33, 5, 14)
(33, 6, 12)
(33, 7, 11)
(33, 8, 9)
(33, 9, 9)
(33, 10, 8)
(33, 11, 6)
(33, 12, 6)
(33, 13, 6)
(33, 14, 6)
(33, 15, 6)
(33, 16, 6)
(33, 17, 6)
(33, 18, 6)
(33, 19, 6)
(33, 20, 6)
(33, 21, 6)
(33, 22, 6)
(33, 23, 6)
(33, 24, 6)
(33, 25, 6)
(33, 26, 6)
(33, 27, 6)
(33, 28, 6)
(33, 29, 6)
(33, 30, 6)
(33, 31, 6)
(33, 32, 6)
(33, 33, 6)
(33, 34, 6)
(33, 35, 6)
(33, 36, 6)
(33, 37, 6)
(33, 38, 6)
(33, 39, 6)

(34, 0, 813)
(34, 1, 446)
(34, 2, 286)
(34, 3, 139)
(34, 4, 60)
(34, 5, 14)
(34, 6, 12)
(34, 7, 11)
(34, 8, 9)
(34, 9, 9)
(34, 10, 8)
(34, 11, 6)
(34, 12, 6)
(34, 13, 6)
(34, 14, 6)
(34, 15, 6)
(34, 16, 6)
(34, 17, 6)
(34, 18, 6)
(34, 19, 6)
(34, 20, 6)
(34, 21, 6)
(34, 22, 6)
(34, 23, 6)
(34, 24, 6)
(34, 25, 6)
(34, 26, 6)
(34, 27, 6)
(34, 28, 6)
(34, 29, 6)
(34, 30, 6)
(34, 31, 6)
(34, 32, 6)
(34, 33, 6)
(34, 34, 6)
(34, 35, 6)
(34, 36, 6)
(34, 37, 6)
(34, 38, 6)
(34, 39, 6)

(35, 0, 882)
(35, 1, 482)
(35, 2, 296)
(35, 3, 148)
(35, 4, 66)
(35, 5, 20)
(35, 6, 15)
(35, 7, 14)
(35, 8, 11)
(35, 9, 10)
(35, 10, 8)
(35, 11, 6)
(35, 12, 6)
(35, 13, 6)
(35, 14, 6)
(35, 15, 6)
(35, 16, 6)
(35, 17, 6)
(35, 18, 6)
(35, 19, 6)
(35, 20, 6)
(35, 21, 6)
(35, 22, 6)
(35, 23, 6)
(35, 24, 6)
(35, 25, 6)
(35, 26, 6)
(35, 27, 6)
(35, 28, 6)
(35, 29, 6)
(35, 30, 6)
(35, 31, 6)
(35, 32, 6)
(35, 33, 6)
(35, 34, 6)
(35, 35, 6)
(35, 36, 6)
(35, 37, 6)
(35, 38, 6)
(35, 39, 6)

(36, 0, 915)
(36, 1, 505)
(36, 2, 309)
(36, 3, 157)
(36, 4, 71)
(36, 5, 19)
(36, 6, 14)
(36, 7, 13)
(36, 8, 11)
(36, 9, 9)
(36, 10, 8)
(36, 11, 6)
(36, 12, 6)
(36, 13, 6)
(36, 14, 6)
(36, 15, 6)
(36, 16, 5)
(36, 17, 5)
(36, 18, 5)
(36, 19, 5)
(36, 20, 5)
(36, 21, 5)
(36, 22, 5)
(36, 23, 5)
(36, 24, 5)
(36, 25, 5)
(36, 26, 5)
(36, 27, 5)
(36, 28, 5)
(36, 29, 5)
(36, 30, 5)
(36, 31, 5)
(36, 32, 5)
(36, 33, 5)
(36, 34, 5)
(36, 35, 5)
(36, 36, 5)
(36, 37, 5)
(36, 38, 5)
(36, 39, 5)

(37, 0, 941)
(37, 1, 523)
(37, 2, 323)
(37, 3, 166)
(37, 4, 71)
(37, 5, 18)
(37, 6, 13)
(37, 7, 11)
(37, 8, 9)
(37, 9, 8)
(37, 10, 7)
(37, 11, 5)
(37, 12, 5)
(37, 13, 5)
(37, 14, 5)
(37, 15, 5)
(37, 16, 5)
(37, 17, 5)
(37, 18, 5)
(37, 19, 5)
(37, 20, 5)
(37, 21, 5)
(37, 22, 5)
(37, 23, 5)
(37, 24, 5)
(37, 25, 5)
(37, 26, 5)
(37, 27, 5)
(37, 28, 5)
(37, 29, 5)
(37, 30, 5)
(37, 31, 5)
(37, 32, 5)
(37, 33, 5)
(37, 34, 5)
(37, 35, 5)
(37, 36, 5)
(37, 37, 5)
(37, 38, 5)
(37, 39, 5)

(38, 0, 968)
(38, 1, 530)
(38, 2, 328)
(38, 3, 169)
(38, 4, 73)
(38, 5, 20)
(38, 6, 15)
(38, 7, 13)
(38, 8, 10)
(38, 9, 9)
(38, 10, 8)
(38, 11, 6)
(38, 12, 6)
(38, 13, 6)
(38, 14, 6)
(38, 15, 6)
(38, 16, 6)
(38, 17, 6)
(38, 18, 6)
(38, 19, 6)
(38, 20, 6)
(38, 21, 6)
(38, 22, 6)
(38, 23, 6)
(38, 24, 6)
(38, 25, 6)
(38, 26, 6)
(38, 27, 6)
(38, 28, 6)
(38, 29, 6)
(38, 30, 6)
(38, 31, 6)
(38, 32, 6)
(38, 33, 6)
(38, 34, 6)
(38, 35, 6)
(38, 36, 6)
(38, 37, 5)
(38, 38, 5)
(38, 39, 5)

(39, 0, 992)
(39, 1, 534)
(39, 2, 327)
(39, 3, 169)
(39, 4, 73)
(39, 5, 20)
(39, 6, 15)
(39, 7, 13)
(39, 8, 10)
(39, 9, 9)
(39, 10, 8)
(39, 11, 6)
(39, 12, 6)
(39, 13, 6)
(39, 14, 6)
(39, 15, 6)
(39, 16, 6)
(39, 17, 6)
(39, 18, 6)
(39, 19, 6)
(39, 20, 6)
(39, 21, 6)
(39, 22, 6)
(39, 23, 6)
(39, 24, 6)
(39, 25, 6)
(39, 26, 6)
(39, 27, 6)
(39, 28, 6)
(39, 29, 6)
(39, 30, 6)
(39, 31, 6)
(39, 32, 6)
(39, 33, 6)
(39, 34, 6)
(39, 35, 6)
(39, 36, 5)
(39, 37, 5)
(39, 38, 5)
(39, 39, 5)


Betti numbers:
xi_0:
(0, 0, 13)
(1, 0, 20)
(2, 0, 25)
(3, 0, 43)
(4, 0, 42)
(5, 0, 33)
(6, 0, 39)
(7, 0, 27)
(8, 0, 11)
(10, 0, 15)
(11, 0, 13)
(12, 0, 12)
(17, 0, 13)
(18, 0, 15)
(19, 0, 12)
(21, 0, 25)
(22, 0, 46)
(23, 0, 44)
(24, 0, 33)
(25, 0, 39)
(26, 0, 32)
(27, 0, 30)
(28, 0, 30)
(29, 0, 15)
(30, 0, 15)
(31, 0, 43)
(32, 0, 17)
(33, 0, 45)
(34, 0, 71)
(35, 0, 69)
(36, 0, 33)
(37, 0, 26)
(38, 0, 27)
(39, 0, 25)
xi_1:
(0, 1, 3)
(0, 2, 2)
(0, 3, 5)
(0, 4, 2)
(1, 1, 9)
(1, 2, 5)
(1, 3, 5)
(1, 5, 1)
(2, 1, 9)
(2, 2, 10)
(2, 3, 5)
(2, 4, 1)
(2, 7, 1)
(3, 1, 20)
(3, 2, 14)
(3, 3, 3)
(3, 4, 6)
(3, 7, 1)
(4, 1, 23)
(4, 2, 12)
(4, 3, 8)
(4, 4, 3)
(5, 1, 13)
(5, 2, 7)
(5, 3, 11)
(5, 4, 3)
(5, 5, 1)
(5, 27, 1)
(6, 1, 13)
(6, 2, 15)
(6, 3, 11)
(6, 4, 2)
(6, 6, 1)
(7, 1, 8)
(7, 2, 11)
(7, 3, 5)
(7, 4, 3)
(7, 5, 1)
(8, 1, 7)
(8, 2, 3)
(8, 3, 2)
(10, 1, 14)
(11, 1, 13)
(12, 0, 1)
(12, 1, 12)
(17, 1, 12)
(18, 1, 15)
(19, 0, 2)
(19, 1, 12)
(21, 1, 17)
(21, 4, 1)
(21, 5, 1)
(21, 6, 3)
(21, 12, 2)
(22, 1, 20)
(22, 2, 6)
(22, 3, 6)
(22, 4, 2)
(22, 5, 14)
(22, 6, 1)
(22, 11, 1)
(23, 1, 21)
(23, 2, 6)
(23, 3, 4)
(23, 4, 6)
(23, 5, 9)
(23, 6, 1)
(24, 1, 6)
(24, 2, 6)
(24, 3, 6)
(24, 4, 9)
(24, 5, 7)
(25, 1, 10)
(25, 2, 7)
(25, 3, 10)
(25, 4, 8)
(25, 5, 5)
(25, 6, 2)
(25, 7, 1)
(26, 1, 7)
(26, 2, 6)
(26, 3, 7)
(26, 4, 4)
(26, 5, 9)
(26, 6, 1)
(27, 1, 4)
(27, 2, 3)
(27, 3, 7)
(27, 4, 12)
(27, 5, 4)
(27, 6, 1)
(28, 1, 4)
(28, 2, 3)
(28, 3, 7)
(28, 4, 14)
(28, 5, 3)
(28, 8, 1)
(28, 29, 1)
(29, 1, 8)
(29, 2, 2)
(29, 3, 2)
(29, 4, 1)
(29, 8, 2)
(29, 10, 1)
(30, 1, 9)
(30, 2, 3)
(30, 3, 3)
(30, 11, 1)
(31, 0, 2)
(31, 1, 37)
(31, 2, 7)
(31, 3, 2)
(32, 1, 7)
(32, 2, 2)
(32, 3, 3)
(32, 4, 3)
(33, 1, 14)
(33, 2, 7)
(33, 3, 12)
(33, 4, 12)
(34, 1, 25)
(34, 2, 25)
(34, 3, 26)
(35, 1, 33)
(35, 2, 26)
(35, 3, 5)
(35, 4, 3)
(35, 6, 3)
(35, 8, 1)
(35, 9, 1)
(35, 10, 1)
(36, 1, 10)
(36, 2, 10)
(36, 3, 4)
(36, 4, 4)
(36, 5, 6)
(36, 9, 1)
(36, 16, 1)
(37, 1, 8)
(37, 2, 4)
(37, 3, 5)
(37, 4, 9)
(37, 5, 2)
(37, 7, 1)
(38, 1, 20)
(38, 2, 2)
(38, 3, 2)
(38, 4, 1)
(38, 8, 1)
(38, 37, 1)
(39, 0, 1)
(39, 1, 21)
(39, 2, 5)
(39, 36, 1)
xi_2:
(2, 5, 1)
(3, 4, 1)
(3, 7, 1)
(4, 4, 3)
(4, 7, 1)
(5, 4, 2)
(6, 4, 1)
(6, 5, 1)
(6, 27, 1)
(7, 3, 1)
(8, 2, 1)
(12, 1, 1)
(19, 1, 2)
(22, 6, 2)
(22, 12, 2)
(23, 5, 2)
(23, 6, 1)
(24, 5, 1)
(25, 4, 1)
(25, 5, 2)
(25, 6, 1)
(26, 6, 2)
(27, 6, 1)
(28, 5, 2)
(28, 6, 1)
(29, 29, 1)
(30, 8, 1)
(31, 1, 2)
(31, 2, 1)
(31, 3, 2)
(34, 4, 5)
(35, 3, 4)
(36, 8, 1)
(36, 10, 1)
(37, 5, 1)
(37, 9, 1)
(37, 16, 1)
(39, 1, 1)
(39, 3, 1)
(39, 37, 1)
