x-grades
-41360169926224736113/8000000000000000000
-20150862368224634113/4000000000000000000
-39243279546673800339/8000000000000000000
-9546208589224583113/2000000000000000000
-7425277833424572913/1600000000000000000
-18033971988673698339/4000000000000000000
-35009498787571928791/8000000000000000000
-4243881699724557613/1000000000000000000
-32892608408020993017/8000000000000000000
-3183416321824552513/800000000000000000
-30775718028470057243/8000000000000000000
-7429318209673647339/2000000000000000000
-28658827648919121469/8000000000000000000
-13800191229571826791/4000000000000000000
-5308387453873637139/1600000000000000000
-1592718254974544863/500000000000000000
-24425046889817249921/8000000000000000000
-11683300850020891017/4000000000000000000
-22308156510266314147/8000000000000000000
-1062485566024542313/400000000000000000
-20191266130715378373/8000000000000000000
-9566410470469955243/4000000000000000000
-18074375751164442599/8000000000000000000
-2126991320173621839/1000000000000000000
-638299414864540273/320000000000000000
-7449520090919019469/4000000000000000000
-13840594992062571051/8000000000000000000
-3195537450571775791/2000000000000000000
-11723704612511635277/8000000000000000000
-1066525942273616739/800000000000000000
-9606814232960699503/8000000000000000000
-33392066574942311/31250000000000000
-7489923853409763729/8000000000000000000
-3215739331817147921/4000000000000000000
-1074606694771765591/1600000000000000000
-1078647071020840017/2000000000000000000
-3256143094307892181/8000000000000000000
-1098848952266212147/4000000000000000000
-1139252714756956407/8000000000000000000
-2020188124537213/200000000000000000

y-grades
9999913/4000000
9999913/2000000
29999739/4000000
9999913/1000000
9999913/800000
29999739/2000000
69999391/4000000
9999913/500000
89999217/4000000
9999913/400000
109999043/4000000
29999739/1000000
129998869/4000000
69999391/2000000
29999739/800000
9999913/250000
169998521/4000000
89999217/2000000
189998347/4000000
9999913/200000
209998173/4000000
109999043/2000000
229997999/4000000
29999739/500000
9999913/160000
129998869/2000000
269997651/4000000
69999391/1000000
289997477/4000000
29999739/400000
309997303/4000000
9999913/125000
329997129/4000000
169998521/2000000
69999391/800000
89999217/1000000
369996781/4000000
189998347/2000000
389996607/4000000
9999913/100000

Dimensions > 0:
(0, 0, 3)
(0, 1, 3)
(0, 2, 3)
(0, 3, 3)
(0, 4, 3)
(0, 5, 3)
(0, 6, 3)
(0, 7, 3)
(0, 8, 3)
(0, 9, 3)
(0, 10, 3)
(0, 11, 3)
(0, 12, 3)
(0, 13, 3)
(0, 14, 3)
(0, 15, 3)
(0, 16, 3)
(0, 17, 3)
(0, 18, 3)
(0, 19, 3)
(0, 20, 3)
(0, 21, 3)
(0, 22, 3)
(0, 23, 2)
(0, 24, 2)
(0, 25, 2)
(0, 26, 2)
(0, 27, 1)
(0, 28, 1)
(0, 29, 1)
(0, 30, 1)
(0, 31, 1)
(0, 32, 1)
(0, 33, 1)
(0, 34, 1)
(0, 35, 1)
(0, 36, 1)
(0, 37, 1)
(0, 38, 1)
(0, 39, 1)

(1, 0, 4)
(1, 1, 4)
(1, 2, 4)
(1, 3, 4)
(1, 4, 4)
(1, 5, 4)
(1, 6, 4)
(1, 7, 4)
(1, 8, 4)
(1, 9, 4)
(1, 10, 4)
(1, 11, 4)
(1, 12, 4)
(1, 13, 4)
(1, 14, 4)
(1, 15, 4)
(1, 16, 4)
(1, 17, 4)
(1, 18, 4)
(1, 19, 4)
(1, 20, 4)
(1, 21, 4)
(1, 22, 4)
(1, 23, 2)
(1, 24, 2)
(1, 25, 2)
(1, 26, 2)
(1, 27, 1)
(1, 28, 1)
(1, 29, 1)
(1, 30, 1)
(1, 31, 1)
(1, 32, 1)
(1, 33, 1)
(1, 34, 1)
(1, 35, 1)
(1, 36, 1)
(1, 37, 1)
(1, 38, 1)
(1, 39, 1)

(2, 0, 5)
(2, 1, 5)
(2, 2, 5)
(2, 3, 5)
(2, 4, 5)
(2, 5, 4)
(2, 6, 4)
(2, 7, 4)
(2, 8, 4)
(2, 9, 4)
(2, 10, 4)
(2, 11, 4)
(2, 12, 4)
(2, 13, 4)
(2, 14, 4)
(2, 15, 4)
(2, 16, 4)
(2, 17, 4)
(2, 18, 4)
(2, 19, 4)
(2, 20, 4)
(2, 21, 4)
(2, 22, 4)
(2, 23, 2)
(2, 24, 2)
(2, 25, 2)
(2, 26, 2)
(2, 27, 1)
(2, 28, 1)
(2, 29, 1)
(2, 30, 1)
(2, 31, 1)
(2, 32, 1)
(2, 33, 1)
(2, 34, 1)
(2, 35, 1)
(2, 36, 1)
(2, 37, 1)
(2, 38, 1)
(2, 39, 1)

(3, 0, 7)
(3, 1, 7)
(3, 2, 7)
(3, 3, 7)
(3, 4, 7)
(3, 5, 4)
(3, 6, 4)
(3, 7, 4)
(3, 8, 4)
(3, 9, 4)
(3, 10, 4)
(3, 11, 4)
(3, 12, 4)
(3, 13, 4)
(3, 14, 4)
(3, 15, 4)
(3, 16, 4)
(3, 17, 4)
(3, 18, 4)
(3, 19, 4)
(3, 20, 4)
(3, 21, 4)
(3, 22, 4)
(3, 23, 2)
(3, 24, 2)
(3, 25, 2)
(3, 26, 2)
(3, 27, 1)
(3, 28, 1)
(3, 29, 1)
(3, 30, 1)
(3, 31, 1)
(3, 32, 1)
(3, 33, 1)
(3, 34, 1)
(3, 35, 1)
(3, 36, 1)
(3, 37, 1)
(3, 38, 1)
(3, 39, 1)

(4, 0, 9)
(4, 1, 9)
(4, 2, 9)
(4, 3, 8)
(4, 4, 8)
(4, 5, 4)
(4, 6, 4)
(4, 7, 4)
(4, 8, 4)
(4, 9, 4)
(4, 10, 4)
(4, 11, 4)
(4, 12, 4)
(4, 13, 4)
(4, 14, 4)
(4, 15, 4)
(4, 16, 4)
(4, 17, 4)
(4, 18, 4)
(4, 19, 4)
(4, 20, 4)
(4, 21, 4)
(4, 22, 4)
(4, 23, 2)
(4, 24, 2)
(4, 25, 2)
(4, 26, 2)
(4, 27, 1)
(4, 28, 1)
(4, 29, 1)
(4, 30, 1)
(4, 31, 1)
(4, 32, 1)
(4, 33, 1)
(4, 34, 1)
(4, 35, 1)
(4, 36, 1)
(4, 37, 1)
(4, 38, 1)
(4, 39, 1)

(5, 0, 11)
(5, 1, 11)
(5, 2, 11)
(5, 3, 9)
(5, 4, 8)
(5, 5, 4)
(5, 6, 4)
(5, 7, 4)
(5, 8, 4)
(5, 9, 4)
(5, 10, 4)
(5, 11, 4)
(5, 12, 4)
(5, 13, 4)
(5, 14, 4)
(5, 15, 4)
(5, 16, 4)
(5, 17, 4)
(5, 18, 4)
(5, 19, 4)
(5, 20, 4)
(5, 21, 4)
(5, 22, 4)
(5, 23, 2)
(5, 24, 2)
(5, 25, 2)
(5, 26, 1)
(5, 27, 1)
(5, 28, 1)
(5, 29, 1)
(5, 30, 1)
(5, 31, 1)
(5, 32, 1)
(5, 33, 1)
(5, 34, 1)
(5, 35, 1)
(5, 36, 1)
(5, 37, 1)
(5, 38, 1)
(5, 39, 1)

(6, 0, 13)
(6, 1, 13)
(6, 2, 13)
(6, 3, 10)
(6, 4, 8)
(6, 5, 4)
(6, 6, 4)
(6, 7, 4)
(6, 8, 4)
(6, 9, 4)
(6, 10, 4)
(6, 11, 4)
(6, 12, 4)
(6, 13, 4)
(6, 14, 4)
(6, 15, 4)
(6, 16, 4)
(6, 17, 4)
(6, 18, 4)
(6, 19, 4)
(6, 20, 4)
(6, 21, 4)
(6, 22, 4)
(6, 23, 2)
(6, 24, 2)
(6, 25, 2)
(6, 26, 1)
(6, 27, 1)
(6, 28, 1)
(6, 29, 1)
(6, 30, 1)
(6, 31, 1)
(6, 32, 1)
(6, 33, 1)
(6, 34, 1)
(6, 35, 1)
(6, 36, 1)
(6, 37, 1)
(6, 38, 1)
(6, 39, 1)

(7, 0, 14)
(7, 1, 14)
(7, 2, 14)
(7, 3, 10)
(7, 4, 8)
(7, 5, 4)
(7, 6, 4)
(7, 7, 4)
(7, 8, 4)
(7, 9, 4)
(7, 10, 4)
(7, 11, 4)
(7, 12, 4)
(7, 13, 4)
(7, 14, 4)
(7, 15, 4)
(7, 16, 4)
(7, 17, 4)
(7, 18, 4)
(7, 19, 4)
(7, 20, 4)
(7, 21, 4)
(7, 22, 4)
(7, 23, 2)
(7, 24, 2)
(7, 25, 2)
(7, 26, 1)
(7, 27, 1)
(7, 28, 1)
(7, 29, 1)
(7, 30, 1)
(7, 31, 1)
(7, 32, 1)
(7, 33, 1)
(7, 34, 1)
(7, 35, 1)
(7, 36, 1)
(7, 37, 1)
(7, 38, 1)
(7, 39, 1)

(8, 0, 18)
(8, 1, 18)
(8, 2, 18)
(8, 3, 12)
(8, 4, 8)
(8, 5, 4)
(8, 6, 4)
(8, 7, 4)
(8, 8, 4)
(8, 9, 4)
(8, 10, 4)
(8, 11, 4)
(8, 12, 4)
(8, 13, 4)
(8, 14, 4)
(8, 15, 4)
(8, 16, 4)
(8, 17, 4)
(8, 18, 4)
(8, 19, 4)
(8, 20, 4)
(8, 21, 4)
(8, 22, 4)
(8, 23, 2)
(8, 24, 2)
(8, 25, 2)
(8, 26, 1)
(8, 27, 1)
(8, 28, 1)
(8, 29, 1)
(8, 30, 1)
(8, 31, 1)
(8, 32, 1)
(8, 33, 1)
(8, 34, 1)
(8, 35, 1)
(8, 36, 1)
(8, 37, 1)
(8, 38, 1)
(8, 39, 1)

(9, 0, 19)
(9, 1, 19)
(9, 2, 19)
(9, 3, 12)
(9, 4, 8)
(9, 5, 4)
(9, 6, 4)
(9, 7, 4)
(9, 8, 4)
(9, 9, 4)
(9, 10, 4)
(9, 11, 4)
(9, 12, 4)
(9, 13, 4)
(9, 14, 4)
(9, 15, 4)
(9, 16, 4)
(9, 17, 4)
(9, 18, 4)
(9, 19, 4)
(9, 20, 4)
(9, 21, 4)
(9, 22, 4)
(9, 23, 2)
(9, 24, 2)
(9, 25, 2)
(9, 26, 1)
(9, 27, 1)
(9, 28, 1)
(9, 29, 1)
(9, 30, 1)
(9, 31, 1)
(9, 32, 1)
(9, 33, 1)
(9, 34, 1)
(9, 35, 1)
(9, 36, 1)
(9, 37, 1)
(9, 38, 1)
(9, 39, 1)

(10, 0, 22)
(10, 1, 22)
(10, 2, 22)
(10, 3, 14)
(10, 4, 8)
(10, 5, 4)
(10, 6, 4)
(10, 7, 4)
(10, 8, 4)
(10, 9, 4)
(10, 10, 4)
(10, 11, 4)
(10, 12, 4)
(10, 13, 4)
(10, 14, 4)
(10, 15, 4)
(10, 16, 4)
(10, 17, 4)
(10, 18, 4)
(10, 19, 4)
(10, 20, 4)
(10, 21, 4)
(10, 22, 4)
(10, 23, 2)
(10, 24, 2)
(10, 25, 2)
(10, 26, 1)
(10, 27, 1)
(10, 28, 1)
(10, 29, 1)
(10, 30, 1)
(10, 31, 1)
(10, 32, 1)
(10, 33, 1)
(10, 34, 1)
(10, 35, 1)
(10, 36, 1)
(10, 37, 1)
(10, 38, 1)
(10, 39, 1)

(11, 0, 23)
(11, 1, 23)
(11, 2, 23)
(11, 3, 15)
(11, 4, 8)
(11, 5, 4)
(11, 6, 4)
(11, 7, 4)
(11, 8, 4)
(11, 9, 4)
(11, 10, 4)
(11, 11, 4)
(11, 12, 4)
(11, 13, 4)
(11, 14, 4)
(11, 15, 4)
(11, 16, 4)
(11, 17, 4)
(11, 18, 4)
(11, 19, 4)
(11, 20, 4)
(11, 21, 4)
(11, 22, 4)
(11, 23, 2)
(11, 24, 2)
(11, 25, 2)
(11, 26, 1)
(11, 27, 1)
(11, 28, 1)
(11, 29, 1)
(11, 30, 1)
(11, 31, 1)
(11, 32, 1)
(11, 33, 1)
(11, 34, 1)
(11, 35, 1)
(11, 36, 1)
(11, 37, 1)
(11, 38, 1)
(11, 39, 1)

(12, 0, 26)
(12, 1, 26)
(12, 2, 26)
(12, 3, 18)
(12, 4, 8)
(12, 5, 4)
(12, 6, 4)
(12, 7, 4)
(12, 8, 4)
(12, 9, 4)
(12, 10, 4)
(12, 11, 4)
(12, 12, 4)
(12, 13, 4)
(12, 14, 4)
(12, 15, 4)
(12, 16, 4)
(12, 17, 4)
(12, 18, 4)
(12, 19, 4)
(12, 20, 4)
(12, 21, 4)
(12, 22, 4)
(12, 23, 2)
(12, 24, 2)
(12, 25, 2)
(12, 26, 1)
(12, 27, 1)
(12, 28, 1)
(12, 29, 1)
(12, 30, 1)
(12, 31, 1)
(12, 32, 1)
(12, 33, 1)
(12, 34, 1)
(12, 35, 1)
(12, 36, 1)
(12, 37, 1)
(12, 38, 1)
(12, 39, 1)

(13, 0, 30)
(13, 1, 30)
(13, 2, 30)
(13, 3, 22)
(13, 4, 9)
(13, 5, 5)
(13, 6, 5)
(13, 7, 5)
(13, 8, 5)
(13, 9, 5)
(13, 10, 5)
(13, 11, 5)
(13, 12, 5)
(13, 13, 5)
(13, 14, 5)
(13, 15, 5)
(13, 16, 5)
(13, 17, 5)
(13, 18, 5)
(13, 19, 5)
(13, 20, 5)
(13, 21, 5)
(13, 22, 4)
(13, 23, 2)
(13, 24, 2)
(13, 25, 2)
(13, 26, 1)
(13, 27, 1)
(13, 28, 1)
(13, 29, 1)
(13, 30, 1)
(13, 31, 1)
(13, 32, 1)
(13, 33, 1)
(13, 34, 1)
(13, 35, 1)
(13, 36, 1)
(13, 37, 1)
(13, 38, 1)
(13, 39, 1)

(14, 0, 38)
(14, 1, 38)
(14, 2, 36)
(14, 3, 28)
(14, 4, 9)
(14, 5, 5)
(14, 6, 5)
(14, 7, 5)
(14, 8, 5)
(14, 9, 5)
(14, 10, 5)
(14, 11, 5)
(14, 12, 5)
(14, 13, 5)
(14, 14, 4)
(14, 15, 4)
(14, 16, 4)
(14, 17, 4)
(14, 18, 4)
(14, 19, 4)
(14, 20, 4)
(14, 21, 4)
(14, 22, 4)
(14, 23, 2)
(14, 24, 2)
(14, 25, 2)
(14, 26, 1)
(14, 27, 1)
(14, 28, 1)
(14, 29, 1)
(14, 30, 1)
(14, 31, 1)
(14, 32, 1)
(14, 33, 1)
(14, 34, 1)
(14, 35, 1)
(14, 36, 1)
(14, 37, 1)
(14, 38, 1)
(14, 39, 1)

(15, 0, 44)
(15, 1, 44)
(15, 2, 40)
(15, 3, 32)
(15, 4, 10)
(15, 5, 6)
(15, 6, 6)
(15, 7, 6)
(15, 8, 5)
(15, 9, 5)
(15, 10, 5)
(15, 11, 5)
(15, 12, 5)
(15, 13, 5)
(15, 14, 4)
(15, 15, 4)
(15, 16, 4)
(15, 17, 4)
(15, 18, 4)
(15, 19, 4)
(15, 20, 4)
(15, 21, 4)
(15, 22, 4)
(15, 23, 2)
(15, 24, 2)
(15, 25, 2)
(15, 26, 1)
(15, 27, 1)
(15, 28, 1)
(15, 29, 1)
(15, 30, 1)
(15, 31, 1)
(15, 32, 1)
(15, 33, 1)
(15, 34, 1)
(15, 35, 1)
(15, 36, 1)
(15, 37, 1)
(15, 38, 1)
(15, 39, 1)

(16, 0, 47)
(16, 1, 47)
(16, 2, 43)
(16, 3, 35)
(16, 4, 10)
(16, 5, 6)
(16, 6, 6)
(16, 7, 6)
(16, 8, 6)
(16, 9, 6)
(16, 10, 6)
(16, 11, 6)
(16, 12, 6)
(16, 13, 6)
(16, 14, 5)
(16, 15, 4)
(16, 16, 4)
(16, 17, 4)
(16, 18, 4)
(16, 19, 4)
(16, 20, 4)
(16, 21, 4)
(16, 22, 4)
(16, 23, 2)
(16, 24, 2)
(16, 25, 2)
(16, 26, 1)
(16, 27, 1)
(16, 28, 1)
(16, 29, 1)
(16, 30, 1)
(16, 31, 1)
(16, 32, 1)
(16, 33, 1)
(16, 34, 1)
(16, 35, 1)
(16, 36, 1)
(16, 37, 1)
(16, 38, 1)
(16, 39, 1)

(17, 0, 50)
(17, 1, 50)
(17, 2, 46)
(17, 3, 38)
(17, 4, 10)
(17, 5, 6)
(17, 6, 6)
(17, 7, 6)
(17, 8, 6)
(17, 9, 6)
(17, 10, 6)
(17, 11, 6)
(17, 12, 6)
(17, 13, 6)
(17, 14, 5)
(17, 15, 4)
(17, 16, 4)
(17, 17, 4)
(17, 18, 4)
(17, 19, 4)
(17, 20, 4)
(17, 21, 4)
(17, 22, 4)
(17, 23, 2)
(17, 24, 2)
(17, 25, 2)
(17, 26, 1)
(17, 27, 1)
(17, 28, 1)
(17, 29, 1)
(17, 30, 1)
(17, 31, 1)
(17, 32, 1)
(17, 33, 1)
(17, 34, 1)
(17, 35, 1)
(17, 36, 1)
(17, 37, 1)
(17, 38, 1)
(17, 39, 1)

(18, 0, 50)
(18, 1, 50)
(18, 2, 46)
(18, 3, 38)
(18, 4, 10)
(18, 5, 6)
(18, 6, 6)
(18, 7, 6)
(18, 8, 6)
(18, 9, 6)
(18, 10, 6)
(18, 11, 6)
(18, 12, 6)
(18, 13, 6)
(18, 14, 5)
(18, 15, 4)
(18, 16, 4)
(18, 17, 4)
(18, 18, 4)
(18, 19, 4)
(18, 20, 4)
(18, 21, 4)
(18, 22, 4)
(18, 23, 2)
(18, 24, 2)
(18, 25, 2)
(18, 26, 1)
(18, 27, 1)
(18, 28, 1)
(18, 29, 1)
(18, 30, 1)
(18, 31, 1)
(18, 32, 1)
(18, 33, 1)
(18, 34, 1)
(18, 35, 1)
(18, 36, 1)
(18, 37, 1)
(18, 38, 1)
(18, 39, 1)

(19, 0, 63)
(19, 1, 61)
(19, 2, 52)
(19, 3, 43)
(19, 4, 11)
(19, 5, 7)
(19, 6, 7)
(19, 7, 7)
(19, 8, 6)
(19, 9, 6)
(19, 10, 6)
(19, 11, 5)
(19, 12, 5)
(19, 13, 5)
(19, 14, 4)
(19, 15, 3)
(19, 16, 3)
(19, 17, 3)
(19, 18, 3)
(19, 19, 3)
(19, 20, 3)
(19, 21, 3)
(19, 22, 3)
(19, 23, 1)
(19, 24, 1)
(19, 25, 1)
(19, 26, 1)
(19, 27, 1)
(19, 28, 1)
(19, 29, 1)
(19, 30, 1)
(19, 31, 1)
(19, 32, 1)
(19, 33, 1)
(19, 34, 1)
(19, 35, 1)
(19, 36, 1)
(19, 37, 1)
(19, 38, 1)
(19, 39, 1)

(20, 0, 73)
(20, 1, 70)
(20, 2, 57)
(20, 3, 47)
(20, 4, 11)
(20, 5, 7)
(20, 6, 7)
(20, 7, 5)
(20, 8, 5)
(20, 9, 5)
(20, 10, 5)
(20, 11, 5)
(20, 12, 5)
(20, 13, 5)
(20, 14, 4)
(20, 15, 3)
(20, 16, 3)
(20, 17, 3)
(20, 18, 3)
(20, 19, 3)
(20, 20, 3)
(20, 21, 3)
(20, 22, 3)
(20, 23, 1)
(20, 24, 1)
(20, 25, 1)
(20, 26, 1)
(20, 27, 1)
(20, 28, 1)
(20, 29, 1)
(20, 30, 1)
(20, 31, 1)
(20, 32, 1)
(20, 33, 1)
(20, 34, 1)
(20, 35, 1)
(20, 36, 1)
(20, 37, 1)
(20, 38, 1)
(20, 39, 1)

(21, 0, 82)
(21, 1, 76)
(21, 2, 60)
(21, 3, 50)
(21, 4, 11)
(21, 5, 6)
(21, 6, 6)
(21, 7, 5)
(21, 8, 5)
(21, 9, 5)
(21, 10, 5)
(21, 11, 5)
(21, 12, 5)
(21, 13, 5)
(21, 14, 4)
(21, 15, 3)
(21, 16, 3)
(21, 17, 3)
(21, 18, 3)
(21, 19, 3)
(21, 20, 3)
(21, 21, 3)
(21, 22, 3)
(21, 23, 1)
(21, 24, 1)
(21, 25, 1)
(21, 26, 1)
(21, 27, 1)
(21, 28, 1)
(21, 29, 1)
(21, 30, 1)
(21, 31, 1)
(21, 32, 1)
(21, 33, 1)
(21, 34, 1)
(21, 35, 1)
(21, 36, 1)
(21, 37, 1)
(21, 38, 1)
(21, 39, 1)

(22, 0, 88)
(22, 1, 82)
(22, 2, 64)
(22, 3, 54)
(22, 4, 11)
(22, 5, 5)
(22, 6, 5)
(22, 7, 5)
(22, 8, 5)
(22, 9, 5)
(22, 10, 5)
(22, 11, 5)
(22, 12, 5)
(22, 13, 5)
(22, 14, 4)
(22, 15, 3)
(22, 16, 3)
(22, 17, 3)
(22, 18, 3)
(22, 19, 3)
(22, 20, 3)
(22, 21, 3)
(22, 22, 3)
(22, 23, 1)
(22, 24, 1)
(22, 25, 1)
(22, 26, 1)
(22, 27, 1)
(22, 28, 1)
(22, 29, 1)
(22, 30, 1)
(22, 31, 1)
(22, 32, 1)
(22, 33, 1)
(22, 34, 1)
(22, 35, 1)
(22, 36, 1)
(22, 37, 1)
(22, 38, 1)
(22, 39, 1)

(23, 0, 92)
(23, 1, 86)
(23, 2, 66)
(23, 3, 56)
(23, 4, 10)
(23, 5, 5)
(23, 6, 5)
(23, 7, 5)
(23, 8, 5)
(23, 9, 5)
(23, 10, 5)
(23, 11, 5)
(23, 12, 5)
(23, 13, 5)
(23, 14, 4)
(23, 15, 3)
(23, 16, 3)
(23, 17, 3)
(23, 18, 3)
(23, 19, 3)
(23, 20, 3)
(23, 21, 3)
(23, 22, 3)
(23, 23, 1)
(23, 24, 1)
(23, 25, 1)
(23, 26, 1)
(23, 27, 1)
(23, 28, 1)
(23, 29, 1)
(23, 30, 1)
(23, 31, 1)
(23, 32, 1)
(23, 33, 1)
(23, 34, 1)
(23, 35, 1)
(23, 36, 1)
(23, 37, 1)
(23, 38, 1)
(23, 39, 1)

(24, 0, 98)
(24, 1, 91)
(24, 2, 71)
(24, 3, 61)
(24, 4, 11)
(24, 5, 6)
(24, 6, 6)
(24, 7, 6)
(24, 8, 6)
(24, 9, 6)
(24, 10, 6)
(24, 11, 6)
(24, 12, 6)
(24, 13, 6)
(24, 14, 4)
(24, 15, 3)
(24, 16, 3)
(24, 17, 3)
(24, 18, 3)
(24, 19, 3)
(24, 20, 3)
(24, 21, 3)
(24, 22, 3)
(24, 23, 1)
(24, 24, 1)
(24, 25, 1)
(24, 26, 1)
(24, 27, 1)
(24, 28, 1)
(24, 29, 1)
(24, 30, 1)
(24, 31, 1)
(24, 32, 1)
(24, 33, 1)
(24, 34, 1)
(24, 35, 1)
(24, 36, 1)
(24, 37, 1)
(24, 38, 1)
(24, 39, 1)

(25, 0, 106)
(25, 1, 94)
(25, 2, 71)
(25, 3, 61)
(25, 4, 12)
(25, 5, 7)
(25, 6, 6)
(25, 7, 6)
(25, 8, 6)
(25, 9, 6)
(25, 10, 6)
(25, 11, 6)
(25, 12, 6)
(25, 13, 6)
(25, 14, 4)
(25, 15, 3)
(25, 16, 3)
(25, 17, 3)
(25, 18, 3)
(25, 19, 3)
(25, 20, 3)
(25, 21, 3)
(25, 22, 3)
(25, 23, 1)
(25, 24, 1)
(25, 25, 1)
(25, 26, 1)
(25, 27, 1)
(25, 28, 1)
(25, 29, 1)
(25, 30, 1)
(25, 31, 1)
(25, 32, 1)
(25, 33, 1)
(25, 34, 1)
(25, 35, 1)
(25, 36, 1)
(25, 37, 1)
(25, 38, 1)
(25, 39, 1)

(26, 0, 116)
(26, 1, 99)
(26, 2, 75)
(26, 3, 64)
(26, 4, 13)
(26, 5, 8)
(26, 6, 7)
(26, 7, 7)
(26, 8, 6)
(26, 9, 6)
(26, 10, 6)
(26, 11, 6)
(26, 12, 6)
(26, 13, 6)
(26, 14, 4)
(26, 15, 3)
(26, 16, 3)
(26, 17, 3)
(26, 18, 3)
(26, 19, 3)
(26, 20, 3)
(26, 21, 3)
(26, 22, 3)
(26, 23, 1)
(26, 24, 1)
(26, 25, 1)
(26, 26, 1)
(26, 27, 1)
(26, 28, 1)
(26, 29, 1)
(26, 30, 1)
(26, 31, 1)
(26, 32, 1)
(26, 33, 1)
(26, 34, 1)
(26, 35, 1)
(26, 36, 1)
(26, 37, 1)
(26, 38, 1)
(26, 39, 1)

(27, 0, 127)
(27, 1, 101)
(27, 2, 76)
(27, 3, 65)
(27, 4, 14)
(27, 5, 9)
(27, 6, 8)
(27, 7, 8)
(27, 8, 7)
(27, 9, 7)
(27, 10, 7)
(27, 11, 7)
(27, 12, 7)
(27, 13, 7)
(27, 14, 5)
(27, 15, 3)
(27, 16, 3)
(27, 17, 3)
(27, 18, 3)
(27, 19, 3)
(27, 20, 3)
(27, 21, 3)
(27, 22, 3)
(27, 23, 1)
(27, 24, 1)
(27, 25, 1)
(27, 26, 1)
(27, 27, 1)
(27, 28, 1)
(27, 29, 1)
(27, 30, 1)
(27, 31, 1)
(27, 32, 1)
(27, 33, 1)
(27, 34, 1)
(27, 35, 1)
(27, 36, 1)
(27, 37, 1)
(27, 38, 1)
(27, 39, 1)

(28, 0, 136)
(28, 1, 104)
(28, 2, 78)
(28, 3, 67)
(28, 4, 14)
(28, 5, 9)
(28, 6, 8)
(28, 7, 8)
(28, 8, 7)
(28, 9, 7)
(28, 10, 7)
(28, 11, 7)
(28, 12, 7)
(28, 13, 7)
(28, 14, 5)
(28, 15, 3)
(28, 16, 3)
(28, 17, 3)
(28, 18, 3)
(28, 19, 3)
(28, 20, 3)
(28, 21, 3)
(28, 22, 3)
(28, 23, 1)
(28, 24, 1)
(28, 25, 1)
(28, 26, 1)
(28, 27, 1)
(28, 28, 1)
(28, 29, 1)
(28, 30, 1)
(28, 31, 1)
(28, 32, 1)
(28, 33, 1)
(28, 34, 1)
(28, 35, 1)
(28, 36, 1)
(28, 37, 1)
(28, 38, 1)
(28, 39, 1)

(29, 0, 145)
(29, 1, 107)
(29, 2, 79)
(29, 3, 68)
(29, 4, 15)
(29, 5, 9)
(29, 6, 8)
(29, 7, 8)
(29, 8, 7)
(29, 9, 7)
(29, 10, 7)
(29, 11, 7)
(29, 12, 7)
(29, 13, 7)
(29, 14, 4)
(29, 15, 3)
(29, 16, 3)
(29, 17, 3)
(29, 18, 3)
(29, 19, 3)
(29, 20, 3)
(29, 21, 3)
(29, 22, 3)
(29, 23, 1)
(29, 24, 1)
(29, 25, 1)
(29, 26, 1)
(29, 27, 1)
(29, 28, 1)
(29, 29, 1)
(29, 30, 1)
(29, 31, 1)
(29, 32, 1)
(29, 33, 1)
(29, 34, 1)
(29, 35, 1)
(29, 36, 1)
(29, 37, 1)
(29, 38, 1)
(29, 39, 1)

(30, 0, 153)
(30, 1, 109)
(30, 2, 81)
(30, 3, 70)
(30, 4, 15)
(30, 5, 9)
(30, 6, 8)
(30, 7, 8)
(30, 8, 7)
(30, 9, 7)
(30, 10, 7)
(30, 11, 7)
(30, 12, 7)
(30, 13, 6)
(30, 14, 4)
(30, 15, 3)
(30, 16, 3)
(30, 17, 3)
(30, 18, 3)
(30, 19, 3)
(30, 20, 3)
(30, 21, 3)
(30, 22, 3)
(30, 23, 1)
(30, 24, 1)
(30, 25, 1)
(30, 26, 1)
(30, 27, 1)
(30, 28, 1)
(30, 29, 1)
(30, 30, 1)
(30, 31, 1)
(30, 32, 1)
(30, 33, 1)
(30, 34, 1)
(30, 35, 1)
(30, 36, 1)
(30, 37, 1)
(30, 38, 1)
(30, 39, 1)

(31, 0, 165)
(31, 1, 112)
(31, 2, 82)
(31, 3, 71)
(31, 4, 15)
(31, 5, 9)
(31, 6, 8)
(31, 7, 8)
(31, 8, 7)
(31, 9, 7)
(31, 10, 7)
(31, 11, 6)
(31, 12, 6)
(31, 13, 6)
(31, 14, 4)
(31, 15, 3)
(31, 16, 3)
(31, 17, 3)
(31, 18, 3)
(31, 19, 3)
(31, 20, 3)
(31, 21, 3)
(31, 22, 3)
(31, 23, 1)
(31, 24, 1)
(31, 25, 1)
(31, 26, 1)
(31, 27, 1)
(31, 28, 1)
(31, 29, 1)
(31, 30, 1)
(31, 31, 1)
(31, 32, 1)
(31, 33, 1)
(31, 34, 1)
(31, 35, 1)
(31, 36, 1)
(31, 37, 1)
(31, 38, 1)
(31, 39, 1)

(32, 0, 167)
(32, 1, 113)
(32, 2, 83)
(32, 3, 72)
(32, 4, 15)
(32, 5, 9)
(32, 6, 8)
(32, 7, 8)
(32, 8, 7)
(32, 9, 7)
(32, 10, 7)
(32, 11, 6)
(32, 12, 6)
(32, 13, 6)
(32, 14, 4)
(32, 15, 3)
(32, 16, 3)
(32, 17, 3)
(32, 18, 3)
(32, 19, 3)
(32, 20, 3)
(32, 21, 3)
(32, 22, 3)
(32, 23, 1)
(32, 24, 1)
(32, 25, 1)
(32, 26, 1)
(32, 27, 1)
(32, 28, 1)
(32, 29, 1)
(32, 30, 1)
(32, 31, 1)
(32, 32, 1)
(32, 33, 1)
(32, 34, 1)
(32, 35, 1)
(32, 36, 1)
(32, 37, 1)
(32, 38, 1)
(32, 39, 1)

(33, 0, 171)
(33, 1, 117)
(33, 2, 85)
(33, 3, 74)
(33, 4, 15)
(33, 5, 9)
(33, 6, 8)
(33, 7, 8)
(33, 8, 7)
(33, 9, 7)
(33, 10, 6)
(33, 11, 6)
(33, 12, 6)
(33, 13, 6)
(33, 14, 4)
(33, 15, 3)
(33, 16, 3)
(33, 17, 3)
(33, 18, 3)
(33, 19, 3)
(33, 20, 3)
(33, 21, 3)
(33, 22, 3)
(33, 23, 1)
(33, 24, 1)
(33, 25, 1)
(33, 26, 1)
(33, 27, 1)
(33, 28, 1)
(33, 29, 1)
(33, 30, 1)
(33, 31, 1)
(33, 32, 1)
(33, 33, 1)
(33, 34, 1)
(33, 35, 1)
(33, 36, 1)
(33, 37, 1)
(33, 38, 1)
(33, 39, 1)

(34, 0, 174)
(34, 1, 120)
(34, 2, 87)
(34, 3, 75)
(34, 4, 15)
(34, 5, 9)
(34, 6, 8)
(34, 7, 8)
(34, 8, 6)
(34, 9, 6)
(34, 10, 6)
(34, 11, 6)
(34, 12, 6)
(34, 13, 6)
(34, 14, 4)
(34, 15, 3)
(34, 16, 3)
(34, 17, 3)
(34, 18, 3)
(34, 19, 3)
(34, 20, 3)
(34, 21, 3)
(34, 22, 3)
(34, 23, 1)
(34, 24, 1)
(34, 25, 1)
(34, 26, 1)
(34, 27, 1)
(34, 28, 1)
(34, 29, 1)
(34, 30, 1)
(34, 31, 1)
(34, 32, 1)
(34, 33, 1)
(34, 34, 1)
(34, 35, 1)
(34, 36, 1)
(34, 37, 1)
(34, 38, 1)
(34, 39, 1)

(35, 0, 177)
(35, 1, 123)
(35, 2, 86)
(35, 3, 74)
(35, 4, 15)
(35, 5, 9)
(35, 6, 8)
(35, 7, 7)
(35, 8, 6)
(35, 9, 6)
(35, 10, 6)
(35, 11, 6)
(35, 12, 6)
(35, 13, 6)
(35, 14, 4)
(35, 15, 3)
(35, 16, 3)
(35, 17, 3)
(35, 18, 3)
(35, 19, 3)
(35, 20, 3)
(35, 21, 3)
(35, 22, 3)
(35, 23, 1)
(35, 24, 1)
(35, 25, 1)
(35, 26, 1)
(35, 27, 1)
(35, 28, 1)
(35, 29, 1)
(35, 30, 1)
(35, 31, 1)
(35, 32, 1)
(35, 33, 1)
(35, 34, 1)
(35, 35, 1)
(35, 36, 1)
(35, 37, 1)
(35, 38, 1)
(35, 39, 1)

(36, 0, 177)
(36, 1, 123)
(36, 2, 86)
(36, 3, 74)
(36, 4, 15)
(36, 5, 9)
(36, 6, 8)
(36, 7, 7)
(36, 8, 6)
(36, 9, 6)
(36, 10, 6)
(36, 11, 6)
(36, 12, 6)
(36, 13, 6)
(36, 14, 4)
(36, 15, 3)
(36, 16, 3)
(36, 17, 3)
(36, 18, 3)
(36, 19, 3)
(36, 20, 3)
(36, 21, 3)
(36, 22, 3)
(36, 23, 1)
(36, 24, 1)
(36, 25, 1)
(36, 26, 1)
(36, 27, 1)
(36, 28, 1)
(36, 29, 1)
(36, 30, 1)
(36, 31, 1)
(36, 32, 1)
(36, 33, 1)
(36, 34, 1)
(36, 35, 1)
(36, 36, 1)
(36, 37, 1)
(36, 38, 1)
(36, 39, 1)

(37, 0, 178)
(37, 1, 123)
(37, 2, 86)
(37, 3, 74)
(37, 4, 15)
(37, 5, 9)
(37, 6, 7)
(37, 7, 7)
(37, 8, 6)
(37, 9, 6)
(37, 10, 6)
(37, 11, 6)
(37, 12, 6)
(37, 13, 6)
(37, 14, 4)
(37, 15, 3)
(37, 16, 3)
(37, 17, 3)
(37, 18, 3)
(37, 19, 3)
(37, 20, 3)
(37, 21, 3)
(37, 22, 3)
(37, 23, 1)
(37, 24, 1)
(37, 25, 1)
(37, 26, 1)
(37, 27, 1)
(37, 28, 1)
(37, 29, 1)
(37, 30, 1)
(37, 31, 1)
(37, 32, 1)
(37, 33, 1)
(37, 34, 1)
(37, 35, 1)
(37, 36, 1)
(37, 37, 1)
(37, 38, 1)
(37, 39, 1)

(38, 0, 178)
(38, 1, 123)
(38, 2, 86)
(38, 3, 74)
(38, 4, 15)
(38, 5, 9)
(38, 6, 7)
(38, 7, 7)
(38, 8, 6)
(38, 9, 6)
(38, 10, 6)
(38, 11, 6)
(38, 12, 6)
(38, 13, 6)
(38, 14, 4)
(38, 15, 3)
(38, 16, 3)
(38, 17, 3)
(38, 18, 3)
(38, 19, 3)
(38, 20, 3)
(38, 21, 3)
(38, 22, 3)
(38, 23, 1)
(38, 24, 1)
(38, 25, 1)
(38, 26, 1)
(38, 27, 1)
(38, 28, 1)
(38, 29, 1)
(38, 30, 1)
(38, 31, 1)
(38, 32, 1)
(38, 33, 1)
(38, 34, 1)
(38, 35, 1)
(38, 36, 1)
(38, 37, 1)
(38, 38, 1)
(38, 39, 1)

(39, 0, 179)
(39, 1, 123)
(39, 2, 86)
(39, 3, 74)
(39, 4, 15)
(39, 5, 9)
(39, 6, 7)
(39, 7, 7)
(39, 8, 6)
(39, 9, 6)
(39, 10, 6)
(39, 11, 6)
(39, 12, 6)
(39, 13, 6)
(39, 14, 4)
(39, 15, 3)
(39, 16, 3)
(39, 17, 3)
(39, 18, 3)
(39, 19, 3)
(39, 20, 3)
(39, 21, 3)
(39, 22, 3)
(39, 23, 1)
(39, 24, 1)
(39, 25, 1)
(39, 26, 1)
(39, 27, 1)
(39, 28, 1)
(39, 29, 1)
(39, 30, 1)
(39, 31, 1)
(39, 32, 1)
(39, 33, 1)
(39, 34, 1)
(39, 35, 1)
(39, 36, 1)
(39, 37, 1)
(39, 38, 1)
(39, 39, 1)


Betti numbers:
xi_0:
(0, 0, 3)
(1, 0, 1)
(2, 0, 1)
(3, 0, 2)
(4, 0, 2)
(5, 0, 2)
(6, 0, 2)
(7, 0, 1)
(8, 0, 4)
(9, 0, 1)
(10, 0, 3)
(11, 0, 1)
(12, 0, 3)
(13, 0, 4)
(14, 0, 8)
(15, 0, 6)
(16, 0, 3)
(17, 0, 3)
(19, 0, 13)
(20, 0, 10)
(21, 0, 9)
(22, 0, 6)
(23, 0, 4)
(24, 0, 6)
(25, 0, 8)
(26, 0, 10)
(27, 0, 11)
(28, 0, 9)
(29, 0, 9)
(30, 0, 8)
(31, 0, 12)
(32, 0, 2)
(33, 0, 4)
(34, 0, 3)
(35, 0, 3)
(37, 0, 1)
(39, 0, 1)
xi_1:
(0, 23, 1)
(0, 27, 1)
(1, 23, 1)
(2, 5, 1)
(3, 5, 2)
(4, 3, 1)
(4, 5, 1)
(5, 3, 1)
(5, 4, 1)
(5, 26, 1)
(6, 3, 1)
(6, 4, 1)
(7, 3, 1)
(8, 3, 2)
(8, 4, 2)
(9, 3, 1)
(10, 3, 1)
(10, 4, 2)
(11, 4, 1)
(12, 4, 3)
(13, 4, 3)
(13, 22, 1)
(14, 2, 2)
(14, 4, 6)
(14, 14, 1)
(15, 2, 2)
(15, 4, 3)
(15, 8, 1)
(16, 4, 3)
(16, 15, 1)
(17, 4, 3)
(19, 1, 2)
(19, 2, 5)
(19, 3, 1)
(19, 4, 4)
(19, 8, 1)
(19, 11, 1)
(20, 1, 1)
(20, 2, 4)
(20, 3, 1)
(20, 4, 4)
(20, 7, 2)
(21, 1, 3)
(21, 2, 3)
(21, 4, 3)
(21, 5, 1)
(22, 2, 2)
(22, 4, 4)
(22, 5, 1)
(23, 2, 2)
(23, 4, 3)
(24, 1, 1)
(24, 4, 4)
(24, 14, 1)
(25, 1, 5)
(25, 2, 3)
(25, 6, 1)
(26, 1, 5)
(26, 2, 1)
(26, 3, 1)
(26, 4, 2)
(26, 8, 1)
(27, 1, 9)
(27, 2, 1)
(27, 15, 1)
(28, 1, 6)
(28, 2, 1)
(28, 4, 2)
(29, 1, 6)
(29, 2, 2)
(29, 5, 1)
(29, 14, 1)
(30, 1, 6)
(30, 4, 2)
(30, 13, 1)
(31, 1, 9)
(31, 2, 2)
(31, 4, 1)
(31, 11, 1)
(32, 1, 1)
(32, 4, 1)
(33, 2, 2)
(33, 4, 2)
(33, 10, 1)
(34, 2, 1)
(34, 3, 1)
(34, 4, 1)
(34, 8, 1)
(35, 2, 4)
(35, 7, 1)
(37, 1, 1)
(37, 6, 1)
(39, 1, 1)
xi_2:
(5, 27, 1)
(14, 22, 1)
(16, 8, 1)
(19, 26, 1)
(20, 8, 1)
(20, 11, 1)
(21, 7, 1)
(22, 7, 1)
(23, 5, 1)
(25, 4, 1)
(29, 15, 1)
(30, 14, 1)
(31, 13, 1)
(33, 11, 1)
(34, 10, 1)
(35, 4, 1)
(35, 8, 1)
(37, 7, 1)
