x-grades
-604924146096522969/1600000000000000000
-295384430149588113/800000000000000000
-576613574501829483/1600000000000000000
-28122914435224137/80000000000000000
-548303002907135997/1600000000000000000
-267073858554894627/800000000000000000
-519992431312442511/1600000000000000000
-63229643189386971/200000000000000000
-19667274388709961/64000000000000000
-238763286960201141/800000000000000000
-463371288123055539/1600000000000000000
-112304000581427199/400000000000000000
-435060716528362053/1600000000000000000
-42090543073101531/160000000000000000
-406750144933668567/1600000000000000000
-12268589348010057/50000000000000000
-378439573338975081/1600000000000000000
-182142143770814169/800000000000000000
-70025800348856319/320000000000000000
-83993428986733713/400000000000000000
-321818430149588109/1600000000000000000
-153831572176120683/800000000000000000
-293507858554894623/1600000000000000000
-6983814318938697/40000000000000000
-265197286960201137/1600000000000000000
-125521000581427197/800000000000000000
-236886715365507651/1600000000000000000
-55682857392040227/400000000000000000
-41715228754162833/320000000000000000
-97210428986733711/800000000000000000
-180265572176120679/1600000000000000000
-10381892898673371/100000000000000000
-151955000581427193/1600000000000000000
-2755994295681609/32000000000000000
-123644428986733707/1600000000000000000
-27372285797346741/400000000000000000
-95333857392040221/1600000000000000000
-40589285797346739/800000000000000000
-13404657159469347/320000000000000000
-6608499999999999/200000000000000000

y-grades
154391/250000
154391/125000
463173/250000
154391/62500
154391/50000
463173/125000
1080737/250000
154391/31250
1389519/250000
154391/25000
1698301/250000
463173/62500
2007083/250000
1080737/125000
463173/50000
154391/15625
2624647/250000
1389519/125000
2933429/250000
154391/12500
3242211/250000
1698301/125000
3550993/250000
463173/31250
154391/10000
2007083/125000
4168557/250000
1080737/62500
4477339/250000
463173/25000
4786121/250000
308782/15625
5094903/250000
2624647/125000
1080737/50000
1389519/62500
5712467/250000
2933429/125000
6021249/250000
154391/6250

Dimensions > 0:
(0, 0, 1)
(0, 1, 1)
(0, 2, 1)
(0, 3, 1)
(0, 4, 1)
(0, 5, 1)
(0, 6, 1)
(0, 7, 1)
(0, 8, 1)
(0, 9, 1)
(0, 10, 1)
(0, 11, 1)
(0, 12, 1)
(0, 13, 1)
(0, 14, 1)
(0, 15, 1)
(0, 16, 1)
(0, 17, 1)
(0, 18, 1)
(0, 19, 1)
(0, 20, 1)
(0, 21, 1)
(0, 22, 1)
(0, 23, 1)
(0, 24, 1)
(0, 25, 1)
(0, 26, 1)
(0, 27, 1)
(0, 28, 1)
(0, 29, 1)
(0, 30, 1)
(0, 31, 1)
(0, 32, 1)
(0, 33, 1)
(0, 34, 1)
(0, 35, 1)
(0, 36, 1)
(0, 37, 1)
(0, 38, 1)
(0, 39, 1)

(1, 0, 3)
(1, 1, 3)
(1, 2, 3)
(1, 3, 3)
(1, 4, 3)
(1, 5, 3)
(1, 6, 3)
(1, 7, 3)
(1, 8, 3)
(1, 9, 3)
(1, 10, 3)
(1, 11, 3)
(1, 12, 3)
(1, 13, 3)
(1, 14, 3)
(1, 15, 3)
(1, 16, 3)
(1, 17, 3)
(1, 18, 3)
(1, 19, 3)
(1, 20, 2)
(1, 21, 2)
(1, 22, 2)
(1, 23, 2)
(1, 24, 2)
(1, 25, 2)
(1, 26, 2)
(1, 27, 2)
(1, 28, 2)
(1, 29, 2)
(1, 30, 2)
(1, 31, 2)
(1, 32, 2)
(1, 33, 2)
(1, 34, 1)
(1, 35, 1)
(1, 36, 1)
(1, 37, 1)
(1, 38, 1)
(1, 39, 1)

(2, 0, 4)
(2, 1, 4)
(2, 2, 4)
(2, 3, 4)
(2, 4, 4)
(2, 5, 4)
(2, 6, 4)
(2, 7, 4)
(2, 8, 4)
(2, 9, 4)
(2, 10, 4)
(2, 11, 4)
(2, 12, 4)
(2, 13, 4)
(2, 14, 4)
(2, 15, 4)
(2, 16, 4)
(2, 17, 4)
(2, 18, 4)
(2, 19, 4)
(2, 20, 2)
(2, 21, 2)
(2, 22, 2)
(2, 23, 2)
(2, 24, 2)
(2, 25, 2)
(2, 26, 2)
(2, 27, 2)
(2, 28, 2)
(2, 29, 2)
(2, 30, 2)
(2, 31, 2)
(2, 32, 2)
(2, 33, 2)
(2, 34, 1)
(2, 35, 1)
(2, 36, 1)
(2, 37, 1)
(2, 38, 1)
(2, 39, 1)

(3, 0, 4)
(3, 1, 4)
(3, 2, 4)
(3, 3, 4)
(3, 4, 4)
(3, 5, 4)
(3, 6, 4)
(3, 7, 4)
(3, 8, 4)
(3, 9, 4)
(3, 10, 4)
(3, 11, 4)
(3, 12, 4)
(3, 13, 4)
(3, 14, 4)
(3, 15, 4)
(3, 16, 4)
(3, 17, 4)
(3, 18, 4)
(3, 19, 4)
(3, 20, 2)
(3, 21, 2)
(3, 22, 2)
(3, 23, 2)
(3, 24, 2)
(3, 25, 2)
(3, 26, 2)
(3, 27, 2)
(3, 28, 2)
(3, 29, 2)
(3, 30, 2)
(3, 31, 2)
(3, 32, 2)
(3, 33, 2)
(3, 34, 1)
(3, 35, 1)
(3, 36, 1)
(3, 37, 1)
(3, 38, 1)
(3, 39, 1)

(4, 0, 4)
(4, 1, 4)
(4, 2, 4)
(4, 3, 4)
(4, 4, 4)
(4, 5, 4)
(4, 6, 4)
(4, 7, 4)
(4, 8, 4)
(4, 9, 4)
(4, 10, 4)
(4, 11, 4)
(4, 12, 4)
(4, 13, 4)
(4, 14, 4)
(4, 15, 4)
(4, 16, 4)
(4, 17, 4)
(4, 18, 4)
(4, 19, 4)
(4, 20, 2)
(4, 21, 2)
(4, 22, 2)
(4, 23, 2)
(4, 24, 2)
(4, 25, 2)
(4, 26, 2)
(4, 27, 2)
(4, 28, 2)
(4, 29, 2)
(4, 30, 2)
(4, 31, 2)
(4, 32, 2)
(4, 33, 2)
(4, 34, 1)
(4, 35, 1)
(4, 36, 1)
(4, 37, 1)
(4, 38, 1)
(4, 39, 1)

(5, 0, 4)
(5, 1, 4)
(5, 2, 4)
(5, 3, 4)
(5, 4, 4)
(5, 5, 4)
(5, 6, 4)
(5, 7, 4)
(5, 8, 4)
(5, 9, 4)
(5, 10, 4)
(5, 11, 4)
(5, 12, 4)
(5, 13, 4)
(5, 14, 4)
(5, 15, 4)
(5, 16, 4)
(5, 17, 4)
(5, 18, 4)
(5, 19, 4)
(5, 20, 2)
(5, 21, 2)
(5, 22, 2)
(5, 23, 2)
(5, 24, 2)
(5, 25, 2)
(5, 26, 2)
(5, 27, 2)
(5, 28, 2)
(5, 29, 2)
(5, 30, 2)
(5, 31, 2)
(5, 32, 2)
(5, 33, 2)
(5, 34, 1)
(5, 35, 1)
(5, 36, 1)
(5, 37, 1)
(5, 38, 1)
(5, 39, 1)

(6, 0, 4)
(6, 1, 4)
(6, 2, 4)
(6, 3, 4)
(6, 4, 4)
(6, 5, 4)
(6, 6, 4)
(6, 7, 4)
(6, 8, 4)
(6, 9, 4)
(6, 10, 4)
(6, 11, 4)
(6, 12, 4)
(6, 13, 4)
(6, 14, 4)
(6, 15, 4)
(6, 16, 4)
(6, 17, 4)
(6, 18, 4)
(6, 19, 4)
(6, 20, 2)
(6, 21, 2)
(6, 22, 2)
(6, 23, 2)
(6, 24, 2)
(6, 25, 2)
(6, 26, 2)
(6, 27, 2)
(6, 28, 2)
(6, 29, 2)
(6, 30, 2)
(6, 31, 2)
(6, 32, 2)
(6, 33, 2)
(6, 34, 1)
(6, 35, 1)
(6, 36, 1)
(6, 37, 1)
(6, 38, 1)
(6, 39, 1)

(7, 0, 4)
(7, 1, 4)
(7, 2, 4)
(7, 3, 4)
(7, 4, 4)
(7, 5, 4)
(7, 6, 4)
(7, 7, 4)
(7, 8, 4)
(7, 9, 4)
(7, 10, 4)
(7, 11, 4)
(7, 12, 4)
(7, 13, 4)
(7, 14, 4)
(7, 15, 4)
(7, 16, 4)
(7, 17, 4)
(7, 18, 4)
(7, 19, 4)
(7, 20, 2)
(7, 21, 2)
(7, 22, 2)
(7, 23, 2)
(7, 24, 2)
(7, 25, 2)
(7, 26, 2)
(7, 27, 2)
(7, 28, 2)
(7, 29, 2)
(7, 30, 2)
(7, 31, 2)
(7, 32, 2)
(7, 33, 2)
(7, 34, 1)
(7, 35, 1)
(7, 36, 1)
(7, 37, 1)
(7, 38, 1)
(7, 39, 1)

(8, 0, 4)
(8, 1, 4)
(8, 2, 4)
(8, 3, 4)
(8, 4, 4)
(8, 5, 4)
(8, 6, 4)
(8, 7, 4)
(8, 8, 4)
(8, 9, 4)
(8, 10, 4)
(8, 11, 4)
(8, 12, 4)
(8, 13, 4)
(8, 14, 4)
(8, 15, 4)
(8, 16, 4)
(8, 17, 4)
(8, 18, 4)
(8, 19, 4)
(8, 20, 2)
(8, 21, 2)
(8, 22, 2)
(8, 23, 2)
(8, 24, 2)
(8, 25, 2)
(8, 26, 2)
(8, 27, 2)
(8, 28, 2)
(8, 29, 2)
(8, 30, 2)
(8, 31, 2)
(8, 32, 2)
(8, 33, 2)
(8, 34, 1)
(8, 35, 1)
(8, 36, 1)
(8, 37, 1)
(8, 38, 1)
(8, 39, 1)

(9, 0, 23)
(9, 1, 5)
(9, 2, 5)
(9, 3, 5)
(9, 4, 5)
(9, 5, 5)
(9, 6, 5)
(9, 7, 5)
(9, 8, 5)
(9, 9, 5)
(9, 10, 5)
(9, 11, 5)
(9, 12, 5)
(9, 13, 4)
(9, 14, 3)
(9, 15, 3)
(9, 16, 3)
(9, 17, 3)
(9, 18, 3)
(9, 19, 3)
(9, 20, 1)
(9, 21, 1)
(9, 22, 1)
(9, 23, 1)
(9, 24, 1)
(9, 25, 1)
(9, 26, 1)
(9, 27, 1)
(9, 28, 1)
(9, 29, 1)
(9, 30, 1)
(9, 31, 1)
(9, 32, 1)
(9, 33, 1)
(9, 34, 1)
(9, 35, 1)
(9, 36, 1)
(9, 37, 1)
(9, 38, 1)
(9, 39, 1)

(10, 0, 28)
(10, 1, 5)
(10, 2, 5)
(10, 3, 5)
(10, 4, 5)
(10, 5, 5)
(10, 6, 5)
(10, 7, 5)
(10, 8, 5)
(10, 9, 5)
(10, 10, 5)
(10, 11, 5)
(10, 12, 5)
(10, 13, 3)
(10, 14, 3)
(10, 15, 3)
(10, 16, 3)
(10, 17, 3)
(10, 18, 3)
(10, 19, 3)
(10, 20, 1)
(10, 21, 1)
(10, 22, 1)
(10, 23, 1)
(10, 24, 1)
(10, 25, 1)
(10, 26, 1)
(10, 27, 1)
(10, 28, 1)
(10, 29, 1)
(10, 30, 1)
(10, 31, 1)
(10, 32, 1)
(10, 33, 1)
(10, 34, 1)
(10, 35, 1)
(10, 36, 1)
(10, 37, 1)
(10, 38, 1)
(10, 39, 1)

(11, 0, 29)
(11, 1, 5)
(11, 2, 5)
(11, 3, 5)
(11, 4, 5)
(11, 5, 5)
(11, 6, 5)
(11, 7, 5)
(11, 8, 5)
(11, 9, 5)
(11, 10, 5)
(11, 11, 5)
(11, 12, 5)
(11, 13, 3)
(11, 14, 3)
(11, 15, 3)
(11, 16, 3)
(11, 17, 3)
(11, 18, 3)
(11, 19, 3)
(11, 20, 1)
(11, 21, 1)
(11, 22, 1)
(11, 23, 1)
(11, 24, 1)
(11, 25, 1)
(11, 26, 1)
(11, 27, 1)
(11, 28, 1)
(11, 29, 1)
(11, 30, 1)
(11, 31, 1)
(11, 32, 1)
(11, 33, 1)
(11, 34, 1)
(11, 35, 1)
(11, 36, 1)
(11, 37, 1)
(11, 38, 1)
(11, 39, 1)

(12, 0, 29)
(12, 1, 5)
(12, 2, 5)
(12, 3, 5)
(12, 4, 5)
(12, 5, 5)
(12, 6, 5)
(12, 7, 5)
(12, 8, 5)
(12, 9, 5)
(12, 10, 5)
(12, 11, 5)
(12, 12, 5)
(12, 13, 3)
(12, 14, 3)
(12, 15, 3)
(12, 16, 3)
(12, 17, 3)
(12, 18, 3)
(12, 19, 3)
(12, 20, 1)
(12, 21, 1)
(12, 22, 1)
(12, 23, 1)
(12, 24, 1)
(12, 25, 1)
(12, 26, 1)
(12, 27, 1)
(12, 28, 1)
(12, 29, 1)
(12, 30, 1)
(12, 31, 1)
(12, 32, 1)
(12, 33, 1)
(12, 34, 1)
(12, 35, 1)
(12, 36, 1)
(12, 37, 1)
(12, 38, 1)
(12, 39, 1)

(13, 0, 29)
(13, 1, 5)
(13, 2, 5)
(13, 3, 5)
(13, 4, 5)
(13, 5, 5)
(13, 6, 5)
(13, 7, 5)
(13, 8, 5)
(13, 9, 5)
(13, 10, 5)
(13, 11, 5)
(13, 12, 5)
(13, 13, 3)
(13, 14, 3)
(13, 15, 3)
(13, 16, 3)
(13, 17, 3)
(13, 18, 3)
(13, 19, 3)
(13, 20, 1)
(13, 21, 1)
(13, 22, 1)
(13, 23, 1)
(13, 24, 1)
(13, 25, 1)
(13, 26, 1)
(13, 27, 1)
(13, 28, 1)
(13, 29, 1)
(13, 30, 1)
(13, 31, 1)
(13, 32, 1)
(13, 33, 1)
(13, 34, 1)
(13, 35, 1)
(13, 36, 1)
(13, 37, 1)
(13, 38, 1)
(13, 39, 1)

(14, 0, 29)
(14, 1, 5)
(14, 2, 5)
(14, 3, 5)
(14, 4, 5)
(14, 5, 5)
(14, 6, 5)
(14, 7, 5)
(14, 8, 5)
(14, 9, 5)
(14, 10, 5)
(14, 11, 5)
(14, 12, 5)
(14, 13, 3)
(14, 14, 3)
(14, 15, 3)
(14, 16, 3)
(14, 17, 3)
(14, 18, 3)
(14, 19, 3)
(14, 20, 1)
(14, 21, 1)
(14, 22, 1)
(14, 23, 1)
(14, 24, 1)
(14, 25, 1)
(14, 26, 1)
(14, 27, 1)
(14, 28, 1)
(14, 29, 1)
(14, 30, 1)
(14, 31, 1)
(14, 32, 1)
(14, 33, 1)
(14, 34, 1)
(14, 35, 1)
(14, 36, 1)
(14, 37, 1)
(14, 38, 1)
(14, 39, 1)

(15, 0, 29)
(15, 1, 5)
(15, 2, 5)
(15, 3, 5)
(15, 4, 5)
(15, 5, 5)
(15, 6, 5)
(15, 7, 5)
(15, 8, 5)
(15, 9, 5)
(15, 10, 5)
(15, 11, 5)
(15, 12, 5)
(15, 13, 3)
(15, 14, 3)
(15, 15, 3)
(15, 16, 3)
(15, 17, 3)
(15, 18, 3)
(15, 19, 3)
(15, 20, 1)
(15, 21, 1)
(15, 22, 1)
(15, 23, 1)
(15, 24, 1)
(15, 25, 1)
(15, 26, 1)
(15, 27, 1)
(15, 28, 1)
(15, 29, 1)
(15, 30, 1)
(15, 31, 1)
(15, 32, 1)
(15, 33, 1)
(15, 34, 1)
(15, 35, 1)
(15, 36, 1)
(15, 37, 1)
(15, 38, 1)
(15, 39, 1)

(16, 0, 29)
(16, 1, 5)
(16, 2, 5)
(16, 3, 5)
(16, 4, 5)
(16, 5, 5)
(16, 6, 5)
(16, 7, 5)
(16, 8, 5)
(16, 9, 5)
(16, 10, 5)
(16, 11, 5)
(16, 12, 5)
(16, 13, 3)
(16, 14, 3)
(16, 15, 3)
(16, 16, 3)
(16, 17, 3)
(16, 18, 3)
(16, 19, 3)
(16, 20, 1)
(16, 21, 1)
(16, 22, 1)
(16, 23, 1)
(16, 24, 1)
(16, 25, 1)
(16, 26, 1)
(16, 27, 1)
(16, 28, 1)
(16, 29, 1)
(16, 30, 1)
(16, 31, 1)
(16, 32, 1)
(16, 33, 1)
(16, 34, 1)
(16, 35, 1)
(16, 36, 1)
(16, 37, 1)
(16, 38, 1)
(16, 39, 1)

(17, 0, 29)
(17, 1, 5)
(17, 2, 5)
(17, 3, 5)
(17, 4, 5)
(17, 5, 5)
(17, 6, 5)
(17, 7, 5)
(17, 8, 5)
(17, 9, 5)
(17, 10, 5)
(17, 11, 5)
(17, 12, 5)
(17, 13, 3)
(17, 14, 3)
(17, 15, 3)
(17, 16, 3)
(17, 17, 3)
(17, 18, 3)
(17, 19, 3)
(17, 20, 1)
(17, 21, 1)
(17, 22, 1)
(17, 23, 1)
(17, 24, 1)
(17, 25, 1)
(17, 26, 1)
(17, 27, 1)
(17, 28, 1)
(17, 29, 1)
(17, 30, 1)
(17, 31, 1)
(17, 32, 1)
(17, 33, 1)
(17, 34, 1)
(17, 35, 1)
(17, 36, 1)
(17, 37, 1)
(17, 38, 1)
(17, 39, 1)

(18, 0, 29)
(18, 1, 5)
(18, 2, 5)
(18, 3, 5)
(18, 4, 5)
(18, 5, 5)
(18, 6, 5)
(18, 7, 5)
(18, 8, 5)
(18, 9, 5)
(18, 10, 5)
(18, 11, 5)
(18, 12, 5)
(18, 13, 3)
(18, 14, 3)
(18, 15, 3)
(18, 16, 3)
(18, 17, 3)
(18, 18, 3)
(18, 19, 3)
(18, 20, 1)
(18, 21, 1)
(18, 22, 1)
(18, 23, 1)
(18, 24, 1)
(18, 25, 1)
(18, 26, 1)
(18, 27, 1)
(18, 28, 1)
(18, 29, 1)
(18, 30, 1)
(18, 31, 1)
(18, 32, 1)
(18, 33, 1)
(18, 34, 1)
(18, 35, 1)
(18, 36, 1)
(18, 37, 1)
(18, 38, 1)
(18, 39, 1)

(19, 0, 29)
(19, 1, 5)
(19, 2, 5)
(19, 3, 5)
(19, 4, 5)
(19, 5, 5)
(19, 6, 5)
(19, 7, 5)
(19, 8, 5)
(19, 9, 5)
(19, 10, 5)
(19, 11, 5)
(19, 12, 5)
(19, 13, 3)
(19, 14, 3)
(19, 15, 3)
(19, 16, 3)
(19, 17, 3)
(19, 18, 3)
(19, 19, 3)
(19, 20, 1)
(19, 21, 1)
(19, 22, 1)
(19, 23, 1)
(19, 24, 1)
(19, 25, 1)
(19, 26, 1)
(19, 27, 1)
(19, 28, 1)
(19, 29, 1)
(19, 30, 1)
(19, 31, 1)
(19, 32, 1)
(19, 33, 1)
(19, 34, 1)
(19, 35, 1)
(19, 36, 1)
(19, 37, 1)
(19, 38, 1)
(19, 39, 1)

(20, 0, 29)
(20, 1, 5)
(20, 2, 5)
(20, 3, 5)
(20, 4, 5)
(20, 5, 5)
(20, 6, 5)
(20, 7, 5)
(20, 8, 5)
(20, 9, 5)
(20, 10, 5)
(20, 11, 5)
(20, 12, 5)
(20, 13, 3)
(20, 14, 3)
(20, 15, 3)
(20, 16, 3)
(20, 17, 3)
(20, 18, 3)
(20, 19, 3)
(20, 20, 1)
(20, 21, 1)
(20, 22, 1)
(20, 23, 1)
(20, 24, 1)
(20, 25, 1)
(20, 26, 1)
(20, 27, 1)
(20, 28, 1)
(20, 29, 1)
(20, 30, 1)
(20, 31, 1)
(20, 32, 1)
(20, 33, 1)
(20, 34, 1)
(20, 35, 1)
(20, 36, 1)
(20, 37, 1)
(20, 38, 1)
(20, 39, 1)

(21, 0, 29)
(21, 1, 5)
(21, 2, 5)
(21, 3, 5)
(21, 4, 5)
(21, 5, 5)
(21, 6, 5)
(21, 7, 5)
(21, 8, 5)
(21, 9, 5)
(21, 10, 5)
(21, 11, 5)
(21, 12, 5)
(21, 13, 3)
(21, 14, 3)
(21, 15, 3)
(21, 16, 3)
(21, 17, 3)
(21, 18, 3)
(21, 19, 3)
(21, 20, 1)
(21, 21, 1)
(21, 22, 1)
(21, 23, 1)
(21, 24, 1)
(21, 25, 1)
(21, 26, 1)
(21, 27, 1)
(21, 28, 1)
(21, 29, 1)
(21, 30, 1)
(21, 31, 1)
(21, 32, 1)
(21, 33, 1)
(21, 34, 1)
(21, 35, 1)
(21, 36, 1)
(21, 37, 1)
(21, 38, 1)
(21, 39, 1)

(22, 0, 29)
(22, 1, 5)
(22, 2, 5)
(22, 3, 5)
(22, 4, 5)
(22, 5, 5)
(22, 6, 5)
(22, 7, 5)
(22, 8, 5)
(22, 9, 5)
(22, 10, 5)
(22, 11, 5)
(22, 12, 5)
(22, 13, 3)
(22, 14, 3)
(22, 15, 3)
(22, 16, 3)
(22, 17, 3)
(22, 18, 3)
(22, 19, 3)
(22, 20, 1)
(22, 21, 1)
(22, 22, 1)
(22, 23, 1)
(22, 24, 1)
(22, 25, 1)
(22, 26, 1)
(22, 27, 1)
(22, 28, 1)
(22, 29, 1)
(22, 30, 1)
(22, 31, 1)
(22, 32, 1)
(22, 33, 1)
(22, 34, 1)
(22, 35, 1)
(22, 36, 1)
(22, 37, 1)
(22, 38, 1)
(22, 39, 1)

(23, 0, 29)
(23, 1, 5)
(23, 2, 5)
(23, 3, 5)
(23, 4, 5)
(23, 5, 5)
(23, 6, 5)
(23, 7, 5)
(23, 8, 5)
(23, 9, 5)
(23, 10, 5)
(23, 11, 5)
(23, 12, 5)
(23, 13, 3)
(23, 14, 3)
(23, 15, 3)
(23, 16, 3)
(23, 17, 3)
(23, 18, 3)
(23, 19, 3)
(23, 20, 1)
(23, 21, 1)
(23, 22, 1)
(23, 23, 1)
(23, 24, 1)
(23, 25, 1)
(23, 26, 1)
(23, 27, 1)
(23, 28, 1)
(23, 29, 1)
(23, 30, 1)
(23, 31, 1)
(23, 32, 1)
(23, 33, 1)
(23, 34, 1)
(23, 35, 1)
(23, 36, 1)
(23, 37, 1)
(23, 38, 1)
(23, 39, 1)

(24, 0, 31)
(24, 1, 7)
(24, 2, 7)
(24, 3, 7)
(24, 4, 7)
(24, 5, 7)
(24, 6, 7)
(24, 7, 7)
(24, 8, 7)
(24, 9, 7)
(24, 10, 5)
(24, 11, 3)
(24, 12, 3)
(24, 13, 2)
(24, 14, 2)
(24, 15, 2)
(24, 16, 2)
(24, 17, 2)
(24, 18, 2)
(24, 19, 2)
(24, 20, 1)
(24, 21, 1)
(24, 22, 1)
(24, 23, 1)
(24, 24, 1)
(24, 25, 1)
(24, 26, 1)
(24, 27, 1)
(24, 28, 1)
(24, 29, 1)
(24, 30, 1)
(24, 31, 1)
(24, 32, 1)
(24, 33, 1)
(24, 34, 1)
(24, 35, 1)
(24, 36, 1)
(24, 37, 1)
(24, 38, 1)
(24, 39, 1)

(25, 0, 31)
(25, 1, 7)
(25, 2, 7)
(25, 3, 7)
(25, 4, 7)
(25, 5, 7)
(25, 6, 7)
(25, 7, 7)
(25, 8, 7)
(25, 9, 6)
(25, 10, 5)
(25, 11, 3)
(25, 12, 3)
(25, 13, 2)
(25, 14, 2)
(25, 15, 2)
(25, 16, 2)
(25, 17, 2)
(25, 18, 2)
(25, 19, 2)
(25, 20, 1)
(25, 21, 1)
(25, 22, 1)
(25, 23, 1)
(25, 24, 1)
(25, 25, 1)
(25, 26, 1)
(25, 27, 1)
(25, 28, 1)
(25, 29, 1)
(25, 30, 1)
(25, 31, 1)
(25, 32, 1)
(25, 33, 1)
(25, 34, 1)
(25, 35, 1)
(25, 36, 1)
(25, 37, 1)
(25, 38, 1)
(25, 39, 1)

(26, 0, 33)
(26, 1, 9)
(26, 2, 9)
(26, 3, 9)
(26, 4, 9)
(26, 5, 9)
(26, 6, 9)
(26, 7, 9)
(26, 8, 9)
(26, 9, 7)
(26, 10, 5)
(26, 11, 1)
(26, 12, 1)
(26, 13, 1)
(26, 14, 1)
(26, 15, 1)
(26, 16, 1)
(26, 17, 1)
(26, 18, 1)
(26, 19, 1)
(26, 20, 1)
(26, 21, 1)
(26, 22, 1)
(26, 23, 1)
(26, 24, 1)
(26, 25, 1)
(26, 26, 1)
(26, 27, 1)
(26, 28, 1)
(26, 29, 1)
(26, 30, 1)
(26, 31, 1)
(26, 32, 1)
(26, 33, 1)
(26, 34, 1)
(26, 35, 1)
(26, 36, 1)
(26, 37, 1)
(26, 38, 1)
(26, 39, 1)

(27, 0, 33)
(27, 1, 9)
(27, 2, 9)
(27, 3, 9)
(27, 4, 9)
(27, 5, 9)
(27, 6, 9)
(27, 7, 9)
(27, 8, 9)
(27, 9, 7)
(27, 10, 5)
(27, 11, 1)
(27, 12, 1)
(27, 13, 1)
(27, 14, 1)
(27, 15, 1)
(27, 16, 1)
(27, 17, 1)
(27, 18, 1)
(27, 19, 1)
(27, 20, 1)
(27, 21, 1)
(27, 22, 1)
(27, 23, 1)
(27, 24, 1)
(27, 25, 1)
(27, 26, 1)
(27, 27, 1)
(27, 28, 1)
(27, 29, 1)
(27, 30, 1)
(27, 31, 1)
(27, 32, 1)
(27, 33, 1)
(27, 34, 1)
(27, 35, 1)
(27, 36, 1)
(27, 37, 1)
(27, 38, 1)
(27, 39, 1)

(28, 0, 33)
(28, 1, 9)
(28, 2, 9)
(28, 3, 9)
(28, 4, 9)
(28, 5, 9)
(28, 6, 9)
(28, 7, 9)
(28, 8, 9)
(28, 9, 7)
(28, 10, 5)
(28, 11, 1)
(28, 12, 1)
(28, 13, 1)
(28, 14, 1)
(28, 15, 1)
(28, 16, 1)
(28, 17, 1)
(28, 18, 1)
(28, 19, 1)
(28, 20, 1)
(28, 21, 1)
(28, 22, 1)
(28, 23, 1)
(28, 24, 1)
(28, 25, 1)
(28, 26, 1)
(28, 27, 1)
(28, 28, 1)
(28, 29, 1)
(28, 30, 1)
(28, 31, 1)
(28, 32, 1)
(28, 33, 1)
(28, 34, 1)
(28, 35, 1)
(28, 36, 1)
(28, 37, 1)
(28, 38, 1)
(28, 39, 1)

(29, 0, 33)
(29, 1, 9)
(29, 2, 9)
(29, 3, 9)
(29, 4, 9)
(29, 5, 9)
(29, 6, 9)
(29, 7, 9)
(29, 8, 9)
(29, 9, 7)
(29, 10, 5)
(29, 11, 1)
(29, 12, 1)
(29, 13, 1)
(29, 14, 1)
(29, 15, 1)
(29, 16, 1)
(29, 17, 1)
(29, 18, 1)
(29, 19, 1)
(29, 20, 1)
(29, 21, 1)
(29, 22, 1)
(29, 23, 1)
(29, 24, 1)
(29, 25, 1)
(29, 26, 1)
(29, 27, 1)
(29, 28, 1)
(29, 29, 1)
(29, 30, 1)
(29, 31, 1)
(29, 32, 1)
(29, 33, 1)
(29, 34, 1)
(29, 35, 1)
(29, 36, 1)
(29, 37, 1)
(29, 38, 1)
(29, 39, 1)

(30, 0, 33)
(30, 1, 9)
(30, 2, 9)
(30, 3, 9)
(30, 4, 9)
(30, 5, 9)
(30, 6, 9)
(30, 7, 9)
(30, 8, 9)
(30, 9, 7)
(30, 10, 5)
(30, 11, 1)
(30, 12, 1)
(30, 13, 1)
(30, 14, 1)
(30, 15, 1)
(30, 16, 1)
(30, 17, 1)
(30, 18, 1)
(30, 19, 1)
(30, 20, 1)
(30, 21, 1)
(30, 22, 1)
(30, 23, 1)
(30, 24, 1)
(30, 25, 1)
(30, 26, 1)
(30, 27, 1)
(30, 28, 1)
(30, 29, 1)
(30, 30, 1)
(30, 31, 1)
(30, 32, 1)
(30, 33, 1)
(30, 34, 1)
(30, 35, 1)
(30, 36, 1)
(30, 37, 1)
(30, 38, 1)
(30, 39, 1)

(31, 0, 33)
(31, 1, 9)
(31, 2, 9)
(31, 3, 9)
(31, 4, 9)
(31, 5, 9)
(31, 6, 9)
(31, 7, 9)
(31, 8, 9)
(31, 9, 7)
(31, 10, 5)
(31, 11, 1)
(31, 12, 1)
(31, 13, 1)
(31, 14, 1)
(31, 15, 1)
(31, 16, 1)
(31, 17, 1)
(31, 18, 1)
(31, 19, 1)
(31, 20, 1)
(31, 21, 1)
(31, 22, 1)
(31, 23, 1)
(31, 24, 1)
(31, 25, 1)
(31, 26, 1)
(31, 27, 1)
(31, 28, 1)
(31, 29, 1)
(31, 30, 1)
(31, 31, 1)
(31, 32, 1)
(31, 33, 1)
(31, 34, 1)
(31, 35, 1)
(31, 36, 1)
(31, 37, 1)
(31, 38, 1)
(31, 39, 1)

(32, 0, 33)
(32, 1, 9)
(32, 2, 9)
(32, 3, 9)
(32, 4, 9)
(32, 5, 9)
(32, 6, 9)
(32, 7, 9)
(32, 8, 9)
(32, 9, 7)
(32, 10, 5)
(32, 11, 1)
(32, 12, 1)
(32, 13, 1)
(32, 14, 1)
(32, 15, 1)
(32, 16, 1)
(32, 17, 1)
(32, 18, 1)
(32, 19, 1)
(32, 20, 1)
(32, 21, 1)
(32, 22, 1)
(32, 23, 1)
(32, 24, 1)
(32, 25, 1)
(32, 26, 1)
(32, 27, 1)
(32, 28, 1)
(32, 29, 1)
(32, 30, 1)
(32, 31, 1)
(32, 32, 1)
(32, 33, 1)
(32, 34, 1)
(32, 35, 1)
(32, 36, 1)
(32, 37, 1)
(32, 38, 1)
(32, 39, 1)

(33, 0, 33)
(33, 1, 9)
(33, 2, 9)
(33, 3, 9)
(33, 4, 9)
(33, 5, 9)
(33, 6, 9)
(33, 7, 9)
(33, 8, 9)
(33, 9, 7)
(33, 10, 5)
(33, 11, 1)
(33, 12, 1)
(33, 13, 1)
(33, 14, 1)
(33, 15, 1)
(33, 16, 1)
(33, 17, 1)
(33, 18, 1)
(33, 19, 1)
(33, 20, 1)
(33, 21, 1)
(33, 22, 1)
(33, 23, 1)
(33, 24, 1)
(33, 25, 1)
(33, 26, 1)
(33, 27, 1)
(33, 28, 1)
(33, 29, 1)
(33, 30, 1)
(33, 31, 1)
(33, 32, 1)
(33, 33, 1)
(33, 34, 1)
(33, 35, 1)
(33, 36, 1)
(33, 37, 1)
(33, 38, 1)
(33, 39, 1)

(34, 0, 33)
(34, 1, 9)
(34, 2, 9)
(34, 3, 9)
(34, 4, 9)
(34, 5, 9)
(34, 6, 9)
(34, 7, 9)
(34, 8, 9)
(34, 9, 7)
(34, 10, 5)
(34, 11, 1)
(34, 12, 1)
(34, 13, 1)
(34, 14, 1)
(34, 15, 1)
(34, 16, 1)
(34, 17, 1)
(34, 18, 1)
(34, 19, 1)
(34, 20, 1)
(34, 21, 1)
(34, 22, 1)
(34, 23, 1)
(34, 24, 1)
(34, 25, 1)
(34, 26, 1)
(34, 27, 1)
(34, 28, 1)
(34, 29, 1)
(34, 30, 1)
(34, 31, 1)
(34, 32, 1)
(34, 33, 1)
(34, 34, 1)
(34, 35, 1)
(34, 36, 1)
(34, 37, 1)
(34, 38, 1)
(34, 39, 1)

(35, 0, 35)
(35, 1, 11)
(35, 2, 10)
(35, 3, 10)
(35, 4, 10)
(35, 5, 10)
(35, 6, 9)
(35, 7, 7)
(35, 8, 6)
(35, 9, 6)
(35, 10, 5)
(35, 11, 1)
(35, 12, 1)
(35, 13, 1)
(35, 14, 1)
(35, 15, 1)
(35, 16, 1)
(35, 17, 1)
(35, 18, 1)
(35, 19, 1)
(35, 20, 1)
(35, 21, 1)
(35, 22, 1)
(35, 23, 1)
(35, 24, 1)
(35, 25, 1)
(35, 26, 1)
(35, 27, 1)
(35, 28, 1)
(35, 29, 1)
(35, 30, 1)
(35, 31, 1)
(35, 32, 1)
(35, 33, 1)
(35, 34, 1)
(35, 35, 1)
(35, 36, 1)
(35, 37, 1)
(35, 38, 1)
(35, 39, 1)

(36, 0, 35)
(36, 1, 11)
(36, 2, 10)
(36, 3, 10)
(36, 4, 10)
(36, 5, 9)
(36, 6, 7)
(36, 7, 6)
(36, 8, 6)
(36, 9, 6)
(36, 10, 5)
(36, 11, 1)
(36, 12, 1)
(36, 13, 1)
(36, 14, 1)
(36, 15, 1)
(36, 16, 1)
(36, 17, 1)
(36, 18, 1)
(36, 19, 1)
(36, 20, 1)
(36, 21, 1)
(36, 22, 1)
(36, 23, 1)
(36, 24, 1)
(36, 25, 1)
(36, 26, 1)
(36, 27, 1)
(36, 28, 1)
(36, 29, 1)
(36, 30, 1)
(36, 31, 1)
(36, 32, 1)
(36, 33, 1)
(36, 34, 1)
(36, 35, 1)
(36, 36, 1)
(36, 37, 1)
(36, 38, 1)
(36, 39, 1)

(37, 0, 35)
(37, 1, 11)
(37, 2, 10)
(37, 3, 10)
(37, 4, 10)
(37, 5, 8)
(37, 6, 6)
(37, 7, 6)
(37, 8, 6)
(37, 9, 6)
(37, 10, 5)
(37, 11, 1)
(37, 12, 1)
(37, 13, 1)
(37, 14, 1)
(37, 15, 1)
(37, 16, 1)
(37, 17, 1)
(37, 18, 1)
(37, 19, 1)
(37, 20, 1)
(37, 21, 1)
(37, 22, 1)
(37, 23, 1)
(37, 24, 1)
(37, 25, 1)
(37, 26, 1)
(37, 27, 1)
(37, 28, 1)
(37, 29, 1)
(37, 30, 1)
(37, 31, 1)
(37, 32, 1)
(37, 33, 1)
(37, 34, 1)
(37, 35, 1)
(37, 36, 1)
(37, 37, 1)
(37, 38, 1)
(37, 39, 1)

(38, 0, 36)
(38, 1, 11)
(38, 2, 10)
(38, 3, 10)
(38, 4, 10)
(38, 5, 8)
(38, 6, 6)
(38, 7, 6)
(38, 8, 6)
(38, 9, 6)
(38, 10, 5)
(38, 11, 1)
(38, 12, 1)
(38, 13, 1)
(38, 14, 1)
(38, 15, 1)
(38, 16, 1)
(38, 17, 1)
(38, 18, 1)
(38, 19, 1)
(38, 20, 1)
(38, 21, 1)
(38, 22, 1)
(38, 23, 1)
(38, 24, 1)
(38, 25, 1)
(38, 26, 1)
(38, 27, 1)
(38, 28, 1)
(38, 29, 1)
(38, 30, 1)
(38, 31, 1)
(38, 32, 1)
(38, 33, 1)
(38, 34, 1)
(38, 35, 1)
(38, 36, 1)
(38, 37, 1)
(38, 38, 1)
(38, 39, 1)

(39, 0, 37)
(39, 1, 11)
(39, 2, 10)
(39, 3, 10)
(39, 4, 10)
(39, 5, 8)
(39, 6, 6)
(39, 7, 6)
(39, 8, 6)
(39, 9, 6)
(39, 10, 5)
(39, 11, 1)
(39, 12, 1)
(39, 13, 1)
(39, 14, 1)
(39, 15, 1)
(39, 16, 1)
(39, 17, 1)
(39, 18, 1)
(39, 19, 1)
(39, 20, 1)
(39, 21, 1)
(39, 22, 1)
(39, 23, 1)
(39, 24, 1)
(39, 25, 1)
(39, 26, 1)
(39, 27, 1)
(39, 28, 1)
(39, 29, 1)
(39, 30, 1)
(39, 31, 1)
(39, 32, 1)
(39, 33, 1)
(39, 34, 1)
(39, 35, 1)
(39, 36, 1)
(39, 37, 1)
(39, 38, 1)
(39, 39, 1)


Betti numbers:
xi_0:
(0, 0, 1)
(1, 0, 2)
(2, 0, 1)
(9, 0, 19)
(10, 0, 5)
(11, 0, 1)
(24, 0, 2)
(26, 0, 2)
(35, 0, 2)
(38, 0, 1)
(39, 0, 1)
xi_1:
(1, 20, 1)
(1, 34, 1)
(2, 20, 1)
(9, 1, 18)
(9, 13, 1)
(9, 14, 1)
(10, 1, 5)
(10, 13, 1)
(11, 1, 1)
(24, 10, 2)
(24, 11, 2)
(25, 9, 1)
(26, 9, 1)
(26, 10, 1)
(26, 11, 2)
(35, 2, 1)
(35, 6, 1)
(35, 7, 2)
(35, 8, 1)
(36, 5, 1)
(36, 6, 2)
(36, 7, 1)
(37, 5, 1)
(37, 6, 1)
(38, 1, 1)
(39, 1, 1)
xi_2:
(9, 34, 1)
(10, 14, 1)
(24, 13, 1)
(24, 20, 1)
(25, 10, 1)
(26, 13, 1)
(26, 20, 1)
(35, 9, 2)
(35, 10, 1)
(36, 6, 1)
(36, 7, 2)
(36, 8, 1)
(37, 6, 1)
(37, 7, 1)
