x-grades
-1357752908228815593/200000000000000000
-666475076157869793/100000000000000000
-1308147396402663579/200000000000000000
-320836160122396893/50000000000000000
-251708376915302313/40000000000000000
-616869564331717779/100000000000000000
-1208936372750359551/200000000000000000
-148016702104660443/25000000000000000
-1159330860924207537/200000000000000000
-113452810501113153/20000000000000000
-1109725349098055523/200000000000000000
-271230648296244879/50000000000000000
-1060119837271903509/200000000000000000
-517658540679413751/100000000000000000
-202102865089150299/40000000000000000
-30803486547896109/6250000000000000
-960908813619599481/200000000000000000
-468053028853261737/100000000000000000
-911303301793447467/200000000000000000
-44325027294018573/10000000000000000
-861697789967295453/200000000000000000
-418447517027109723/100000000000000000
-812092278141143439/200000000000000000
-98411190278508429/25000000000000000
-30499470652599657/8000000000000000
-368842005200957709/100000000000000000
-712881254488839411/200000000000000000
-172019624643940851/50000000000000000
-663275742662687397/200000000000000000
-63847298674961139/20000000000000000
-613670230836535383/200000000000000000
-36804217182716211/12500000000000000
-564064719010383369/200000000000000000
-269630981548653681/100000000000000000
-102891841436846271/40000000000000000
-122414112817788837/50000000000000000
-464853695358079341/200000000000000000
-220025469722501667/100000000000000000
-415248183531927327/200000000000000000
-9761135690471283/5000000000000000

y-grades
4999993/2000000
4999993/1000000
14999979/2000000
4999993/500000
4999993/400000
14999979/1000000
34999951/2000000
4999993/250000
44999937/2000000
4999993/200000
54999923/2000000
14999979/500000
64999909/2000000
34999951/1000000
14999979/400000
4999993/125000
84999881/2000000
44999937/1000000
94999867/2000000
4999993/100000
104999853/2000000
54999923/1000000
114999839/2000000
14999979/250000
4999993/80000
64999909/1000000
134999811/2000000
34999951/500000
144999797/2000000
14999979/200000
154999783/2000000
4999993/62500
164999769/2000000
84999881/1000000
34999951/400000
44999937/500000
184999741/2000000
94999867/1000000
194999727/2000000
4999993/50000

Dimensions > 0:
(0, 0, 2)
(0, 1, 2)
(0, 2, 2)
(0, 3, 1)
(0, 4, 1)
(0, 5, 1)
(0, 6, 1)
(0, 7, 1)
(0, 8, 1)
(0, 9, 1)
(0, 10, 1)
(0, 11, 1)
(0, 12, 1)
(0, 13, 1)
(0, 14, 1)
(0, 15, 1)
(0, 16, 1)
(0, 17, 1)
(0, 18, 1)
(0, 19, 1)
(0, 20, 1)
(0, 21, 1)
(0, 22, 1)
(0, 23, 1)
(0, 24, 1)
(0, 25, 1)
(0, 26, 1)
(0, 27, 1)
(0, 28, 1)
(0, 29, 1)
(0, 30, 1)
(0, 31, 1)
(0, 32, 1)
(0, 33, 1)
(0, 34, 1)
(0, 35, 1)
(0, 36, 1)
(0, 37, 1)
(0, 38, 1)
(0, 39, 1)

(1, 0, 2)
(1, 1, 2)
(1, 2, 2)
(1, 3, 1)
(1, 4, 1)
(1, 5, 1)
(1, 6, 1)
(1, 7, 1)
(1, 8, 1)
(1, 9, 1)
(1, 10, 1)
(1, 11, 1)
(1, 12, 1)
(1, 13, 1)
(1, 14, 1)
(1, 15, 1)
(1, 16, 1)
(1, 17, 1)
(1, 18, 1)
(1, 19, 1)
(1, 20, 1)
(1, 21, 1)
(1, 22, 1)
(1, 23, 1)
(1, 24, 1)
(1, 25, 1)
(1, 26, 1)
(1, 27, 1)
(1, 28, 1)
(1, 29, 1)
(1, 30, 1)
(1, 31, 1)
(1, 32, 1)
(1, 33, 1)
(1, 34, 1)
(1, 35, 1)
(1, 36, 1)
(1, 37, 1)
(1, 38, 1)
(1, 39, 1)

(2, 0, 2)
(2, 1, 2)
(2, 2, 2)
(2, 3, 1)
(2, 4, 1)
(2, 5, 1)
(2, 6, 1)
(2, 7, 1)
(2, 8, 1)
(2, 9, 1)
(2, 10, 1)
(2, 11, 1)
(2, 12, 1)
(2, 13, 1)
(2, 14, 1)
(2, 15, 1)
(2, 16, 1)
(2, 17, 1)
(2, 18, 1)
(2, 19, 1)
(2, 20, 1)
(2, 21, 1)
(2, 22, 1)
(2, 23, 1)
(2, 24, 1)
(2, 25, 1)
(2, 26, 1)
(2, 27, 1)
(2, 28, 1)
(2, 29, 1)
(2, 30, 1)
(2, 31, 1)
(2, 32, 1)
(2, 33, 1)
(2, 34, 1)
(2, 35, 1)
(2, 36, 1)
(2, 37, 1)
(2, 38, 1)
(2, 39, 1)

(3, 0, 2)
(3, 1, 2)
(3, 2, 2)
(3, 3, 1)
(3, 4, 1)
(3, 5, 1)
(3, 6, 1)
(3, 7, 1)
(3, 8, 1)
(3, 9, 1)
(3, 10, 1)
(3, 11, 1)
(3, 12, 1)
(3, 13, 1)
(3, 14, 1)
(3, 15, 1)
(3, 16, 1)
(3, 17, 1)
(3, 18, 1)
(3, 19, 1)
(3, 20, 1)
(3, 21, 1)
(3, 22, 1)
(3, 23, 1)
(3, 24, 1)
(3, 25, 1)
(3, 26, 1)
(3, 27, 1)
(3, 28, 1)
(3, 29, 1)
(3, 30, 1)
(3, 31, 1)
(3, 32, 1)
(3, 33, 1)
(3, 34, 1)
(3, 35, 1)
(3, 36, 1)
(3, 37, 1)
(3, 38, 1)
(3, 39, 1)

(4, 0, 3)
(4, 1, 3)
(4, 2, 3)
(4, 3, 2)
(4, 4, 2)
(4, 5, 2)
(4, 6, 2)
(4, 7, 2)
(4, 8, 2)
(4, 9, 1)
(4, 10, 1)
(4, 11, 1)
(4, 12, 1)
(4, 13, 1)
(4, 14, 1)
(4, 15, 1)
(4, 16, 1)
(4, 17, 1)
(4, 18, 1)
(4, 19, 1)
(4, 20, 1)
(4, 21, 1)
(4, 22, 1)
(4, 23, 1)
(4, 24, 1)
(4, 25, 1)
(4, 26, 1)
(4, 27, 1)
(4, 28, 1)
(4, 29, 1)
(4, 30, 1)
(4, 31, 1)
(4, 32, 1)
(4, 33, 1)
(4, 34, 1)
(4, 35, 1)
(4, 36, 1)
(4, 37, 1)
(4, 38, 1)
(4, 39, 1)

(5, 0, 5)
(5, 1, 3)
(5, 2, 3)
(5, 3, 2)
(5, 4, 2)
(5, 5, 2)
(5, 6, 2)
(5, 7, 2)
(5, 8, 2)
(5, 9, 1)
(5, 10, 1)
(5, 11, 1)
(5, 12, 1)
(5, 13, 1)
(5, 14, 1)
(5, 15, 1)
(5, 16, 1)
(5, 17, 1)
(5, 18, 1)
(5, 19, 1)
(5, 20, 1)
(5, 21, 1)
(5, 22, 1)
(5, 23, 1)
(5, 24, 1)
(5, 25, 1)
(5, 26, 1)
(5, 27, 1)
(5, 28, 1)
(5, 29, 1)
(5, 30, 1)
(5, 31, 1)
(5, 32, 1)
(5, 33, 1)
(5, 34, 1)
(5, 35, 1)
(5, 36, 1)
(5, 37, 1)
(5, 38, 1)
(5, 39, 1)

(6, 0, 5)
(6, 1, 3)
(6, 2, 3)
(6, 3, 2)
(6, 4, 2)
(6, 5, 2)
(6, 6, 2)
(6, 7, 2)
(6, 8, 2)
(6, 9, 1)
(6, 10, 1)
(6, 11, 1)
(6, 12, 1)
(6, 13, 1)
(6, 14, 1)
(6, 15, 1)
(6, 16, 1)
(6, 17, 1)
(6, 18, 1)
(6, 19, 1)
(6, 20, 1)
(6, 21, 1)
(6, 22, 1)
(6, 23, 1)
(6, 24, 1)
(6, 25, 1)
(6, 26, 1)
(6, 27, 1)
(6, 28, 1)
(6, 29, 1)
(6, 30, 1)
(6, 31, 1)
(6, 32, 1)
(6, 33, 1)
(6, 34, 1)
(6, 35, 1)
(6, 36, 1)
(6, 37, 1)
(6, 38, 1)
(6, 39, 1)

(7, 0, 6)
(7, 1, 4)
(7, 2, 4)
(7, 3, 3)
(7, 4, 3)
(7, 5, 3)
(7, 6, 3)
(7, 7, 3)
(7, 8, 3)
(7, 9, 2)
(7, 10, 2)
(7, 11, 2)
(7, 12, 2)
(7, 13, 2)
(7, 14, 2)
(7, 15, 2)
(7, 16, 2)
(7, 17, 2)
(7, 18, 2)
(7, 19, 2)
(7, 20, 2)
(7, 21, 2)
(7, 22, 2)
(7, 23, 2)
(7, 24, 2)
(7, 25, 2)
(7, 26, 2)
(7, 27, 2)
(7, 28, 2)
(7, 29, 2)
(7, 30, 2)
(7, 31, 2)
(7, 32, 2)
(7, 33, 2)
(7, 34, 2)
(7, 35, 2)
(7, 36, 2)
(7, 37, 2)
(7, 38, 2)
(7, 39, 2)

(8, 0, 6)
(8, 1, 4)
(8, 2, 4)
(8, 3, 3)
(8, 4, 3)
(8, 5, 3)
(8, 6, 3)
(8, 7, 3)
(8, 8, 3)
(8, 9, 2)
(8, 10, 2)
(8, 11, 2)
(8, 12, 2)
(8, 13, 2)
(8, 14, 2)
(8, 15, 2)
(8, 16, 2)
(8, 17, 2)
(8, 18, 2)
(8, 19, 2)
(8, 20, 2)
(8, 21, 2)
(8, 22, 2)
(8, 23, 2)
(8, 24, 2)
(8, 25, 2)
(8, 26, 2)
(8, 27, 2)
(8, 28, 2)
(8, 29, 2)
(8, 30, 2)
(8, 31, 2)
(8, 32, 2)
(8, 33, 2)
(8, 34, 2)
(8, 35, 2)
(8, 36, 2)
(8, 37, 2)
(8, 38, 2)
(8, 39, 2)

(9, 0, 6)
(9, 1, 4)
(9, 2, 4)
(9, 3, 3)
(9, 4, 3)
(9, 5, 3)
(9, 6, 3)
(9, 7, 3)
(9, 8, 3)
(9, 9, 2)
(9, 10, 2)
(9, 11, 2)
(9, 12, 2)
(9, 13, 2)
(9, 14, 2)
(9, 15, 2)
(9, 16, 2)
(9, 17, 2)
(9, 18, 2)
(9, 19, 2)
(9, 20, 2)
(9, 21, 2)
(9, 22, 2)
(9, 23, 2)
(9, 24, 2)
(9, 25, 2)
(9, 26, 2)
(9, 27, 2)
(9, 28, 2)
(9, 29, 2)
(9, 30, 2)
(9, 31, 2)
(9, 32, 2)
(9, 33, 2)
(9, 34, 2)
(9, 35, 2)
(9, 36, 2)
(9, 37, 2)
(9, 38, 2)
(9, 39, 2)

(10, 0, 6)
(10, 1, 4)
(10, 2, 4)
(10, 3, 3)
(10, 4, 3)
(10, 5, 3)
(10, 6, 3)
(10, 7, 3)
(10, 8, 3)
(10, 9, 2)
(10, 10, 2)
(10, 11, 2)
(10, 12, 2)
(10, 13, 2)
(10, 14, 2)
(10, 15, 2)
(10, 16, 2)
(10, 17, 2)
(10, 18, 2)
(10, 19, 2)
(10, 20, 2)
(10, 21, 2)
(10, 22, 2)
(10, 23, 2)
(10, 24, 2)
(10, 25, 2)
(10, 26, 2)
(10, 27, 2)
(10, 28, 2)
(10, 29, 2)
(10, 30, 2)
(10, 31, 2)
(10, 32, 2)
(10, 33, 2)
(10, 34, 2)
(10, 35, 2)
(10, 36, 2)
(10, 37, 2)
(10, 38, 2)
(10, 39, 2)

(11, 0, 8)
(11, 1, 5)
(11, 2, 5)
(11, 3, 4)
(11, 4, 4)
(11, 5, 4)
(11, 6, 4)
(11, 7, 4)
(11, 8, 4)
(11, 9, 2)
(11, 10, 2)
(11, 11, 2)
(11, 12, 2)
(11, 13, 2)
(11, 14, 2)
(11, 15, 2)
(11, 16, 2)
(11, 17, 2)
(11, 18, 2)
(11, 19, 2)
(11, 20, 2)
(11, 21, 2)
(11, 22, 2)
(11, 23, 2)
(11, 24, 2)
(11, 25, 2)
(11, 26, 2)
(11, 27, 2)
(11, 28, 2)
(11, 29, 2)
(11, 30, 2)
(11, 31, 2)
(11, 32, 2)
(11, 33, 2)
(11, 34, 2)
(11, 35, 2)
(11, 36, 2)
(11, 37, 2)
(11, 38, 2)
(11, 39, 2)

(12, 0, 9)
(12, 1, 5)
(12, 2, 5)
(12, 3, 4)
(12, 4, 4)
(12, 5, 4)
(12, 6, 4)
(12, 7, 4)
(12, 8, 4)
(12, 9, 2)
(12, 10, 2)
(12, 11, 2)
(12, 12, 2)
(12, 13, 2)
(12, 14, 2)
(12, 15, 2)
(12, 16, 2)
(12, 17, 2)
(12, 18, 2)
(12, 19, 2)
(12, 20, 2)
(12, 21, 2)
(12, 22, 2)
(12, 23, 2)
(12, 24, 2)
(12, 25, 2)
(12, 26, 2)
(12, 27, 2)
(12, 28, 2)
(12, 29, 2)
(12, 30, 2)
(12, 31, 2)
(12, 32, 2)
(12, 33, 2)
(12, 34, 2)
(12, 35, 2)
(12, 36, 2)
(12, 37, 2)
(12, 38, 2)
(12, 39, 2)

(13, 0, 9)
(13, 1, 5)
(13, 2, 5)
(13, 3, 4)
(13, 4, 4)
(13, 5, 4)
(13, 6, 4)
(13, 7, 4)
(13, 8, 4)
(13, 9, 2)
(13, 10, 2)
(13, 11, 2)
(13, 12, 2)
(13, 13, 2)
(13, 14, 2)
(13, 15, 2)
(13, 16, 2)
(13, 17, 2)
(13, 18, 2)
(13, 19, 2)
(13, 20, 2)
(13, 21, 2)
(13, 22, 2)
(13, 23, 2)
(13, 24, 2)
(13, 25, 2)
(13, 26, 2)
(13, 27, 2)
(13, 28, 2)
(13, 29, 2)
(13, 30, 2)
(13, 31, 2)
(13, 32, 2)
(13, 33, 2)
(13, 34, 2)
(13, 35, 2)
(13, 36, 2)
(13, 37, 2)
(13, 38, 2)
(13, 39, 2)

(14, 0, 11)
(14, 1, 7)
(14, 2, 7)
(14, 3, 6)
(14, 4, 6)
(14, 5, 6)
(14, 6, 6)
(14, 7, 6)
(14, 8, 6)
(14, 9, 4)
(14, 10, 4)
(14, 11, 4)
(14, 12, 4)
(14, 13, 4)
(14, 14, 4)
(14, 15, 4)
(14, 16, 4)
(14, 17, 4)
(14, 18, 3)
(14, 19, 3)
(14, 20, 3)
(14, 21, 3)
(14, 22, 3)
(14, 23, 3)
(14, 24, 3)
(14, 25, 3)
(14, 26, 3)
(14, 27, 3)
(14, 28, 3)
(14, 29, 3)
(14, 30, 3)
(14, 31, 3)
(14, 32, 3)
(14, 33, 3)
(14, 34, 2)
(14, 35, 2)
(14, 36, 2)
(14, 37, 2)
(14, 38, 2)
(14, 39, 2)

(15, 0, 12)
(15, 1, 8)
(15, 2, 8)
(15, 3, 7)
(15, 4, 7)
(15, 5, 6)
(15, 6, 6)
(15, 7, 6)
(15, 8, 6)
(15, 9, 4)
(15, 10, 4)
(15, 11, 4)
(15, 12, 4)
(15, 13, 4)
(15, 14, 4)
(15, 15, 4)
(15, 16, 4)
(15, 17, 4)
(15, 18, 3)
(15, 19, 3)
(15, 20, 3)
(15, 21, 3)
(15, 22, 3)
(15, 23, 3)
(15, 24, 3)
(15, 25, 3)
(15, 26, 3)
(15, 27, 3)
(15, 28, 3)
(15, 29, 3)
(15, 30, 3)
(15, 31, 3)
(15, 32, 3)
(15, 33, 3)
(15, 34, 2)
(15, 35, 2)
(15, 36, 2)
(15, 37, 2)
(15, 38, 2)
(15, 39, 2)

(16, 0, 12)
(16, 1, 8)
(16, 2, 8)
(16, 3, 7)
(16, 4, 7)
(16, 5, 6)
(16, 6, 6)
(16, 7, 6)
(16, 8, 6)
(16, 9, 4)
(16, 10, 4)
(16, 11, 4)
(16, 12, 4)
(16, 13, 4)
(16, 14, 4)
(16, 15, 4)
(16, 16, 4)
(16, 17, 4)
(16, 18, 3)
(16, 19, 3)
(16, 20, 3)
(16, 21, 3)
(16, 22, 3)
(16, 23, 3)
(16, 24, 3)
(16, 25, 3)
(16, 26, 3)
(16, 27, 3)
(16, 28, 3)
(16, 29, 3)
(16, 30, 3)
(16, 31, 3)
(16, 32, 3)
(16, 33, 3)
(16, 34, 2)
(16, 35, 2)
(16, 36, 2)
(16, 37, 2)
(16, 38, 2)
(16, 39, 2)

(17, 0, 13)
(17, 1, 9)
(17, 2, 9)
(17, 3, 8)
(17, 4, 7)
(17, 5, 6)
(17, 6, 6)
(17, 7, 6)
(17, 8, 6)
(17, 9, 4)
(17, 10, 4)
(17, 11, 4)
(17, 12, 4)
(17, 13, 4)
(17, 14, 4)
(17, 15, 4)
(17, 16, 4)
(17, 17, 4)
(17, 18, 3)
(17, 19, 3)
(17, 20, 3)
(17, 21, 3)
(17, 22, 3)
(17, 23, 3)
(17, 24, 3)
(17, 25, 3)
(17, 26, 3)
(17, 27, 3)
(17, 28, 3)
(17, 29, 3)
(17, 30, 3)
(17, 31, 3)
(17, 32, 3)
(17, 33, 3)
(17, 34, 2)
(17, 35, 2)
(17, 36, 2)
(17, 37, 2)
(17, 38, 2)
(17, 39, 2)

(18, 0, 17)
(18, 1, 13)
(18, 2, 13)
(18, 3, 12)
(18, 4, 11)
(18, 5, 9)
(18, 6, 8)
(18, 7, 8)
(18, 8, 8)
(18, 9, 6)
(18, 10, 6)
(18, 11, 6)
(18, 12, 6)
(18, 13, 6)
(18, 14, 6)
(18, 15, 5)
(18, 16, 5)
(18, 17, 4)
(18, 18, 3)
(18, 19, 3)
(18, 20, 3)
(18, 21, 3)
(18, 22, 3)
(18, 23, 3)
(18, 24, 3)
(18, 25, 3)
(18, 26, 3)
(18, 27, 3)
(18, 28, 2)
(18, 29, 2)
(18, 30, 2)
(18, 31, 2)
(18, 32, 2)
(18, 33, 2)
(18, 34, 1)
(18, 35, 1)
(18, 36, 1)
(18, 37, 1)
(18, 38, 1)
(18, 39, 1)

(19, 0, 17)
(19, 1, 13)
(19, 2, 13)
(19, 3, 12)
(19, 4, 11)
(19, 5, 9)
(19, 6, 8)
(19, 7, 8)
(19, 8, 8)
(19, 9, 6)
(19, 10, 6)
(19, 11, 6)
(19, 12, 6)
(19, 13, 6)
(19, 14, 6)
(19, 15, 5)
(19, 16, 5)
(19, 17, 4)
(19, 18, 3)
(19, 19, 3)
(19, 20, 3)
(19, 21, 3)
(19, 22, 3)
(19, 23, 3)
(19, 24, 3)
(19, 25, 3)
(19, 26, 3)
(19, 27, 3)
(19, 28, 2)
(19, 29, 2)
(19, 30, 2)
(19, 31, 2)
(19, 32, 2)
(19, 33, 2)
(19, 34, 1)
(19, 35, 1)
(19, 36, 1)
(19, 37, 1)
(19, 38, 1)
(19, 39, 1)

(20, 0, 18)
(20, 1, 14)
(20, 2, 14)
(20, 3, 13)
(20, 4, 11)
(20, 5, 9)
(20, 6, 8)
(20, 7, 8)
(20, 8, 8)
(20, 9, 6)
(20, 10, 6)
(20, 11, 6)
(20, 12, 6)
(20, 13, 6)
(20, 14, 6)
(20, 15, 5)
(20, 16, 5)
(20, 17, 4)
(20, 18, 3)
(20, 19, 3)
(20, 20, 3)
(20, 21, 3)
(20, 22, 3)
(20, 23, 3)
(20, 24, 3)
(20, 25, 2)
(20, 26, 2)
(20, 27, 2)
(20, 28, 2)
(20, 29, 2)
(20, 30, 2)
(20, 31, 2)
(20, 32, 2)
(20, 33, 2)
(20, 34, 1)
(20, 35, 1)
(20, 36, 1)
(20, 37, 1)
(20, 38, 1)
(20, 39, 1)

(21, 0, 24)
(21, 1, 16)
(21, 2, 16)
(21, 3, 15)
(21, 4, 13)
(21, 5, 11)
(21, 6, 10)
(21, 7, 10)
(21, 8, 10)
(21, 9, 7)
(21, 10, 7)
(21, 11, 7)
(21, 12, 7)
(21, 13, 6)
(21, 14, 6)
(21, 15, 5)
(21, 16, 5)
(21, 17, 4)
(21, 18, 3)
(21, 19, 3)
(21, 20, 3)
(21, 21, 3)
(21, 22, 3)
(21, 23, 3)
(21, 24, 3)
(21, 25, 2)
(21, 26, 2)
(21, 27, 2)
(21, 28, 2)
(21, 29, 2)
(21, 30, 2)
(21, 31, 2)
(21, 32, 2)
(21, 33, 2)
(21, 34, 1)
(21, 35, 1)
(21, 36, 1)
(21, 37, 1)
(21, 38, 1)
(21, 39, 1)

(22, 0, 29)
(22, 1, 17)
(22, 2, 16)
(22, 3, 15)
(22, 4, 13)
(22, 5, 11)
(22, 6, 10)
(22, 7, 10)
(22, 8, 10)
(22, 9, 7)
(22, 10, 7)
(22, 11, 7)
(22, 12, 7)
(22, 13, 6)
(22, 14, 5)
(22, 15, 5)
(22, 16, 5)
(22, 17, 4)
(22, 18, 3)
(22, 19, 3)
(22, 20, 3)
(22, 21, 3)
(22, 22, 3)
(22, 23, 3)
(22, 24, 3)
(22, 25, 2)
(22, 26, 2)
(22, 27, 2)
(22, 28, 2)
(22, 29, 2)
(22, 30, 2)
(22, 31, 2)
(22, 32, 2)
(22, 33, 2)
(22, 34, 1)
(22, 35, 1)
(22, 36, 1)
(22, 37, 1)
(22, 38, 1)
(22, 39, 1)

(23, 0, 35)
(23, 1, 18)
(23, 2, 17)
(23, 3, 15)
(23, 4, 13)
(23, 5, 11)
(23, 6, 10)
(23, 7, 10)
(23, 8, 10)
(23, 9, 7)
(23, 10, 7)
(23, 11, 7)
(23, 12, 7)
(23, 13, 6)
(23, 14, 5)
(23, 15, 5)
(23, 16, 5)
(23, 17, 4)
(23, 18, 3)
(23, 19, 3)
(23, 20, 3)
(23, 21, 3)
(23, 22, 3)
(23, 23, 3)
(23, 24, 3)
(23, 25, 2)
(23, 26, 2)
(23, 27, 2)
(23, 28, 2)
(23, 29, 2)
(23, 30, 2)
(23, 31, 2)
(23, 32, 2)
(23, 33, 2)
(23, 34, 1)
(23, 35, 1)
(23, 36, 1)
(23, 37, 1)
(23, 38, 1)
(23, 39, 1)

(24, 0, 40)
(24, 1, 20)
(24, 2, 19)
(24, 3, 16)
(24, 4, 14)
(24, 5, 12)
(24, 6, 11)
(24, 7, 11)
(24, 8, 11)
(24, 9, 8)
(24, 10, 8)
(24, 11, 8)
(24, 12, 8)
(24, 13, 7)
(24, 14, 6)
(24, 15, 5)
(24, 16, 5)
(24, 17, 4)
(24, 18, 3)
(24, 19, 3)
(24, 20, 3)
(24, 21, 3)
(24, 22, 3)
(24, 23, 3)
(24, 24, 3)
(24, 25, 2)
(24, 26, 1)
(24, 27, 1)
(24, 28, 1)
(24, 29, 1)
(24, 30, 1)
(24, 31, 1)
(24, 32, 1)
(24, 33, 1)
(24, 34, 1)
(24, 35, 1)
(24, 36, 1)
(24, 37, 1)
(24, 38, 1)
(24, 39, 1)

(25, 0, 49)
(25, 1, 26)
(25, 2, 25)
(25, 3, 20)
(25, 4, 17)
(25, 5, 14)
(25, 6, 13)
(25, 7, 12)
(25, 8, 12)
(25, 9, 9)
(25, 10, 9)
(25, 11, 9)
(25, 12, 9)
(25, 13, 8)
(25, 14, 7)
(25, 15, 6)
(25, 16, 6)
(25, 17, 5)
(25, 18, 4)
(25, 19, 3)
(25, 20, 3)
(25, 21, 3)
(25, 22, 3)
(25, 23, 3)
(25, 24, 3)
(25, 25, 2)
(25, 26, 2)
(25, 27, 2)
(25, 28, 2)
(25, 29, 2)
(25, 30, 2)
(25, 31, 2)
(25, 32, 2)
(25, 33, 2)
(25, 34, 1)
(25, 35, 1)
(25, 36, 1)
(25, 37, 1)
(25, 38, 1)
(25, 39, 1)

(26, 0, 55)
(26, 1, 27)
(26, 2, 26)
(26, 3, 20)
(26, 4, 17)
(26, 5, 14)
(26, 6, 12)
(26, 7, 12)
(26, 8, 12)
(26, 9, 9)
(26, 10, 9)
(26, 11, 9)
(26, 12, 9)
(26, 13, 8)
(26, 14, 7)
(26, 15, 6)
(26, 16, 6)
(26, 17, 5)
(26, 18, 4)
(26, 19, 3)
(26, 20, 3)
(26, 21, 3)
(26, 22, 3)
(26, 23, 3)
(26, 24, 3)
(26, 25, 2)
(26, 26, 2)
(26, 27, 2)
(26, 28, 2)
(26, 29, 2)
(26, 30, 2)
(26, 31, 2)
(26, 32, 2)
(26, 33, 2)
(26, 34, 1)
(26, 35, 1)
(26, 36, 1)
(26, 37, 1)
(26, 38, 1)
(26, 39, 1)

(27, 0, 62)
(27, 1, 29)
(27, 2, 27)
(27, 3, 20)
(27, 4, 17)
(27, 5, 14)
(27, 6, 12)
(27, 7, 12)
(27, 8, 12)
(27, 9, 9)
(27, 10, 9)
(27, 11, 9)
(27, 12, 9)
(27, 13, 8)
(27, 14, 7)
(27, 15, 6)
(27, 16, 6)
(27, 17, 5)
(27, 18, 4)
(27, 19, 3)
(27, 20, 3)
(27, 21, 3)
(27, 22, 3)
(27, 23, 3)
(27, 24, 3)
(27, 25, 2)
(27, 26, 2)
(27, 27, 2)
(27, 28, 2)
(27, 29, 2)
(27, 30, 2)
(27, 31, 2)
(27, 32, 2)
(27, 33, 2)
(27, 34, 1)
(27, 35, 1)
(27, 36, 1)
(27, 37, 1)
(27, 38, 1)
(27, 39, 1)

(28, 0, 71)
(28, 1, 33)
(28, 2, 32)
(28, 3, 25)
(28, 4, 20)
(28, 5, 17)
(28, 6, 15)
(28, 7, 14)
(28, 8, 13)
(28, 9, 10)
(28, 10, 10)
(28, 11, 10)
(28, 12, 10)
(28, 13, 9)
(28, 14, 8)
(28, 15, 6)
(28, 16, 6)
(28, 17, 5)
(28, 18, 4)
(28, 19, 3)
(28, 20, 3)
(28, 21, 3)
(28, 22, 3)
(28, 23, 3)
(28, 24, 3)
(28, 25, 2)
(28, 26, 2)
(28, 27, 2)
(28, 28, 2)
(28, 29, 1)
(28, 30, 1)
(28, 31, 1)
(28, 32, 1)
(28, 33, 1)
(28, 34, 1)
(28, 35, 1)
(28, 36, 1)
(28, 37, 1)
(28, 38, 1)
(28, 39, 1)

(29, 0, 78)
(29, 1, 35)
(29, 2, 34)
(29, 3, 27)
(29, 4, 21)
(29, 5, 18)
(29, 6, 15)
(29, 7, 15)
(29, 8, 13)
(29, 9, 10)
(29, 10, 10)
(29, 11, 10)
(29, 12, 10)
(29, 13, 9)
(29, 14, 8)
(29, 15, 6)
(29, 16, 6)
(29, 17, 5)
(29, 18, 4)
(29, 19, 2)
(29, 20, 2)
(29, 21, 2)
(29, 22, 2)
(29, 23, 2)
(29, 24, 2)
(29, 25, 2)
(29, 26, 2)
(29, 27, 2)
(29, 28, 2)
(29, 29, 1)
(29, 30, 1)
(29, 31, 1)
(29, 32, 1)
(29, 33, 1)
(29, 34, 1)
(29, 35, 1)
(29, 36, 1)
(29, 37, 1)
(29, 38, 1)
(29, 39, 1)

(30, 0, 91)
(30, 1, 43)
(30, 2, 42)
(30, 3, 34)
(30, 4, 27)
(30, 5, 21)
(30, 6, 18)
(30, 7, 17)
(30, 8, 16)
(30, 9, 12)
(30, 10, 11)
(30, 11, 10)
(30, 12, 10)
(30, 13, 9)
(30, 14, 8)
(30, 15, 5)
(30, 16, 5)
(30, 17, 4)
(30, 18, 2)
(30, 19, 2)
(30, 20, 2)
(30, 21, 2)
(30, 22, 2)
(30, 23, 1)
(30, 24, 1)
(30, 25, 1)
(30, 26, 1)
(30, 27, 1)
(30, 28, 1)
(30, 29, 1)
(30, 30, 1)
(30, 31, 1)
(30, 32, 1)
(30, 33, 1)
(30, 34, 1)
(30, 35, 1)
(30, 36, 1)
(30, 37, 1)
(30, 38, 1)
(30, 39, 1)

(31, 0, 102)
(31, 1, 48)
(31, 2, 46)
(31, 3, 36)
(31, 4, 27)
(31, 5, 23)
(31, 6, 19)
(31, 7, 17)
(31, 8, 15)
(31, 9, 11)
(31, 10, 10)
(31, 11, 10)
(31, 12, 10)
(31, 13, 9)
(31, 14, 8)
(31, 15, 5)
(31, 16, 5)
(31, 17, 4)
(31, 18, 2)
(31, 19, 2)
(31, 20, 2)
(31, 21, 2)
(31, 22, 2)
(31, 23, 1)
(31, 24, 1)
(31, 25, 1)
(31, 26, 1)
(31, 27, 1)
(31, 28, 1)
(31, 29, 1)
(31, 30, 1)
(31, 31, 1)
(31, 32, 1)
(31, 33, 1)
(31, 34, 1)
(31, 35, 1)
(31, 36, 1)
(31, 37, 1)
(31, 38, 1)
(31, 39, 1)

(32, 0, 120)
(32, 1, 55)
(32, 2, 52)
(32, 3, 41)
(32, 4, 27)
(32, 5, 23)
(32, 6, 17)
(32, 7, 16)
(32, 8, 14)
(32, 9, 10)
(32, 10, 10)
(32, 11, 10)
(32, 12, 9)
(32, 13, 7)
(32, 14, 6)
(32, 15, 4)
(32, 16, 4)
(32, 17, 2)
(32, 18, 1)
(32, 19, 1)
(32, 20, 1)
(32, 21, 1)
(32, 22, 1)
(32, 23, 1)
(32, 24, 1)
(32, 25, 1)
(32, 26, 1)
(32, 27, 1)
(32, 28, 1)
(32, 29, 1)
(32, 30, 1)
(32, 31, 1)
(32, 32, 1)
(32, 33, 1)
(32, 34, 1)
(32, 35, 1)
(32, 36, 1)
(32, 37, 1)
(32, 38, 1)
(32, 39, 1)

(33, 0, 149)
(33, 1, 70)
(33, 2, 64)
(33, 3, 48)
(33, 4, 32)
(33, 5, 23)
(33, 6, 16)
(33, 7, 15)
(33, 8, 13)
(33, 9, 9)
(33, 10, 9)
(33, 11, 9)
(33, 12, 9)
(33, 13, 7)
(33, 14, 6)
(33, 15, 4)
(33, 16, 4)
(33, 17, 2)
(33, 18, 1)
(33, 19, 1)
(33, 20, 1)
(33, 21, 1)
(33, 22, 1)
(33, 23, 1)
(33, 24, 1)
(33, 25, 1)
(33, 26, 1)
(33, 27, 1)
(33, 28, 1)
(33, 29, 1)
(33, 30, 1)
(33, 31, 1)
(33, 32, 1)
(33, 33, 1)
(33, 34, 1)
(33, 35, 1)
(33, 36, 1)
(33, 37, 1)
(33, 38, 1)
(33, 39, 1)

(34, 0, 178)
(34, 1, 77)
(34, 2, 68)
(34, 3, 52)
(34, 4, 27)
(34, 5, 24)
(34, 6, 16)
(34, 7, 15)
(34, 8, 13)
(34, 9, 9)
(34, 10, 9)
(34, 11, 9)
(34, 12, 9)
(34, 13, 7)
(34, 14, 6)
(34, 15, 4)
(34, 16, 4)
(34, 17, 2)
(34, 18, 1)
(34, 19, 1)
(34, 20, 1)
(34, 21, 1)
(34, 22, 1)
(34, 23, 1)
(34, 24, 1)
(34, 25, 1)
(34, 26, 1)
(34, 27, 1)
(34, 28, 1)
(34, 29, 1)
(34, 30, 1)
(34, 31, 1)
(34, 32, 1)
(34, 33, 1)
(34, 34, 1)
(34, 35, 1)
(34, 36, 1)
(34, 37, 1)
(34, 38, 1)
(34, 39, 1)

(35, 0, 195)
(35, 1, 85)
(35, 2, 73)
(35, 3, 53)
(35, 4, 28)
(35, 5, 24)
(35, 6, 15)
(35, 7, 14)
(35, 8, 13)
(35, 9, 9)
(35, 10, 9)
(35, 11, 9)
(35, 12, 9)
(35, 13, 7)
(35, 14, 6)
(35, 15, 4)
(35, 16, 3)
(35, 17, 2)
(35, 18, 1)
(35, 19, 1)
(35, 20, 1)
(35, 21, 1)
(35, 22, 1)
(35, 23, 1)
(35, 24, 1)
(35, 25, 1)
(35, 26, 1)
(35, 27, 1)
(35, 28, 1)
(35, 29, 1)
(35, 30, 1)
(35, 31, 1)
(35, 32, 1)
(35, 33, 1)
(35, 34, 1)
(35, 35, 1)
(35, 36, 1)
(35, 37, 1)
(35, 38, 1)
(35, 39, 1)

(36, 0, 221)
(36, 1, 92)
(36, 2, 78)
(36, 3, 55)
(36, 4, 27)
(36, 5, 23)
(36, 6, 15)
(36, 7, 14)
(36, 8, 13)
(36, 9, 9)
(36, 10, 9)
(36, 11, 9)
(36, 12, 9)
(36, 13, 6)
(36, 14, 5)
(36, 15, 3)
(36, 16, 3)
(36, 17, 2)
(36, 18, 1)
(36, 19, 1)
(36, 20, 1)
(36, 21, 1)
(36, 22, 1)
(36, 23, 1)
(36, 24, 1)
(36, 25, 1)
(36, 26, 1)
(36, 27, 1)
(36, 28, 1)
(36, 29, 1)
(36, 30, 1)
(36, 31, 1)
(36, 32, 1)
(36, 33, 1)
(36, 34, 1)
(36, 35, 1)
(36, 36, 1)
(36, 37, 1)
(36, 38, 1)
(36, 39, 1)

(37, 0, 231)
(37, 1, 94)
(37, 2, 80)
(37, 3, 56)
(37, 4, 28)
(37, 5, 24)
(37, 6, 15)
(37, 7, 14)
(37, 8, 13)
(37, 9, 9)
(37, 10, 9)
(37, 11, 9)
(37, 12, 9)
(37, 13, 6)
(37, 14, 5)
(37, 15, 3)
(37, 16, 3)
(37, 17, 2)
(37, 18, 1)
(37, 19, 1)
(37, 20, 1)
(37, 21, 1)
(37, 22, 1)
(37, 23, 1)
(37, 24, 1)
(37, 25, 1)
(37, 26, 1)
(37, 27, 1)
(37, 28, 1)
(37, 29, 1)
(37, 30, 1)
(37, 31, 1)
(37, 32, 1)
(37, 33, 1)
(37, 34, 1)
(37, 35, 1)
(37, 36, 1)
(37, 37, 1)
(37, 38, 1)
(37, 39, 1)

(38, 0, 237)
(38, 1, 95)
(38, 2, 81)
(38, 3, 57)
(38, 4, 29)
(38, 5, 25)
(38, 6, 15)
(38, 7, 14)
(38, 8, 13)
(38, 9, 9)
(38, 10, 9)
(38, 11, 9)
(38, 12, 9)
(38, 13, 6)
(38, 14, 5)
(38, 15, 3)
(38, 16, 3)
(38, 17, 2)
(38, 18, 1)
(38, 19, 1)
(38, 20, 1)
(38, 21, 1)
(38, 22, 1)
(38, 23, 1)
(38, 24, 1)
(38, 25, 1)
(38, 26, 1)
(38, 27, 1)
(38, 28, 1)
(38, 29, 1)
(38, 30, 1)
(38, 31, 1)
(38, 32, 1)
(38, 33, 1)
(38, 34, 1)
(38, 35, 1)
(38, 36, 1)
(38, 37, 1)
(38, 38, 1)
(38, 39, 1)

(39, 0, 250)
(39, 1, 98)
(39, 2, 84)
(39, 3, 60)
(39, 4, 32)
(39, 5, 28)
(39, 6, 15)
(39, 7, 14)
(39, 8, 13)
(39, 9, 9)
(39, 10, 9)
(39, 11, 9)
(39, 12, 9)
(39, 13, 6)
(39, 14, 5)
(39, 15, 3)
(39, 16, 3)
(39, 17, 2)
(39, 18, 1)
(39, 19, 1)
(39, 20, 1)
(39, 21, 1)
(39, 22, 1)
(39, 23, 1)
(39, 24, 1)
(39, 25, 1)
(39, 26, 1)
(39, 27, 1)
(39, 28, 1)
(39, 29, 1)
(39, 30, 1)
(39, 31, 1)
(39, 32, 1)
(39, 33, 1)
(39, 34, 1)
(39, 35, 1)
(39, 36, 1)
(39, 37, 1)
(39, 38, 1)
(39, 39, 1)


Betti numbers:
xi_0:
(0, 0, 2)
(4, 0, 1)
(5, 0, 2)
(7, 0, 1)
(11, 0, 2)
(12, 0, 1)
(14, 0, 2)
(15, 0, 1)
(17, 0, 1)
(18, 0, 4)
(20, 0, 1)
(21, 0, 6)
(22, 0, 5)
(23, 0, 6)
(24, 0, 5)
(25, 0, 9)
(26, 0, 6)
(27, 0, 7)
(28, 0, 9)
(29, 0, 7)
(30, 0, 13)
(31, 0, 11)
(32, 0, 18)
(33, 0, 29)
(34, 0, 29)
(35, 0, 17)
(36, 0, 26)
(37, 0, 10)
(38, 0, 6)
(39, 0, 13)
xi_1:
(0, 3, 1)
(4, 9, 1)
(5, 1, 2)
(11, 1, 1)
(11, 9, 1)
(12, 1, 1)
(14, 18, 1)
(14, 34, 1)
(15, 5, 1)
(17, 4, 1)
(18, 5, 1)
(18, 6, 1)
(18, 15, 1)
(18, 17, 1)
(18, 28, 1)
(20, 4, 1)
(20, 25, 1)
(21, 1, 4)
(21, 9, 1)
(21, 13, 1)
(21, 15, 1)
(22, 1, 4)
(22, 2, 1)
(22, 14, 1)
(23, 1, 5)
(23, 3, 1)
(24, 1, 3)
(24, 3, 1)
(24, 15, 1)
(24, 26, 1)
(25, 1, 3)
(25, 3, 2)
(25, 4, 1)
(25, 5, 1)
(25, 7, 1)
(25, 19, 1)
(25, 34, 1)
(26, 1, 5)
(26, 3, 1)
(26, 6, 1)
(27, 1, 5)
(27, 2, 1)
(27, 3, 1)
(28, 1, 5)
(28, 4, 2)
(28, 7, 1)
(28, 8, 1)
(28, 15, 1)
(28, 29, 1)
(29, 1, 5)
(29, 4, 1)
(29, 6, 1)
(29, 8, 1)
(29, 19, 1)
(30, 1, 5)
(30, 3, 1)
(30, 4, 2)
(30, 5, 3)
(30, 7, 1)
(30, 9, 1)
(30, 10, 1)
(30, 11, 1)
(30, 15, 1)
(30, 18, 1)
(30, 23, 1)
(31, 1, 6)
(31, 2, 1)
(31, 3, 2)
(31, 4, 2)
(31, 5, 1)
(31, 6, 1)
(31, 7, 1)
(31, 8, 1)
(32, 1, 11)
(32, 2, 1)
(32, 3, 1)
(32, 4, 5)
(32, 5, 1)
(32, 6, 2)
(32, 8, 1)
(32, 12, 1)
(32, 13, 1)
(32, 17, 1)
(33, 1, 14)
(33, 2, 3)
(33, 3, 5)
(33, 4, 3)
(33, 5, 6)
(33, 6, 1)
(34, 1, 22)
(34, 2, 3)
(34, 4, 9)
(34, 6, 1)
(35, 1, 9)
(35, 2, 3)
(35, 3, 4)
(35, 5, 1)
(35, 6, 1)
(35, 16, 1)
(36, 1, 19)
(36, 2, 2)
(36, 3, 3)
(36, 4, 3)
(36, 5, 1)
(36, 13, 1)
(37, 1, 8)
(37, 3, 1)
(37, 6, 1)
(38, 1, 5)
(38, 6, 1)
(39, 1, 10)
(39, 6, 3)
xi_2:
(20, 28, 1)
(21, 15, 1)
(22, 15, 1)
(24, 34, 1)
(25, 26, 1)
(26, 7, 1)
(28, 2, 1)
(28, 34, 1)
(29, 7, 1)
(29, 25, 1)
(30, 4, 1)
(30, 8, 1)
(30, 19, 2)
(30, 29, 1)
(31, 5, 3)
(31, 11, 1)
(32, 5, 1)
(32, 7, 1)
(32, 8, 1)
(32, 10, 1)
(32, 15, 1)
(32, 18, 1)
(32, 23, 1)
(33, 4, 1)
(33, 5, 1)
(33, 12, 1)
(34, 5, 6)
(35, 8, 1)
(35, 17, 1)
(36, 5, 1)
(36, 6, 1)
(36, 16, 1)
