x-grades
-3197460372224448713/400000000000000000
-1572972310183906113/200000000000000000
-3094428868511175739/400000000000000000
-760728279163634813/100000000000000000
-598279472959580553/80000000000000000
-1469940806470633139/200000000000000000
-2888365861084629791/400000000000000000
-354606263653499163/50000000000000000
-2785334357371356817/400000000000000000
-273381860551472033/40000000000000000
-2682302853658083843/400000000000000000
-657696775450361839/100000000000000000
-2579271349944810869/400000000000000000
-1263877799044087191/200000000000000000
-495247969246307579/80000000000000000
-75772627949215669/12500000000000000
-2373208342518264921/400000000000000000
-1160846295330814217/200000000000000000
-2270176838804991947/400000000000000000
-110933054347417773/20000000000000000
-2167145335091718973/400000000000000000
-1057814791617541243/200000000000000000
-2064113831378445999/400000000000000000
-251574759940226189/50000000000000000
-78443293106606921/16000000000000000
-954783287904268269/200000000000000000
-1858050823951900051/400000000000000000
-451633768023815891/100000000000000000
-1755019320238627077/400000000000000000
-170350356838199059/40000000000000000
-1651987816525354103/400000000000000000
-100029504041794851/25000000000000000
-1548956312812081129/400000000000000000
-748720280477722321/200000000000000000
-289184961819761631/80000000000000000
-348602264310542917/100000000000000000
-1342893305385535181/400000000000000000
-645688776764449347/200000000000000000
-1239861801672262207/400000000000000000
-29708651245390643/10000000000000000

y-grades
999999/400000
999999/200000
2999997/400000
999999/100000
999999/80000
2999997/200000
6999993/400000
999999/50000
8999991/400000
999999/40000
10999989/400000
2999997/100000
12999987/400000
6999993/200000
2999997/80000
999999/25000
16999983/400000
8999991/200000
18999981/400000
999999/20000
20999979/400000
10999989/200000
22999977/400000
2999997/50000
999999/16000
12999987/200000
26999973/400000
6999993/100000
28999971/400000
2999997/40000
30999969/400000
999999/12500
32999967/400000
16999983/200000
6999993/80000
8999991/100000
36999963/400000
18999981/200000
38999961/400000
999999/10000

Dimensions > 0:
(0, 0, 5)
(0, 1, 5)
(0, 2, 5)
(0, 3, 5)
(0, 4, 5)
(0, 5, 5)
(0, 6, 5)
(0, 7, 5)
(0, 8, 5)
(0, 9, 5)
(0, 10, 5)
(0, 11, 1)
(0, 12, 1)
(0, 13, 1)
(0, 14, 1)
(0, 15, 1)
(0, 16, 1)
(0, 17, 1)
(0, 18, 1)
(0, 19, 1)
(0, 20, 1)
(0, 21, 1)
(0, 22, 1)
(0, 23, 1)
(0, 24, 1)
(0, 25, 1)
(0, 26, 1)
(0, 27, 1)
(0, 28, 1)
(0, 29, 1)
(0, 30, 1)
(0, 31, 1)
(0, 32, 1)
(0, 33, 1)
(0, 34, 1)
(0, 35, 1)
(0, 36, 1)
(0, 37, 1)
(0, 38, 1)
(0, 39, 1)

(1, 0, 11)
(1, 1, 11)
(1, 2, 11)
(1, 3, 7)
(1, 4, 7)
(1, 5, 7)
(1, 6, 7)
(1, 7, 7)
(1, 8, 7)
(1, 9, 7)
(1, 10, 7)
(1, 11, 1)
(1, 12, 1)
(1, 13, 1)
(1, 14, 1)
(1, 15, 1)
(1, 16, 1)
(1, 17, 1)
(1, 18, 1)
(1, 19, 1)
(1, 20, 1)
(1, 21, 1)
(1, 22, 1)
(1, 23, 1)
(1, 24, 1)
(1, 25, 1)
(1, 26, 1)
(1, 27, 1)
(1, 28, 1)
(1, 29, 1)
(1, 30, 1)
(1, 31, 1)
(1, 32, 1)
(1, 33, 1)
(1, 34, 1)
(1, 35, 1)
(1, 36, 1)
(1, 37, 1)
(1, 38, 1)
(1, 39, 1)

(2, 0, 18)
(2, 1, 18)
(2, 2, 18)
(2, 3, 11)
(2, 4, 11)
(2, 5, 11)
(2, 6, 11)
(2, 7, 7)
(2, 8, 7)
(2, 9, 7)
(2, 10, 7)
(2, 11, 1)
(2, 12, 1)
(2, 13, 1)
(2, 14, 1)
(2, 15, 1)
(2, 16, 1)
(2, 17, 1)
(2, 18, 1)
(2, 19, 1)
(2, 20, 1)
(2, 21, 1)
(2, 22, 1)
(2, 23, 1)
(2, 24, 1)
(2, 25, 1)
(2, 26, 1)
(2, 27, 1)
(2, 28, 1)
(2, 29, 1)
(2, 30, 1)
(2, 31, 1)
(2, 32, 1)
(2, 33, 1)
(2, 34, 1)
(2, 35, 1)
(2, 36, 1)
(2, 37, 1)
(2, 38, 1)
(2, 39, 1)

(3, 0, 28)
(3, 1, 28)
(3, 2, 28)
(3, 3, 19)
(3, 4, 17)
(3, 5, 17)
(3, 6, 17)
(3, 7, 5)
(3, 8, 5)
(3, 9, 5)
(3, 10, 5)
(3, 11, 2)
(3, 12, 2)
(3, 13, 2)
(3, 14, 2)
(3, 15, 2)
(3, 16, 2)
(3, 17, 2)
(3, 18, 2)
(3, 19, 2)
(3, 20, 2)
(3, 21, 2)
(3, 22, 2)
(3, 23, 2)
(3, 24, 2)
(3, 25, 2)
(3, 26, 2)
(3, 27, 2)
(3, 28, 2)
(3, 29, 2)
(3, 30, 2)
(3, 31, 2)
(3, 32, 2)
(3, 33, 2)
(3, 34, 2)
(3, 35, 2)
(3, 36, 2)
(3, 37, 2)
(3, 38, 2)
(3, 39, 2)

(4, 0, 43)
(4, 1, 43)
(4, 2, 43)
(4, 3, 29)
(4, 4, 25)
(4, 5, 25)
(4, 6, 24)
(4, 7, 9)
(4, 8, 9)
(4, 9, 9)
(4, 10, 9)
(4, 11, 5)
(4, 12, 5)
(4, 13, 5)
(4, 14, 5)
(4, 15, 5)
(4, 16, 5)
(4, 17, 5)
(4, 18, 5)
(4, 19, 5)
(4, 20, 5)
(4, 21, 5)
(4, 22, 5)
(4, 23, 3)
(4, 24, 3)
(4, 25, 3)
(4, 26, 3)
(4, 27, 3)
(4, 28, 3)
(4, 29, 3)
(4, 30, 2)
(4, 31, 2)
(4, 32, 2)
(4, 33, 2)
(4, 34, 2)
(4, 35, 2)
(4, 36, 2)
(4, 37, 2)
(4, 38, 2)
(4, 39, 2)

(5, 0, 53)
(5, 1, 53)
(5, 2, 53)
(5, 3, 35)
(5, 4, 31)
(5, 5, 31)
(5, 6, 30)
(5, 7, 13)
(5, 8, 13)
(5, 9, 13)
(5, 10, 13)
(5, 11, 6)
(5, 12, 5)
(5, 13, 5)
(5, 14, 5)
(5, 15, 5)
(5, 16, 5)
(5, 17, 5)
(5, 18, 5)
(5, 19, 5)
(5, 20, 5)
(5, 21, 5)
(5, 22, 5)
(5, 23, 3)
(5, 24, 3)
(5, 25, 3)
(5, 26, 3)
(5, 27, 2)
(5, 28, 2)
(5, 29, 2)
(5, 30, 2)
(5, 31, 2)
(5, 32, 2)
(5, 33, 2)
(5, 34, 2)
(5, 35, 2)
(5, 36, 2)
(5, 37, 2)
(5, 38, 2)
(5, 39, 2)

(6, 0, 66)
(6, 1, 66)
(6, 2, 66)
(6, 3, 40)
(6, 4, 36)
(6, 5, 34)
(6, 6, 34)
(6, 7, 15)
(6, 8, 15)
(6, 9, 15)
(6, 10, 15)
(6, 11, 3)
(6, 12, 3)
(6, 13, 3)
(6, 14, 3)
(6, 15, 3)
(6, 16, 3)
(6, 17, 3)
(6, 18, 3)
(6, 19, 3)
(6, 20, 3)
(6, 21, 3)
(6, 22, 3)
(6, 23, 3)
(6, 24, 3)
(6, 25, 3)
(6, 26, 3)
(6, 27, 2)
(6, 28, 2)
(6, 29, 2)
(6, 30, 2)
(6, 31, 2)
(6, 32, 2)
(6, 33, 2)
(6, 34, 2)
(6, 35, 2)
(6, 36, 2)
(6, 37, 2)
(6, 38, 2)
(6, 39, 2)

(7, 0, 81)
(7, 1, 80)
(7, 2, 80)
(7, 3, 51)
(7, 4, 47)
(7, 5, 44)
(7, 6, 37)
(7, 7, 7)
(7, 8, 7)
(7, 9, 7)
(7, 10, 7)
(7, 11, 3)
(7, 12, 3)
(7, 13, 3)
(7, 14, 3)
(7, 15, 3)
(7, 16, 3)
(7, 17, 3)
(7, 18, 3)
(7, 19, 3)
(7, 20, 3)
(7, 21, 3)
(7, 22, 3)
(7, 23, 3)
(7, 24, 3)
(7, 25, 3)
(7, 26, 3)
(7, 27, 2)
(7, 28, 2)
(7, 29, 2)
(7, 30, 2)
(7, 31, 2)
(7, 32, 2)
(7, 33, 2)
(7, 34, 2)
(7, 35, 2)
(7, 36, 2)
(7, 37, 2)
(7, 38, 2)
(7, 39, 2)

(8, 0, 88)
(8, 1, 87)
(8, 2, 87)
(8, 3, 54)
(8, 4, 50)
(8, 5, 47)
(8, 6, 39)
(8, 7, 6)
(8, 8, 4)
(8, 9, 4)
(8, 10, 4)
(8, 11, 3)
(8, 12, 3)
(8, 13, 3)
(8, 14, 3)
(8, 15, 3)
(8, 16, 3)
(8, 17, 3)
(8, 18, 3)
(8, 19, 3)
(8, 20, 3)
(8, 21, 3)
(8, 22, 3)
(8, 23, 3)
(8, 24, 3)
(8, 25, 3)
(8, 26, 3)
(8, 27, 2)
(8, 28, 2)
(8, 29, 2)
(8, 30, 2)
(8, 31, 2)
(8, 32, 2)
(8, 33, 2)
(8, 34, 2)
(8, 35, 2)
(8, 36, 2)
(8, 37, 2)
(8, 38, 2)
(8, 39, 2)

(9, 0, 101)
(9, 1, 99)
(9, 2, 99)
(9, 3, 60)
(9, 4, 54)
(9, 5, 51)
(9, 6, 43)
(9, 7, 7)
(9, 8, 4)
(9, 9, 4)
(9, 10, 4)
(9, 11, 4)
(9, 12, 4)
(9, 13, 4)
(9, 14, 4)
(9, 15, 4)
(9, 16, 4)
(9, 17, 4)
(9, 18, 4)
(9, 19, 4)
(9, 20, 4)
(9, 21, 4)
(9, 22, 4)
(9, 23, 4)
(9, 24, 3)
(9, 25, 3)
(9, 26, 3)
(9, 27, 3)
(9, 28, 3)
(9, 29, 2)
(9, 30, 2)
(9, 31, 2)
(9, 32, 2)
(9, 33, 2)
(9, 34, 2)
(9, 35, 2)
(9, 36, 2)
(9, 37, 2)
(9, 38, 2)
(9, 39, 2)

(10, 0, 103)
(10, 1, 101)
(10, 2, 101)
(10, 3, 62)
(10, 4, 56)
(10, 5, 53)
(10, 6, 45)
(10, 7, 9)
(10, 8, 6)
(10, 9, 6)
(10, 10, 6)
(10, 11, 6)
(10, 12, 6)
(10, 13, 6)
(10, 14, 6)
(10, 15, 6)
(10, 16, 6)
(10, 17, 6)
(10, 18, 6)
(10, 19, 6)
(10, 20, 6)
(10, 21, 6)
(10, 22, 5)
(10, 23, 3)
(10, 24, 3)
(10, 25, 3)
(10, 26, 3)
(10, 27, 3)
(10, 28, 3)
(10, 29, 2)
(10, 30, 2)
(10, 31, 2)
(10, 32, 2)
(10, 33, 2)
(10, 34, 2)
(10, 35, 2)
(10, 36, 2)
(10, 37, 2)
(10, 38, 2)
(10, 39, 2)

(11, 0, 105)
(11, 1, 103)
(11, 2, 103)
(11, 3, 64)
(11, 4, 58)
(11, 5, 55)
(11, 6, 47)
(11, 7, 11)
(11, 8, 8)
(11, 9, 7)
(11, 10, 7)
(11, 11, 6)
(11, 12, 6)
(11, 13, 6)
(11, 14, 6)
(11, 15, 6)
(11, 16, 6)
(11, 17, 6)
(11, 18, 6)
(11, 19, 6)
(11, 20, 6)
(11, 21, 6)
(11, 22, 5)
(11, 23, 3)
(11, 24, 3)
(11, 25, 3)
(11, 26, 3)
(11, 27, 3)
(11, 28, 3)
(11, 29, 2)
(11, 30, 2)
(11, 31, 2)
(11, 32, 2)
(11, 33, 2)
(11, 34, 2)
(11, 35, 2)
(11, 36, 2)
(11, 37, 2)
(11, 38, 2)
(11, 39, 2)

(12, 0, 106)
(12, 1, 104)
(12, 2, 103)
(12, 3, 64)
(12, 4, 58)
(12, 5, 55)
(12, 6, 47)
(12, 7, 11)
(12, 8, 8)
(12, 9, 7)
(12, 10, 7)
(12, 11, 6)
(12, 12, 6)
(12, 13, 6)
(12, 14, 6)
(12, 15, 6)
(12, 16, 6)
(12, 17, 6)
(12, 18, 6)
(12, 19, 6)
(12, 20, 5)
(12, 21, 5)
(12, 22, 4)
(12, 23, 3)
(12, 24, 3)
(12, 25, 3)
(12, 26, 3)
(12, 27, 3)
(12, 28, 3)
(12, 29, 2)
(12, 30, 2)
(12, 31, 2)
(12, 32, 2)
(12, 33, 2)
(12, 34, 2)
(12, 35, 2)
(12, 36, 2)
(12, 37, 2)
(12, 38, 2)
(12, 39, 2)

(13, 0, 108)
(13, 1, 105)
(13, 2, 104)
(13, 3, 65)
(13, 4, 59)
(13, 5, 56)
(13, 6, 48)
(13, 7, 12)
(13, 8, 8)
(13, 9, 7)
(13, 10, 7)
(13, 11, 6)
(13, 12, 6)
(13, 13, 6)
(13, 14, 6)
(13, 15, 6)
(13, 16, 6)
(13, 17, 6)
(13, 18, 6)
(13, 19, 6)
(13, 20, 5)
(13, 21, 5)
(13, 22, 4)
(13, 23, 3)
(13, 24, 3)
(13, 25, 3)
(13, 26, 3)
(13, 27, 3)
(13, 28, 3)
(13, 29, 2)
(13, 30, 2)
(13, 31, 2)
(13, 32, 2)
(13, 33, 2)
(13, 34, 2)
(13, 35, 2)
(13, 36, 2)
(13, 37, 2)
(13, 38, 2)
(13, 39, 2)

(14, 0, 109)
(14, 1, 106)
(14, 2, 105)
(14, 3, 66)
(14, 4, 60)
(14, 5, 57)
(14, 6, 49)
(14, 7, 13)
(14, 8, 9)
(14, 9, 8)
(14, 10, 8)
(14, 11, 7)
(14, 12, 7)
(14, 13, 7)
(14, 14, 7)
(14, 15, 7)
(14, 16, 7)
(14, 17, 7)
(14, 18, 7)
(14, 19, 7)
(14, 20, 6)
(14, 21, 6)
(14, 22, 5)
(14, 23, 4)
(14, 24, 4)
(14, 25, 4)
(14, 26, 4)
(14, 27, 4)
(14, 28, 3)
(14, 29, 2)
(14, 30, 2)
(14, 31, 2)
(14, 32, 2)
(14, 33, 2)
(14, 34, 2)
(14, 35, 2)
(14, 36, 2)
(14, 37, 2)
(14, 38, 2)
(14, 39, 2)

(15, 0, 111)
(15, 1, 108)
(15, 2, 106)
(15, 3, 67)
(15, 4, 61)
(15, 5, 58)
(15, 6, 50)
(15, 7, 14)
(15, 8, 10)
(15, 9, 9)
(15, 10, 9)
(15, 11, 8)
(15, 12, 8)
(15, 13, 8)
(15, 14, 8)
(15, 15, 8)
(15, 16, 8)
(15, 17, 8)
(15, 18, 7)
(15, 19, 7)
(15, 20, 7)
(15, 21, 7)
(15, 22, 6)
(15, 23, 4)
(15, 24, 4)
(15, 25, 4)
(15, 26, 4)
(15, 27, 4)
(15, 28, 3)
(15, 29, 2)
(15, 30, 2)
(15, 31, 2)
(15, 32, 2)
(15, 33, 2)
(15, 34, 2)
(15, 35, 2)
(15, 36, 2)
(15, 37, 2)
(15, 38, 2)
(15, 39, 2)

(16, 0, 111)
(16, 1, 108)
(16, 2, 106)
(16, 3, 67)
(16, 4, 61)
(16, 5, 58)
(16, 6, 50)
(16, 7, 14)
(16, 8, 10)
(16, 9, 9)
(16, 10, 9)
(16, 11, 8)
(16, 12, 8)
(16, 13, 8)
(16, 14, 8)
(16, 15, 8)
(16, 16, 8)
(16, 17, 8)
(16, 18, 7)
(16, 19, 7)
(16, 20, 7)
(16, 21, 7)
(16, 22, 6)
(16, 23, 4)
(16, 24, 4)
(16, 25, 4)
(16, 26, 4)
(16, 27, 4)
(16, 28, 3)
(16, 29, 2)
(16, 30, 2)
(16, 31, 2)
(16, 32, 2)
(16, 33, 2)
(16, 34, 2)
(16, 35, 2)
(16, 36, 2)
(16, 37, 2)
(16, 38, 2)
(16, 39, 2)

(17, 0, 112)
(17, 1, 109)
(17, 2, 106)
(17, 3, 67)
(17, 4, 61)
(17, 5, 58)
(17, 6, 50)
(17, 7, 14)
(17, 8, 10)
(17, 9, 9)
(17, 10, 9)
(17, 11, 8)
(17, 12, 8)
(17, 13, 8)
(17, 14, 8)
(17, 15, 8)
(17, 16, 8)
(17, 17, 8)
(17, 18, 7)
(17, 19, 7)
(17, 20, 7)
(17, 21, 7)
(17, 22, 6)
(17, 23, 4)
(17, 24, 4)
(17, 25, 4)
(17, 26, 4)
(17, 27, 4)
(17, 28, 3)
(17, 29, 2)
(17, 30, 2)
(17, 31, 2)
(17, 32, 2)
(17, 33, 2)
(17, 34, 2)
(17, 35, 2)
(17, 36, 2)
(17, 37, 2)
(17, 38, 2)
(17, 39, 2)

(18, 0, 117)
(18, 1, 113)
(18, 2, 108)
(18, 3, 69)
(18, 4, 63)
(18, 5, 60)
(18, 6, 52)
(18, 7, 16)
(18, 8, 12)
(18, 9, 11)
(18, 10, 11)
(18, 11, 10)
(18, 12, 10)
(18, 13, 9)
(18, 14, 9)
(18, 15, 9)
(18, 16, 9)
(18, 17, 9)
(18, 18, 6)
(18, 19, 6)
(18, 20, 6)
(18, 21, 6)
(18, 22, 6)
(18, 23, 4)
(18, 24, 4)
(18, 25, 4)
(18, 26, 4)
(18, 27, 4)
(18, 28, 3)
(18, 29, 2)
(18, 30, 2)
(18, 31, 2)
(18, 32, 2)
(18, 33, 2)
(18, 34, 2)
(18, 35, 2)
(18, 36, 2)
(18, 37, 2)
(18, 38, 2)
(18, 39, 2)

(19, 0, 121)
(19, 1, 116)
(19, 2, 111)
(19, 3, 72)
(19, 4, 66)
(19, 5, 63)
(19, 6, 53)
(19, 7, 17)
(19, 8, 13)
(19, 9, 12)
(19, 10, 12)
(19, 11, 10)
(19, 12, 9)
(19, 13, 9)
(19, 14, 9)
(19, 15, 9)
(19, 16, 9)
(19, 17, 9)
(19, 18, 6)
(19, 19, 6)
(19, 20, 6)
(19, 21, 6)
(19, 22, 6)
(19, 23, 5)
(19, 24, 5)
(19, 25, 5)
(19, 26, 5)
(19, 27, 4)
(19, 28, 3)
(19, 29, 2)
(19, 30, 2)
(19, 31, 2)
(19, 32, 2)
(19, 33, 2)
(19, 34, 2)
(19, 35, 2)
(19, 36, 2)
(19, 37, 2)
(19, 38, 2)
(19, 39, 2)

(20, 0, 129)
(20, 1, 119)
(20, 2, 112)
(20, 3, 73)
(20, 4, 67)
(20, 5, 64)
(20, 6, 54)
(20, 7, 18)
(20, 8, 14)
(20, 9, 13)
(20, 10, 13)
(20, 11, 11)
(20, 12, 10)
(20, 13, 10)
(20, 14, 10)
(20, 15, 10)
(20, 16, 10)
(20, 17, 10)
(20, 18, 7)
(20, 19, 7)
(20, 20, 7)
(20, 21, 7)
(20, 22, 7)
(20, 23, 5)
(20, 24, 5)
(20, 25, 4)
(20, 26, 4)
(20, 27, 3)
(20, 28, 2)
(20, 29, 1)
(20, 30, 1)
(20, 31, 1)
(20, 32, 1)
(20, 33, 1)
(20, 34, 1)
(20, 35, 1)
(20, 36, 1)
(20, 37, 1)
(20, 38, 1)
(20, 39, 1)

(21, 0, 136)
(21, 1, 121)
(21, 2, 112)
(21, 3, 73)
(21, 4, 67)
(21, 5, 64)
(21, 6, 54)
(21, 7, 18)
(21, 8, 14)
(21, 9, 13)
(21, 10, 13)
(21, 11, 11)
(21, 12, 10)
(21, 13, 10)
(21, 14, 10)
(21, 15, 10)
(21, 16, 10)
(21, 17, 10)
(21, 18, 7)
(21, 19, 7)
(21, 20, 7)
(21, 21, 7)
(21, 22, 7)
(21, 23, 5)
(21, 24, 5)
(21, 25, 4)
(21, 26, 4)
(21, 27, 3)
(21, 28, 2)
(21, 29, 1)
(21, 30, 1)
(21, 31, 1)
(21, 32, 1)
(21, 33, 1)
(21, 34, 1)
(21, 35, 1)
(21, 36, 1)
(21, 37, 1)
(21, 38, 1)
(21, 39, 1)

(22, 0, 141)
(22, 1, 123)
(22, 2, 112)
(22, 3, 73)
(22, 4, 67)
(22, 5, 64)
(22, 6, 54)
(22, 7, 18)
(22, 8, 14)
(22, 9, 13)
(22, 10, 13)
(22, 11, 11)
(22, 12, 10)
(22, 13, 10)
(22, 14, 10)
(22, 15, 10)
(22, 16, 10)
(22, 17, 10)
(22, 18, 7)
(22, 19, 7)
(22, 20, 7)
(22, 21, 7)
(22, 22, 7)
(22, 23, 5)
(22, 24, 5)
(22, 25, 4)
(22, 26, 4)
(22, 27, 3)
(22, 28, 2)
(22, 29, 1)
(22, 30, 1)
(22, 31, 1)
(22, 32, 1)
(22, 33, 1)
(22, 34, 1)
(22, 35, 1)
(22, 36, 1)
(22, 37, 1)
(22, 38, 1)
(22, 39, 1)

(23, 0, 143)
(23, 1, 125)
(23, 2, 113)
(23, 3, 74)
(23, 4, 67)
(23, 5, 64)
(23, 6, 54)
(23, 7, 18)
(23, 8, 14)
(23, 9, 13)
(23, 10, 13)
(23, 11, 11)
(23, 12, 10)
(23, 13, 10)
(23, 14, 10)
(23, 15, 10)
(23, 16, 10)
(23, 17, 10)
(23, 18, 7)
(23, 19, 7)
(23, 20, 7)
(23, 21, 7)
(23, 22, 7)
(23, 23, 5)
(23, 24, 5)
(23, 25, 4)
(23, 26, 4)
(23, 27, 3)
(23, 28, 2)
(23, 29, 1)
(23, 30, 1)
(23, 31, 1)
(23, 32, 1)
(23, 33, 1)
(23, 34, 1)
(23, 35, 1)
(23, 36, 1)
(23, 37, 1)
(23, 38, 1)
(23, 39, 1)

(24, 0, 146)
(24, 1, 128)
(24, 2, 116)
(24, 3, 77)
(24, 4, 69)
(24, 5, 65)
(24, 6, 54)
(24, 7, 18)
(24, 8, 14)
(24, 9, 13)
(24, 10, 13)
(24, 11, 11)
(24, 12, 10)
(24, 13, 10)
(24, 14, 10)
(24, 15, 10)
(24, 16, 10)
(24, 17, 10)
(24, 18, 7)
(24, 19, 7)
(24, 20, 7)
(24, 21, 7)
(24, 22, 7)
(24, 23, 5)
(24, 24, 5)
(24, 25, 4)
(24, 26, 4)
(24, 27, 3)
(24, 28, 2)
(24, 29, 1)
(24, 30, 1)
(24, 31, 1)
(24, 32, 1)
(24, 33, 1)
(24, 34, 1)
(24, 35, 1)
(24, 36, 1)
(24, 37, 1)
(24, 38, 1)
(24, 39, 1)

(25, 0, 151)
(25, 1, 130)
(25, 2, 117)
(25, 3, 77)
(25, 4, 69)
(25, 5, 65)
(25, 6, 54)
(25, 7, 18)
(25, 8, 14)
(25, 9, 13)
(25, 10, 13)
(25, 11, 11)
(25, 12, 10)
(25, 13, 10)
(25, 14, 10)
(25, 15, 10)
(25, 16, 10)
(25, 17, 10)
(25, 18, 7)
(25, 19, 7)
(25, 20, 7)
(25, 21, 7)
(25, 22, 7)
(25, 23, 5)
(25, 24, 5)
(25, 25, 4)
(25, 26, 4)
(25, 27, 3)
(25, 28, 2)
(25, 29, 1)
(25, 30, 1)
(25, 31, 1)
(25, 32, 1)
(25, 33, 1)
(25, 34, 1)
(25, 35, 1)
(25, 36, 1)
(25, 37, 1)
(25, 38, 1)
(25, 39, 1)

(26, 0, 163)
(26, 1, 136)
(26, 2, 118)
(26, 3, 78)
(26, 4, 69)
(26, 5, 64)
(26, 6, 54)
(26, 7, 18)
(26, 8, 14)
(26, 9, 13)
(26, 10, 13)
(26, 11, 11)
(26, 12, 10)
(26, 13, 10)
(26, 14, 10)
(26, 15, 10)
(26, 16, 10)
(26, 17, 10)
(26, 18, 7)
(26, 19, 7)
(26, 20, 7)
(26, 21, 7)
(26, 22, 7)
(26, 23, 5)
(26, 24, 5)
(26, 25, 4)
(26, 26, 4)
(26, 27, 3)
(26, 28, 2)
(26, 29, 1)
(26, 30, 1)
(26, 31, 1)
(26, 32, 1)
(26, 33, 1)
(26, 34, 1)
(26, 35, 1)
(26, 36, 1)
(26, 37, 1)
(26, 38, 1)
(26, 39, 1)

(27, 0, 188)
(27, 1, 143)
(27, 2, 120)
(27, 3, 79)
(27, 4, 69)
(27, 5, 65)
(27, 6, 55)
(27, 7, 19)
(27, 8, 15)
(27, 9, 14)
(27, 10, 14)
(27, 11, 12)
(27, 12, 11)
(27, 13, 11)
(27, 14, 11)
(27, 15, 11)
(27, 16, 11)
(27, 17, 11)
(27, 18, 8)
(27, 19, 8)
(27, 20, 8)
(27, 21, 8)
(27, 22, 8)
(27, 23, 5)
(27, 24, 5)
(27, 25, 4)
(27, 26, 4)
(27, 27, 3)
(27, 28, 2)
(27, 29, 2)
(27, 30, 2)
(27, 31, 2)
(27, 32, 2)
(27, 33, 2)
(27, 34, 2)
(27, 35, 2)
(27, 36, 2)
(27, 37, 2)
(27, 38, 2)
(27, 39, 2)

(28, 0, 199)
(28, 1, 147)
(28, 2, 123)
(28, 3, 82)
(28, 4, 69)
(28, 5, 65)
(28, 6, 55)
(28, 7, 19)
(28, 8, 15)
(28, 9, 14)
(28, 10, 14)
(28, 11, 12)
(28, 12, 11)
(28, 13, 11)
(28, 14, 11)
(28, 15, 11)
(28, 16, 11)
(28, 17, 11)
(28, 18, 8)
(28, 19, 8)
(28, 20, 8)
(28, 21, 8)
(28, 22, 8)
(28, 23, 5)
(28, 24, 5)
(28, 25, 4)
(28, 26, 4)
(28, 27, 3)
(28, 28, 2)
(28, 29, 2)
(28, 30, 2)
(28, 31, 2)
(28, 32, 2)
(28, 33, 2)
(28, 34, 2)
(28, 35, 2)
(28, 36, 2)
(28, 37, 2)
(28, 38, 2)
(28, 39, 2)

(29, 0, 211)
(29, 1, 154)
(29, 2, 126)
(29, 3, 82)
(29, 4, 70)
(29, 5, 65)
(29, 6, 55)
(29, 7, 19)
(29, 8, 15)
(29, 9, 14)
(29, 10, 14)
(29, 11, 12)
(29, 12, 11)
(29, 13, 11)
(29, 14, 11)
(29, 15, 11)
(29, 16, 11)
(29, 17, 11)
(29, 18, 8)
(29, 19, 8)
(29, 20, 8)
(29, 21, 8)
(29, 22, 8)
(29, 23, 5)
(29, 24, 5)
(29, 25, 4)
(29, 26, 4)
(29, 27, 3)
(29, 28, 2)
(29, 29, 2)
(29, 30, 2)
(29, 31, 2)
(29, 32, 2)
(29, 33, 2)
(29, 34, 2)
(29, 35, 2)
(29, 36, 2)
(29, 37, 2)
(29, 38, 2)
(29, 39, 2)

(30, 0, 215)
(30, 1, 154)
(30, 2, 125)
(30, 3, 81)
(30, 4, 69)
(30, 5, 65)
(30, 6, 55)
(30, 7, 19)
(30, 8, 15)
(30, 9, 14)
(30, 10, 14)
(30, 11, 12)
(30, 12, 11)
(30, 13, 11)
(30, 14, 11)
(30, 15, 11)
(30, 16, 11)
(30, 17, 11)
(30, 18, 8)
(30, 19, 8)
(30, 20, 8)
(30, 21, 8)
(30, 22, 8)
(30, 23, 5)
(30, 24, 5)
(30, 25, 4)
(30, 26, 4)
(30, 27, 3)
(30, 28, 2)
(30, 29, 2)
(30, 30, 2)
(30, 31, 2)
(30, 32, 2)
(30, 33, 2)
(30, 34, 2)
(30, 35, 2)
(30, 36, 2)
(30, 37, 2)
(30, 38, 2)
(30, 39, 2)

(31, 0, 215)
(31, 1, 154)
(31, 2, 125)
(31, 3, 81)
(31, 4, 69)
(31, 5, 65)
(31, 6, 55)
(31, 7, 19)
(31, 8, 15)
(31, 9, 14)
(31, 10, 14)
(31, 11, 12)
(31, 12, 11)
(31, 13, 11)
(31, 14, 11)
(31, 15, 11)
(31, 16, 11)
(31, 17, 11)
(31, 18, 8)
(31, 19, 8)
(31, 20, 8)
(31, 21, 8)
(31, 22, 8)
(31, 23, 5)
(31, 24, 5)
(31, 25, 4)
(31, 26, 4)
(31, 27, 3)
(31, 28, 2)
(31, 29, 2)
(31, 30, 2)
(31, 31, 2)
(31, 32, 2)
(31, 33, 2)
(31, 34, 2)
(31, 35, 2)
(31, 36, 2)
(31, 37, 2)
(31, 38, 2)
(31, 39, 2)

(32, 0, 219)
(32, 1, 157)
(32, 2, 127)
(32, 3, 83)
(32, 4, 71)
(32, 5, 67)
(32, 6, 57)
(32, 7, 20)
(32, 8, 16)
(32, 9, 15)
(32, 10, 15)
(32, 11, 13)
(32, 12, 12)
(32, 13, 12)
(32, 14, 12)
(32, 15, 12)
(32, 16, 12)
(32, 17, 12)
(32, 18, 9)
(32, 19, 9)
(32, 20, 9)
(32, 21, 9)
(32, 22, 9)
(32, 23, 5)
(32, 24, 5)
(32, 25, 4)
(32, 26, 4)
(32, 27, 3)
(32, 28, 1)
(32, 29, 1)
(32, 30, 1)
(32, 31, 1)
(32, 32, 1)
(32, 33, 1)
(32, 34, 1)
(32, 35, 1)
(32, 36, 1)
(32, 37, 1)
(32, 38, 1)
(32, 39, 1)

(33, 0, 219)
(33, 1, 156)
(33, 2, 127)
(33, 3, 83)
(33, 4, 71)
(33, 5, 67)
(33, 6, 57)
(33, 7, 20)
(33, 8, 16)
(33, 9, 15)
(33, 10, 15)
(33, 11, 13)
(33, 12, 12)
(33, 13, 12)
(33, 14, 12)
(33, 15, 12)
(33, 16, 12)
(33, 17, 12)
(33, 18, 9)
(33, 19, 9)
(33, 20, 9)
(33, 21, 9)
(33, 22, 9)
(33, 23, 5)
(33, 24, 5)
(33, 25, 4)
(33, 26, 4)
(33, 27, 3)
(33, 28, 1)
(33, 29, 1)
(33, 30, 1)
(33, 31, 1)
(33, 32, 1)
(33, 33, 1)
(33, 34, 1)
(33, 35, 1)
(33, 36, 1)
(33, 37, 1)
(33, 38, 1)
(33, 39, 1)

(34, 0, 219)
(34, 1, 156)
(34, 2, 127)
(34, 3, 83)
(34, 4, 71)
(34, 5, 67)
(34, 6, 57)
(34, 7, 20)
(34, 8, 16)
(34, 9, 15)
(34, 10, 15)
(34, 11, 13)
(34, 12, 12)
(34, 13, 12)
(34, 14, 12)
(34, 15, 12)
(34, 16, 12)
(34, 17, 12)
(34, 18, 9)
(34, 19, 9)
(34, 20, 9)
(34, 21, 9)
(34, 22, 9)
(34, 23, 5)
(34, 24, 5)
(34, 25, 4)
(34, 26, 4)
(34, 27, 2)
(34, 28, 1)
(34, 29, 1)
(34, 30, 1)
(34, 31, 1)
(34, 32, 1)
(34, 33, 1)
(34, 34, 1)
(34, 35, 1)
(34, 36, 1)
(34, 37, 1)
(34, 38, 1)
(34, 39, 1)

(35, 0, 220)
(35, 1, 157)
(35, 2, 128)
(35, 3, 84)
(35, 4, 72)
(35, 5, 68)
(35, 6, 58)
(35, 7, 21)
(35, 8, 17)
(35, 9, 16)
(35, 10, 15)
(35, 11, 13)
(35, 12, 12)
(35, 13, 12)
(35, 14, 12)
(35, 15, 12)
(35, 16, 12)
(35, 17, 12)
(35, 18, 9)
(35, 19, 8)
(35, 20, 8)
(35, 21, 8)
(35, 22, 8)
(35, 23, 4)
(35, 24, 4)
(35, 25, 3)
(35, 26, 3)
(35, 27, 2)
(35, 28, 1)
(35, 29, 1)
(35, 30, 1)
(35, 31, 1)
(35, 32, 1)
(35, 33, 1)
(35, 34, 1)
(35, 35, 1)
(35, 36, 1)
(35, 37, 1)
(35, 38, 1)
(35, 39, 1)

(36, 0, 220)
(36, 1, 157)
(36, 2, 128)
(36, 3, 84)
(36, 4, 72)
(36, 5, 68)
(36, 6, 58)
(36, 7, 21)
(36, 8, 17)
(36, 9, 16)
(36, 10, 15)
(36, 11, 13)
(36, 12, 12)
(36, 13, 12)
(36, 14, 12)
(36, 15, 12)
(36, 16, 12)
(36, 17, 12)
(36, 18, 8)
(36, 19, 8)
(36, 20, 8)
(36, 21, 8)
(36, 22, 8)
(36, 23, 4)
(36, 24, 4)
(36, 25, 3)
(36, 26, 3)
(36, 27, 2)
(36, 28, 1)
(36, 29, 1)
(36, 30, 1)
(36, 31, 1)
(36, 32, 1)
(36, 33, 1)
(36, 34, 1)
(36, 35, 1)
(36, 36, 1)
(36, 37, 1)
(36, 38, 1)
(36, 39, 1)

(37, 0, 220)
(37, 1, 157)
(37, 2, 128)
(37, 3, 84)
(37, 4, 72)
(37, 5, 68)
(37, 6, 58)
(37, 7, 21)
(37, 8, 17)
(37, 9, 16)
(37, 10, 15)
(37, 11, 13)
(37, 12, 12)
(37, 13, 12)
(37, 14, 12)
(37, 15, 12)
(37, 16, 12)
(37, 17, 11)
(37, 18, 8)
(37, 19, 8)
(37, 20, 8)
(37, 21, 8)
(37, 22, 8)
(37, 23, 4)
(37, 24, 4)
(37, 25, 3)
(37, 26, 3)
(37, 27, 2)
(37, 28, 1)
(37, 29, 1)
(37, 30, 1)
(37, 31, 1)
(37, 32, 1)
(37, 33, 1)
(37, 34, 1)
(37, 35, 1)
(37, 36, 1)
(37, 37, 1)
(37, 38, 1)
(37, 39, 1)

(38, 0, 222)
(38, 1, 158)
(38, 2, 129)
(38, 3, 85)
(38, 4, 73)
(38, 5, 69)
(38, 6, 59)
(38, 7, 21)
(38, 8, 17)
(38, 9, 16)
(38, 10, 15)
(38, 11, 13)
(38, 12, 12)
(38, 13, 12)
(38, 14, 12)
(38, 15, 12)
(38, 16, 11)
(38, 17, 11)
(38, 18, 8)
(38, 19, 8)
(38, 20, 8)
(38, 21, 8)
(38, 22, 8)
(38, 23, 4)
(38, 24, 4)
(38, 25, 3)
(38, 26, 3)
(38, 27, 2)
(38, 28, 1)
(38, 29, 1)
(38, 30, 1)
(38, 31, 1)
(38, 32, 1)
(38, 33, 1)
(38, 34, 1)
(38, 35, 1)
(38, 36, 1)
(38, 37, 1)
(38, 38, 1)
(38, 39, 1)

(39, 0, 221)
(39, 1, 157)
(39, 2, 128)
(39, 3, 84)
(39, 4, 72)
(39, 5, 68)
(39, 6, 58)
(39, 7, 21)
(39, 8, 17)
(39, 9, 16)
(39, 10, 15)
(39, 11, 13)
(39, 12, 12)
(39, 13, 12)
(39, 14, 12)
(39, 15, 11)
(39, 16, 11)
(39, 17, 11)
(39, 18, 8)
(39, 19, 8)
(39, 20, 8)
(39, 21, 8)
(39, 22, 8)
(39, 23, 4)
(39, 24, 4)
(39, 25, 3)
(39, 26, 3)
(39, 27, 2)
(39, 28, 1)
(39, 29, 1)
(39, 30, 1)
(39, 31, 1)
(39, 32, 1)
(39, 33, 1)
(39, 34, 1)
(39, 35, 1)
(39, 36, 1)
(39, 37, 1)
(39, 38, 1)
(39, 39, 1)


Betti numbers:
xi_0:
(0, 0, 5)
(1, 0, 6)
(2, 0, 7)
(3, 0, 10)
(4, 0, 15)
(5, 0, 10)
(6, 0, 13)
(7, 0, 15)
(8, 0, 7)
(9, 0, 13)
(10, 0, 2)
(11, 0, 2)
(12, 0, 1)
(13, 0, 2)
(14, 0, 1)
(15, 0, 2)
(17, 0, 1)
(18, 0, 5)
(19, 0, 5)
(20, 0, 8)
(21, 0, 7)
(22, 0, 5)
(23, 0, 2)
(24, 0, 3)
(25, 0, 5)
(26, 0, 12)
(27, 0, 25)
(28, 0, 11)
(29, 0, 12)
(30, 0, 4)
(32, 0, 4)
(35, 0, 1)
(38, 0, 2)
xi_1:
(0, 11, 4)
(1, 3, 4)
(1, 11, 2)
(2, 3, 3)
(2, 7, 4)
(2, 11, 2)
(3, 3, 2)
(3, 4, 2)
(3, 7, 8)
(3, 11, 1)
(4, 3, 5)
(4, 4, 2)
(4, 6, 1)
(4, 7, 3)
(4, 11, 3)
(4, 23, 2)
(4, 30, 1)
(5, 3, 4)
(5, 7, 2)
(5, 11, 4)
(5, 12, 1)
(5, 23, 1)
(5, 27, 1)
(6, 3, 8)
(6, 5, 2)
(6, 7, 2)
(6, 11, 6)
(7, 1, 1)
(7, 3, 3)
(7, 5, 1)
(7, 6, 7)
(7, 7, 11)
(8, 3, 4)
(8, 6, 1)
(8, 7, 3)
(8, 8, 2)
(9, 1, 1)
(9, 3, 6)
(9, 4, 2)
(9, 7, 3)
(9, 8, 1)
(9, 24, 1)
(9, 29, 1)
(10, 22, 1)
(10, 23, 2)
(11, 9, 1)
(11, 11, 1)
(12, 2, 1)
(12, 20, 1)
(13, 1, 1)
(13, 8, 1)
(14, 28, 1)
(15, 2, 1)
(15, 18, 1)
(15, 23, 1)
(17, 2, 1)
(18, 1, 1)
(18, 2, 2)
(18, 13, 1)
(18, 18, 2)
(19, 0, 1)
(19, 1, 2)
(19, 6, 2)
(19, 11, 1)
(19, 12, 1)
(19, 27, 1)
(20, 1, 5)
(20, 2, 2)
(20, 23, 1)
(20, 25, 1)
(21, 1, 5)
(21, 2, 2)
(22, 1, 3)
(22, 2, 2)
(23, 2, 1)
(23, 4, 1)
(24, 4, 1)
(24, 5, 1)
(24, 6, 1)
(25, 1, 3)
(25, 2, 1)
(25, 3, 1)
(26, 1, 6)
(26, 2, 5)
(26, 4, 1)
(26, 5, 1)
(27, 1, 18)
(27, 2, 5)
(27, 3, 1)
(27, 4, 1)
(27, 23, 1)
(28, 1, 7)
(28, 2, 1)
(28, 4, 3)
(29, 1, 5)
(29, 2, 4)
(29, 3, 3)
(29, 5, 1)
(30, 1, 4)
(30, 2, 2)
(32, 1, 1)
(32, 2, 1)
(32, 7, 1)
(32, 23, 1)
(32, 28, 1)
(33, 1, 1)
(34, 27, 1)
(35, 10, 1)
(35, 19, 1)
(36, 18, 1)
(37, 17, 1)
(38, 1, 1)
(38, 7, 1)
(38, 16, 1)
(39, 0, 1)
(39, 15, 1)
xi_2:
(2, 11, 2)
(3, 11, 4)
(4, 11, 2)
(5, 11, 1)
(5, 23, 1)
(5, 30, 1)
(6, 6, 1)
(6, 11, 1)
(6, 12, 1)
(6, 23, 2)
(7, 11, 8)
(8, 11, 3)
(9, 11, 1)
(9, 27, 1)
(10, 24, 1)
(12, 23, 1)
(15, 20, 1)
(18, 22, 1)
(19, 1, 1)
(19, 13, 1)
(19, 23, 1)
(26, 6, 1)
(27, 5, 1)
(27, 29, 1)
(29, 4, 1)
(30, 2, 1)
(30, 5, 1)
(33, 2, 1)
(34, 28, 1)
(35, 27, 1)
(36, 19, 1)
(37, 18, 1)
(38, 17, 1)
(39, 7, 1)
(39, 16, 1)
