x-grades
-12814391163671211/10000000000000000
-6268870054096231/5000000000000000
-12261089052713713/10000000000000000
-2996109499308741/2500000000000000
-2341557388351243/2000000000000000
-5715567943138733/5000000000000000
-11154484830798717/10000000000000000
-339932305478749/312500000000000
-10601182719841219/10000000000000000
-1032453166436247/1000000000000000
-10047880608883721/10000000000000000
-2442807388351243/2500000000000000
-9494578497926223/10000000000000000
-4608963721223737/5000000000000000
-357651055478749/400000000000000
-1083078166436247/1250000000000000
-8387974276011227/10000000000000000
-4055661610266239/5000000000000000
-7834672165053729/10000000000000000
-377901055478749/500000000000000
-7281370054096231/10000000000000000
-3502359499308741/5000000000000000
-6728067943138733/10000000000000000
-403213555478749/625000000000000
-1234953166436247/2000000000000000
-2949057388351243/5000000000000000
-5621463721223737/10000000000000000
-1336203166436247/2500000000000000
-5068161610266239/10000000000000000
-479151055478749/1000000000000000
-4514859499308741/10000000000000000
-529776055478749/1250000000000000
-3961557388351243/10000000000000000
-1842453166436247/5000000000000000
-681651055478749/2000000000000000
-782901055478749/2500000000000000
-2854953166436247/10000000000000000
-1289151055478749/5000000000000000
-2301651055478749/10000000000000000
-81/400

y-grades
3304217/2000000
3304217/1000000
9912651/2000000
3304217/500000
3304217/400000
9912651/1000000
23129519/2000000
3304217/250000
29737953/2000000
3304217/200000
36346387/2000000
9912651/500000
42954821/2000000
23129519/1000000
9912651/400000
3304217/125000
56171689/2000000
29737953/1000000
62780123/2000000
3304217/100000
69388557/2000000
36346387/1000000
75996991/2000000
9912651/250000
3304217/80000
42954821/1000000
89213859/2000000
23129519/500000
95822293/2000000
9912651/200000
102430727/2000000
3304217/62500
109039161/2000000
56171689/1000000
23129519/400000
29737953/500000
122256029/2000000
62780123/1000000
128864463/2000000
3304217/50000

Dimensions > 0:
(0, 0, 2)
(0, 1, 2)
(0, 2, 2)
(0, 3, 2)
(0, 4, 2)
(0, 5, 2)
(0, 6, 2)
(0, 7, 2)
(0, 8, 2)
(0, 9, 2)
(0, 10, 2)
(0, 11, 2)
(0, 12, 2)
(0, 13, 2)
(0, 14, 2)
(0, 15, 2)
(0, 16, 1)
(0, 17, 1)
(0, 18, 1)
(0, 19, 1)
(0, 20, 1)
(0, 21, 1)
(0, 22, 1)
(0, 23, 1)
(0, 24, 1)
(0, 25, 1)
(0, 26, 1)
(0, 27, 1)
(0, 28, 1)
(0, 29, 1)
(0, 30, 1)
(0, 31, 1)
(0, 32, 1)
(0, 33, 1)
(0, 34, 1)
(0, 35, 1)
(0, 36, 1)
(0, 37, 1)
(0, 38, 1)
(0, 39, 1)

(1, 0, 6)
(1, 1, 2)
(1, 2, 2)
(1, 3, 2)
(1, 4, 2)
(1, 5, 2)
(1, 6, 2)
(1, 7, 2)
(1, 8, 2)
(1, 9, 2)
(1, 10, 2)
(1, 11, 2)
(1, 12, 2)
(1, 13, 2)
(1, 14, 2)
(1, 15, 2)
(1, 16, 1)
(1, 17, 1)
(1, 18, 1)
(1, 19, 1)
(1, 20, 1)
(1, 21, 1)
(1, 22, 1)
(1, 23, 1)
(1, 24, 1)
(1, 25, 1)
(1, 26, 1)
(1, 27, 1)
(1, 28, 1)
(1, 29, 1)
(1, 30, 1)
(1, 31, 1)
(1, 32, 1)
(1, 33, 1)
(1, 34, 1)
(1, 35, 1)
(1, 36, 1)
(1, 37, 1)
(1, 38, 1)
(1, 39, 1)

(2, 0, 7)
(2, 1, 3)
(2, 2, 3)
(2, 3, 3)
(2, 4, 3)
(2, 5, 3)
(2, 6, 3)
(2, 7, 3)
(2, 8, 3)
(2, 9, 3)
(2, 10, 3)
(2, 11, 3)
(2, 12, 3)
(2, 13, 3)
(2, 14, 3)
(2, 15, 2)
(2, 16, 2)
(2, 17, 2)
(2, 18, 2)
(2, 19, 2)
(2, 20, 2)
(2, 21, 2)
(2, 22, 2)
(2, 23, 2)
(2, 24, 2)
(2, 25, 2)
(2, 26, 2)
(2, 27, 2)
(2, 28, 2)
(2, 29, 2)
(2, 30, 1)
(2, 31, 1)
(2, 32, 1)
(2, 33, 1)
(2, 34, 1)
(2, 35, 1)
(2, 36, 1)
(2, 37, 1)
(2, 38, 1)
(2, 39, 1)

(3, 0, 15)
(3, 1, 6)
(3, 2, 5)
(3, 3, 4)
(3, 4, 4)
(3, 5, 4)
(3, 6, 3)
(3, 7, 3)
(3, 8, 3)
(3, 9, 3)
(3, 10, 3)
(3, 11, 3)
(3, 12, 3)
(3, 13, 3)
(3, 14, 3)
(3, 15, 3)
(3, 16, 2)
(3, 17, 2)
(3, 18, 2)
(3, 19, 2)
(3, 20, 2)
(3, 21, 2)
(3, 22, 2)
(3, 23, 2)
(3, 24, 2)
(3, 25, 2)
(3, 26, 2)
(3, 27, 2)
(3, 28, 2)
(3, 29, 1)
(3, 30, 1)
(3, 31, 1)
(3, 32, 1)
(3, 33, 1)
(3, 34, 1)
(3, 35, 1)
(3, 36, 1)
(3, 37, 1)
(3, 38, 1)
(3, 39, 1)

(4, 0, 17)
(4, 1, 7)
(4, 2, 4)
(4, 3, 3)
(4, 4, 3)
(4, 5, 3)
(4, 6, 3)
(4, 7, 3)
(4, 8, 3)
(4, 9, 3)
(4, 10, 3)
(4, 11, 3)
(4, 12, 3)
(4, 13, 3)
(4, 14, 3)
(4, 15, 2)
(4, 16, 2)
(4, 17, 2)
(4, 18, 2)
(4, 19, 2)
(4, 20, 2)
(4, 21, 2)
(4, 22, 2)
(4, 23, 2)
(4, 24, 2)
(4, 25, 2)
(4, 26, 2)
(4, 27, 2)
(4, 28, 2)
(4, 29, 1)
(4, 30, 1)
(4, 31, 1)
(4, 32, 1)
(4, 33, 1)
(4, 34, 1)
(4, 35, 1)
(4, 36, 1)
(4, 37, 1)
(4, 38, 1)
(4, 39, 1)

(5, 0, 18)
(5, 1, 7)
(5, 2, 4)
(5, 3, 3)
(5, 4, 3)
(5, 5, 3)
(5, 6, 3)
(5, 7, 3)
(5, 8, 3)
(5, 9, 3)
(5, 10, 3)
(5, 11, 3)
(5, 12, 3)
(5, 13, 3)
(5, 14, 3)
(5, 15, 2)
(5, 16, 2)
(5, 17, 2)
(5, 18, 2)
(5, 19, 2)
(5, 20, 2)
(5, 21, 2)
(5, 22, 2)
(5, 23, 2)
(5, 24, 2)
(5, 25, 2)
(5, 26, 2)
(5, 27, 2)
(5, 28, 2)
(5, 29, 1)
(5, 30, 1)
(5, 31, 1)
(5, 32, 1)
(5, 33, 1)
(5, 34, 1)
(5, 35, 1)
(5, 36, 1)
(5, 37, 1)
(5, 38, 1)
(5, 39, 1)

(6, 0, 23)
(6, 1, 9)
(6, 2, 5)
(6, 3, 3)
(6, 4, 3)
(6, 5, 3)
(6, 6, 2)
(6, 7, 2)
(6, 8, 2)
(6, 9, 2)
(6, 10, 2)
(6, 11, 2)
(6, 12, 2)
(6, 13, 2)
(6, 14, 2)
(6, 15, 2)
(6, 16, 2)
(6, 17, 2)
(6, 18, 2)
(6, 19, 2)
(6, 20, 2)
(6, 21, 2)
(6, 22, 2)
(6, 23, 2)
(6, 24, 2)
(6, 25, 2)
(6, 26, 2)
(6, 27, 2)
(6, 28, 1)
(6, 29, 1)
(6, 30, 1)
(6, 31, 1)
(6, 32, 1)
(6, 33, 1)
(6, 34, 1)
(6, 35, 1)
(6, 36, 1)
(6, 37, 1)
(6, 38, 1)
(6, 39, 1)

(7, 0, 22)
(7, 1, 10)
(7, 2, 4)
(7, 3, 2)
(7, 4, 2)
(7, 5, 2)
(7, 6, 2)
(7, 7, 2)
(7, 8, 2)
(7, 9, 2)
(7, 10, 2)
(7, 11, 2)
(7, 12, 2)
(7, 13, 2)
(7, 14, 2)
(7, 15, 2)
(7, 16, 2)
(7, 17, 2)
(7, 18, 2)
(7, 19, 2)
(7, 20, 2)
(7, 21, 2)
(7, 22, 2)
(7, 23, 2)
(7, 24, 2)
(7, 25, 2)
(7, 26, 2)
(7, 27, 2)
(7, 28, 1)
(7, 29, 1)
(7, 30, 1)
(7, 31, 1)
(7, 32, 1)
(7, 33, 1)
(7, 34, 1)
(7, 35, 1)
(7, 36, 1)
(7, 37, 1)
(7, 38, 1)
(7, 39, 1)

(8, 0, 23)
(8, 1, 11)
(8, 2, 5)
(8, 3, 3)
(8, 4, 3)
(8, 5, 3)
(8, 6, 2)
(8, 7, 2)
(8, 8, 2)
(8, 9, 2)
(8, 10, 2)
(8, 11, 2)
(8, 12, 2)
(8, 13, 2)
(8, 14, 2)
(8, 15, 2)
(8, 16, 2)
(8, 17, 2)
(8, 18, 2)
(8, 19, 2)
(8, 20, 2)
(8, 21, 2)
(8, 22, 2)
(8, 23, 2)
(8, 24, 2)
(8, 25, 2)
(8, 26, 2)
(8, 27, 2)
(8, 28, 1)
(8, 29, 1)
(8, 30, 1)
(8, 31, 1)
(8, 32, 1)
(8, 33, 1)
(8, 34, 1)
(8, 35, 1)
(8, 36, 1)
(8, 37, 1)
(8, 38, 1)
(8, 39, 1)

(9, 0, 23)
(9, 1, 11)
(9, 2, 5)
(9, 3, 3)
(9, 4, 3)
(9, 5, 3)
(9, 6, 2)
(9, 7, 2)
(9, 8, 2)
(9, 9, 2)
(9, 10, 2)
(9, 11, 2)
(9, 12, 2)
(9, 13, 2)
(9, 14, 2)
(9, 15, 2)
(9, 16, 2)
(9, 17, 2)
(9, 18, 2)
(9, 19, 2)
(9, 20, 2)
(9, 21, 2)
(9, 22, 2)
(9, 23, 2)
(9, 24, 2)
(9, 25, 2)
(9, 26, 2)
(9, 27, 2)
(9, 28, 1)
(9, 29, 1)
(9, 30, 1)
(9, 31, 1)
(9, 32, 1)
(9, 33, 1)
(9, 34, 1)
(9, 35, 1)
(9, 36, 1)
(9, 37, 1)
(9, 38, 1)
(9, 39, 1)

(10, 0, 25)
(10, 1, 12)
(10, 2, 6)
(10, 3, 4)
(10, 4, 4)
(10, 5, 4)
(10, 6, 2)
(10, 7, 2)
(10, 8, 2)
(10, 9, 2)
(10, 10, 2)
(10, 11, 2)
(10, 12, 2)
(10, 13, 2)
(10, 14, 2)
(10, 15, 2)
(10, 16, 2)
(10, 17, 2)
(10, 18, 2)
(10, 19, 2)
(10, 20, 2)
(10, 21, 2)
(10, 22, 2)
(10, 23, 2)
(10, 24, 2)
(10, 25, 2)
(10, 26, 2)
(10, 27, 2)
(10, 28, 1)
(10, 29, 1)
(10, 30, 1)
(10, 31, 1)
(10, 32, 1)
(10, 33, 1)
(10, 34, 1)
(10, 35, 1)
(10, 36, 1)
(10, 37, 1)
(10, 38, 1)
(10, 39, 1)

(11, 0, 28)
(11, 1, 13)
(11, 2, 7)
(11, 3, 5)
(11, 4, 5)
(11, 5, 5)
(11, 6, 2)
(11, 7, 2)
(11, 8, 2)
(11, 9, 2)
(11, 10, 2)
(11, 11, 2)
(11, 12, 2)
(11, 13, 2)
(11, 14, 2)
(11, 15, 2)
(11, 16, 2)
(11, 17, 2)
(11, 18, 2)
(11, 19, 2)
(11, 20, 2)
(11, 21, 2)
(11, 22, 2)
(11, 23, 2)
(11, 24, 2)
(11, 25, 2)
(11, 26, 2)
(11, 27, 2)
(11, 28, 1)
(11, 29, 1)
(11, 30, 1)
(11, 31, 1)
(11, 32, 1)
(11, 33, 1)
(11, 34, 1)
(11, 35, 1)
(11, 36, 1)
(11, 37, 1)
(11, 38, 1)
(11, 39, 1)

(12, 0, 34)
(12, 1, 15)
(12, 2, 9)
(12, 3, 7)
(12, 4, 7)
(12, 5, 6)
(12, 6, 3)
(12, 7, 2)
(12, 8, 2)
(12, 9, 2)
(12, 10, 2)
(12, 11, 2)
(12, 12, 2)
(12, 13, 2)
(12, 14, 2)
(12, 15, 2)
(12, 16, 2)
(12, 17, 2)
(12, 18, 2)
(12, 19, 2)
(12, 20, 2)
(12, 21, 2)
(12, 22, 2)
(12, 23, 2)
(12, 24, 2)
(12, 25, 2)
(12, 26, 2)
(12, 27, 2)
(12, 28, 1)
(12, 29, 1)
(12, 30, 1)
(12, 31, 1)
(12, 32, 1)
(12, 33, 1)
(12, 34, 1)
(12, 35, 1)
(12, 36, 1)
(12, 37, 1)
(12, 38, 1)
(12, 39, 1)

(13, 0, 37)
(13, 1, 16)
(13, 2, 10)
(13, 3, 8)
(13, 4, 8)
(13, 5, 7)
(13, 6, 4)
(13, 7, 3)
(13, 8, 3)
(13, 9, 3)
(13, 10, 3)
(13, 11, 3)
(13, 12, 3)
(13, 13, 2)
(13, 14, 2)
(13, 15, 1)
(13, 16, 1)
(13, 17, 1)
(13, 18, 1)
(13, 19, 1)
(13, 20, 1)
(13, 21, 1)
(13, 22, 1)
(13, 23, 1)
(13, 24, 1)
(13, 25, 1)
(13, 26, 1)
(13, 27, 1)
(13, 28, 1)
(13, 29, 1)
(13, 30, 1)
(13, 31, 1)
(13, 32, 1)
(13, 33, 1)
(13, 34, 1)
(13, 35, 1)
(13, 36, 1)
(13, 37, 1)
(13, 38, 1)
(13, 39, 1)

(14, 0, 46)
(14, 1, 19)
(14, 2, 12)
(14, 3, 9)
(14, 4, 9)
(14, 5, 8)
(14, 6, 3)
(14, 7, 3)
(14, 8, 3)
(14, 9, 3)
(14, 10, 3)
(14, 11, 3)
(14, 12, 3)
(14, 13, 1)
(14, 14, 1)
(14, 15, 1)
(14, 16, 1)
(14, 17, 1)
(14, 18, 1)
(14, 19, 1)
(14, 20, 1)
(14, 21, 1)
(14, 22, 1)
(14, 23, 1)
(14, 24, 1)
(14, 25, 1)
(14, 26, 1)
(14, 27, 1)
(14, 28, 1)
(14, 29, 1)
(14, 30, 1)
(14, 31, 1)
(14, 32, 1)
(14, 33, 1)
(14, 34, 1)
(14, 35, 1)
(14, 36, 1)
(14, 37, 1)
(14, 38, 1)
(14, 39, 1)

(15, 0, 51)
(15, 1, 22)
(15, 2, 13)
(15, 3, 9)
(15, 4, 9)
(15, 5, 8)
(15, 6, 3)
(15, 7, 3)
(15, 8, 3)
(15, 9, 3)
(15, 10, 3)
(15, 11, 3)
(15, 12, 3)
(15, 13, 1)
(15, 14, 1)
(15, 15, 1)
(15, 16, 1)
(15, 17, 1)
(15, 18, 1)
(15, 19, 1)
(15, 20, 1)
(15, 21, 1)
(15, 22, 1)
(15, 23, 1)
(15, 24, 1)
(15, 25, 1)
(15, 26, 1)
(15, 27, 1)
(15, 28, 1)
(15, 29, 1)
(15, 30, 1)
(15, 31, 1)
(15, 32, 1)
(15, 33, 1)
(15, 34, 1)
(15, 35, 1)
(15, 36, 1)
(15, 37, 1)
(15, 38, 1)
(15, 39, 1)

(16, 0, 57)
(16, 1, 24)
(16, 2, 15)
(16, 3, 11)
(16, 4, 10)
(16, 5, 7)
(16, 6, 4)
(16, 7, 3)
(16, 8, 3)
(16, 9, 3)
(16, 10, 3)
(16, 11, 3)
(16, 12, 3)
(16, 13, 1)
(16, 14, 1)
(16, 15, 1)
(16, 16, 1)
(16, 17, 1)
(16, 18, 1)
(16, 19, 1)
(16, 20, 1)
(16, 21, 1)
(16, 22, 1)
(16, 23, 1)
(16, 24, 1)
(16, 25, 1)
(16, 26, 1)
(16, 27, 1)
(16, 28, 1)
(16, 29, 1)
(16, 30, 1)
(16, 31, 1)
(16, 32, 1)
(16, 33, 1)
(16, 34, 1)
(16, 35, 1)
(16, 36, 1)
(16, 37, 1)
(16, 38, 1)
(16, 39, 1)

(17, 0, 57)
(17, 1, 24)
(17, 2, 15)
(17, 3, 10)
(17, 4, 10)
(17, 5, 7)
(17, 6, 4)
(17, 7, 3)
(17, 8, 3)
(17, 9, 3)
(17, 10, 3)
(17, 11, 3)
(17, 12, 3)
(17, 13, 1)
(17, 14, 1)
(17, 15, 1)
(17, 16, 1)
(17, 17, 1)
(17, 18, 1)
(17, 19, 1)
(17, 20, 1)
(17, 21, 1)
(17, 22, 1)
(17, 23, 1)
(17, 24, 1)
(17, 25, 1)
(17, 26, 1)
(17, 27, 1)
(17, 28, 1)
(17, 29, 1)
(17, 30, 1)
(17, 31, 1)
(17, 32, 1)
(17, 33, 1)
(17, 34, 1)
(17, 35, 1)
(17, 36, 1)
(17, 37, 1)
(17, 38, 1)
(17, 39, 1)

(18, 0, 61)
(18, 1, 26)
(18, 2, 16)
(18, 3, 10)
(18, 4, 10)
(18, 5, 7)
(18, 6, 3)
(18, 7, 3)
(18, 8, 3)
(18, 9, 3)
(18, 10, 3)
(18, 11, 3)
(18, 12, 3)
(18, 13, 1)
(18, 14, 1)
(18, 15, 1)
(18, 16, 1)
(18, 17, 1)
(18, 18, 1)
(18, 19, 1)
(18, 20, 1)
(18, 21, 1)
(18, 22, 1)
(18, 23, 1)
(18, 24, 1)
(18, 25, 1)
(18, 26, 1)
(18, 27, 1)
(18, 28, 1)
(18, 29, 1)
(18, 30, 1)
(18, 31, 1)
(18, 32, 1)
(18, 33, 1)
(18, 34, 1)
(18, 35, 1)
(18, 36, 1)
(18, 37, 1)
(18, 38, 1)
(18, 39, 1)

(19, 0, 64)
(19, 1, 28)
(19, 2, 16)
(19, 3, 10)
(19, 4, 9)
(19, 5, 5)
(19, 6, 3)
(19, 7, 3)
(19, 8, 3)
(19, 9, 3)
(19, 10, 3)
(19, 11, 3)
(19, 12, 3)
(19, 13, 1)
(19, 14, 1)
(19, 15, 1)
(19, 16, 1)
(19, 17, 1)
(19, 18, 1)
(19, 19, 1)
(19, 20, 1)
(19, 21, 1)
(19, 22, 1)
(19, 23, 1)
(19, 24, 1)
(19, 25, 1)
(19, 26, 1)
(19, 27, 1)
(19, 28, 1)
(19, 29, 1)
(19, 30, 1)
(19, 31, 1)
(19, 32, 1)
(19, 33, 1)
(19, 34, 1)
(19, 35, 1)
(19, 36, 1)
(19, 37, 1)
(19, 38, 1)
(19, 39, 1)

(20, 0, 64)
(20, 1, 28)
(20, 2, 16)
(20, 3, 10)
(20, 4, 9)
(20, 5, 5)
(20, 6, 3)
(20, 7, 3)
(20, 8, 3)
(20, 9, 3)
(20, 10, 3)
(20, 11, 3)
(20, 12, 3)
(20, 13, 1)
(20, 14, 1)
(20, 15, 1)
(20, 16, 1)
(20, 17, 1)
(20, 18, 1)
(20, 19, 1)
(20, 20, 1)
(20, 21, 1)
(20, 22, 1)
(20, 23, 1)
(20, 24, 1)
(20, 25, 1)
(20, 26, 1)
(20, 27, 1)
(20, 28, 1)
(20, 29, 1)
(20, 30, 1)
(20, 31, 1)
(20, 32, 1)
(20, 33, 1)
(20, 34, 1)
(20, 35, 1)
(20, 36, 1)
(20, 37, 1)
(20, 38, 1)
(20, 39, 1)

(21, 0, 64)
(21, 1, 28)
(21, 2, 16)
(21, 3, 9)
(21, 4, 9)
(21, 5, 5)
(21, 6, 3)
(21, 7, 3)
(21, 8, 3)
(21, 9, 3)
(21, 10, 3)
(21, 11, 3)
(21, 12, 3)
(21, 13, 1)
(21, 14, 1)
(21, 15, 1)
(21, 16, 1)
(21, 17, 1)
(21, 18, 1)
(21, 19, 1)
(21, 20, 1)
(21, 21, 1)
(21, 22, 1)
(21, 23, 1)
(21, 24, 1)
(21, 25, 1)
(21, 26, 1)
(21, 27, 1)
(21, 28, 1)
(21, 29, 1)
(21, 30, 1)
(21, 31, 1)
(21, 32, 1)
(21, 33, 1)
(21, 34, 1)
(21, 35, 1)
(21, 36, 1)
(21, 37, 1)
(21, 38, 1)
(21, 39, 1)

(22, 0, 64)
(22, 1, 28)
(22, 2, 16)
(22, 3, 9)
(22, 4, 9)
(22, 5, 5)
(22, 6, 3)
(22, 7, 3)
(22, 8, 3)
(22, 9, 3)
(22, 10, 3)
(22, 11, 3)
(22, 12, 3)
(22, 13, 1)
(22, 14, 1)
(22, 15, 1)
(22, 16, 1)
(22, 17, 1)
(22, 18, 1)
(22, 19, 1)
(22, 20, 1)
(22, 21, 1)
(22, 22, 1)
(22, 23, 1)
(22, 24, 1)
(22, 25, 1)
(22, 26, 1)
(22, 27, 1)
(22, 28, 1)
(22, 29, 1)
(22, 30, 1)
(22, 31, 1)
(22, 32, 1)
(22, 33, 1)
(22, 34, 1)
(22, 35, 1)
(22, 36, 1)
(22, 37, 1)
(22, 38, 1)
(22, 39, 1)

(23, 0, 64)
(23, 1, 28)
(23, 2, 16)
(23, 3, 9)
(23, 4, 9)
(23, 5, 5)
(23, 6, 3)
(23, 7, 3)
(23, 8, 3)
(23, 9, 3)
(23, 10, 3)
(23, 11, 3)
(23, 12, 3)
(23, 13, 1)
(23, 14, 1)
(23, 15, 1)
(23, 16, 1)
(23, 17, 1)
(23, 18, 1)
(23, 19, 1)
(23, 20, 1)
(23, 21, 1)
(23, 22, 1)
(23, 23, 1)
(23, 24, 1)
(23, 25, 1)
(23, 26, 1)
(23, 27, 1)
(23, 28, 1)
(23, 29, 1)
(23, 30, 1)
(23, 31, 1)
(23, 32, 1)
(23, 33, 1)
(23, 34, 1)
(23, 35, 1)
(23, 36, 1)
(23, 37, 1)
(23, 38, 1)
(23, 39, 1)

(24, 0, 64)
(24, 1, 28)
(24, 2, 16)
(24, 3, 9)
(24, 4, 9)
(24, 5, 5)
(24, 6, 3)
(24, 7, 3)
(24, 8, 3)
(24, 9, 3)
(24, 10, 3)
(24, 11, 3)
(24, 12, 3)
(24, 13, 1)
(24, 14, 1)
(24, 15, 1)
(24, 16, 1)
(24, 17, 1)
(24, 18, 1)
(24, 19, 1)
(24, 20, 1)
(24, 21, 1)
(24, 22, 1)
(24, 23, 1)
(24, 24, 1)
(24, 25, 1)
(24, 26, 1)
(24, 27, 1)
(24, 28, 1)
(24, 29, 1)
(24, 30, 1)
(24, 31, 1)
(24, 32, 1)
(24, 33, 1)
(24, 34, 1)
(24, 35, 1)
(24, 36, 1)
(24, 37, 1)
(24, 38, 1)
(24, 39, 1)

(25, 0, 64)
(25, 1, 28)
(25, 2, 16)
(25, 3, 9)
(25, 4, 9)
(25, 5, 5)
(25, 6, 3)
(25, 7, 3)
(25, 8, 3)
(25, 9, 3)
(25, 10, 3)
(25, 11, 3)
(25, 12, 3)
(25, 13, 1)
(25, 14, 1)
(25, 15, 1)
(25, 16, 1)
(25, 17, 1)
(25, 18, 1)
(25, 19, 1)
(25, 20, 1)
(25, 21, 1)
(25, 22, 1)
(25, 23, 1)
(25, 24, 1)
(25, 25, 1)
(25, 26, 1)
(25, 27, 1)
(25, 28, 1)
(25, 29, 1)
(25, 30, 1)
(25, 31, 1)
(25, 32, 1)
(25, 33, 1)
(25, 34, 1)
(25, 35, 1)
(25, 36, 1)
(25, 37, 1)
(25, 38, 1)
(25, 39, 1)

(26, 0, 64)
(26, 1, 28)
(26, 2, 16)
(26, 3, 9)
(26, 4, 9)
(26, 5, 5)
(26, 6, 3)
(26, 7, 3)
(26, 8, 3)
(26, 9, 3)
(26, 10, 3)
(26, 11, 3)
(26, 12, 3)
(26, 13, 1)
(26, 14, 1)
(26, 15, 1)
(26, 16, 1)
(26, 17, 1)
(26, 18, 1)
(26, 19, 1)
(26, 20, 1)
(26, 21, 1)
(26, 22, 1)
(26, 23, 1)
(26, 24, 1)
(26, 25, 1)
(26, 26, 1)
(26, 27, 1)
(26, 28, 1)
(26, 29, 1)
(26, 30, 1)
(26, 31, 1)
(26, 32, 1)
(26, 33, 1)
(26, 34, 1)
(26, 35, 1)
(26, 36, 1)
(26, 37, 1)
(26, 38, 1)
(26, 39, 1)

(27, 0, 64)
(27, 1, 28)
(27, 2, 16)
(27, 3, 9)
(27, 4, 9)
(27, 5, 5)
(27, 6, 3)
(27, 7, 3)
(27, 8, 3)
(27, 9, 3)
(27, 10, 3)
(27, 11, 3)
(27, 12, 3)
(27, 13, 1)
(27, 14, 1)
(27, 15, 1)
(27, 16, 1)
(27, 17, 1)
(27, 18, 1)
(27, 19, 1)
(27, 20, 1)
(27, 21, 1)
(27, 22, 1)
(27, 23, 1)
(27, 24, 1)
(27, 25, 1)
(27, 26, 1)
(27, 27, 1)
(27, 28, 1)
(27, 29, 1)
(27, 30, 1)
(27, 31, 1)
(27, 32, 1)
(27, 33, 1)
(27, 34, 1)
(27, 35, 1)
(27, 36, 1)
(27, 37, 1)
(27, 38, 1)
(27, 39, 1)

(28, 0, 66)
(28, 1, 29)
(28, 2, 17)
(28, 3, 10)
(28, 4, 10)
(28, 5, 6)
(28, 6, 4)
(28, 7, 4)
(28, 8, 4)
(28, 9, 4)
(28, 10, 4)
(28, 11, 4)
(28, 12, 4)
(28, 13, 1)
(28, 14, 1)
(28, 15, 1)
(28, 16, 1)
(28, 17, 1)
(28, 18, 1)
(28, 19, 1)
(28, 20, 1)
(28, 21, 1)
(28, 22, 1)
(28, 23, 1)
(28, 24, 1)
(28, 25, 1)
(28, 26, 1)
(28, 27, 1)
(28, 28, 1)
(28, 29, 1)
(28, 30, 1)
(28, 31, 1)
(28, 32, 1)
(28, 33, 1)
(28, 34, 1)
(28, 35, 1)
(28, 36, 1)
(28, 37, 1)
(28, 38, 1)
(28, 39, 1)

(29, 0, 66)
(29, 1, 29)
(29, 2, 17)
(29, 3, 10)
(29, 4, 10)
(29, 5, 6)
(29, 6, 4)
(29, 7, 4)
(29, 8, 4)
(29, 9, 4)
(29, 10, 4)
(29, 11, 4)
(29, 12, 4)
(29, 13, 1)
(29, 14, 1)
(29, 15, 1)
(29, 16, 1)
(29, 17, 1)
(29, 18, 1)
(29, 19, 1)
(29, 20, 1)
(29, 21, 1)
(29, 22, 1)
(29, 23, 1)
(29, 24, 1)
(29, 25, 1)
(29, 26, 1)
(29, 27, 1)
(29, 28, 1)
(29, 29, 1)
(29, 30, 1)
(29, 31, 1)
(29, 32, 1)
(29, 33, 1)
(29, 34, 1)
(29, 35, 1)
(29, 36, 1)
(29, 37, 1)
(29, 38, 1)
(29, 39, 1)

(30, 0, 66)
(30, 1, 29)
(30, 2, 17)
(30, 3, 10)
(30, 4, 10)
(30, 5, 6)
(30, 6, 4)
(30, 7, 4)
(30, 8, 4)
(30, 9, 4)
(30, 10, 4)
(30, 11, 4)
(30, 12, 4)
(30, 13, 1)
(30, 14, 1)
(30, 15, 1)
(30, 16, 1)
(30, 17, 1)
(30, 18, 1)
(30, 19, 1)
(30, 20, 1)
(30, 21, 1)
(30, 22, 1)
(30, 23, 1)
(30, 24, 1)
(30, 25, 1)
(30, 26, 1)
(30, 27, 1)
(30, 28, 1)
(30, 29, 1)
(30, 30, 1)
(30, 31, 1)
(30, 32, 1)
(30, 33, 1)
(30, 34, 1)
(30, 35, 1)
(30, 36, 1)
(30, 37, 1)
(30, 38, 1)
(30, 39, 1)

(31, 0, 67)
(31, 1, 30)
(31, 2, 17)
(31, 3, 10)
(31, 4, 10)
(31, 5, 6)
(31, 6, 4)
(31, 7, 4)
(31, 8, 4)
(31, 9, 4)
(31, 10, 4)
(31, 11, 4)
(31, 12, 4)
(31, 13, 1)
(31, 14, 1)
(31, 15, 1)
(31, 16, 1)
(31, 17, 1)
(31, 18, 1)
(31, 19, 1)
(31, 20, 1)
(31, 21, 1)
(31, 22, 1)
(31, 23, 1)
(31, 24, 1)
(31, 25, 1)
(31, 26, 1)
(31, 27, 1)
(31, 28, 1)
(31, 29, 1)
(31, 30, 1)
(31, 31, 1)
(31, 32, 1)
(31, 33, 1)
(31, 34, 1)
(31, 35, 1)
(31, 36, 1)
(31, 37, 1)
(31, 38, 1)
(31, 39, 1)

(32, 0, 68)
(32, 1, 30)
(32, 2, 17)
(32, 3, 10)
(32, 4, 10)
(32, 5, 6)
(32, 6, 4)
(32, 7, 4)
(32, 8, 4)
(32, 9, 4)
(32, 10, 4)
(32, 11, 4)
(32, 12, 4)
(32, 13, 1)
(32, 14, 1)
(32, 15, 1)
(32, 16, 1)
(32, 17, 1)
(32, 18, 1)
(32, 19, 1)
(32, 20, 1)
(32, 21, 1)
(32, 22, 1)
(32, 23, 1)
(32, 24, 1)
(32, 25, 1)
(32, 26, 1)
(32, 27, 1)
(32, 28, 1)
(32, 29, 1)
(32, 30, 1)
(32, 31, 1)
(32, 32, 1)
(32, 33, 1)
(32, 34, 1)
(32, 35, 1)
(32, 36, 1)
(32, 37, 1)
(32, 38, 1)
(32, 39, 1)

(33, 0, 69)
(33, 1, 31)
(33, 2, 18)
(33, 3, 11)
(33, 4, 11)
(33, 5, 7)
(33, 6, 5)
(33, 7, 4)
(33, 8, 4)
(33, 9, 4)
(33, 10, 3)
(33, 11, 3)
(33, 12, 3)
(33, 13, 1)
(33, 14, 1)
(33, 15, 1)
(33, 16, 1)
(33, 17, 1)
(33, 18, 1)
(33, 19, 1)
(33, 20, 1)
(33, 21, 1)
(33, 22, 1)
(33, 23, 1)
(33, 24, 1)
(33, 25, 1)
(33, 26, 1)
(33, 27, 1)
(33, 28, 1)
(33, 29, 1)
(33, 30, 1)
(33, 31, 1)
(33, 32, 1)
(33, 33, 1)
(33, 34, 1)
(33, 35, 1)
(33, 36, 1)
(33, 37, 1)
(33, 38, 1)
(33, 39, 1)

(34, 0, 69)
(34, 1, 31)
(34, 2, 18)
(34, 3, 11)
(34, 4, 11)
(34, 5, 7)
(34, 6, 5)
(34, 7, 4)
(34, 8, 4)
(34, 9, 4)
(34, 10, 3)
(34, 11, 3)
(34, 12, 3)
(34, 13, 1)
(34, 14, 1)
(34, 15, 1)
(34, 16, 1)
(34, 17, 1)
(34, 18, 1)
(34, 19, 1)
(34, 20, 1)
(34, 21, 1)
(34, 22, 1)
(34, 23, 1)
(34, 24, 1)
(34, 25, 1)
(34, 26, 1)
(34, 27, 1)
(34, 28, 1)
(34, 29, 1)
(34, 30, 1)
(34, 31, 1)
(34, 32, 1)
(34, 33, 1)
(34, 34, 1)
(34, 35, 1)
(34, 36, 1)
(34, 37, 1)
(34, 38, 1)
(34, 39, 1)

(35, 0, 69)
(35, 1, 31)
(35, 2, 18)
(35, 3, 11)
(35, 4, 11)
(35, 5, 7)
(35, 6, 5)
(35, 7, 4)
(35, 8, 4)
(35, 9, 4)
(35, 10, 3)
(35, 11, 3)
(35, 12, 3)
(35, 13, 1)
(35, 14, 1)
(35, 15, 1)
(35, 16, 1)
(35, 17, 1)
(35, 18, 1)
(35, 19, 1)
(35, 20, 1)
(35, 21, 1)
(35, 22, 1)
(35, 23, 1)
(35, 24, 1)
(35, 25, 1)
(35, 26, 1)
(35, 27, 1)
(35, 28, 1)
(35, 29, 1)
(35, 30, 1)
(35, 31, 1)
(35, 32, 1)
(35, 33, 1)
(35, 34, 1)
(35, 35, 1)
(35, 36, 1)
(35, 37, 1)
(35, 38, 1)
(35, 39, 1)

(36, 0, 70)
(36, 1, 32)
(36, 2, 19)
(36, 3, 11)
(36, 4, 11)
(36, 5, 6)
(36, 6, 4)
(36, 7, 4)
(36, 8, 4)
(36, 9, 4)
(36, 10, 3)
(36, 11, 3)
(36, 12, 3)
(36, 13, 1)
(36, 14, 1)
(36, 15, 1)
(36, 16, 1)
(36, 17, 1)
(36, 18, 1)
(36, 19, 1)
(36, 20, 1)
(36, 21, 1)
(36, 22, 1)
(36, 23, 1)
(36, 24, 1)
(36, 25, 1)
(36, 26, 1)
(36, 27, 1)
(36, 28, 1)
(36, 29, 1)
(36, 30, 1)
(36, 31, 1)
(36, 32, 1)
(36, 33, 1)
(36, 34, 1)
(36, 35, 1)
(36, 36, 1)
(36, 37, 1)
(36, 38, 1)
(36, 39, 1)

(37, 0, 72)
(37, 1, 33)
(37, 2, 20)
(37, 3, 12)
(37, 4, 11)
(37, 5, 6)
(37, 6, 4)
(37, 7, 4)
(37, 8, 4)
(37, 9, 4)
(37, 10, 3)
(37, 11, 3)
(37, 12, 3)
(37, 13, 1)
(37, 14, 1)
(37, 15, 1)
(37, 16, 1)
(37, 17, 1)
(37, 18, 1)
(37, 19, 1)
(37, 20, 1)
(37, 21, 1)
(37, 22, 1)
(37, 23, 1)
(37, 24, 1)
(37, 25, 1)
(37, 26, 1)
(37, 27, 1)
(37, 28, 1)
(37, 29, 1)
(37, 30, 1)
(37, 31, 1)
(37, 32, 1)
(37, 33, 1)
(37, 34, 1)
(37, 35, 1)
(37, 36, 1)
(37, 37, 1)
(37, 38, 1)
(37, 39, 1)

(38, 0, 73)
(38, 1, 33)
(38, 2, 20)
(38, 3, 11)
(38, 4, 11)
(38, 5, 6)
(38, 6, 4)
(38, 7, 4)
(38, 8, 4)
(38, 9, 4)
(38, 10, 3)
(38, 11, 3)
(38, 12, 3)
(38, 13, 1)
(38, 14, 1)
(38, 15, 1)
(38, 16, 1)
(38, 17, 1)
(38, 18, 1)
(38, 19, 1)
(38, 20, 1)
(38, 21, 1)
(38, 22, 1)
(38, 23, 1)
(38, 24, 1)
(38, 25, 1)
(38, 26, 1)
(38, 27, 1)
(38, 28, 1)
(38, 29, 1)
(38, 30, 1)
(38, 31, 1)
(38, 32, 1)
(38, 33, 1)
(38, 34, 1)
(38, 35, 1)
(38, 36, 1)
(38, 37, 1)
(38, 38, 1)
(38, 39, 1)

(39, 0, 75)
(39, 1, 33)
(39, 2, 20)
(39, 3, 11)
(39, 4, 11)
(39, 5, 6)
(39, 6, 4)
(39, 7, 4)
(39, 8, 4)
(39, 9, 4)
(39, 10, 3)
(39, 11, 3)
(39, 12, 3)
(39, 13, 1)
(39, 14, 1)
(39, 15, 1)
(39, 16, 1)
(39, 17, 1)
(39, 18, 1)
(39, 19, 1)
(39, 20, 1)
(39, 21, 1)
(39, 22, 1)
(39, 23, 1)
(39, 24, 1)
(39, 25, 1)
(39, 26, 1)
(39, 27, 1)
(39, 28, 1)
(39, 29, 1)
(39, 30, 1)
(39, 31, 1)
(39, 32, 1)
(39, 33, 1)
(39, 34, 1)
(39, 35, 1)
(39, 36, 1)
(39, 37, 1)
(39, 38, 1)
(39, 39, 1)


Betti numbers:
xi_0:
(0, 0, 2)
(1, 0, 4)
(2, 0, 1)
(3, 0, 8)
(4, 0, 4)
(5, 0, 1)
(6, 0, 5)
(7, 0, 1)
(8, 0, 1)
(10, 0, 2)
(11, 0, 3)
(12, 0, 6)
(13, 0, 3)
(14, 0, 9)
(15, 0, 6)
(16, 0, 6)
(18, 0, 4)
(19, 0, 3)
(28, 0, 2)
(31, 0, 1)
(32, 0, 1)
(33, 0, 1)
(36, 0, 1)
(37, 0, 2)
(38, 0, 1)
(39, 0, 2)
xi_1:
(0, 16, 1)
(1, 1, 4)
(2, 15, 1)
(2, 30, 1)
(3, 1, 5)
(3, 2, 1)
(3, 3, 1)
(3, 6, 1)
(3, 16, 1)
(3, 29, 1)
(4, 0, 2)
(4, 1, 3)
(4, 2, 2)
(4, 15, 1)
(5, 1, 1)
(6, 1, 3)
(6, 2, 1)
(6, 3, 1)
(6, 6, 1)
(6, 28, 1)
(7, 0, 2)
(7, 2, 2)
(8, 6, 1)
(10, 1, 1)
(10, 6, 1)
(11, 1, 2)
(11, 6, 1)
(12, 1, 4)
(12, 5, 1)
(12, 6, 1)
(12, 7, 1)
(13, 1, 2)
(13, 13, 1)
(13, 15, 1)
(14, 1, 6)
(14, 2, 1)
(14, 3, 1)
(14, 6, 2)
(14, 13, 1)
(15, 0, 1)
(15, 1, 3)
(15, 2, 2)
(15, 3, 1)
(15, 6, 1)
(16, 1, 4)
(16, 4, 1)
(16, 5, 2)
(16, 7, 1)
(17, 3, 1)
(18, 1, 2)
(18, 2, 1)
(18, 3, 1)
(18, 6, 1)
(19, 1, 1)
(19, 2, 2)
(19, 4, 1)
(19, 5, 1)
(21, 3, 1)
(28, 1, 1)
(28, 13, 1)
(31, 2, 1)
(32, 1, 1)
(33, 7, 1)
(33, 10, 1)
(36, 3, 1)
(36, 5, 1)
(37, 1, 1)
(37, 4, 1)
(38, 1, 1)
(38, 3, 1)
(39, 1, 2)
xi_2:
(2, 16, 1)
(3, 15, 1)
(3, 30, 1)
(4, 1, 2)
(4, 6, 1)
(4, 16, 1)
(6, 15, 1)
(6, 29, 1)
(7, 1, 2)
(7, 6, 1)
(12, 6, 1)
(13, 28, 1)
(14, 7, 1)
(14, 15, 1)
(15, 1, 1)
(15, 6, 1)
(16, 6, 2)
(17, 4, 1)
(18, 7, 1)
(19, 6, 2)
(21, 4, 1)
(33, 13, 1)
(36, 7, 1)
(38, 4, 1)
