x-grades
-98684423743061181497/20000000000000000000
-48083437208158011497/10000000000000000000
-93649325089570864491/20000000000000000000
-22782943940706426497/5000000000000000000
-17722845287216109497/4000000000000000000
-43048338554667694491/10000000000000000000
-83579127782590230479/20000000000000000000
-10132697306980633997/2500000000000000000
-78544029129099913473/20000000000000000000
-7602647980235475497/2000000000000000000
-73508930475609596467/20000000000000000000
-17747845287216109491/5000000000000000000
-68473831822119279461/20000000000000000000
-32978141247687060479/10000000000000000000
-12687746633725792491/4000000000000000000
-3807573990117737747/1250000000000000000
-58403634515138645449/20000000000000000000
-27943042594196743473/10000000000000000000
-53368535861648328443/20000000000000000000
-2542549326745158497/1000000000000000000
-48333437208158011437/20000000000000000000
-22907943940706426467/10000000000000000000
-43298338554667694431/20000000000000000000
-5097598653490316991/2500000000000000000
-1530529596047095097/800000000000000000
-17872845287216109461/10000000000000000000
-33228141247687060419/20000000000000000000
-7677647980235475479/5000000000000000000
-28193042594196743413/20000000000000000000
-2567549326745158491/2000000000000000000
-23157943940706426407/20000000000000000000
-322506165843144811/312500000000000000
-18122845287216109401/20000000000000000000
-7802647980235475449/10000000000000000000
-2617549326745158479/4000000000000000000
-2642549326745158473/5000000000000000000
-8052647980235475389/20000000000000000000
-2767549326745158443/10000000000000000000
-3017549326745158383/20000000000000000000
-12499999999999997/500000000000000000

y-grades
9993463/4000000
9993463/2000000
29980389/4000000
9993463/1000000
9993463/800000
29980389/2000000
69954241/4000000
9993463/500000
89941167/4000000
9993463/400000
109928093/4000000
29980389/1000000
129915019/4000000
69954241/2000000
29980389/800000
9993463/250000
169888871/4000000
89941167/2000000
189875797/4000000
9993463/200000
209862723/4000000
109928093/2000000
229849649/4000000
29980389/500000
9993463/160000
129915019/2000000
269823501/4000000
69954241/1000000
289810427/4000000
29980389/400000
309797353/4000000
9993463/125000
329784279/4000000
169888871/2000000
69954241/800000
89941167/1000000
369758131/4000000
189875797/2000000
389745057/4000000
9993463/100000

Dimensions > 0:
(0, 0, 2)
(0, 1, 2)
(0, 2, 2)
(0, 3, 1)
(0, 4, 1)
(0, 5, 1)
(0, 6, 1)
(0, 7, 1)
(0, 8, 1)
(0, 9, 1)
(0, 10, 1)
(0, 11, 1)
(0, 12, 1)
(0, 13, 1)
(0, 14, 1)
(0, 15, 1)
(0, 16, 1)
(0, 17, 1)
(0, 18, 1)
(0, 19, 1)
(0, 20, 1)
(0, 21, 1)
(0, 22, 1)
(0, 23, 1)
(0, 24, 1)
(0, 25, 1)
(0, 26, 1)
(0, 27, 1)
(0, 28, 1)
(0, 29, 1)
(0, 30, 1)
(0, 31, 1)
(0, 32, 1)
(0, 33, 1)
(0, 34, 1)
(0, 35, 1)
(0, 36, 1)
(0, 37, 1)
(0, 38, 1)
(0, 39, 1)

(1, 0, 2)
(1, 1, 2)
(1, 2, 2)
(1, 3, 1)
(1, 4, 1)
(1, 5, 1)
(1, 6, 1)
(1, 7, 1)
(1, 8, 1)
(1, 9, 1)
(1, 10, 1)
(1, 11, 1)
(1, 12, 1)
(1, 13, 1)
(1, 14, 1)
(1, 15, 1)
(1, 16, 1)
(1, 17, 1)
(1, 18, 1)
(1, 19, 1)
(1, 20, 1)
(1, 21, 1)
(1, 22, 1)
(1, 23, 1)
(1, 24, 1)
(1, 25, 1)
(1, 26, 1)
(1, 27, 1)
(1, 28, 1)
(1, 29, 1)
(1, 30, 1)
(1, 31, 1)
(1, 32, 1)
(1, 33, 1)
(1, 34, 1)
(1, 35, 1)
(1, 36, 1)
(1, 37, 1)
(1, 38, 1)
(1, 39, 1)

(2, 0, 2)
(2, 1, 2)
(2, 2, 2)
(2, 3, 1)
(2, 4, 1)
(2, 5, 1)
(2, 6, 1)
(2, 7, 1)
(2, 8, 1)
(2, 9, 1)
(2, 10, 1)
(2, 11, 1)
(2, 12, 1)
(2, 13, 1)
(2, 14, 1)
(2, 15, 1)
(2, 16, 1)
(2, 17, 1)
(2, 18, 1)
(2, 19, 1)
(2, 20, 1)
(2, 21, 1)
(2, 22, 1)
(2, 23, 1)
(2, 24, 1)
(2, 25, 1)
(2, 26, 1)
(2, 27, 1)
(2, 28, 1)
(2, 29, 1)
(2, 30, 1)
(2, 31, 1)
(2, 32, 1)
(2, 33, 1)
(2, 34, 1)
(2, 35, 1)
(2, 36, 1)
(2, 37, 1)
(2, 38, 1)
(2, 39, 1)

(3, 0, 6)
(3, 1, 4)
(3, 2, 3)
(3, 3, 2)
(3, 4, 2)
(3, 5, 2)
(3, 6, 1)
(3, 7, 1)
(3, 8, 1)
(3, 9, 1)
(3, 10, 1)
(3, 11, 1)
(3, 12, 1)
(3, 13, 1)
(3, 14, 1)
(3, 15, 1)
(3, 16, 1)
(3, 17, 1)
(3, 18, 1)
(3, 19, 1)
(3, 20, 1)
(3, 21, 1)
(3, 22, 1)
(3, 23, 1)
(3, 24, 1)
(3, 25, 1)
(3, 26, 1)
(3, 27, 1)
(3, 28, 1)
(3, 29, 1)
(3, 30, 1)
(3, 31, 1)
(3, 32, 1)
(3, 33, 1)
(3, 34, 1)
(3, 35, 1)
(3, 36, 1)
(3, 37, 1)
(3, 38, 1)
(3, 39, 1)

(4, 0, 8)
(4, 1, 4)
(4, 2, 3)
(4, 3, 2)
(4, 4, 2)
(4, 5, 2)
(4, 6, 1)
(4, 7, 1)
(4, 8, 1)
(4, 9, 1)
(4, 10, 1)
(4, 11, 1)
(4, 12, 1)
(4, 13, 1)
(4, 14, 1)
(4, 15, 1)
(4, 16, 1)
(4, 17, 1)
(4, 18, 1)
(4, 19, 1)
(4, 20, 1)
(4, 21, 1)
(4, 22, 1)
(4, 23, 1)
(4, 24, 1)
(4, 25, 1)
(4, 26, 1)
(4, 27, 1)
(4, 28, 1)
(4, 29, 1)
(4, 30, 1)
(4, 31, 1)
(4, 32, 1)
(4, 33, 1)
(4, 34, 1)
(4, 35, 1)
(4, 36, 1)
(4, 37, 1)
(4, 38, 1)
(4, 39, 1)

(5, 0, 9)
(5, 1, 5)
(5, 2, 4)
(5, 3, 3)
(5, 4, 3)
(5, 5, 3)
(5, 6, 2)
(5, 7, 2)
(5, 8, 2)
(5, 9, 2)
(5, 10, 2)
(5, 11, 2)
(5, 12, 2)
(5, 13, 2)
(5, 14, 1)
(5, 15, 1)
(5, 16, 1)
(5, 17, 1)
(5, 18, 1)
(5, 19, 1)
(5, 20, 1)
(5, 21, 1)
(5, 22, 1)
(5, 23, 1)
(5, 24, 1)
(5, 25, 1)
(5, 26, 1)
(5, 27, 1)
(5, 28, 1)
(5, 29, 1)
(5, 30, 1)
(5, 31, 1)
(5, 32, 1)
(5, 33, 1)
(5, 34, 1)
(5, 35, 1)
(5, 36, 1)
(5, 37, 1)
(5, 38, 1)
(5, 39, 1)

(6, 0, 15)
(6, 1, 8)
(6, 2, 7)
(6, 3, 6)
(6, 4, 6)
(6, 5, 6)
(6, 6, 5)
(6, 7, 4)
(6, 8, 3)
(6, 9, 3)
(6, 10, 3)
(6, 11, 3)
(6, 12, 2)
(6, 13, 2)
(6, 14, 2)
(6, 15, 2)
(6, 16, 2)
(6, 17, 2)
(6, 18, 2)
(6, 19, 2)
(6, 20, 2)
(6, 21, 2)
(6, 22, 2)
(6, 23, 2)
(6, 24, 2)
(6, 25, 2)
(6, 26, 2)
(6, 27, 2)
(6, 28, 2)
(6, 29, 2)
(6, 30, 2)
(6, 31, 2)
(6, 32, 2)
(6, 33, 2)
(6, 34, 2)
(6, 35, 2)
(6, 36, 2)
(6, 37, 2)
(6, 38, 2)
(6, 39, 1)

(7, 0, 16)
(7, 1, 9)
(7, 2, 8)
(7, 3, 6)
(7, 4, 6)
(7, 5, 6)
(7, 6, 5)
(7, 7, 4)
(7, 8, 3)
(7, 9, 3)
(7, 10, 3)
(7, 11, 3)
(7, 12, 2)
(7, 13, 2)
(7, 14, 2)
(7, 15, 2)
(7, 16, 2)
(7, 17, 2)
(7, 18, 2)
(7, 19, 2)
(7, 20, 2)
(7, 21, 2)
(7, 22, 2)
(7, 23, 2)
(7, 24, 2)
(7, 25, 2)
(7, 26, 2)
(7, 27, 2)
(7, 28, 2)
(7, 29, 2)
(7, 30, 2)
(7, 31, 2)
(7, 32, 2)
(7, 33, 2)
(7, 34, 2)
(7, 35, 2)
(7, 36, 2)
(7, 37, 2)
(7, 38, 2)
(7, 39, 1)

(8, 0, 18)
(8, 1, 10)
(8, 2, 9)
(8, 3, 7)
(8, 4, 6)
(8, 5, 6)
(8, 6, 5)
(8, 7, 4)
(8, 8, 3)
(8, 9, 3)
(8, 10, 3)
(8, 11, 2)
(8, 12, 2)
(8, 13, 2)
(8, 14, 2)
(8, 15, 2)
(8, 16, 2)
(8, 17, 2)
(8, 18, 2)
(8, 19, 2)
(8, 20, 2)
(8, 21, 2)
(8, 22, 2)
(8, 23, 2)
(8, 24, 2)
(8, 25, 2)
(8, 26, 2)
(8, 27, 2)
(8, 28, 2)
(8, 29, 2)
(8, 30, 2)
(8, 31, 2)
(8, 32, 2)
(8, 33, 2)
(8, 34, 2)
(8, 35, 2)
(8, 36, 2)
(8, 37, 2)
(8, 38, 2)
(8, 39, 1)

(9, 0, 18)
(9, 1, 10)
(9, 2, 9)
(9, 3, 7)
(9, 4, 6)
(9, 5, 6)
(9, 6, 5)
(9, 7, 4)
(9, 8, 3)
(9, 9, 3)
(9, 10, 3)
(9, 11, 2)
(9, 12, 2)
(9, 13, 2)
(9, 14, 2)
(9, 15, 2)
(9, 16, 2)
(9, 17, 2)
(9, 18, 2)
(9, 19, 2)
(9, 20, 2)
(9, 21, 2)
(9, 22, 2)
(9, 23, 2)
(9, 24, 2)
(9, 25, 2)
(9, 26, 2)
(9, 27, 2)
(9, 28, 2)
(9, 29, 2)
(9, 30, 2)
(9, 31, 2)
(9, 32, 2)
(9, 33, 2)
(9, 34, 2)
(9, 35, 2)
(9, 36, 2)
(9, 37, 2)
(9, 38, 1)
(9, 39, 1)

(10, 0, 25)
(10, 1, 16)
(10, 2, 14)
(10, 3, 11)
(10, 4, 10)
(10, 5, 9)
(10, 6, 7)
(10, 7, 5)
(10, 8, 3)
(10, 9, 3)
(10, 10, 3)
(10, 11, 2)
(10, 12, 2)
(10, 13, 2)
(10, 14, 2)
(10, 15, 2)
(10, 16, 2)
(10, 17, 2)
(10, 18, 2)
(10, 19, 2)
(10, 20, 2)
(10, 21, 2)
(10, 22, 2)
(10, 23, 2)
(10, 24, 2)
(10, 25, 2)
(10, 26, 2)
(10, 27, 2)
(10, 28, 2)
(10, 29, 2)
(10, 30, 2)
(10, 31, 2)
(10, 32, 2)
(10, 33, 2)
(10, 34, 2)
(10, 35, 1)
(10, 36, 1)
(10, 37, 1)
(10, 38, 1)
(10, 39, 1)

(11, 0, 26)
(11, 1, 17)
(11, 2, 14)
(11, 3, 11)
(11, 4, 10)
(11, 5, 9)
(11, 6, 7)
(11, 7, 5)
(11, 8, 3)
(11, 9, 3)
(11, 10, 3)
(11, 11, 2)
(11, 12, 2)
(11, 13, 2)
(11, 14, 2)
(11, 15, 2)
(11, 16, 2)
(11, 17, 2)
(11, 18, 2)
(11, 19, 2)
(11, 20, 2)
(11, 21, 2)
(11, 22, 2)
(11, 23, 2)
(11, 24, 2)
(11, 25, 2)
(11, 26, 2)
(11, 27, 2)
(11, 28, 2)
(11, 29, 2)
(11, 30, 2)
(11, 31, 2)
(11, 32, 2)
(11, 33, 2)
(11, 34, 2)
(11, 35, 1)
(11, 36, 1)
(11, 37, 1)
(11, 38, 1)
(11, 39, 1)

(12, 0, 28)
(12, 1, 19)
(12, 2, 16)
(12, 3, 13)
(12, 4, 12)
(12, 5, 11)
(12, 6, 9)
(12, 7, 7)
(12, 8, 5)
(12, 9, 5)
(12, 10, 5)
(12, 11, 4)
(12, 12, 4)
(12, 13, 4)
(12, 14, 4)
(12, 15, 2)
(12, 16, 2)
(12, 17, 2)
(12, 18, 2)
(12, 19, 2)
(12, 20, 2)
(12, 21, 2)
(12, 22, 2)
(12, 23, 2)
(12, 24, 2)
(12, 25, 2)
(12, 26, 2)
(12, 27, 2)
(12, 28, 2)
(12, 29, 2)
(12, 30, 2)
(12, 31, 2)
(12, 32, 2)
(12, 33, 2)
(12, 34, 2)
(12, 35, 1)
(12, 36, 1)
(12, 37, 1)
(12, 38, 1)
(12, 39, 1)

(13, 0, 36)
(13, 1, 22)
(13, 2, 19)
(13, 3, 16)
(13, 4, 13)
(13, 5, 12)
(13, 6, 8)
(13, 7, 7)
(13, 8, 4)
(13, 9, 4)
(13, 10, 4)
(13, 11, 3)
(13, 12, 3)
(13, 13, 2)
(13, 14, 2)
(13, 15, 2)
(13, 16, 2)
(13, 17, 2)
(13, 18, 2)
(13, 19, 2)
(13, 20, 2)
(13, 21, 2)
(13, 22, 2)
(13, 23, 2)
(13, 24, 2)
(13, 25, 2)
(13, 26, 2)
(13, 27, 2)
(13, 28, 2)
(13, 29, 2)
(13, 30, 2)
(13, 31, 2)
(13, 32, 2)
(13, 33, 2)
(13, 34, 2)
(13, 35, 1)
(13, 36, 1)
(13, 37, 1)
(13, 38, 1)
(13, 39, 1)

(14, 0, 37)
(14, 1, 23)
(14, 2, 20)
(14, 3, 17)
(14, 4, 14)
(14, 5, 13)
(14, 6, 8)
(14, 7, 6)
(14, 8, 3)
(14, 9, 3)
(14, 10, 3)
(14, 11, 2)
(14, 12, 2)
(14, 13, 2)
(14, 14, 2)
(14, 15, 2)
(14, 16, 2)
(14, 17, 2)
(14, 18, 2)
(14, 19, 2)
(14, 20, 2)
(14, 21, 2)
(14, 22, 2)
(14, 23, 2)
(14, 24, 2)
(14, 25, 2)
(14, 26, 2)
(14, 27, 2)
(14, 28, 2)
(14, 29, 2)
(14, 30, 2)
(14, 31, 2)
(14, 32, 2)
(14, 33, 2)
(14, 34, 2)
(14, 35, 1)
(14, 36, 1)
(14, 37, 1)
(14, 38, 1)
(14, 39, 1)

(15, 0, 38)
(15, 1, 24)
(15, 2, 21)
(15, 3, 18)
(15, 4, 15)
(15, 5, 14)
(15, 6, 8)
(15, 7, 5)
(15, 8, 3)
(15, 9, 3)
(15, 10, 3)
(15, 11, 2)
(15, 12, 2)
(15, 13, 2)
(15, 14, 2)
(15, 15, 2)
(15, 16, 2)
(15, 17, 2)
(15, 18, 2)
(15, 19, 2)
(15, 20, 2)
(15, 21, 2)
(15, 22, 2)
(15, 23, 2)
(15, 24, 2)
(15, 25, 2)
(15, 26, 2)
(15, 27, 2)
(15, 28, 2)
(15, 29, 2)
(15, 30, 2)
(15, 31, 2)
(15, 32, 2)
(15, 33, 2)
(15, 34, 2)
(15, 35, 1)
(15, 36, 1)
(15, 37, 1)
(15, 38, 1)
(15, 39, 1)

(16, 0, 41)
(16, 1, 26)
(16, 2, 23)
(16, 3, 20)
(16, 4, 16)
(16, 5, 15)
(16, 6, 8)
(16, 7, 6)
(16, 8, 4)
(16, 9, 4)
(16, 10, 4)
(16, 11, 3)
(16, 12, 3)
(16, 13, 3)
(16, 14, 3)
(16, 15, 3)
(16, 16, 3)
(16, 17, 3)
(16, 18, 2)
(16, 19, 2)
(16, 20, 2)
(16, 21, 2)
(16, 22, 2)
(16, 23, 2)
(16, 24, 2)
(16, 25, 2)
(16, 26, 2)
(16, 27, 2)
(16, 28, 2)
(16, 29, 2)
(16, 30, 2)
(16, 31, 2)
(16, 32, 2)
(16, 33, 2)
(16, 34, 2)
(16, 35, 1)
(16, 36, 1)
(16, 37, 1)
(16, 38, 1)
(16, 39, 1)

(17, 0, 43)
(17, 1, 28)
(17, 2, 25)
(17, 3, 21)
(17, 4, 17)
(17, 5, 16)
(17, 6, 8)
(17, 7, 6)
(17, 8, 4)
(17, 9, 4)
(17, 10, 4)
(17, 11, 2)
(17, 12, 2)
(17, 13, 2)
(17, 14, 2)
(17, 15, 2)
(17, 16, 2)
(17, 17, 2)
(17, 18, 2)
(17, 19, 2)
(17, 20, 2)
(17, 21, 2)
(17, 22, 2)
(17, 23, 2)
(17, 24, 2)
(17, 25, 2)
(17, 26, 2)
(17, 27, 2)
(17, 28, 2)
(17, 29, 2)
(17, 30, 2)
(17, 31, 2)
(17, 32, 2)
(17, 33, 2)
(17, 34, 2)
(17, 35, 1)
(17, 36, 1)
(17, 37, 1)
(17, 38, 1)
(17, 39, 1)

(18, 0, 47)
(18, 1, 29)
(18, 2, 25)
(18, 3, 21)
(18, 4, 17)
(18, 5, 16)
(18, 6, 8)
(18, 7, 6)
(18, 8, 4)
(18, 9, 4)
(18, 10, 4)
(18, 11, 2)
(18, 12, 2)
(18, 13, 2)
(18, 14, 2)
(18, 15, 2)
(18, 16, 2)
(18, 17, 2)
(18, 18, 2)
(18, 19, 2)
(18, 20, 2)
(18, 21, 2)
(18, 22, 2)
(18, 23, 2)
(18, 24, 2)
(18, 25, 2)
(18, 26, 2)
(18, 27, 2)
(18, 28, 2)
(18, 29, 2)
(18, 30, 2)
(18, 31, 2)
(18, 32, 2)
(18, 33, 2)
(18, 34, 2)
(18, 35, 1)
(18, 36, 1)
(18, 37, 1)
(18, 38, 1)
(18, 39, 1)

(19, 0, 47)
(19, 1, 29)
(19, 2, 25)
(19, 3, 21)
(19, 4, 17)
(19, 5, 16)
(19, 6, 8)
(19, 7, 6)
(19, 8, 4)
(19, 9, 4)
(19, 10, 4)
(19, 11, 2)
(19, 12, 2)
(19, 13, 2)
(19, 14, 2)
(19, 15, 2)
(19, 16, 2)
(19, 17, 2)
(19, 18, 2)
(19, 19, 2)
(19, 20, 2)
(19, 21, 2)
(19, 22, 2)
(19, 23, 2)
(19, 24, 2)
(19, 25, 2)
(19, 26, 2)
(19, 27, 2)
(19, 28, 2)
(19, 29, 2)
(19, 30, 2)
(19, 31, 2)
(19, 32, 2)
(19, 33, 2)
(19, 34, 2)
(19, 35, 1)
(19, 36, 1)
(19, 37, 1)
(19, 38, 1)
(19, 39, 1)

(20, 0, 47)
(20, 1, 29)
(20, 2, 25)
(20, 3, 21)
(20, 4, 17)
(20, 5, 16)
(20, 6, 8)
(20, 7, 6)
(20, 8, 4)
(20, 9, 4)
(20, 10, 4)
(20, 11, 2)
(20, 12, 2)
(20, 13, 2)
(20, 14, 2)
(20, 15, 2)
(20, 16, 2)
(20, 17, 2)
(20, 18, 2)
(20, 19, 2)
(20, 20, 2)
(20, 21, 2)
(20, 22, 2)
(20, 23, 2)
(20, 24, 2)
(20, 25, 2)
(20, 26, 2)
(20, 27, 2)
(20, 28, 2)
(20, 29, 2)
(20, 30, 2)
(20, 31, 2)
(20, 32, 2)
(20, 33, 2)
(20, 34, 2)
(20, 35, 1)
(20, 36, 1)
(20, 37, 1)
(20, 38, 1)
(20, 39, 1)

(21, 0, 47)
(21, 1, 29)
(21, 2, 25)
(21, 3, 21)
(21, 4, 17)
(21, 5, 16)
(21, 6, 8)
(21, 7, 6)
(21, 8, 4)
(21, 9, 4)
(21, 10, 4)
(21, 11, 2)
(21, 12, 2)
(21, 13, 2)
(21, 14, 2)
(21, 15, 2)
(21, 16, 2)
(21, 17, 2)
(21, 18, 2)
(21, 19, 2)
(21, 20, 2)
(21, 21, 2)
(21, 22, 2)
(21, 23, 2)
(21, 24, 2)
(21, 25, 2)
(21, 26, 2)
(21, 27, 2)
(21, 28, 2)
(21, 29, 2)
(21, 30, 2)
(21, 31, 2)
(21, 32, 2)
(21, 33, 2)
(21, 34, 2)
(21, 35, 1)
(21, 36, 1)
(21, 37, 1)
(21, 38, 1)
(21, 39, 1)

(22, 0, 47)
(22, 1, 29)
(22, 2, 25)
(22, 3, 21)
(22, 4, 17)
(22, 5, 16)
(22, 6, 8)
(22, 7, 6)
(22, 8, 4)
(22, 9, 4)
(22, 10, 4)
(22, 11, 2)
(22, 12, 2)
(22, 13, 2)
(22, 14, 2)
(22, 15, 2)
(22, 16, 2)
(22, 17, 2)
(22, 18, 2)
(22, 19, 2)
(22, 20, 2)
(22, 21, 2)
(22, 22, 2)
(22, 23, 2)
(22, 24, 2)
(22, 25, 2)
(22, 26, 2)
(22, 27, 2)
(22, 28, 2)
(22, 29, 2)
(22, 30, 2)
(22, 31, 2)
(22, 32, 2)
(22, 33, 2)
(22, 34, 2)
(22, 35, 1)
(22, 36, 1)
(22, 37, 1)
(22, 38, 1)
(22, 39, 1)

(23, 0, 47)
(23, 1, 29)
(23, 2, 25)
(23, 3, 21)
(23, 4, 17)
(23, 5, 16)
(23, 6, 8)
(23, 7, 6)
(23, 8, 4)
(23, 9, 4)
(23, 10, 4)
(23, 11, 2)
(23, 12, 2)
(23, 13, 2)
(23, 14, 2)
(23, 15, 2)
(23, 16, 2)
(23, 17, 2)
(23, 18, 2)
(23, 19, 2)
(23, 20, 2)
(23, 21, 2)
(23, 22, 2)
(23, 23, 2)
(23, 24, 2)
(23, 25, 2)
(23, 26, 2)
(23, 27, 2)
(23, 28, 2)
(23, 29, 2)
(23, 30, 2)
(23, 31, 2)
(23, 32, 2)
(23, 33, 2)
(23, 34, 2)
(23, 35, 1)
(23, 36, 1)
(23, 37, 1)
(23, 38, 1)
(23, 39, 1)

(24, 0, 47)
(24, 1, 29)
(24, 2, 25)
(24, 3, 21)
(24, 4, 17)
(24, 5, 16)
(24, 6, 8)
(24, 7, 6)
(24, 8, 4)
(24, 9, 4)
(24, 10, 4)
(24, 11, 2)
(24, 12, 2)
(24, 13, 2)
(24, 14, 2)
(24, 15, 2)
(24, 16, 2)
(24, 17, 2)
(24, 18, 2)
(24, 19, 2)
(24, 20, 2)
(24, 21, 2)
(24, 22, 2)
(24, 23, 2)
(24, 24, 2)
(24, 25, 2)
(24, 26, 2)
(24, 27, 2)
(24, 28, 2)
(24, 29, 2)
(24, 30, 2)
(24, 31, 2)
(24, 32, 2)
(24, 33, 2)
(24, 34, 2)
(24, 35, 1)
(24, 36, 1)
(24, 37, 1)
(24, 38, 1)
(24, 39, 1)

(25, 0, 47)
(25, 1, 29)
(25, 2, 25)
(25, 3, 21)
(25, 4, 17)
(25, 5, 16)
(25, 6, 8)
(25, 7, 6)
(25, 8, 4)
(25, 9, 4)
(25, 10, 4)
(25, 11, 2)
(25, 12, 2)
(25, 13, 2)
(25, 14, 2)
(25, 15, 2)
(25, 16, 2)
(25, 17, 2)
(25, 18, 2)
(25, 19, 2)
(25, 20, 2)
(25, 21, 2)
(25, 22, 2)
(25, 23, 2)
(25, 24, 2)
(25, 25, 2)
(25, 26, 2)
(25, 27, 2)
(25, 28, 2)
(25, 29, 2)
(25, 30, 2)
(25, 31, 2)
(25, 32, 2)
(25, 33, 2)
(25, 34, 2)
(25, 35, 1)
(25, 36, 1)
(25, 37, 1)
(25, 38, 1)
(25, 39, 1)

(26, 0, 47)
(26, 1, 29)
(26, 2, 25)
(26, 3, 21)
(26, 4, 17)
(26, 5, 16)
(26, 6, 8)
(26, 7, 6)
(26, 8, 4)
(26, 9, 4)
(26, 10, 4)
(26, 11, 2)
(26, 12, 2)
(26, 13, 2)
(26, 14, 2)
(26, 15, 2)
(26, 16, 2)
(26, 17, 2)
(26, 18, 2)
(26, 19, 2)
(26, 20, 2)
(26, 21, 2)
(26, 22, 2)
(26, 23, 2)
(26, 24, 2)
(26, 25, 2)
(26, 26, 2)
(26, 27, 2)
(26, 28, 2)
(26, 29, 2)
(26, 30, 2)
(26, 31, 2)
(26, 32, 2)
(26, 33, 2)
(26, 34, 2)
(26, 35, 1)
(26, 36, 1)
(26, 37, 1)
(26, 38, 1)
(26, 39, 1)

(27, 0, 47)
(27, 1, 29)
(27, 2, 25)
(27, 3, 21)
(27, 4, 17)
(27, 5, 16)
(27, 6, 8)
(27, 7, 6)
(27, 8, 4)
(27, 9, 4)
(27, 10, 4)
(27, 11, 2)
(27, 12, 2)
(27, 13, 2)
(27, 14, 2)
(27, 15, 2)
(27, 16, 2)
(27, 17, 2)
(27, 18, 2)
(27, 19, 2)
(27, 20, 2)
(27, 21, 2)
(27, 22, 2)
(27, 23, 2)
(27, 24, 2)
(27, 25, 2)
(27, 26, 2)
(27, 27, 2)
(27, 28, 2)
(27, 29, 2)
(27, 30, 2)
(27, 31, 2)
(27, 32, 2)
(27, 33, 2)
(27, 34, 2)
(27, 35, 1)
(27, 36, 1)
(27, 37, 1)
(27, 38, 1)
(27, 39, 1)

(28, 0, 47)
(28, 1, 29)
(28, 2, 25)
(28, 3, 21)
(28, 4, 17)
(28, 5, 16)
(28, 6, 8)
(28, 7, 6)
(28, 8, 4)
(28, 9, 4)
(28, 10, 4)
(28, 11, 2)
(28, 12, 2)
(28, 13, 2)
(28, 14, 2)
(28, 15, 2)
(28, 16, 2)
(28, 17, 2)
(28, 18, 2)
(28, 19, 2)
(28, 20, 2)
(28, 21, 2)
(28, 22, 2)
(28, 23, 2)
(28, 24, 2)
(28, 25, 2)
(28, 26, 2)
(28, 27, 2)
(28, 28, 2)
(28, 29, 2)
(28, 30, 2)
(28, 31, 2)
(28, 32, 2)
(28, 33, 2)
(28, 34, 2)
(28, 35, 1)
(28, 36, 1)
(28, 37, 1)
(28, 38, 1)
(28, 39, 1)

(29, 0, 47)
(29, 1, 29)
(29, 2, 25)
(29, 3, 21)
(29, 4, 17)
(29, 5, 16)
(29, 6, 8)
(29, 7, 6)
(29, 8, 4)
(29, 9, 4)
(29, 10, 4)
(29, 11, 2)
(29, 12, 2)
(29, 13, 2)
(29, 14, 2)
(29, 15, 2)
(29, 16, 2)
(29, 17, 2)
(29, 18, 2)
(29, 19, 2)
(29, 20, 2)
(29, 21, 2)
(29, 22, 2)
(29, 23, 2)
(29, 24, 2)
(29, 25, 2)
(29, 26, 2)
(29, 27, 2)
(29, 28, 2)
(29, 29, 2)
(29, 30, 2)
(29, 31, 2)
(29, 32, 2)
(29, 33, 2)
(29, 34, 2)
(29, 35, 1)
(29, 36, 1)
(29, 37, 1)
(29, 38, 1)
(29, 39, 1)

(30, 0, 47)
(30, 1, 29)
(30, 2, 25)
(30, 3, 21)
(30, 4, 17)
(30, 5, 16)
(30, 6, 8)
(30, 7, 6)
(30, 8, 4)
(30, 9, 4)
(30, 10, 4)
(30, 11, 2)
(30, 12, 2)
(30, 13, 2)
(30, 14, 2)
(30, 15, 2)
(30, 16, 2)
(30, 17, 2)
(30, 18, 2)
(30, 19, 2)
(30, 20, 2)
(30, 21, 2)
(30, 22, 2)
(30, 23, 2)
(30, 24, 2)
(30, 25, 2)
(30, 26, 2)
(30, 27, 2)
(30, 28, 2)
(30, 29, 2)
(30, 30, 2)
(30, 31, 2)
(30, 32, 2)
(30, 33, 2)
(30, 34, 2)
(30, 35, 1)
(30, 36, 1)
(30, 37, 1)
(30, 38, 1)
(30, 39, 1)

(31, 0, 47)
(31, 1, 29)
(31, 2, 25)
(31, 3, 21)
(31, 4, 17)
(31, 5, 16)
(31, 6, 8)
(31, 7, 6)
(31, 8, 4)
(31, 9, 4)
(31, 10, 4)
(31, 11, 2)
(31, 12, 2)
(31, 13, 2)
(31, 14, 2)
(31, 15, 2)
(31, 16, 2)
(31, 17, 2)
(31, 18, 2)
(31, 19, 2)
(31, 20, 2)
(31, 21, 2)
(31, 22, 2)
(31, 23, 2)
(31, 24, 2)
(31, 25, 2)
(31, 26, 2)
(31, 27, 2)
(31, 28, 2)
(31, 29, 2)
(31, 30, 2)
(31, 31, 2)
(31, 32, 2)
(31, 33, 2)
(31, 34, 2)
(31, 35, 1)
(31, 36, 1)
(31, 37, 1)
(31, 38, 1)
(31, 39, 1)

(32, 0, 47)
(32, 1, 29)
(32, 2, 25)
(32, 3, 21)
(32, 4, 17)
(32, 5, 16)
(32, 6, 8)
(32, 7, 6)
(32, 8, 4)
(32, 9, 4)
(32, 10, 4)
(32, 11, 2)
(32, 12, 2)
(32, 13, 2)
(32, 14, 2)
(32, 15, 2)
(32, 16, 2)
(32, 17, 2)
(32, 18, 2)
(32, 19, 2)
(32, 20, 2)
(32, 21, 2)
(32, 22, 2)
(32, 23, 2)
(32, 24, 2)
(32, 25, 2)
(32, 26, 2)
(32, 27, 2)
(32, 28, 2)
(32, 29, 2)
(32, 30, 2)
(32, 31, 2)
(32, 32, 2)
(32, 33, 2)
(32, 34, 2)
(32, 35, 1)
(32, 36, 1)
(32, 37, 1)
(32, 38, 1)
(32, 39, 1)

(33, 0, 47)
(33, 1, 29)
(33, 2, 25)
(33, 3, 21)
(33, 4, 17)
(33, 5, 16)
(33, 6, 8)
(33, 7, 6)
(33, 8, 4)
(33, 9, 4)
(33, 10, 4)
(33, 11, 2)
(33, 12, 2)
(33, 13, 2)
(33, 14, 2)
(33, 15, 2)
(33, 16, 2)
(33, 17, 2)
(33, 18, 2)
(33, 19, 2)
(33, 20, 2)
(33, 21, 2)
(33, 22, 2)
(33, 23, 2)
(33, 24, 2)
(33, 25, 2)
(33, 26, 2)
(33, 27, 2)
(33, 28, 2)
(33, 29, 2)
(33, 30, 2)
(33, 31, 2)
(33, 32, 2)
(33, 33, 2)
(33, 34, 2)
(33, 35, 1)
(33, 36, 1)
(33, 37, 1)
(33, 38, 1)
(33, 39, 1)

(34, 0, 49)
(34, 1, 31)
(34, 2, 27)
(34, 3, 23)
(34, 4, 19)
(34, 5, 18)
(34, 6, 10)
(34, 7, 7)
(34, 8, 5)
(34, 9, 5)
(34, 10, 5)
(34, 11, 3)
(34, 12, 3)
(34, 13, 3)
(34, 14, 3)
(34, 15, 3)
(34, 16, 3)
(34, 17, 3)
(34, 18, 3)
(34, 19, 3)
(34, 20, 3)
(34, 21, 3)
(34, 22, 3)
(34, 23, 3)
(34, 24, 3)
(34, 25, 3)
(34, 26, 3)
(34, 27, 3)
(34, 28, 3)
(34, 29, 3)
(34, 30, 3)
(34, 31, 3)
(34, 32, 3)
(34, 33, 3)
(34, 34, 3)
(34, 35, 1)
(34, 36, 1)
(34, 37, 1)
(34, 38, 1)
(34, 39, 1)

(35, 0, 52)
(35, 1, 34)
(35, 2, 29)
(35, 3, 23)
(35, 4, 19)
(35, 5, 18)
(35, 6, 9)
(35, 7, 7)
(35, 8, 5)
(35, 9, 5)
(35, 10, 5)
(35, 11, 3)
(35, 12, 3)
(35, 13, 3)
(35, 14, 3)
(35, 15, 3)
(35, 16, 3)
(35, 17, 3)
(35, 18, 3)
(35, 19, 3)
(35, 20, 3)
(35, 21, 3)
(35, 22, 3)
(35, 23, 3)
(35, 24, 3)
(35, 25, 3)
(35, 26, 3)
(35, 27, 3)
(35, 28, 3)
(35, 29, 3)
(35, 30, 3)
(35, 31, 3)
(35, 32, 3)
(35, 33, 3)
(35, 34, 3)
(35, 35, 1)
(35, 36, 1)
(35, 37, 1)
(35, 38, 1)
(35, 39, 1)

(36, 0, 52)
(36, 1, 34)
(36, 2, 29)
(36, 3, 23)
(36, 4, 19)
(36, 5, 18)
(36, 6, 9)
(36, 7, 7)
(36, 8, 5)
(36, 9, 5)
(36, 10, 5)
(36, 11, 3)
(36, 12, 3)
(36, 13, 3)
(36, 14, 3)
(36, 15, 3)
(36, 16, 3)
(36, 17, 3)
(36, 18, 3)
(36, 19, 3)
(36, 20, 3)
(36, 21, 3)
(36, 22, 3)
(36, 23, 3)
(36, 24, 3)
(36, 25, 3)
(36, 26, 3)
(36, 27, 3)
(36, 28, 3)
(36, 29, 3)
(36, 30, 3)
(36, 31, 3)
(36, 32, 3)
(36, 33, 3)
(36, 34, 3)
(36, 35, 1)
(36, 36, 1)
(36, 37, 1)
(36, 38, 1)
(36, 39, 1)

(37, 0, 53)
(37, 1, 35)
(37, 2, 30)
(37, 3, 23)
(37, 4, 18)
(37, 5, 17)
(37, 6, 9)
(37, 7, 7)
(37, 8, 5)
(37, 9, 5)
(37, 10, 5)
(37, 11, 3)
(37, 12, 3)
(37, 13, 3)
(37, 14, 3)
(37, 15, 3)
(37, 16, 3)
(37, 17, 3)
(37, 18, 3)
(37, 19, 3)
(37, 20, 3)
(37, 21, 3)
(37, 22, 3)
(37, 23, 3)
(37, 24, 3)
(37, 25, 3)
(37, 26, 3)
(37, 27, 3)
(37, 28, 3)
(37, 29, 3)
(37, 30, 3)
(37, 31, 3)
(37, 32, 3)
(37, 33, 3)
(37, 34, 3)
(37, 35, 1)
(37, 36, 1)
(37, 37, 1)
(37, 38, 1)
(37, 39, 1)

(38, 0, 53)
(38, 1, 35)
(38, 2, 30)
(38, 3, 22)
(38, 4, 18)
(38, 5, 17)
(38, 6, 9)
(38, 7, 7)
(38, 8, 5)
(38, 9, 5)
(38, 10, 5)
(38, 11, 3)
(38, 12, 3)
(38, 13, 3)
(38, 14, 3)
(38, 15, 3)
(38, 16, 3)
(38, 17, 3)
(38, 18, 3)
(38, 19, 3)
(38, 20, 3)
(38, 21, 3)
(38, 22, 3)
(38, 23, 3)
(38, 24, 3)
(38, 25, 3)
(38, 26, 3)
(38, 27, 3)
(38, 28, 3)
(38, 29, 3)
(38, 30, 3)
(38, 31, 3)
(38, 32, 3)
(38, 33, 3)
(38, 34, 3)
(38, 35, 1)
(38, 36, 1)
(38, 37, 1)
(38, 38, 1)
(38, 39, 1)

(39, 0, 54)
(39, 1, 36)
(39, 2, 30)
(39, 3, 22)
(39, 4, 18)
(39, 5, 17)
(39, 6, 9)
(39, 7, 7)
(39, 8, 5)
(39, 9, 5)
(39, 10, 5)
(39, 11, 3)
(39, 12, 3)
(39, 13, 3)
(39, 14, 3)
(39, 15, 3)
(39, 16, 3)
(39, 17, 3)
(39, 18, 3)
(39, 19, 3)
(39, 20, 3)
(39, 21, 3)
(39, 22, 3)
(39, 23, 3)
(39, 24, 3)
(39, 25, 3)
(39, 26, 3)
(39, 27, 3)
(39, 28, 3)
(39, 29, 3)
(39, 30, 3)
(39, 31, 3)
(39, 32, 3)
(39, 33, 3)
(39, 34, 3)
(39, 35, 1)
(39, 36, 1)
(39, 37, 1)
(39, 38, 1)
(39, 39, 1)


Betti numbers:
xi_0:
(0, 0, 2)
(3, 0, 4)
(4, 0, 2)
(5, 0, 1)
(6, 0, 6)
(7, 0, 1)
(8, 0, 2)
(10, 0, 7)
(11, 0, 1)
(12, 0, 2)
(13, 0, 8)
(14, 0, 1)
(15, 0, 1)
(16, 0, 3)
(17, 0, 2)
(18, 0, 4)
(34, 0, 2)
(35, 0, 3)
(37, 0, 1)
(39, 0, 1)
xi_1:
(0, 3, 1)
(3, 1, 2)
(3, 2, 1)
(3, 6, 1)
(4, 1, 2)
(5, 14, 1)
(6, 1, 3)
(6, 7, 1)
(6, 8, 1)
(6, 12, 1)
(6, 39, 1)
(7, 3, 1)
(8, 1, 1)
(8, 4, 1)
(8, 11, 1)
(9, 38, 1)
(10, 1, 1)
(10, 2, 1)
(10, 3, 1)
(10, 5, 1)
(10, 6, 1)
(10, 7, 1)
(10, 8, 1)
(10, 35, 1)
(11, 2, 1)
(12, 15, 2)
(13, 1, 5)
(13, 4, 2)
(13, 6, 2)
(13, 8, 2)
(13, 13, 1)
(14, 6, 1)
(14, 7, 1)
(14, 8, 1)
(15, 6, 1)
(15, 7, 1)
(16, 1, 1)
(16, 4, 1)
(16, 6, 1)
(16, 18, 1)
(17, 3, 1)
(17, 6, 1)
(17, 11, 1)
(18, 1, 3)
(18, 2, 1)
(34, 7, 1)
(34, 35, 1)
(35, 2, 1)
(35, 3, 2)
(35, 6, 1)
(37, 3, 1)
(37, 4, 1)
(38, 3, 1)
(39, 2, 1)
xi_2:
(6, 14, 1)
(8, 12, 1)
(9, 39, 1)
(10, 38, 1)
(13, 7, 1)
(13, 8, 1)
(13, 15, 2)
(14, 8, 1)
(14, 13, 1)
(15, 8, 1)
(16, 7, 1)
(17, 18, 1)
(35, 7, 1)
(37, 6, 1)
(38, 4, 1)
