x-grades
-997442183716077293/1000000000000000000
-487498119902326593/500000000000000000
-952550295893229079/1000000000000000000
-232526087995451243/250000000000000000
-181531681614076173/200000000000000000
-442606232079478379/500000000000000000
-862766520247532651/1000000000000000000
-820625562828231/976562500000000
-817874632424684437/1000000000000000000
-79542868851326033/100000000000000000
-772982744601836223/1000000000000000000
-187634200172603029/250000000000000000
-728090856778988009/1000000000000000000
-352822456433781951/500000000000000000
-136639793791227959/200000000000000000
-82594128130589461/125000000000000000
-638307081133291581/1000000000000000000
-307930568610933737/500000000000000000
-593415193310443367/1000000000000000000
-28548462469950963/50000000000000000
-548523305487595153/1000000000000000000
-263038680788085523/500000000000000000
-503631417664746939/1000000000000000000
-30074092109582677/62500000000000000
-18349581193675949/40000000000000000
-218146792965237309/500000000000000000
-413847642019050511/1000000000000000000
-97850424526906601/250000000000000000
-368955754196202297/1000000000000000000
-34650981028477819/100000000000000000
-324063866373354083/1000000000000000000
-37702240307741247/125000000000000000
-279171978550505869/1000000000000000000
-128363017319540881/500000000000000000
-46856018145531531/200000000000000000
-52958536704058387/250000000000000000
-189388202904809441/1000000000000000000
-83471129496692667/500000000000000000
-144496315081961227/1000000000000000000
-762814819815857/6250000000000000

y-grades
573913/500000
573913/250000
1721739/500000
573913/125000
573913/100000
1721739/250000
4017391/500000
573913/62500
5165217/500000
573913/50000
6313043/500000
1721739/125000
7460869/500000
4017391/250000
1721739/100000
573913/31250
9756521/500000
5165217/250000
10904347/500000
573913/25000
12052173/500000
6313043/250000
13199999/500000
1721739/62500
573913/20000
7460869/250000
15495651/500000
4017391/125000
16643477/500000
1721739/50000
17791303/500000
573913/15625
18939129/500000
9756521/250000
4017391/100000
5165217/125000
21234781/500000
10904347/250000
22382607/500000
573913/12500

Dimensions > 0:
(0, 0, 3)
(0, 1, 2)
(0, 2, 1)
(0, 3, 1)
(0, 4, 1)
(0, 5, 1)
(0, 6, 1)
(0, 7, 1)
(0, 8, 1)
(0, 9, 1)
(0, 10, 1)
(0, 11, 1)
(0, 12, 1)
(0, 13, 1)
(0, 14, 1)
(0, 15, 1)
(0, 16, 1)
(0, 17, 1)
(0, 18, 1)
(0, 19, 1)
(0, 20, 1)
(0, 21, 1)
(0, 22, 1)
(0, 23, 1)
(0, 24, 1)
(0, 25, 1)
(0, 26, 1)
(0, 27, 1)
(0, 28, 1)
(0, 29, 1)
(0, 30, 1)
(0, 31, 1)
(0, 32, 1)
(0, 33, 1)
(0, 34, 1)
(0, 35, 1)
(0, 36, 1)
(0, 37, 1)
(0, 38, 1)
(0, 39, 1)

(1, 0, 3)
(1, 1, 2)
(1, 2, 1)
(1, 3, 1)
(1, 4, 1)
(1, 5, 1)
(1, 6, 1)
(1, 7, 1)
(1, 8, 1)
(1, 9, 1)
(1, 10, 1)
(1, 11, 1)
(1, 12, 1)
(1, 13, 1)
(1, 14, 1)
(1, 15, 1)
(1, 16, 1)
(1, 17, 1)
(1, 18, 1)
(1, 19, 1)
(1, 20, 1)
(1, 21, 1)
(1, 22, 1)
(1, 23, 1)
(1, 24, 1)
(1, 25, 1)
(1, 26, 1)
(1, 27, 1)
(1, 28, 1)
(1, 29, 1)
(1, 30, 1)
(1, 31, 1)
(1, 32, 1)
(1, 33, 1)
(1, 34, 1)
(1, 35, 1)
(1, 36, 1)
(1, 37, 1)
(1, 38, 1)
(1, 39, 1)

(2, 0, 5)
(2, 1, 4)
(2, 2, 1)
(2, 3, 1)
(2, 4, 1)
(2, 5, 1)
(2, 6, 1)
(2, 7, 1)
(2, 8, 1)
(2, 9, 1)
(2, 10, 1)
(2, 11, 1)
(2, 12, 1)
(2, 13, 1)
(2, 14, 1)
(2, 15, 1)
(2, 16, 1)
(2, 17, 1)
(2, 18, 1)
(2, 19, 1)
(2, 20, 1)
(2, 21, 1)
(2, 22, 1)
(2, 23, 1)
(2, 24, 1)
(2, 25, 1)
(2, 26, 1)
(2, 27, 1)
(2, 28, 1)
(2, 29, 1)
(2, 30, 1)
(2, 31, 1)
(2, 32, 1)
(2, 33, 1)
(2, 34, 1)
(2, 35, 1)
(2, 36, 1)
(2, 37, 1)
(2, 38, 1)
(2, 39, 1)

(3, 0, 9)
(3, 1, 5)
(3, 2, 2)
(3, 3, 2)
(3, 4, 2)
(3, 5, 2)
(3, 6, 2)
(3, 7, 2)
(3, 8, 2)
(3, 9, 2)
(3, 10, 2)
(3, 11, 2)
(3, 12, 2)
(3, 13, 2)
(3, 14, 2)
(3, 15, 2)
(3, 16, 2)
(3, 17, 2)
(3, 18, 2)
(3, 19, 2)
(3, 20, 2)
(3, 21, 2)
(3, 22, 2)
(3, 23, 2)
(3, 24, 2)
(3, 25, 2)
(3, 26, 2)
(3, 27, 2)
(3, 28, 2)
(3, 29, 2)
(3, 30, 2)
(3, 31, 1)
(3, 32, 1)
(3, 33, 1)
(3, 34, 1)
(3, 35, 1)
(3, 36, 1)
(3, 37, 1)
(3, 38, 1)
(3, 39, 1)

(4, 0, 12)
(4, 1, 7)
(4, 2, 2)
(4, 3, 2)
(4, 4, 2)
(4, 5, 2)
(4, 6, 2)
(4, 7, 2)
(4, 8, 2)
(4, 9, 2)
(4, 10, 2)
(4, 11, 2)
(4, 12, 2)
(4, 13, 2)
(4, 14, 2)
(4, 15, 2)
(4, 16, 2)
(4, 17, 2)
(4, 18, 2)
(4, 19, 2)
(4, 20, 2)
(4, 21, 2)
(4, 22, 2)
(4, 23, 2)
(4, 24, 2)
(4, 25, 2)
(4, 26, 2)
(4, 27, 2)
(4, 28, 1)
(4, 29, 1)
(4, 30, 1)
(4, 31, 1)
(4, 32, 1)
(4, 33, 1)
(4, 34, 1)
(4, 35, 1)
(4, 36, 1)
(4, 37, 1)
(4, 38, 1)
(4, 39, 1)

(5, 0, 14)
(5, 1, 9)
(5, 2, 2)
(5, 3, 2)
(5, 4, 2)
(5, 5, 2)
(5, 6, 2)
(5, 7, 2)
(5, 8, 2)
(5, 9, 2)
(5, 10, 2)
(5, 11, 2)
(5, 12, 2)
(5, 13, 2)
(5, 14, 2)
(5, 15, 2)
(5, 16, 2)
(5, 17, 2)
(5, 18, 2)
(5, 19, 2)
(5, 20, 2)
(5, 21, 2)
(5, 22, 2)
(5, 23, 2)
(5, 24, 2)
(5, 25, 1)
(5, 26, 1)
(5, 27, 1)
(5, 28, 1)
(5, 29, 1)
(5, 30, 1)
(5, 31, 1)
(5, 32, 1)
(5, 33, 1)
(5, 34, 1)
(5, 35, 1)
(5, 36, 1)
(5, 37, 1)
(5, 38, 1)
(5, 39, 1)

(6, 0, 20)
(6, 1, 10)
(6, 2, 2)
(6, 3, 2)
(6, 4, 2)
(6, 5, 2)
(6, 6, 2)
(6, 7, 2)
(6, 8, 2)
(6, 9, 2)
(6, 10, 2)
(6, 11, 2)
(6, 12, 2)
(6, 13, 2)
(6, 14, 2)
(6, 15, 2)
(6, 16, 2)
(6, 17, 2)
(6, 18, 2)
(6, 19, 2)
(6, 20, 2)
(6, 21, 2)
(6, 22, 1)
(6, 23, 1)
(6, 24, 1)
(6, 25, 1)
(6, 26, 1)
(6, 27, 1)
(6, 28, 1)
(6, 29, 1)
(6, 30, 1)
(6, 31, 1)
(6, 32, 1)
(6, 33, 1)
(6, 34, 1)
(6, 35, 1)
(6, 36, 1)
(6, 37, 1)
(6, 38, 1)
(6, 39, 1)

(7, 0, 22)
(7, 1, 12)
(7, 2, 2)
(7, 3, 2)
(7, 4, 2)
(7, 5, 2)
(7, 6, 2)
(7, 7, 2)
(7, 8, 2)
(7, 9, 2)
(7, 10, 2)
(7, 11, 2)
(7, 12, 2)
(7, 13, 2)
(7, 14, 2)
(7, 15, 2)
(7, 16, 2)
(7, 17, 2)
(7, 18, 2)
(7, 19, 1)
(7, 20, 1)
(7, 21, 1)
(7, 22, 1)
(7, 23, 1)
(7, 24, 1)
(7, 25, 1)
(7, 26, 1)
(7, 27, 1)
(7, 28, 1)
(7, 29, 1)
(7, 30, 1)
(7, 31, 1)
(7, 32, 1)
(7, 33, 1)
(7, 34, 1)
(7, 35, 1)
(7, 36, 1)
(7, 37, 1)
(7, 38, 1)
(7, 39, 1)

(8, 0, 30)
(8, 1, 16)
(8, 2, 2)
(8, 3, 2)
(8, 4, 2)
(8, 5, 2)
(8, 6, 2)
(8, 7, 2)
(8, 8, 2)
(8, 9, 2)
(8, 10, 2)
(8, 11, 2)
(8, 12, 2)
(8, 13, 2)
(8, 14, 1)
(8, 15, 1)
(8, 16, 1)
(8, 17, 1)
(8, 18, 1)
(8, 19, 1)
(8, 20, 1)
(8, 21, 1)
(8, 22, 1)
(8, 23, 1)
(8, 24, 1)
(8, 25, 1)
(8, 26, 1)
(8, 27, 1)
(8, 28, 1)
(8, 29, 1)
(8, 30, 1)
(8, 31, 1)
(8, 32, 1)
(8, 33, 1)
(8, 34, 1)
(8, 35, 1)
(8, 36, 1)
(8, 37, 1)
(8, 38, 1)
(8, 39, 1)

(9, 0, 37)
(9, 1, 21)
(9, 2, 2)
(9, 3, 2)
(9, 4, 2)
(9, 5, 1)
(9, 6, 1)
(9, 7, 1)
(9, 8, 1)
(9, 9, 1)
(9, 10, 1)
(9, 11, 1)
(9, 12, 1)
(9, 13, 1)
(9, 14, 1)
(9, 15, 1)
(9, 16, 1)
(9, 17, 1)
(9, 18, 1)
(9, 19, 1)
(9, 20, 1)
(9, 21, 1)
(9, 22, 1)
(9, 23, 1)
(9, 24, 1)
(9, 25, 1)
(9, 26, 1)
(9, 27, 1)
(9, 28, 1)
(9, 29, 1)
(9, 30, 1)
(9, 31, 1)
(9, 32, 1)
(9, 33, 1)
(9, 34, 1)
(9, 35, 1)
(9, 36, 1)
(9, 37, 1)
(9, 38, 1)
(9, 39, 1)

(10, 0, 44)
(10, 1, 24)
(10, 2, 1)
(10, 3, 1)
(10, 4, 1)
(10, 5, 1)
(10, 6, 1)
(10, 7, 1)
(10, 8, 1)
(10, 9, 1)
(10, 10, 1)
(10, 11, 1)
(10, 12, 1)
(10, 13, 1)
(10, 14, 1)
(10, 15, 1)
(10, 16, 1)
(10, 17, 1)
(10, 18, 1)
(10, 19, 1)
(10, 20, 1)
(10, 21, 1)
(10, 22, 1)
(10, 23, 1)
(10, 24, 1)
(10, 25, 1)
(10, 26, 1)
(10, 27, 1)
(10, 28, 1)
(10, 29, 1)
(10, 30, 1)
(10, 31, 1)
(10, 32, 1)
(10, 33, 1)
(10, 34, 1)
(10, 35, 1)
(10, 36, 1)
(10, 37, 1)
(10, 38, 1)
(10, 39, 1)

(11, 0, 50)
(11, 1, 24)
(11, 2, 1)
(11, 3, 1)
(11, 4, 1)
(11, 5, 1)
(11, 6, 1)
(11, 7, 1)
(11, 8, 1)
(11, 9, 1)
(11, 10, 1)
(11, 11, 1)
(11, 12, 1)
(11, 13, 1)
(11, 14, 1)
(11, 15, 1)
(11, 16, 1)
(11, 17, 1)
(11, 18, 1)
(11, 19, 1)
(11, 20, 1)
(11, 21, 1)
(11, 22, 1)
(11, 23, 1)
(11, 24, 1)
(11, 25, 1)
(11, 26, 1)
(11, 27, 1)
(11, 28, 1)
(11, 29, 1)
(11, 30, 1)
(11, 31, 1)
(11, 32, 1)
(11, 33, 1)
(11, 34, 1)
(11, 35, 1)
(11, 36, 1)
(11, 37, 1)
(11, 38, 1)
(11, 39, 1)

(12, 0, 50)
(12, 1, 24)
(12, 2, 1)
(12, 3, 1)
(12, 4, 1)
(12, 5, 1)
(12, 6, 1)
(12, 7, 1)
(12, 8, 1)
(12, 9, 1)
(12, 10, 1)
(12, 11, 1)
(12, 12, 1)
(12, 13, 1)
(12, 14, 1)
(12, 15, 1)
(12, 16, 1)
(12, 17, 1)
(12, 18, 1)
(12, 19, 1)
(12, 20, 1)
(12, 21, 1)
(12, 22, 1)
(12, 23, 1)
(12, 24, 1)
(12, 25, 1)
(12, 26, 1)
(12, 27, 1)
(12, 28, 1)
(12, 29, 1)
(12, 30, 1)
(12, 31, 1)
(12, 32, 1)
(12, 33, 1)
(12, 34, 1)
(12, 35, 1)
(12, 36, 1)
(12, 37, 1)
(12, 38, 1)
(12, 39, 1)

(13, 0, 50)
(13, 1, 24)
(13, 2, 1)
(13, 3, 1)
(13, 4, 1)
(13, 5, 1)
(13, 6, 1)
(13, 7, 1)
(13, 8, 1)
(13, 9, 1)
(13, 10, 1)
(13, 11, 1)
(13, 12, 1)
(13, 13, 1)
(13, 14, 1)
(13, 15, 1)
(13, 16, 1)
(13, 17, 1)
(13, 18, 1)
(13, 19, 1)
(13, 20, 1)
(13, 21, 1)
(13, 22, 1)
(13, 23, 1)
(13, 24, 1)
(13, 25, 1)
(13, 26, 1)
(13, 27, 1)
(13, 28, 1)
(13, 29, 1)
(13, 30, 1)
(13, 31, 1)
(13, 32, 1)
(13, 33, 1)
(13, 34, 1)
(13, 35, 1)
(13, 36, 1)
(13, 37, 1)
(13, 38, 1)
(13, 39, 1)

(14, 0, 50)
(14, 1, 24)
(14, 2, 1)
(14, 3, 1)
(14, 4, 1)
(14, 5, 1)
(14, 6, 1)
(14, 7, 1)
(14, 8, 1)
(14, 9, 1)
(14, 10, 1)
(14, 11, 1)
(14, 12, 1)
(14, 13, 1)
(14, 14, 1)
(14, 15, 1)
(14, 16, 1)
(14, 17, 1)
(14, 18, 1)
(14, 19, 1)
(14, 20, 1)
(14, 21, 1)
(14, 22, 1)
(14, 23, 1)
(14, 24, 1)
(14, 25, 1)
(14, 26, 1)
(14, 27, 1)
(14, 28, 1)
(14, 29, 1)
(14, 30, 1)
(14, 31, 1)
(14, 32, 1)
(14, 33, 1)
(14, 34, 1)
(14, 35, 1)
(14, 36, 1)
(14, 37, 1)
(14, 38, 1)
(14, 39, 1)

(15, 0, 51)
(15, 1, 25)
(15, 2, 2)
(15, 3, 2)
(15, 4, 2)
(15, 5, 2)
(15, 6, 2)
(15, 7, 2)
(15, 8, 2)
(15, 9, 2)
(15, 10, 2)
(15, 11, 2)
(15, 12, 2)
(15, 13, 2)
(15, 14, 2)
(15, 15, 2)
(15, 16, 2)
(15, 17, 2)
(15, 18, 1)
(15, 19, 1)
(15, 20, 1)
(15, 21, 1)
(15, 22, 1)
(15, 23, 1)
(15, 24, 1)
(15, 25, 1)
(15, 26, 1)
(15, 27, 1)
(15, 28, 1)
(15, 29, 1)
(15, 30, 1)
(15, 31, 1)
(15, 32, 1)
(15, 33, 1)
(15, 34, 1)
(15, 35, 1)
(15, 36, 1)
(15, 37, 1)
(15, 38, 1)
(15, 39, 1)

(16, 0, 53)
(16, 1, 26)
(16, 2, 2)
(16, 3, 2)
(16, 4, 2)
(16, 5, 2)
(16, 6, 2)
(16, 7, 2)
(16, 8, 2)
(16, 9, 2)
(16, 10, 2)
(16, 11, 2)
(16, 12, 2)
(16, 13, 2)
(16, 14, 2)
(16, 15, 2)
(16, 16, 2)
(16, 17, 2)
(16, 18, 1)
(16, 19, 1)
(16, 20, 1)
(16, 21, 1)
(16, 22, 1)
(16, 23, 1)
(16, 24, 1)
(16, 25, 1)
(16, 26, 1)
(16, 27, 1)
(16, 28, 1)
(16, 29, 1)
(16, 30, 1)
(16, 31, 1)
(16, 32, 1)
(16, 33, 1)
(16, 34, 1)
(16, 35, 1)
(16, 36, 1)
(16, 37, 1)
(16, 38, 1)
(16, 39, 1)

(17, 0, 53)
(17, 1, 26)
(17, 2, 2)
(17, 3, 2)
(17, 4, 2)
(17, 5, 2)
(17, 6, 2)
(17, 7, 2)
(17, 8, 2)
(17, 9, 2)
(17, 10, 2)
(17, 11, 2)
(17, 12, 2)
(17, 13, 2)
(17, 14, 2)
(17, 15, 2)
(17, 16, 2)
(17, 17, 2)
(17, 18, 1)
(17, 19, 1)
(17, 20, 1)
(17, 21, 1)
(17, 22, 1)
(17, 23, 1)
(17, 24, 1)
(17, 25, 1)
(17, 26, 1)
(17, 27, 1)
(17, 28, 1)
(17, 29, 1)
(17, 30, 1)
(17, 31, 1)
(17, 32, 1)
(17, 33, 1)
(17, 34, 1)
(17, 35, 1)
(17, 36, 1)
(17, 37, 1)
(17, 38, 1)
(17, 39, 1)

(18, 0, 53)
(18, 1, 26)
(18, 2, 2)
(18, 3, 2)
(18, 4, 2)
(18, 5, 2)
(18, 6, 2)
(18, 7, 2)
(18, 8, 2)
(18, 9, 2)
(18, 10, 2)
(18, 11, 2)
(18, 12, 2)
(18, 13, 2)
(18, 14, 2)
(18, 15, 2)
(18, 16, 2)
(18, 17, 2)
(18, 18, 1)
(18, 19, 1)
(18, 20, 1)
(18, 21, 1)
(18, 22, 1)
(18, 23, 1)
(18, 24, 1)
(18, 25, 1)
(18, 26, 1)
(18, 27, 1)
(18, 28, 1)
(18, 29, 1)
(18, 30, 1)
(18, 31, 1)
(18, 32, 1)
(18, 33, 1)
(18, 34, 1)
(18, 35, 1)
(18, 36, 1)
(18, 37, 1)
(18, 38, 1)
(18, 39, 1)

(19, 0, 55)
(19, 1, 27)
(19, 2, 2)
(19, 3, 2)
(19, 4, 2)
(19, 5, 2)
(19, 6, 2)
(19, 7, 2)
(19, 8, 2)
(19, 9, 2)
(19, 10, 2)
(19, 11, 2)
(19, 12, 2)
(19, 13, 2)
(19, 14, 2)
(19, 15, 2)
(19, 16, 2)
(19, 17, 2)
(19, 18, 1)
(19, 19, 1)
(19, 20, 1)
(19, 21, 1)
(19, 22, 1)
(19, 23, 1)
(19, 24, 1)
(19, 25, 1)
(19, 26, 1)
(19, 27, 1)
(19, 28, 1)
(19, 29, 1)
(19, 30, 1)
(19, 31, 1)
(19, 32, 1)
(19, 33, 1)
(19, 34, 1)
(19, 35, 1)
(19, 36, 1)
(19, 37, 1)
(19, 38, 1)
(19, 39, 1)

(20, 0, 59)
(20, 1, 28)
(20, 2, 3)
(20, 3, 3)
(20, 4, 3)
(20, 5, 3)
(20, 6, 3)
(20, 7, 3)
(20, 8, 3)
(20, 9, 3)
(20, 10, 3)
(20, 11, 3)
(20, 12, 3)
(20, 13, 3)
(20, 14, 3)
(20, 15, 3)
(20, 16, 3)
(20, 17, 3)
(20, 18, 1)
(20, 19, 1)
(20, 20, 1)
(20, 21, 1)
(20, 22, 1)
(20, 23, 1)
(20, 24, 1)
(20, 25, 1)
(20, 26, 1)
(20, 27, 1)
(20, 28, 1)
(20, 29, 1)
(20, 30, 1)
(20, 31, 1)
(20, 32, 1)
(20, 33, 1)
(20, 34, 1)
(20, 35, 1)
(20, 36, 1)
(20, 37, 1)
(20, 38, 1)
(20, 39, 1)

(21, 0, 60)
(21, 1, 29)
(21, 2, 3)
(21, 3, 3)
(21, 4, 3)
(21, 5, 3)
(21, 6, 3)
(21, 7, 3)
(21, 8, 3)
(21, 9, 3)
(21, 10, 3)
(21, 11, 3)
(21, 12, 3)
(21, 13, 3)
(21, 14, 3)
(21, 15, 3)
(21, 16, 3)
(21, 17, 3)
(21, 18, 1)
(21, 19, 1)
(21, 20, 1)
(21, 21, 1)
(21, 22, 1)
(21, 23, 1)
(21, 24, 1)
(21, 25, 1)
(21, 26, 1)
(21, 27, 1)
(21, 28, 1)
(21, 29, 1)
(21, 30, 1)
(21, 31, 1)
(21, 32, 1)
(21, 33, 1)
(21, 34, 1)
(21, 35, 1)
(21, 36, 1)
(21, 37, 1)
(21, 38, 1)
(21, 39, 1)

(22, 0, 60)
(22, 1, 29)
(22, 2, 3)
(22, 3, 3)
(22, 4, 3)
(22, 5, 3)
(22, 6, 3)
(22, 7, 3)
(22, 8, 3)
(22, 9, 3)
(22, 10, 3)
(22, 11, 3)
(22, 12, 3)
(22, 13, 3)
(22, 14, 3)
(22, 15, 3)
(22, 16, 3)
(22, 17, 3)
(22, 18, 1)
(22, 19, 1)
(22, 20, 1)
(22, 21, 1)
(22, 22, 1)
(22, 23, 1)
(22, 24, 1)
(22, 25, 1)
(22, 26, 1)
(22, 27, 1)
(22, 28, 1)
(22, 29, 1)
(22, 30, 1)
(22, 31, 1)
(22, 32, 1)
(22, 33, 1)
(22, 34, 1)
(22, 35, 1)
(22, 36, 1)
(22, 37, 1)
(22, 38, 1)
(22, 39, 1)

(23, 0, 60)
(23, 1, 29)
(23, 2, 3)
(23, 3, 3)
(23, 4, 3)
(23, 5, 3)
(23, 6, 3)
(23, 7, 3)
(23, 8, 3)
(23, 9, 3)
(23, 10, 3)
(23, 11, 3)
(23, 12, 3)
(23, 13, 3)
(23, 14, 3)
(23, 15, 3)
(23, 16, 3)
(23, 17, 3)
(23, 18, 1)
(23, 19, 1)
(23, 20, 1)
(23, 21, 1)
(23, 22, 1)
(23, 23, 1)
(23, 24, 1)
(23, 25, 1)
(23, 26, 1)
(23, 27, 1)
(23, 28, 1)
(23, 29, 1)
(23, 30, 1)
(23, 31, 1)
(23, 32, 1)
(23, 33, 1)
(23, 34, 1)
(23, 35, 1)
(23, 36, 1)
(23, 37, 1)
(23, 38, 1)
(23, 39, 1)

(24, 0, 65)
(24, 1, 32)
(24, 2, 3)
(24, 3, 3)
(24, 4, 3)
(24, 5, 3)
(24, 6, 3)
(24, 7, 3)
(24, 8, 3)
(24, 9, 3)
(24, 10, 3)
(24, 11, 3)
(24, 12, 3)
(24, 13, 3)
(24, 14, 3)
(24, 15, 3)
(24, 16, 3)
(24, 17, 3)
(24, 18, 1)
(24, 19, 1)
(24, 20, 1)
(24, 21, 1)
(24, 22, 1)
(24, 23, 1)
(24, 24, 1)
(24, 25, 1)
(24, 26, 1)
(24, 27, 1)
(24, 28, 1)
(24, 29, 1)
(24, 30, 1)
(24, 31, 1)
(24, 32, 1)
(24, 33, 1)
(24, 34, 1)
(24, 35, 1)
(24, 36, 1)
(24, 37, 1)
(24, 38, 1)
(24, 39, 1)

(25, 0, 68)
(25, 1, 32)
(25, 2, 3)
(25, 3, 3)
(25, 4, 3)
(25, 5, 3)
(25, 6, 3)
(25, 7, 3)
(25, 8, 3)
(25, 9, 3)
(25, 10, 3)
(25, 11, 3)
(25, 12, 3)
(25, 13, 3)
(25, 14, 3)
(25, 15, 3)
(25, 16, 3)
(25, 17, 3)
(25, 18, 1)
(25, 19, 1)
(25, 20, 1)
(25, 21, 1)
(25, 22, 1)
(25, 23, 1)
(25, 24, 1)
(25, 25, 1)
(25, 26, 1)
(25, 27, 1)
(25, 28, 1)
(25, 29, 1)
(25, 30, 1)
(25, 31, 1)
(25, 32, 1)
(25, 33, 1)
(25, 34, 1)
(25, 35, 1)
(25, 36, 1)
(25, 37, 1)
(25, 38, 1)
(25, 39, 1)

(26, 0, 68)
(26, 1, 32)
(26, 2, 3)
(26, 3, 3)
(26, 4, 3)
(26, 5, 3)
(26, 6, 3)
(26, 7, 3)
(26, 8, 3)
(26, 9, 3)
(26, 10, 3)
(26, 11, 3)
(26, 12, 3)
(26, 13, 3)
(26, 14, 3)
(26, 15, 3)
(26, 16, 3)
(26, 17, 3)
(26, 18, 1)
(26, 19, 1)
(26, 20, 1)
(26, 21, 1)
(26, 22, 1)
(26, 23, 1)
(26, 24, 1)
(26, 25, 1)
(26, 26, 1)
(26, 27, 1)
(26, 28, 1)
(26, 29, 1)
(26, 30, 1)
(26, 31, 1)
(26, 32, 1)
(26, 33, 1)
(26, 34, 1)
(26, 35, 1)
(26, 36, 1)
(26, 37, 1)
(26, 38, 1)
(26, 39, 1)

(27, 0, 70)
(27, 1, 34)
(27, 2, 4)
(27, 3, 3)
(27, 4, 3)
(27, 5, 3)
(27, 6, 3)
(27, 7, 3)
(27, 8, 3)
(27, 9, 3)
(27, 10, 3)
(27, 11, 3)
(27, 12, 3)
(27, 13, 3)
(27, 14, 3)
(27, 15, 3)
(27, 16, 3)
(27, 17, 3)
(27, 18, 1)
(27, 19, 1)
(27, 20, 1)
(27, 21, 1)
(27, 22, 1)
(27, 23, 1)
(27, 24, 1)
(27, 25, 1)
(27, 26, 1)
(27, 27, 1)
(27, 28, 1)
(27, 29, 1)
(27, 30, 1)
(27, 31, 1)
(27, 32, 1)
(27, 33, 1)
(27, 34, 1)
(27, 35, 1)
(27, 36, 1)
(27, 37, 1)
(27, 38, 1)
(27, 39, 1)

(28, 0, 71)
(28, 1, 35)
(28, 2, 3)
(28, 3, 3)
(28, 4, 3)
(28, 5, 3)
(28, 6, 3)
(28, 7, 3)
(28, 8, 3)
(28, 9, 3)
(28, 10, 3)
(28, 11, 3)
(28, 12, 3)
(28, 13, 3)
(28, 14, 3)
(28, 15, 3)
(28, 16, 3)
(28, 17, 3)
(28, 18, 1)
(28, 19, 1)
(28, 20, 1)
(28, 21, 1)
(28, 22, 1)
(28, 23, 1)
(28, 24, 1)
(28, 25, 1)
(28, 26, 1)
(28, 27, 1)
(28, 28, 1)
(28, 29, 1)
(28, 30, 1)
(28, 31, 1)
(28, 32, 1)
(28, 33, 1)
(28, 34, 1)
(28, 35, 1)
(28, 36, 1)
(28, 37, 1)
(28, 38, 1)
(28, 39, 1)

(29, 0, 75)
(29, 1, 37)
(29, 2, 3)
(29, 3, 3)
(29, 4, 3)
(29, 5, 3)
(29, 6, 3)
(29, 7, 3)
(29, 8, 3)
(29, 9, 3)
(29, 10, 3)
(29, 11, 3)
(29, 12, 3)
(29, 13, 3)
(29, 14, 3)
(29, 15, 3)
(29, 16, 3)
(29, 17, 3)
(29, 18, 1)
(29, 19, 1)
(29, 20, 1)
(29, 21, 1)
(29, 22, 1)
(29, 23, 1)
(29, 24, 1)
(29, 25, 1)
(29, 26, 1)
(29, 27, 1)
(29, 28, 1)
(29, 29, 1)
(29, 30, 1)
(29, 31, 1)
(29, 32, 1)
(29, 33, 1)
(29, 34, 1)
(29, 35, 1)
(29, 36, 1)
(29, 37, 1)
(29, 38, 1)
(29, 39, 1)

(30, 0, 77)
(30, 1, 37)
(30, 2, 3)
(30, 3, 3)
(30, 4, 3)
(30, 5, 3)
(30, 6, 3)
(30, 7, 3)
(30, 8, 3)
(30, 9, 3)
(30, 10, 3)
(30, 11, 3)
(30, 12, 3)
(30, 13, 3)
(30, 14, 3)
(30, 15, 3)
(30, 16, 3)
(30, 17, 3)
(30, 18, 1)
(30, 19, 1)
(30, 20, 1)
(30, 21, 1)
(30, 22, 1)
(30, 23, 1)
(30, 24, 1)
(30, 25, 1)
(30, 26, 1)
(30, 27, 1)
(30, 28, 1)
(30, 29, 1)
(30, 30, 1)
(30, 31, 1)
(30, 32, 1)
(30, 33, 1)
(30, 34, 1)
(30, 35, 1)
(30, 36, 1)
(30, 37, 1)
(30, 38, 1)
(30, 39, 1)

(31, 0, 78)
(31, 1, 38)
(31, 2, 3)
(31, 3, 3)
(31, 4, 3)
(31, 5, 3)
(31, 6, 3)
(31, 7, 3)
(31, 8, 3)
(31, 9, 3)
(31, 10, 3)
(31, 11, 3)
(31, 12, 3)
(31, 13, 3)
(31, 14, 3)
(31, 15, 3)
(31, 16, 3)
(31, 17, 2)
(31, 18, 1)
(31, 19, 1)
(31, 20, 1)
(31, 21, 1)
(31, 22, 1)
(31, 23, 1)
(31, 24, 1)
(31, 25, 1)
(31, 26, 1)
(31, 27, 1)
(31, 28, 1)
(31, 29, 1)
(31, 30, 1)
(31, 31, 1)
(31, 32, 1)
(31, 33, 1)
(31, 34, 1)
(31, 35, 1)
(31, 36, 1)
(31, 37, 1)
(31, 38, 1)
(31, 39, 1)

(32, 0, 82)
(32, 1, 41)
(32, 2, 5)
(32, 3, 3)
(32, 4, 3)
(32, 5, 3)
(32, 6, 3)
(32, 7, 3)
(32, 8, 3)
(32, 9, 3)
(32, 10, 3)
(32, 11, 3)
(32, 12, 3)
(32, 13, 3)
(32, 14, 3)
(32, 15, 2)
(32, 16, 2)
(32, 17, 2)
(32, 18, 1)
(32, 19, 1)
(32, 20, 1)
(32, 21, 1)
(32, 22, 1)
(32, 23, 1)
(32, 24, 1)
(32, 25, 1)
(32, 26, 1)
(32, 27, 1)
(32, 28, 1)
(32, 29, 1)
(32, 30, 1)
(32, 31, 1)
(32, 32, 1)
(32, 33, 1)
(32, 34, 1)
(32, 35, 1)
(32, 36, 1)
(32, 37, 1)
(32, 38, 1)
(32, 39, 1)

(33, 0, 84)
(33, 1, 41)
(33, 2, 3)
(33, 3, 3)
(33, 4, 3)
(33, 5, 3)
(33, 6, 3)
(33, 7, 3)
(33, 8, 3)
(33, 9, 3)
(33, 10, 3)
(33, 11, 3)
(33, 12, 3)
(33, 13, 2)
(33, 14, 2)
(33, 15, 2)
(33, 16, 2)
(33, 17, 2)
(33, 18, 1)
(33, 19, 1)
(33, 20, 1)
(33, 21, 1)
(33, 22, 1)
(33, 23, 1)
(33, 24, 1)
(33, 25, 1)
(33, 26, 1)
(33, 27, 1)
(33, 28, 1)
(33, 29, 1)
(33, 30, 1)
(33, 31, 1)
(33, 32, 1)
(33, 33, 1)
(33, 34, 1)
(33, 35, 1)
(33, 36, 1)
(33, 37, 1)
(33, 38, 1)
(33, 39, 1)

(34, 0, 89)
(34, 1, 43)
(34, 2, 3)
(34, 3, 3)
(34, 4, 3)
(34, 5, 3)
(34, 6, 3)
(34, 7, 3)
(34, 8, 3)
(34, 9, 3)
(34, 10, 3)
(34, 11, 2)
(34, 12, 2)
(34, 13, 2)
(34, 14, 2)
(34, 15, 2)
(34, 16, 2)
(34, 17, 2)
(34, 18, 1)
(34, 19, 1)
(34, 20, 1)
(34, 21, 1)
(34, 22, 1)
(34, 23, 1)
(34, 24, 1)
(34, 25, 1)
(34, 26, 1)
(34, 27, 1)
(34, 28, 1)
(34, 29, 1)
(34, 30, 1)
(34, 31, 1)
(34, 32, 1)
(34, 33, 1)
(34, 34, 1)
(34, 35, 1)
(34, 36, 1)
(34, 37, 1)
(34, 38, 1)
(34, 39, 1)

(35, 0, 93)
(35, 1, 45)
(35, 2, 3)
(35, 3, 3)
(35, 4, 3)
(35, 5, 2)
(35, 6, 2)
(35, 7, 2)
(35, 8, 2)
(35, 9, 2)
(35, 10, 2)
(35, 11, 2)
(35, 12, 2)
(35, 13, 2)
(35, 14, 2)
(35, 15, 2)
(35, 16, 2)
(35, 17, 2)
(35, 18, 1)
(35, 19, 1)
(35, 20, 1)
(35, 21, 1)
(35, 22, 1)
(35, 23, 1)
(35, 24, 1)
(35, 25, 1)
(35, 26, 1)
(35, 27, 1)
(35, 28, 1)
(35, 29, 1)
(35, 30, 1)
(35, 31, 1)
(35, 32, 1)
(35, 33, 1)
(35, 34, 1)
(35, 35, 1)
(35, 36, 1)
(35, 37, 1)
(35, 38, 1)
(35, 39, 1)

(36, 0, 98)
(36, 1, 48)
(36, 2, 2)
(36, 3, 2)
(36, 4, 2)
(36, 5, 2)
(36, 6, 2)
(36, 7, 2)
(36, 8, 2)
(36, 9, 2)
(36, 10, 2)
(36, 11, 2)
(36, 12, 2)
(36, 13, 2)
(36, 14, 2)
(36, 15, 2)
(36, 16, 2)
(36, 17, 2)
(36, 18, 1)
(36, 19, 1)
(36, 20, 1)
(36, 21, 1)
(36, 22, 1)
(36, 23, 1)
(36, 24, 1)
(36, 25, 1)
(36, 26, 1)
(36, 27, 1)
(36, 28, 1)
(36, 29, 1)
(36, 30, 1)
(36, 31, 1)
(36, 32, 1)
(36, 33, 1)
(36, 34, 1)
(36, 35, 1)
(36, 36, 1)
(36, 37, 1)
(36, 38, 1)
(36, 39, 1)

(37, 0, 102)
(37, 1, 48)
(37, 2, 2)
(37, 3, 2)
(37, 4, 2)
(37, 5, 2)
(37, 6, 2)
(37, 7, 2)
(37, 8, 2)
(37, 9, 2)
(37, 10, 2)
(37, 11, 2)
(37, 12, 2)
(37, 13, 2)
(37, 14, 2)
(37, 15, 2)
(37, 16, 2)
(37, 17, 2)
(37, 18, 1)
(37, 19, 1)
(37, 20, 1)
(37, 21, 1)
(37, 22, 1)
(37, 23, 1)
(37, 24, 1)
(37, 25, 1)
(37, 26, 1)
(37, 27, 1)
(37, 28, 1)
(37, 29, 1)
(37, 30, 1)
(37, 31, 1)
(37, 32, 1)
(37, 33, 1)
(37, 34, 1)
(37, 35, 1)
(37, 36, 1)
(37, 37, 1)
(37, 38, 1)
(37, 39, 1)

(38, 0, 103)
(38, 1, 47)
(38, 2, 2)
(38, 3, 2)
(38, 4, 2)
(38, 5, 2)
(38, 6, 2)
(38, 7, 2)
(38, 8, 2)
(38, 9, 2)
(38, 10, 2)
(38, 11, 2)
(38, 12, 2)
(38, 13, 2)
(38, 14, 2)
(38, 15, 2)
(38, 16, 2)
(38, 17, 2)
(38, 18, 1)
(38, 19, 1)
(38, 20, 1)
(38, 21, 1)
(38, 22, 1)
(38, 23, 1)
(38, 24, 1)
(38, 25, 1)
(38, 26, 1)
(38, 27, 1)
(38, 28, 1)
(38, 29, 1)
(38, 30, 1)
(38, 31, 1)
(38, 32, 1)
(38, 33, 1)
(38, 34, 1)
(38, 35, 1)
(38, 36, 1)
(38, 37, 1)
(38, 38, 1)
(38, 39, 1)

(39, 0, 104)
(39, 1, 47)
(39, 2, 2)
(39, 3, 2)
(39, 4, 2)
(39, 5, 2)
(39, 6, 2)
(39, 7, 2)
(39, 8, 2)
(39, 9, 2)
(39, 10, 2)
(39, 11, 2)
(39, 12, 2)
(39, 13, 2)
(39, 14, 2)
(39, 15, 2)
(39, 16, 2)
(39, 17, 2)
(39, 18, 1)
(39, 19, 1)
(39, 20, 1)
(39, 21, 1)
(39, 22, 1)
(39, 23, 1)
(39, 24, 1)
(39, 25, 1)
(39, 26, 1)
(39, 27, 1)
(39, 28, 1)
(39, 29, 1)
(39, 30, 1)
(39, 31, 1)
(39, 32, 1)
(39, 33, 1)
(39, 34, 1)
(39, 35, 1)
(39, 36, 1)
(39, 37, 1)
(39, 38, 1)
(39, 39, 1)


Betti numbers:
xi_0:
(0, 0, 3)
(2, 0, 2)
(3, 0, 4)
(4, 0, 3)
(5, 0, 2)
(6, 0, 6)
(7, 0, 2)
(8, 0, 8)
(9, 0, 7)
(10, 0, 7)
(11, 0, 6)
(15, 0, 1)
(16, 0, 2)
(19, 0, 2)
(20, 0, 4)
(21, 0, 2)
(24, 0, 5)
(25, 0, 3)
(27, 0, 2)
(28, 0, 2)
(29, 0, 4)
(30, 0, 2)
(31, 0, 1)
(32, 0, 4)
(33, 0, 3)
(34, 0, 5)
(35, 0, 4)
(36, 0, 5)
(37, 0, 4)
(38, 0, 1)
(39, 0, 1)
xi_1:
(0, 1, 1)
(0, 2, 1)
(2, 2, 2)
(3, 1, 3)
(3, 2, 1)
(3, 31, 1)
(4, 1, 1)
(4, 2, 2)
(4, 28, 1)
(5, 2, 2)
(5, 25, 1)
(6, 1, 5)
(6, 2, 2)
(6, 22, 1)
(7, 2, 2)
(7, 19, 1)
(8, 1, 4)
(8, 2, 4)
(8, 14, 1)
(9, 1, 2)
(9, 2, 5)
(9, 5, 1)
(10, 1, 4)
(10, 2, 4)
(11, 1, 6)
(15, 18, 1)
(16, 1, 1)
(16, 2, 1)
(19, 1, 1)
(19, 2, 1)
(20, 1, 3)
(20, 18, 1)
(21, 0, 1)
(21, 1, 1)
(21, 2, 1)
(24, 1, 2)
(24, 2, 3)
(25, 1, 3)
(27, 2, 1)
(27, 3, 1)
(28, 0, 1)
(28, 2, 2)
(29, 1, 2)
(29, 2, 2)
(30, 1, 2)
(31, 2, 1)
(31, 17, 1)
(32, 1, 1)
(32, 2, 1)
(32, 3, 2)
(32, 15, 1)
(33, 0, 1)
(33, 1, 2)
(33, 2, 3)
(33, 13, 1)
(34, 1, 3)
(34, 2, 2)
(34, 11, 1)
(35, 1, 2)
(35, 2, 2)
(35, 5, 1)
(36, 1, 2)
(36, 2, 4)
(37, 1, 4)
(38, 1, 2)
(39, 1, 1)
xi_2:
(3, 2, 1)
(4, 31, 1)
(5, 28, 1)
(6, 2, 1)
(6, 25, 1)
(7, 22, 1)
(8, 19, 1)
(9, 14, 1)
(10, 5, 1)
(21, 1, 1)
(28, 3, 1)
(31, 18, 1)
(32, 17, 1)
(33, 2, 1)
(33, 3, 2)
(33, 15, 1)
(34, 13, 1)
(35, 11, 1)
(36, 5, 1)
(38, 2, 1)
