x-grades
-4836447982440023401/400000000000000000
-2362658863240011401/200000000000000000
-4614187470520022203/400000000000000000
-1125764303640005401/100000000000000000
-878385391720004201/80000000000000000
-2140398351320010203/200000000000000000
-4169666446680019807/400000000000000000
-507317023840002401/50000000000000000
-3947405934760018609/400000000000000000
-383627567880001801/40000000000000000
-3725145422840017411/400000000000000000
-903503791720004203/100000000000000000
-3502884910920016213/400000000000000000
-1695877327480007807/200000000000000000
-656124879800003003/80000000000000000
-198093383940000901/25000000000000000
-3058363887080013817/400000000000000000
-1473616815560006609/200000000000000000
-2836103375160012619/400000000000000000
-136248655960000601/20000000000000000
-2613842863240011421/400000000000000000
-1251356303640005411/200000000000000000
-2391582351320010223/400000000000000000
-285056511920001203/50000000000000000
-86772873576000361/16000000000000000
-1029095791720004213/200000000000000000
-1947061327480007827/400000000000000000
-458982767880001807/100000000000000000
-1724800815560006629/400000000000000000
-161367055960000603/40000000000000000
-1502540303640005431/400000000000000000
-43481563990000151/12500000000000000
-1280279791720004233/400000000000000000
-584574767880001817/200000000000000000
-211603855960000607/80000000000000000
-236722255960000609/100000000000000000
-835758767880001837/400000000000000000
-362314255960000619/200000000000000000
-613498255960000639/400000000000000000
-12559200000000001/10000000000000000

y-grades
4999047/2000000
4999047/1000000
14997141/2000000
4999047/500000
4999047/400000
14997141/1000000
34993329/2000000
4999047/250000
44991423/2000000
4999047/200000
54989517/2000000
14997141/500000
64987611/2000000
34993329/1000000
14997141/400000
4999047/125000
84983799/2000000
44991423/1000000
94981893/2000000
4999047/100000
104979987/2000000
54989517/1000000
114978081/2000000
14997141/250000
4999047/80000
64987611/1000000
134974269/2000000
34993329/500000
144972363/2000000
14997141/200000
154970457/2000000
4999047/62500
164968551/2000000
84983799/1000000
34993329/400000
44991423/500000
184964739/2000000
94981893/1000000
194962833/2000000
4999047/50000

Dimensions > 0:
(0, 0, 2)
(0, 1, 2)
(0, 2, 2)
(0, 3, 2)
(0, 4, 2)
(0, 5, 2)
(0, 6, 2)
(0, 7, 2)
(0, 8, 2)
(0, 9, 2)
(0, 10, 2)
(0, 11, 2)
(0, 12, 2)
(0, 13, 2)
(0, 14, 2)
(0, 15, 2)
(0, 16, 2)
(0, 17, 2)
(0, 18, 2)
(0, 19, 2)
(0, 20, 2)
(0, 21, 2)
(0, 22, 2)
(0, 23, 2)
(0, 24, 2)
(0, 25, 2)
(0, 26, 2)
(0, 27, 2)
(0, 28, 2)
(0, 29, 2)
(0, 30, 2)
(0, 31, 2)
(0, 32, 2)
(0, 33, 2)
(0, 34, 2)
(0, 35, 2)
(0, 36, 2)
(0, 37, 2)
(0, 38, 2)
(0, 39, 2)

(1, 0, 2)
(1, 1, 2)
(1, 2, 2)
(1, 3, 2)
(1, 4, 2)
(1, 5, 2)
(1, 6, 2)
(1, 7, 2)
(1, 8, 2)
(1, 9, 2)
(1, 10, 2)
(1, 11, 2)
(1, 12, 2)
(1, 13, 2)
(1, 14, 2)
(1, 15, 2)
(1, 16, 2)
(1, 17, 2)
(1, 18, 2)
(1, 19, 2)
(1, 20, 2)
(1, 21, 2)
(1, 22, 2)
(1, 23, 2)
(1, 24, 2)
(1, 25, 2)
(1, 26, 2)
(1, 27, 2)
(1, 28, 2)
(1, 29, 2)
(1, 30, 2)
(1, 31, 2)
(1, 32, 2)
(1, 33, 2)
(1, 34, 2)
(1, 35, 2)
(1, 36, 2)
(1, 37, 2)
(1, 38, 2)
(1, 39, 2)

(2, 0, 4)
(2, 1, 4)
(2, 2, 4)
(2, 3, 4)
(2, 4, 4)
(2, 5, 4)
(2, 6, 4)
(2, 7, 3)
(2, 8, 3)
(2, 9, 3)
(2, 10, 3)
(2, 11, 3)
(2, 12, 3)
(2, 13, 3)
(2, 14, 3)
(2, 15, 3)
(2, 16, 3)
(2, 17, 3)
(2, 18, 3)
(2, 19, 3)
(2, 20, 2)
(2, 21, 2)
(2, 22, 2)
(2, 23, 2)
(2, 24, 1)
(2, 25, 1)
(2, 26, 1)
(2, 27, 1)
(2, 28, 1)
(2, 29, 1)
(2, 30, 1)
(2, 31, 1)
(2, 32, 1)
(2, 33, 1)
(2, 34, 1)
(2, 35, 1)
(2, 36, 1)
(2, 37, 1)
(2, 38, 1)
(2, 39, 1)

(3, 0, 4)
(3, 1, 4)
(3, 2, 4)
(3, 3, 4)
(3, 4, 4)
(3, 5, 4)
(3, 6, 4)
(3, 7, 3)
(3, 8, 3)
(3, 9, 3)
(3, 10, 3)
(3, 11, 3)
(3, 12, 3)
(3, 13, 3)
(3, 14, 3)
(3, 15, 3)
(3, 16, 3)
(3, 17, 3)
(3, 18, 3)
(3, 19, 3)
(3, 20, 2)
(3, 21, 2)
(3, 22, 2)
(3, 23, 2)
(3, 24, 1)
(3, 25, 1)
(3, 26, 1)
(3, 27, 1)
(3, 28, 1)
(3, 29, 1)
(3, 30, 1)
(3, 31, 1)
(3, 32, 1)
(3, 33, 1)
(3, 34, 1)
(3, 35, 1)
(3, 36, 1)
(3, 37, 1)
(3, 38, 1)
(3, 39, 1)

(4, 0, 5)
(4, 1, 5)
(4, 2, 5)
(4, 3, 5)
(4, 4, 5)
(4, 5, 5)
(4, 6, 5)
(4, 7, 4)
(4, 8, 4)
(4, 9, 4)
(4, 10, 4)
(4, 11, 4)
(4, 12, 4)
(4, 13, 4)
(4, 14, 4)
(4, 15, 4)
(4, 16, 4)
(4, 17, 4)
(4, 18, 4)
(4, 19, 4)
(4, 20, 3)
(4, 21, 3)
(4, 22, 2)
(4, 23, 2)
(4, 24, 1)
(4, 25, 1)
(4, 26, 1)
(4, 27, 1)
(4, 28, 1)
(4, 29, 1)
(4, 30, 1)
(4, 31, 1)
(4, 32, 1)
(4, 33, 1)
(4, 34, 1)
(4, 35, 1)
(4, 36, 1)
(4, 37, 1)
(4, 38, 1)
(4, 39, 1)

(5, 0, 9)
(5, 1, 9)
(5, 2, 8)
(5, 3, 8)
(5, 4, 8)
(5, 5, 7)
(5, 6, 7)
(5, 7, 6)
(5, 8, 6)
(5, 9, 6)
(5, 10, 6)
(5, 11, 6)
(5, 12, 6)
(5, 13, 6)
(5, 14, 6)
(5, 15, 6)
(5, 16, 6)
(5, 17, 6)
(5, 18, 6)
(5, 19, 5)
(5, 20, 4)
(5, 21, 4)
(5, 22, 3)
(5, 23, 2)
(5, 24, 2)
(5, 25, 2)
(5, 26, 2)
(5, 27, 2)
(5, 28, 2)
(5, 29, 2)
(5, 30, 2)
(5, 31, 2)
(5, 32, 2)
(5, 33, 2)
(5, 34, 2)
(5, 35, 2)
(5, 36, 2)
(5, 37, 2)
(5, 38, 2)
(5, 39, 2)

(6, 0, 13)
(6, 1, 11)
(6, 2, 9)
(6, 3, 9)
(6, 4, 9)
(6, 5, 8)
(6, 6, 8)
(6, 7, 6)
(6, 8, 6)
(6, 9, 6)
(6, 10, 6)
(6, 11, 6)
(6, 12, 6)
(6, 13, 6)
(6, 14, 6)
(6, 15, 6)
(6, 16, 6)
(6, 17, 6)
(6, 18, 6)
(6, 19, 5)
(6, 20, 4)
(6, 21, 4)
(6, 22, 2)
(6, 23, 2)
(6, 24, 2)
(6, 25, 2)
(6, 26, 2)
(6, 27, 2)
(6, 28, 2)
(6, 29, 2)
(6, 30, 2)
(6, 31, 2)
(6, 32, 2)
(6, 33, 2)
(6, 34, 2)
(6, 35, 2)
(6, 36, 2)
(6, 37, 2)
(6, 38, 2)
(6, 39, 2)

(7, 0, 15)
(7, 1, 12)
(7, 2, 10)
(7, 3, 10)
(7, 4, 10)
(7, 5, 9)
(7, 6, 9)
(7, 7, 6)
(7, 8, 6)
(7, 9, 6)
(7, 10, 6)
(7, 11, 6)
(7, 12, 6)
(7, 13, 6)
(7, 14, 6)
(7, 15, 6)
(7, 16, 6)
(7, 17, 6)
(7, 18, 6)
(7, 19, 5)
(7, 20, 4)
(7, 21, 4)
(7, 22, 2)
(7, 23, 2)
(7, 24, 2)
(7, 25, 2)
(7, 26, 2)
(7, 27, 2)
(7, 28, 2)
(7, 29, 2)
(7, 30, 2)
(7, 31, 2)
(7, 32, 2)
(7, 33, 2)
(7, 34, 2)
(7, 35, 2)
(7, 36, 2)
(7, 37, 2)
(7, 38, 2)
(7, 39, 2)

(8, 0, 20)
(8, 1, 16)
(8, 2, 13)
(8, 3, 13)
(8, 4, 12)
(8, 5, 11)
(8, 6, 11)
(8, 7, 8)
(8, 8, 8)
(8, 9, 8)
(8, 10, 8)
(8, 11, 7)
(8, 12, 7)
(8, 13, 7)
(8, 14, 7)
(8, 15, 7)
(8, 16, 7)
(8, 17, 7)
(8, 18, 7)
(8, 19, 6)
(8, 20, 5)
(8, 21, 5)
(8, 22, 3)
(8, 23, 3)
(8, 24, 2)
(8, 25, 2)
(8, 26, 2)
(8, 27, 2)
(8, 28, 2)
(8, 29, 2)
(8, 30, 2)
(8, 31, 2)
(8, 32, 2)
(8, 33, 2)
(8, 34, 2)
(8, 35, 2)
(8, 36, 2)
(8, 37, 2)
(8, 38, 2)
(8, 39, 2)

(9, 0, 25)
(9, 1, 19)
(9, 2, 15)
(9, 3, 15)
(9, 4, 14)
(9, 5, 13)
(9, 6, 13)
(9, 7, 10)
(9, 8, 9)
(9, 9, 9)
(9, 10, 9)
(9, 11, 8)
(9, 12, 8)
(9, 13, 8)
(9, 14, 8)
(9, 15, 8)
(9, 16, 8)
(9, 17, 8)
(9, 18, 8)
(9, 19, 7)
(9, 20, 6)
(9, 21, 6)
(9, 22, 4)
(9, 23, 4)
(9, 24, 3)
(9, 25, 3)
(9, 26, 3)
(9, 27, 3)
(9, 28, 3)
(9, 29, 3)
(9, 30, 3)
(9, 31, 3)
(9, 32, 3)
(9, 33, 3)
(9, 34, 3)
(9, 35, 3)
(9, 36, 3)
(9, 37, 3)
(9, 38, 3)
(9, 39, 3)

(10, 0, 30)
(10, 1, 23)
(10, 2, 18)
(10, 3, 18)
(10, 4, 17)
(10, 5, 16)
(10, 6, 16)
(10, 7, 13)
(10, 8, 12)
(10, 9, 12)
(10, 10, 12)
(10, 11, 11)
(10, 12, 11)
(10, 13, 11)
(10, 14, 11)
(10, 15, 11)
(10, 16, 11)
(10, 17, 11)
(10, 18, 11)
(10, 19, 10)
(10, 20, 9)
(10, 21, 9)
(10, 22, 7)
(10, 23, 7)
(10, 24, 6)
(10, 25, 5)
(10, 26, 4)
(10, 27, 4)
(10, 28, 4)
(10, 29, 4)
(10, 30, 4)
(10, 31, 4)
(10, 32, 4)
(10, 33, 4)
(10, 34, 4)
(10, 35, 4)
(10, 36, 4)
(10, 37, 4)
(10, 38, 4)
(10, 39, 4)

(11, 0, 39)
(11, 1, 29)
(11, 2, 22)
(11, 3, 22)
(11, 4, 20)
(11, 5, 19)
(11, 6, 19)
(11, 7, 16)
(11, 8, 14)
(11, 9, 13)
(11, 10, 13)
(11, 11, 12)
(11, 12, 12)
(11, 13, 12)
(11, 14, 12)
(11, 15, 12)
(11, 16, 11)
(11, 17, 11)
(11, 18, 11)
(11, 19, 10)
(11, 20, 9)
(11, 21, 9)
(11, 22, 7)
(11, 23, 7)
(11, 24, 5)
(11, 25, 4)
(11, 26, 4)
(11, 27, 4)
(11, 28, 4)
(11, 29, 4)
(11, 30, 4)
(11, 31, 4)
(11, 32, 4)
(11, 33, 4)
(11, 34, 4)
(11, 35, 4)
(11, 36, 4)
(11, 37, 3)
(11, 38, 3)
(11, 39, 3)

(12, 0, 47)
(12, 1, 35)
(12, 2, 27)
(12, 3, 27)
(12, 4, 25)
(12, 5, 24)
(12, 6, 24)
(12, 7, 18)
(12, 8, 16)
(12, 9, 15)
(12, 10, 14)
(12, 11, 13)
(12, 12, 12)
(12, 13, 12)
(12, 14, 12)
(12, 15, 12)
(12, 16, 11)
(12, 17, 11)
(12, 18, 11)
(12, 19, 10)
(12, 20, 9)
(12, 21, 9)
(12, 22, 6)
(12, 23, 6)
(12, 24, 5)
(12, 25, 4)
(12, 26, 4)
(12, 27, 4)
(12, 28, 4)
(12, 29, 4)
(12, 30, 4)
(12, 31, 4)
(12, 32, 4)
(12, 33, 4)
(12, 34, 4)
(12, 35, 4)
(12, 36, 3)
(12, 37, 3)
(12, 38, 3)
(12, 39, 3)

(13, 0, 52)
(13, 1, 38)
(13, 2, 29)
(13, 3, 29)
(13, 4, 27)
(13, 5, 26)
(13, 6, 26)
(13, 7, 20)
(13, 8, 18)
(13, 9, 16)
(13, 10, 15)
(13, 11, 14)
(13, 12, 13)
(13, 13, 13)
(13, 14, 13)
(13, 15, 13)
(13, 16, 11)
(13, 17, 11)
(13, 18, 11)
(13, 19, 10)
(13, 20, 9)
(13, 21, 9)
(13, 22, 6)
(13, 23, 6)
(13, 24, 5)
(13, 25, 4)
(13, 26, 4)
(13, 27, 4)
(13, 28, 4)
(13, 29, 4)
(13, 30, 4)
(13, 31, 4)
(13, 32, 4)
(13, 33, 4)
(13, 34, 4)
(13, 35, 4)
(13, 36, 3)
(13, 37, 3)
(13, 38, 3)
(13, 39, 3)

(14, 0, 60)
(14, 1, 43)
(14, 2, 33)
(14, 3, 33)
(14, 4, 31)
(14, 5, 30)
(14, 6, 30)
(14, 7, 21)
(14, 8, 18)
(14, 9, 16)
(14, 10, 15)
(14, 11, 14)
(14, 12, 13)
(14, 13, 13)
(14, 14, 13)
(14, 15, 13)
(14, 16, 11)
(14, 17, 11)
(14, 18, 11)
(14, 19, 10)
(14, 20, 9)
(14, 21, 9)
(14, 22, 6)
(14, 23, 6)
(14, 24, 5)
(14, 25, 4)
(14, 26, 4)
(14, 27, 4)
(14, 28, 4)
(14, 29, 4)
(14, 30, 4)
(14, 31, 4)
(14, 32, 4)
(14, 33, 4)
(14, 34, 4)
(14, 35, 4)
(14, 36, 3)
(14, 37, 3)
(14, 38, 3)
(14, 39, 3)

(15, 0, 72)
(15, 1, 51)
(15, 2, 40)
(15, 3, 39)
(15, 4, 35)
(15, 5, 34)
(15, 6, 34)
(15, 7, 25)
(15, 8, 22)
(15, 9, 20)
(15, 10, 19)
(15, 11, 18)
(15, 12, 16)
(15, 13, 16)
(15, 14, 16)
(15, 15, 16)
(15, 16, 14)
(15, 17, 14)
(15, 18, 14)
(15, 19, 13)
(15, 20, 12)
(15, 21, 11)
(15, 22, 7)
(15, 23, 7)
(15, 24, 6)
(15, 25, 5)
(15, 26, 5)
(15, 27, 5)
(15, 28, 5)
(15, 29, 5)
(15, 30, 5)
(15, 31, 5)
(15, 32, 5)
(15, 33, 5)
(15, 34, 5)
(15, 35, 5)
(15, 36, 4)
(15, 37, 4)
(15, 38, 4)
(15, 39, 4)

(16, 0, 77)
(16, 1, 54)
(16, 2, 43)
(16, 3, 42)
(16, 4, 38)
(16, 5, 37)
(16, 6, 37)
(16, 7, 28)
(16, 8, 24)
(16, 9, 22)
(16, 10, 21)
(16, 11, 20)
(16, 12, 18)
(16, 13, 18)
(16, 14, 18)
(16, 15, 18)
(16, 16, 16)
(16, 17, 16)
(16, 18, 16)
(16, 19, 15)
(16, 20, 14)
(16, 21, 13)
(16, 22, 9)
(16, 23, 9)
(16, 24, 8)
(16, 25, 7)
(16, 26, 7)
(16, 27, 6)
(16, 28, 6)
(16, 29, 6)
(16, 30, 6)
(16, 31, 6)
(16, 32, 6)
(16, 33, 6)
(16, 34, 6)
(16, 35, 6)
(16, 36, 5)
(16, 37, 5)
(16, 38, 5)
(16, 39, 5)

(17, 0, 111)
(17, 1, 59)
(17, 2, 47)
(17, 3, 45)
(17, 4, 41)
(17, 5, 40)
(17, 6, 40)
(17, 7, 31)
(17, 8, 27)
(17, 9, 24)
(17, 10, 23)
(17, 11, 22)
(17, 12, 20)
(17, 13, 20)
(17, 14, 20)
(17, 15, 20)
(17, 16, 18)
(17, 17, 18)
(17, 18, 18)
(17, 19, 17)
(17, 20, 15)
(17, 21, 14)
(17, 22, 9)
(17, 23, 9)
(17, 24, 6)
(17, 25, 5)
(17, 26, 5)
(17, 27, 5)
(17, 28, 5)
(17, 29, 5)
(17, 30, 5)
(17, 31, 5)
(17, 32, 5)
(17, 33, 5)
(17, 34, 5)
(17, 35, 5)
(17, 36, 4)
(17, 37, 4)
(17, 38, 4)
(17, 39, 4)

(18, 0, 134)
(18, 1, 66)
(18, 2, 53)
(18, 3, 50)
(18, 4, 44)
(18, 5, 42)
(18, 6, 42)
(18, 7, 33)
(18, 8, 29)
(18, 9, 26)
(18, 10, 24)
(18, 11, 23)
(18, 12, 21)
(18, 13, 21)
(18, 14, 21)
(18, 15, 21)
(18, 16, 19)
(18, 17, 19)
(18, 18, 19)
(18, 19, 16)
(18, 20, 15)
(18, 21, 14)
(18, 22, 9)
(18, 23, 9)
(18, 24, 6)
(18, 25, 5)
(18, 26, 5)
(18, 27, 5)
(18, 28, 5)
(18, 29, 5)
(18, 30, 5)
(18, 31, 5)
(18, 32, 5)
(18, 33, 5)
(18, 34, 5)
(18, 35, 5)
(18, 36, 4)
(18, 37, 4)
(18, 38, 4)
(18, 39, 4)

(19, 0, 150)
(19, 1, 73)
(19, 2, 60)
(19, 3, 57)
(19, 4, 51)
(19, 5, 49)
(19, 6, 44)
(19, 7, 35)
(19, 8, 31)
(19, 9, 28)
(19, 10, 26)
(19, 11, 24)
(19, 12, 22)
(19, 13, 22)
(19, 14, 22)
(19, 15, 22)
(19, 16, 20)
(19, 17, 19)
(19, 18, 19)
(19, 19, 17)
(19, 20, 16)
(19, 21, 15)
(19, 22, 10)
(19, 23, 9)
(19, 24, 6)
(19, 25, 5)
(19, 26, 5)
(19, 27, 5)
(19, 28, 4)
(19, 29, 4)
(19, 30, 4)
(19, 31, 4)
(19, 32, 4)
(19, 33, 4)
(19, 34, 4)
(19, 35, 4)
(19, 36, 4)
(19, 37, 4)
(19, 38, 4)
(19, 39, 4)

(20, 0, 159)
(20, 1, 80)
(20, 2, 66)
(20, 3, 63)
(20, 4, 57)
(20, 5, 55)
(20, 6, 45)
(20, 7, 36)
(20, 8, 32)
(20, 9, 28)
(20, 10, 26)
(20, 11, 24)
(20, 12, 22)
(20, 13, 22)
(20, 14, 22)
(20, 15, 22)
(20, 16, 20)
(20, 17, 19)
(20, 18, 19)
(20, 19, 17)
(20, 20, 16)
(20, 21, 14)
(20, 22, 9)
(20, 23, 9)
(20, 24, 5)
(20, 25, 4)
(20, 26, 4)
(20, 27, 4)
(20, 28, 4)
(20, 29, 4)
(20, 30, 4)
(20, 31, 4)
(20, 32, 4)
(20, 33, 3)
(20, 34, 3)
(20, 35, 3)
(20, 36, 3)
(20, 37, 3)
(20, 38, 3)
(20, 39, 3)

(21, 0, 168)
(21, 1, 87)
(21, 2, 72)
(21, 3, 68)
(21, 4, 62)
(21, 5, 60)
(21, 6, 46)
(21, 7, 36)
(21, 8, 32)
(21, 9, 28)
(21, 10, 26)
(21, 11, 24)
(21, 12, 22)
(21, 13, 22)
(21, 14, 22)
(21, 15, 22)
(21, 16, 20)
(21, 17, 19)
(21, 18, 19)
(21, 19, 17)
(21, 20, 16)
(21, 21, 14)
(21, 22, 9)
(21, 23, 8)
(21, 24, 4)
(21, 25, 3)
(21, 26, 3)
(21, 27, 3)
(21, 28, 3)
(21, 29, 3)
(21, 30, 3)
(21, 31, 3)
(21, 32, 3)
(21, 33, 3)
(21, 34, 3)
(21, 35, 3)
(21, 36, 3)
(21, 37, 3)
(21, 38, 3)
(21, 39, 3)

(22, 0, 172)
(22, 1, 91)
(22, 2, 76)
(22, 3, 72)
(22, 4, 66)
(22, 5, 64)
(22, 6, 46)
(22, 7, 36)
(22, 8, 32)
(22, 9, 28)
(22, 10, 26)
(22, 11, 24)
(22, 12, 22)
(22, 13, 22)
(22, 14, 22)
(22, 15, 22)
(22, 16, 20)
(22, 17, 19)
(22, 18, 19)
(22, 19, 17)
(22, 20, 16)
(22, 21, 14)
(22, 22, 9)
(22, 23, 8)
(22, 24, 4)
(22, 25, 3)
(22, 26, 3)
(22, 27, 3)
(22, 28, 3)
(22, 29, 3)
(22, 30, 3)
(22, 31, 3)
(22, 32, 3)
(22, 33, 3)
(22, 34, 3)
(22, 35, 3)
(22, 36, 3)
(22, 37, 3)
(22, 38, 3)
(22, 39, 3)

(23, 0, 174)
(23, 1, 93)
(23, 2, 78)
(23, 3, 74)
(23, 4, 68)
(23, 5, 66)
(23, 6, 46)
(23, 7, 36)
(23, 8, 32)
(23, 9, 28)
(23, 10, 26)
(23, 11, 24)
(23, 12, 22)
(23, 13, 22)
(23, 14, 22)
(23, 15, 22)
(23, 16, 20)
(23, 17, 19)
(23, 18, 19)
(23, 19, 17)
(23, 20, 16)
(23, 21, 14)
(23, 22, 9)
(23, 23, 8)
(23, 24, 4)
(23, 25, 3)
(23, 26, 3)
(23, 27, 3)
(23, 28, 3)
(23, 29, 3)
(23, 30, 3)
(23, 31, 3)
(23, 32, 3)
(23, 33, 3)
(23, 34, 3)
(23, 35, 3)
(23, 36, 3)
(23, 37, 3)
(23, 38, 3)
(23, 39, 3)

(24, 0, 177)
(24, 1, 96)
(24, 2, 81)
(24, 3, 77)
(24, 4, 71)
(24, 5, 69)
(24, 6, 46)
(24, 7, 36)
(24, 8, 32)
(24, 9, 28)
(24, 10, 26)
(24, 11, 24)
(24, 12, 22)
(24, 13, 22)
(24, 14, 22)
(24, 15, 22)
(24, 16, 20)
(24, 17, 19)
(24, 18, 19)
(24, 19, 17)
(24, 20, 16)
(24, 21, 14)
(24, 22, 9)
(24, 23, 8)
(24, 24, 4)
(24, 25, 3)
(24, 26, 3)
(24, 27, 3)
(24, 28, 3)
(24, 29, 3)
(24, 30, 3)
(24, 31, 3)
(24, 32, 3)
(24, 33, 3)
(24, 34, 3)
(24, 35, 3)
(24, 36, 3)
(24, 37, 3)
(24, 38, 3)
(24, 39, 3)

(25, 0, 180)
(25, 1, 99)
(25, 2, 84)
(25, 3, 80)
(25, 4, 74)
(25, 5, 72)
(25, 6, 46)
(25, 7, 36)
(25, 8, 32)
(25, 9, 28)
(25, 10, 26)
(25, 11, 24)
(25, 12, 22)
(25, 13, 22)
(25, 14, 22)
(25, 15, 22)
(25, 16, 20)
(25, 17, 19)
(25, 18, 19)
(25, 19, 17)
(25, 20, 16)
(25, 21, 14)
(25, 22, 9)
(25, 23, 8)
(25, 24, 4)
(25, 25, 3)
(25, 26, 3)
(25, 27, 3)
(25, 28, 3)
(25, 29, 3)
(25, 30, 3)
(25, 31, 3)
(25, 32, 3)
(25, 33, 3)
(25, 34, 3)
(25, 35, 3)
(25, 36, 3)
(25, 37, 3)
(25, 38, 3)
(25, 39, 3)

(26, 0, 181)
(26, 1, 100)
(26, 2, 85)
(26, 3, 81)
(26, 4, 75)
(26, 5, 73)
(26, 6, 46)
(26, 7, 36)
(26, 8, 32)
(26, 9, 28)
(26, 10, 26)
(26, 11, 24)
(26, 12, 22)
(26, 13, 22)
(26, 14, 22)
(26, 15, 22)
(26, 16, 20)
(26, 17, 19)
(26, 18, 19)
(26, 19, 17)
(26, 20, 16)
(26, 21, 14)
(26, 22, 9)
(26, 23, 8)
(26, 24, 4)
(26, 25, 3)
(26, 26, 3)
(26, 27, 3)
(26, 28, 3)
(26, 29, 3)
(26, 30, 3)
(26, 31, 3)
(26, 32, 3)
(26, 33, 3)
(26, 34, 3)
(26, 35, 3)
(26, 36, 3)
(26, 37, 3)
(26, 38, 3)
(26, 39, 3)

(27, 0, 184)
(27, 1, 103)
(27, 2, 88)
(27, 3, 84)
(27, 4, 78)
(27, 5, 76)
(27, 6, 46)
(27, 7, 36)
(27, 8, 32)
(27, 9, 28)
(27, 10, 26)
(27, 11, 24)
(27, 12, 22)
(27, 13, 22)
(27, 14, 22)
(27, 15, 22)
(27, 16, 20)
(27, 17, 19)
(27, 18, 19)
(27, 19, 17)
(27, 20, 16)
(27, 21, 14)
(27, 22, 9)
(27, 23, 8)
(27, 24, 4)
(27, 25, 3)
(27, 26, 3)
(27, 27, 3)
(27, 28, 3)
(27, 29, 3)
(27, 30, 3)
(27, 31, 3)
(27, 32, 3)
(27, 33, 3)
(27, 34, 3)
(27, 35, 3)
(27, 36, 3)
(27, 37, 3)
(27, 38, 3)
(27, 39, 3)

(28, 0, 186)
(28, 1, 105)
(28, 2, 90)
(28, 3, 86)
(28, 4, 80)
(28, 5, 78)
(28, 6, 46)
(28, 7, 36)
(28, 8, 32)
(28, 9, 28)
(28, 10, 26)
(28, 11, 24)
(28, 12, 22)
(28, 13, 22)
(28, 14, 22)
(28, 15, 22)
(28, 16, 20)
(28, 17, 19)
(28, 18, 19)
(28, 19, 17)
(28, 20, 16)
(28, 21, 14)
(28, 22, 9)
(28, 23, 8)
(28, 24, 4)
(28, 25, 3)
(28, 26, 3)
(28, 27, 3)
(28, 28, 3)
(28, 29, 3)
(28, 30, 3)
(28, 31, 3)
(28, 32, 3)
(28, 33, 3)
(28, 34, 3)
(28, 35, 3)
(28, 36, 3)
(28, 37, 3)
(28, 38, 3)
(28, 39, 3)

(29, 0, 189)
(29, 1, 108)
(29, 2, 93)
(29, 3, 89)
(29, 4, 83)
(29, 5, 81)
(29, 6, 46)
(29, 7, 36)
(29, 8, 32)
(29, 9, 28)
(29, 10, 26)
(29, 11, 24)
(29, 12, 22)
(29, 13, 22)
(29, 14, 22)
(29, 15, 22)
(29, 16, 20)
(29, 17, 19)
(29, 18, 19)
(29, 19, 17)
(29, 20, 16)
(29, 21, 14)
(29, 22, 9)
(29, 23, 8)
(29, 24, 4)
(29, 25, 3)
(29, 26, 3)
(29, 27, 3)
(29, 28, 3)
(29, 29, 3)
(29, 30, 3)
(29, 31, 3)
(29, 32, 3)
(29, 33, 3)
(29, 34, 3)
(29, 35, 3)
(29, 36, 3)
(29, 37, 3)
(29, 38, 3)
(29, 39, 3)

(30, 0, 193)
(30, 1, 112)
(30, 2, 97)
(30, 3, 93)
(30, 4, 87)
(30, 5, 85)
(30, 6, 47)
(30, 7, 37)
(30, 8, 33)
(30, 9, 29)
(30, 10, 27)
(30, 11, 25)
(30, 12, 23)
(30, 13, 23)
(30, 14, 23)
(30, 15, 23)
(30, 16, 21)
(30, 17, 20)
(30, 18, 20)
(30, 19, 18)
(30, 20, 17)
(30, 21, 15)
(30, 22, 10)
(30, 23, 8)
(30, 24, 4)
(30, 25, 3)
(30, 26, 3)
(30, 27, 3)
(30, 28, 3)
(30, 29, 3)
(30, 30, 3)
(30, 31, 3)
(30, 32, 3)
(30, 33, 3)
(30, 34, 3)
(30, 35, 3)
(30, 36, 3)
(30, 37, 3)
(30, 38, 3)
(30, 39, 3)

(31, 0, 201)
(31, 1, 120)
(31, 2, 105)
(31, 3, 101)
(31, 4, 94)
(31, 5, 92)
(31, 6, 49)
(31, 7, 39)
(31, 8, 35)
(31, 9, 31)
(31, 10, 29)
(31, 11, 27)
(31, 12, 25)
(31, 13, 25)
(31, 14, 25)
(31, 15, 25)
(31, 16, 23)
(31, 17, 22)
(31, 18, 22)
(31, 19, 20)
(31, 20, 19)
(31, 21, 17)
(31, 22, 12)
(31, 23, 10)
(31, 24, 6)
(31, 25, 4)
(31, 26, 4)
(31, 27, 3)
(31, 28, 3)
(31, 29, 3)
(31, 30, 3)
(31, 31, 3)
(31, 32, 3)
(31, 33, 3)
(31, 34, 3)
(31, 35, 3)
(31, 36, 3)
(31, 37, 3)
(31, 38, 3)
(31, 39, 3)

(32, 0, 206)
(32, 1, 125)
(32, 2, 110)
(32, 3, 106)
(32, 4, 98)
(32, 5, 96)
(32, 6, 49)
(32, 7, 39)
(32, 8, 35)
(32, 9, 31)
(32, 10, 29)
(32, 11, 27)
(32, 12, 25)
(32, 13, 25)
(32, 14, 25)
(32, 15, 25)
(32, 16, 23)
(32, 17, 22)
(32, 18, 22)
(32, 19, 20)
(32, 20, 19)
(32, 21, 17)
(32, 22, 12)
(32, 23, 10)
(32, 24, 5)
(32, 25, 4)
(32, 26, 4)
(32, 27, 3)
(32, 28, 3)
(32, 29, 3)
(32, 30, 3)
(32, 31, 3)
(32, 32, 3)
(32, 33, 3)
(32, 34, 3)
(32, 35, 3)
(32, 36, 3)
(32, 37, 3)
(32, 38, 3)
(32, 39, 3)

(33, 0, 241)
(33, 1, 130)
(33, 2, 114)
(33, 3, 109)
(33, 4, 101)
(33, 5, 99)
(33, 6, 52)
(33, 7, 41)
(33, 8, 37)
(33, 9, 33)
(33, 10, 31)
(33, 11, 29)
(33, 12, 26)
(33, 13, 26)
(33, 14, 26)
(33, 15, 26)
(33, 16, 24)
(33, 17, 23)
(33, 18, 22)
(33, 19, 20)
(33, 20, 19)
(33, 21, 17)
(33, 22, 12)
(33, 23, 10)
(33, 24, 5)
(33, 25, 4)
(33, 26, 4)
(33, 27, 3)
(33, 28, 3)
(33, 29, 3)
(33, 30, 3)
(33, 31, 3)
(33, 32, 3)
(33, 33, 3)
(33, 34, 3)
(33, 35, 3)
(33, 36, 3)
(33, 37, 3)
(33, 38, 3)
(33, 39, 3)

(34, 0, 276)
(34, 1, 132)
(34, 2, 116)
(34, 3, 111)
(34, 4, 103)
(34, 5, 101)
(34, 6, 53)
(34, 7, 42)
(34, 8, 38)
(34, 9, 34)
(34, 10, 32)
(34, 11, 30)
(34, 12, 27)
(34, 13, 27)
(34, 14, 27)
(34, 15, 27)
(34, 16, 24)
(34, 17, 22)
(34, 18, 22)
(34, 19, 20)
(34, 20, 19)
(34, 21, 17)
(34, 22, 12)
(34, 23, 10)
(34, 24, 5)
(34, 25, 3)
(34, 26, 3)
(34, 27, 3)
(34, 28, 3)
(34, 29, 3)
(34, 30, 3)
(34, 31, 3)
(34, 32, 3)
(34, 33, 3)
(34, 34, 3)
(34, 35, 3)
(34, 36, 3)
(34, 37, 3)
(34, 38, 3)
(34, 39, 3)

(35, 0, 284)
(35, 1, 132)
(35, 2, 116)
(35, 3, 111)
(35, 4, 103)
(35, 5, 101)
(35, 6, 53)
(35, 7, 42)
(35, 8, 38)
(35, 9, 34)
(35, 10, 32)
(35, 11, 30)
(35, 12, 27)
(35, 13, 27)
(35, 14, 27)
(35, 15, 27)
(35, 16, 24)
(35, 17, 22)
(35, 18, 22)
(35, 19, 20)
(35, 20, 19)
(35, 21, 17)
(35, 22, 12)
(35, 23, 10)
(35, 24, 5)
(35, 25, 3)
(35, 26, 3)
(35, 27, 3)
(35, 28, 3)
(35, 29, 3)
(35, 30, 3)
(35, 31, 3)
(35, 32, 3)
(35, 33, 3)
(35, 34, 3)
(35, 35, 3)
(35, 36, 3)
(35, 37, 3)
(35, 38, 3)
(35, 39, 3)

(36, 0, 287)
(36, 1, 135)
(36, 2, 119)
(36, 3, 114)
(36, 4, 105)
(36, 5, 103)
(36, 6, 55)
(36, 7, 44)
(36, 8, 40)
(36, 9, 34)
(36, 10, 32)
(36, 11, 30)
(36, 12, 27)
(36, 13, 27)
(36, 14, 27)
(36, 15, 27)
(36, 16, 24)
(36, 17, 22)
(36, 18, 22)
(36, 19, 20)
(36, 20, 19)
(36, 21, 17)
(36, 22, 12)
(36, 23, 10)
(36, 24, 5)
(36, 25, 3)
(36, 26, 3)
(36, 27, 3)
(36, 28, 3)
(36, 29, 3)
(36, 30, 3)
(36, 31, 3)
(36, 32, 3)
(36, 33, 3)
(36, 34, 3)
(36, 35, 3)
(36, 36, 3)
(36, 37, 3)
(36, 38, 3)
(36, 39, 3)

(37, 0, 288)
(37, 1, 136)
(37, 2, 120)
(37, 3, 115)
(37, 4, 106)
(37, 5, 104)
(37, 6, 56)
(37, 7, 45)
(37, 8, 41)
(37, 9, 35)
(37, 10, 33)
(37, 11, 31)
(37, 12, 28)
(37, 13, 28)
(37, 14, 28)
(37, 15, 28)
(37, 16, 25)
(37, 17, 23)
(37, 18, 23)
(37, 19, 21)
(37, 20, 20)
(37, 21, 18)
(37, 22, 12)
(37, 23, 10)
(37, 24, 5)
(37, 25, 3)
(37, 26, 3)
(37, 27, 3)
(37, 28, 3)
(37, 29, 3)
(37, 30, 3)
(37, 31, 3)
(37, 32, 3)
(37, 33, 3)
(37, 34, 3)
(37, 35, 3)
(37, 36, 3)
(37, 37, 3)
(37, 38, 3)
(37, 39, 3)

(38, 0, 289)
(38, 1, 137)
(38, 2, 121)
(38, 3, 116)
(38, 4, 107)
(38, 5, 105)
(38, 6, 57)
(38, 7, 45)
(38, 8, 41)
(38, 9, 35)
(38, 10, 33)
(38, 11, 31)
(38, 12, 28)
(38, 13, 28)
(38, 14, 28)
(38, 15, 28)
(38, 16, 25)
(38, 17, 23)
(38, 18, 23)
(38, 19, 21)
(38, 20, 20)
(38, 21, 18)
(38, 22, 12)
(38, 23, 10)
(38, 24, 5)
(38, 25, 3)
(38, 26, 3)
(38, 27, 3)
(38, 28, 3)
(38, 29, 3)
(38, 30, 3)
(38, 31, 3)
(38, 32, 3)
(38, 33, 3)
(38, 34, 3)
(38, 35, 3)
(38, 36, 3)
(38, 37, 3)
(38, 38, 3)
(38, 39, 3)

(39, 0, 291)
(39, 1, 139)
(39, 2, 123)
(39, 3, 118)
(39, 4, 109)
(39, 5, 107)
(39, 6, 59)
(39, 7, 46)
(39, 8, 42)
(39, 9, 36)
(39, 10, 34)
(39, 11, 32)
(39, 12, 28)
(39, 13, 28)
(39, 14, 28)
(39, 15, 28)
(39, 16, 25)
(39, 17, 23)
(39, 18, 23)
(39, 19, 21)
(39, 20, 20)
(39, 21, 18)
(39, 22, 12)
(39, 23, 10)
(39, 24, 5)
(39, 25, 3)
(39, 26, 3)
(39, 27, 3)
(39, 28, 3)
(39, 29, 3)
(39, 30, 3)
(39, 31, 3)
(39, 32, 3)
(39, 33, 3)
(39, 34, 3)
(39, 35, 3)
(39, 36, 3)
(39, 37, 3)
(39, 38, 3)
(39, 39, 3)


Betti numbers:
xi_0:
(0, 0, 2)
(2, 0, 2)
(4, 0, 1)
(5, 0, 4)
(6, 0, 4)
(7, 0, 2)
(8, 0, 5)
(9, 0, 5)
(10, 0, 5)
(11, 0, 9)
(12, 0, 8)
(13, 0, 5)
(14, 0, 8)
(15, 0, 12)
(16, 0, 5)
(17, 0, 34)
(18, 0, 23)
(19, 0, 16)
(20, 0, 9)
(21, 0, 9)
(22, 0, 4)
(23, 0, 2)
(24, 0, 3)
(25, 0, 3)
(26, 0, 1)
(27, 0, 3)
(28, 0, 2)
(29, 0, 3)
(30, 0, 4)
(31, 0, 8)
(32, 0, 5)
(33, 0, 35)
(34, 0, 35)
(35, 0, 8)
(36, 0, 3)
(37, 0, 1)
(38, 0, 1)
(39, 0, 2)
xi_1:
(2, 7, 1)
(2, 20, 1)
(2, 24, 1)
(4, 22, 1)
(5, 2, 1)
(5, 5, 1)
(5, 19, 1)
(5, 23, 1)
(6, 1, 2)
(6, 2, 1)
(6, 7, 1)
(6, 22, 1)
(7, 1, 1)
(7, 7, 1)
(8, 1, 1)
(8, 2, 1)
(8, 4, 1)
(8, 11, 1)
(8, 24, 1)
(9, 1, 2)
(9, 2, 1)
(9, 8, 1)
(10, 1, 1)
(10, 2, 1)
(10, 25, 1)
(10, 26, 1)
(11, 1, 3)
(11, 2, 2)
(11, 4, 1)
(11, 8, 1)
(11, 9, 1)
(11, 16, 1)
(11, 24, 1)
(11, 37, 1)
(12, 1, 2)
(12, 2, 1)
(12, 7, 3)
(12, 10, 1)
(12, 12, 1)
(12, 22, 1)
(12, 36, 1)
(13, 1, 2)
(13, 2, 1)
(13, 9, 1)
(13, 16, 1)
(14, 1, 3)
(14, 2, 1)
(14, 7, 3)
(14, 8, 1)
(15, 1, 4)
(15, 2, 1)
(15, 3, 1)
(15, 4, 2)
(15, 12, 1)
(15, 21, 1)
(15, 22, 1)
(16, 1, 2)
(16, 8, 1)
(16, 27, 1)
(17, 1, 29)
(17, 2, 1)
(17, 3, 1)
(17, 9, 1)
(17, 20, 1)
(17, 22, 1)
(17, 24, 2)
(18, 1, 16)
(18, 2, 1)
(18, 3, 1)
(18, 4, 2)
(18, 5, 1)
(18, 10, 1)
(18, 19, 2)
(19, 1, 9)
(19, 6, 5)
(19, 11, 1)
(19, 17, 1)
(19, 23, 1)
(19, 28, 1)
(20, 1, 2)
(20, 2, 1)
(20, 6, 5)
(20, 9, 1)
(20, 21, 1)
(20, 24, 1)
(20, 33, 1)
(21, 1, 2)
(21, 2, 1)
(21, 3, 1)
(21, 6, 4)
(21, 7, 1)
(21, 23, 1)
(21, 24, 1)
(22, 6, 4)
(23, 6, 2)
(24, 6, 3)
(25, 6, 3)
(26, 6, 1)
(27, 6, 3)
(28, 6, 2)
(29, 6, 3)
(30, 6, 3)
(30, 23, 1)
(31, 4, 1)
(31, 6, 5)
(31, 25, 1)
(31, 27, 1)
(32, 4, 1)
(32, 6, 4)
(32, 24, 1)
(33, 1, 30)
(33, 2, 1)
(33, 3, 1)
(33, 7, 1)
(33, 12, 1)
(33, 18, 1)
(34, 1, 33)
(34, 6, 1)
(34, 16, 1)
(34, 17, 1)
(34, 25, 1)
(35, 1, 8)
(36, 4, 1)
(36, 9, 2)
(37, 22, 1)
(38, 7, 1)
(39, 7, 1)
(39, 12, 1)
xi_2:
(5, 24, 1)
(6, 23, 1)
(11, 26, 1)
(12, 24, 1)
(12, 37, 1)
(17, 27, 1)
(18, 20, 1)
(19, 19, 1)
(19, 36, 1)
(20, 23, 1)
(20, 28, 1)
(21, 24, 1)
(21, 33, 1)
(32, 25, 1)
(34, 18, 1)
(34, 27, 1)
