x-grades
-148355597753223760063/20000000000000000000
-72279527831203040063/10000000000000000000
-140762513571588400189/20000000000000000000
-34241492870192680063/5000000000000000000
-26633885877990608063/4000000000000000000
-64686443649567680189/10000000000000000000
-125576345208317680441/20000000000000000000
-15222475389687500063/2500000000000000000
-117983261026682320567/20000000000000000000
-11418671893586464063/2000000000000000000
-110390176845046960693/20000000000000000000
-26648408688557320189/5000000000000000000
-102797092663411600819/20000000000000000000
-49500275286296960441/10000000000000000000
-19040801696355248189/4000000000000000000
-5712966649434910063/1250000000000000000
-87610924300140881071/20000000000000000000
-41907191104661600567/10000000000000000000
-80017840118505521197/20000000000000000000
-3811064901384392063/1000000000000000000
-72424755936870161323/20000000000000000000
-34314106923026240693/10000000000000000000
-64831671755234801449/20000000000000000000
-7629391208052140189/2500000000000000000
-2289543502943977663/800000000000000000
-26721022741390880819/10000000000000000000
-49645503391964081701/20000000000000000000
-11462240325286600441/5000000000000000000
-42052419210328721827/20000000000000000000
-3825587711951104189/2000000000000000000
-34459335028693361953/20000000000000000000
-958212279308615063/625000000000000000
-26866250847058002079/20000000000000000000
-11534854378120161071/10000000000000000000
-3854633333084528441/4000000000000000000
-3869156143651240567/5000000000000000000
-11680082483787282331/20000000000000000000
-3941770196484801197/10000000000000000000
-4086998302151922457/20000000000000000000
-7261405283356063/500000000000000000

y-grades
9999733/4000000
9999733/2000000
29999199/4000000
9999733/1000000
9999733/800000
29999199/2000000
69998131/4000000
9999733/500000
89997597/4000000
9999733/400000
109997063/4000000
29999199/1000000
129996529/4000000
69998131/2000000
29999199/800000
9999733/250000
169995461/4000000
89997597/2000000
189994927/4000000
9999733/200000
209994393/4000000
109997063/2000000
229993859/4000000
29999199/500000
9999733/160000
129996529/2000000
269992791/4000000
69998131/1000000
289992257/4000000
29999199/400000
309991723/4000000
9999733/125000
329991189/4000000
169995461/2000000
69998131/800000
89997597/1000000
369990121/4000000
189994927/2000000
389989587/4000000
9999733/100000

Dimensions > 0:
(0, 0, 2)
(0, 1, 2)
(0, 2, 2)
(0, 3, 2)
(0, 4, 2)
(0, 5, 2)
(0, 6, 2)
(0, 7, 2)
(0, 8, 2)
(0, 9, 2)
(0, 10, 2)
(0, 11, 2)
(0, 12, 2)
(0, 13, 2)
(0, 14, 2)
(0, 15, 2)
(0, 16, 2)
(0, 17, 2)
(0, 18, 2)
(0, 19, 2)
(0, 20, 2)
(0, 21, 2)
(0, 22, 2)
(0, 23, 2)
(0, 24, 2)
(0, 25, 2)
(0, 26, 2)
(0, 27, 2)
(0, 28, 2)
(0, 29, 2)
(0, 30, 2)
(0, 31, 2)
(0, 32, 2)
(0, 33, 2)
(0, 34, 2)
(0, 35, 2)
(0, 36, 2)
(0, 37, 2)
(0, 38, 2)
(0, 39, 2)

(1, 0, 2)
(1, 1, 2)
(1, 2, 2)
(1, 3, 2)
(1, 4, 2)
(1, 5, 2)
(1, 6, 2)
(1, 7, 2)
(1, 8, 2)
(1, 9, 2)
(1, 10, 2)
(1, 11, 2)
(1, 12, 2)
(1, 13, 2)
(1, 14, 2)
(1, 15, 2)
(1, 16, 2)
(1, 17, 2)
(1, 18, 2)
(1, 19, 2)
(1, 20, 2)
(1, 21, 2)
(1, 22, 2)
(1, 23, 2)
(1, 24, 2)
(1, 25, 2)
(1, 26, 2)
(1, 27, 2)
(1, 28, 2)
(1, 29, 2)
(1, 30, 2)
(1, 31, 2)
(1, 32, 2)
(1, 33, 2)
(1, 34, 2)
(1, 35, 2)
(1, 36, 2)
(1, 37, 2)
(1, 38, 2)
(1, 39, 2)

(2, 0, 2)
(2, 1, 2)
(2, 2, 2)
(2, 3, 2)
(2, 4, 2)
(2, 5, 2)
(2, 6, 2)
(2, 7, 2)
(2, 8, 2)
(2, 9, 2)
(2, 10, 2)
(2, 11, 2)
(2, 12, 2)
(2, 13, 2)
(2, 14, 2)
(2, 15, 2)
(2, 16, 2)
(2, 17, 2)
(2, 18, 2)
(2, 19, 2)
(2, 20, 2)
(2, 21, 2)
(2, 22, 2)
(2, 23, 2)
(2, 24, 2)
(2, 25, 2)
(2, 26, 2)
(2, 27, 2)
(2, 28, 2)
(2, 29, 2)
(2, 30, 2)
(2, 31, 2)
(2, 32, 2)
(2, 33, 2)
(2, 34, 2)
(2, 35, 2)
(2, 36, 2)
(2, 37, 2)
(2, 38, 2)
(2, 39, 2)

(3, 0, 2)
(3, 1, 2)
(3, 2, 2)
(3, 3, 2)
(3, 4, 2)
(3, 5, 2)
(3, 6, 2)
(3, 7, 2)
(3, 8, 2)
(3, 9, 2)
(3, 10, 2)
(3, 11, 2)
(3, 12, 2)
(3, 13, 2)
(3, 14, 2)
(3, 15, 2)
(3, 16, 2)
(3, 17, 2)
(3, 18, 2)
(3, 19, 2)
(3, 20, 2)
(3, 21, 2)
(3, 22, 2)
(3, 23, 2)
(3, 24, 2)
(3, 25, 2)
(3, 26, 2)
(3, 27, 2)
(3, 28, 2)
(3, 29, 2)
(3, 30, 2)
(3, 31, 2)
(3, 32, 2)
(3, 33, 2)
(3, 34, 2)
(3, 35, 2)
(3, 36, 2)
(3, 37, 2)
(3, 38, 2)
(3, 39, 2)

(4, 0, 3)
(4, 1, 3)
(4, 2, 3)
(4, 3, 3)
(4, 4, 3)
(4, 5, 3)
(4, 6, 3)
(4, 7, 3)
(4, 8, 3)
(4, 9, 3)
(4, 10, 3)
(4, 11, 3)
(4, 12, 3)
(4, 13, 3)
(4, 14, 3)
(4, 15, 3)
(4, 16, 3)
(4, 17, 2)
(4, 18, 2)
(4, 19, 2)
(4, 20, 2)
(4, 21, 2)
(4, 22, 2)
(4, 23, 2)
(4, 24, 2)
(4, 25, 2)
(4, 26, 2)
(4, 27, 2)
(4, 28, 2)
(4, 29, 2)
(4, 30, 2)
(4, 31, 2)
(4, 32, 2)
(4, 33, 2)
(4, 34, 2)
(4, 35, 2)
(4, 36, 2)
(4, 37, 2)
(4, 38, 2)
(4, 39, 2)

(5, 0, 4)
(5, 1, 4)
(5, 2, 4)
(5, 3, 4)
(5, 4, 4)
(5, 5, 4)
(5, 6, 4)
(5, 7, 4)
(5, 8, 4)
(5, 9, 4)
(5, 10, 4)
(5, 11, 4)
(5, 12, 4)
(5, 13, 4)
(5, 14, 4)
(5, 15, 4)
(5, 16, 4)
(5, 17, 2)
(5, 18, 2)
(5, 19, 2)
(5, 20, 2)
(5, 21, 2)
(5, 22, 2)
(5, 23, 2)
(5, 24, 2)
(5, 25, 2)
(5, 26, 2)
(5, 27, 2)
(5, 28, 2)
(5, 29, 2)
(5, 30, 2)
(5, 31, 2)
(5, 32, 2)
(5, 33, 2)
(5, 34, 2)
(5, 35, 2)
(5, 36, 2)
(5, 37, 2)
(5, 38, 2)
(5, 39, 2)

(6, 0, 6)
(6, 1, 6)
(6, 2, 6)
(6, 3, 6)
(6, 4, 6)
(6, 5, 6)
(6, 6, 6)
(6, 7, 6)
(6, 8, 6)
(6, 9, 6)
(6, 10, 6)
(6, 11, 6)
(6, 12, 6)
(6, 13, 6)
(6, 14, 6)
(6, 15, 6)
(6, 16, 6)
(6, 17, 4)
(6, 18, 4)
(6, 19, 4)
(6, 20, 4)
(6, 21, 4)
(6, 22, 4)
(6, 23, 4)
(6, 24, 4)
(6, 25, 4)
(6, 26, 4)
(6, 27, 4)
(6, 28, 4)
(6, 29, 4)
(6, 30, 4)
(6, 31, 4)
(6, 32, 4)
(6, 33, 4)
(6, 34, 4)
(6, 35, 4)
(6, 36, 4)
(6, 37, 4)
(6, 38, 4)
(6, 39, 4)

(7, 0, 21)
(7, 1, 21)
(7, 2, 21)
(7, 3, 21)
(7, 4, 21)
(7, 5, 21)
(7, 6, 21)
(7, 7, 21)
(7, 8, 17)
(7, 9, 7)
(7, 10, 7)
(7, 11, 7)
(7, 12, 7)
(7, 13, 7)
(7, 14, 7)
(7, 15, 7)
(7, 16, 7)
(7, 17, 5)
(7, 18, 5)
(7, 19, 5)
(7, 20, 5)
(7, 21, 5)
(7, 22, 5)
(7, 23, 5)
(7, 24, 5)
(7, 25, 5)
(7, 26, 5)
(7, 27, 5)
(7, 28, 5)
(7, 29, 5)
(7, 30, 5)
(7, 31, 5)
(7, 32, 4)
(7, 33, 4)
(7, 34, 3)
(7, 35, 3)
(7, 36, 3)
(7, 37, 3)
(7, 38, 3)
(7, 39, 3)

(8, 0, 21)
(8, 1, 21)
(8, 2, 21)
(8, 3, 21)
(8, 4, 21)
(8, 5, 21)
(8, 6, 21)
(8, 7, 21)
(8, 8, 17)
(8, 9, 7)
(8, 10, 7)
(8, 11, 7)
(8, 12, 7)
(8, 13, 7)
(8, 14, 7)
(8, 15, 7)
(8, 16, 7)
(8, 17, 5)
(8, 18, 5)
(8, 19, 5)
(8, 20, 5)
(8, 21, 5)
(8, 22, 5)
(8, 23, 5)
(8, 24, 5)
(8, 25, 5)
(8, 26, 5)
(8, 27, 5)
(8, 28, 5)
(8, 29, 5)
(8, 30, 5)
(8, 31, 5)
(8, 32, 4)
(8, 33, 4)
(8, 34, 3)
(8, 35, 3)
(8, 36, 3)
(8, 37, 3)
(8, 38, 3)
(8, 39, 3)

(9, 0, 29)
(9, 1, 29)
(9, 2, 29)
(9, 3, 29)
(9, 4, 29)
(9, 5, 29)
(9, 6, 29)
(9, 7, 29)
(9, 8, 17)
(9, 9, 7)
(9, 10, 7)
(9, 11, 7)
(9, 12, 7)
(9, 13, 7)
(9, 14, 7)
(9, 15, 7)
(9, 16, 7)
(9, 17, 5)
(9, 18, 5)
(9, 19, 5)
(9, 20, 5)
(9, 21, 5)
(9, 22, 5)
(9, 23, 5)
(9, 24, 5)
(9, 25, 5)
(9, 26, 5)
(9, 27, 5)
(9, 28, 5)
(9, 29, 4)
(9, 30, 4)
(9, 31, 4)
(9, 32, 4)
(9, 33, 4)
(9, 34, 3)
(9, 35, 3)
(9, 36, 3)
(9, 37, 3)
(9, 38, 3)
(9, 39, 3)

(10, 0, 36)
(10, 1, 36)
(10, 2, 36)
(10, 3, 36)
(10, 4, 36)
(10, 5, 36)
(10, 6, 34)
(10, 7, 34)
(10, 8, 17)
(10, 9, 7)
(10, 10, 7)
(10, 11, 7)
(10, 12, 7)
(10, 13, 7)
(10, 14, 7)
(10, 15, 7)
(10, 16, 7)
(10, 17, 5)
(10, 18, 5)
(10, 19, 5)
(10, 20, 5)
(10, 21, 5)
(10, 22, 5)
(10, 23, 5)
(10, 24, 5)
(10, 25, 5)
(10, 26, 5)
(10, 27, 5)
(10, 28, 5)
(10, 29, 4)
(10, 30, 4)
(10, 31, 3)
(10, 32, 3)
(10, 33, 3)
(10, 34, 3)
(10, 35, 3)
(10, 36, 3)
(10, 37, 3)
(10, 38, 3)
(10, 39, 3)

(11, 0, 36)
(11, 1, 36)
(11, 2, 36)
(11, 3, 36)
(11, 4, 36)
(11, 5, 36)
(11, 6, 34)
(11, 7, 34)
(11, 8, 17)
(11, 9, 7)
(11, 10, 7)
(11, 11, 7)
(11, 12, 7)
(11, 13, 7)
(11, 14, 7)
(11, 15, 7)
(11, 16, 7)
(11, 17, 5)
(11, 18, 5)
(11, 19, 5)
(11, 20, 5)
(11, 21, 5)
(11, 22, 5)
(11, 23, 5)
(11, 24, 5)
(11, 25, 5)
(11, 26, 5)
(11, 27, 5)
(11, 28, 5)
(11, 29, 4)
(11, 30, 4)
(11, 31, 3)
(11, 32, 3)
(11, 33, 3)
(11, 34, 3)
(11, 35, 3)
(11, 36, 3)
(11, 37, 3)
(11, 38, 3)
(11, 39, 3)

(12, 0, 38)
(12, 1, 38)
(12, 2, 38)
(12, 3, 38)
(12, 4, 38)
(12, 5, 38)
(12, 6, 36)
(12, 7, 36)
(12, 8, 19)
(12, 9, 9)
(12, 10, 9)
(12, 11, 9)
(12, 12, 9)
(12, 13, 9)
(12, 14, 9)
(12, 15, 9)
(12, 16, 9)
(12, 17, 5)
(12, 18, 5)
(12, 19, 5)
(12, 20, 5)
(12, 21, 5)
(12, 22, 5)
(12, 23, 5)
(12, 24, 5)
(12, 25, 5)
(12, 26, 5)
(12, 27, 5)
(12, 28, 5)
(12, 29, 4)
(12, 30, 4)
(12, 31, 3)
(12, 32, 3)
(12, 33, 3)
(12, 34, 3)
(12, 35, 3)
(12, 36, 3)
(12, 37, 3)
(12, 38, 3)
(12, 39, 3)

(13, 0, 38)
(13, 1, 38)
(13, 2, 38)
(13, 3, 38)
(13, 4, 38)
(13, 5, 38)
(13, 6, 36)
(13, 7, 36)
(13, 8, 19)
(13, 9, 9)
(13, 10, 9)
(13, 11, 9)
(13, 12, 9)
(13, 13, 9)
(13, 14, 9)
(13, 15, 9)
(13, 16, 9)
(13, 17, 5)
(13, 18, 5)
(13, 19, 5)
(13, 20, 5)
(13, 21, 5)
(13, 22, 5)
(13, 23, 5)
(13, 24, 5)
(13, 25, 5)
(13, 26, 5)
(13, 27, 5)
(13, 28, 5)
(13, 29, 4)
(13, 30, 4)
(13, 31, 3)
(13, 32, 3)
(13, 33, 3)
(13, 34, 3)
(13, 35, 3)
(13, 36, 3)
(13, 37, 3)
(13, 38, 3)
(13, 39, 3)

(14, 0, 38)
(14, 1, 38)
(14, 2, 38)
(14, 3, 38)
(14, 4, 38)
(14, 5, 38)
(14, 6, 36)
(14, 7, 36)
(14, 8, 19)
(14, 9, 9)
(14, 10, 9)
(14, 11, 9)
(14, 12, 9)
(14, 13, 9)
(14, 14, 9)
(14, 15, 9)
(14, 16, 9)
(14, 17, 5)
(14, 18, 5)
(14, 19, 5)
(14, 20, 5)
(14, 21, 5)
(14, 22, 5)
(14, 23, 5)
(14, 24, 5)
(14, 25, 5)
(14, 26, 5)
(14, 27, 5)
(14, 28, 5)
(14, 29, 4)
(14, 30, 4)
(14, 31, 3)
(14, 32, 3)
(14, 33, 3)
(14, 34, 3)
(14, 35, 3)
(14, 36, 3)
(14, 37, 3)
(14, 38, 3)
(14, 39, 3)

(15, 0, 38)
(15, 1, 38)
(15, 2, 38)
(15, 3, 38)
(15, 4, 38)
(15, 5, 38)
(15, 6, 36)
(15, 7, 36)
(15, 8, 19)
(15, 9, 9)
(15, 10, 9)
(15, 11, 9)
(15, 12, 9)
(15, 13, 9)
(15, 14, 9)
(15, 15, 9)
(15, 16, 9)
(15, 17, 5)
(15, 18, 5)
(15, 19, 5)
(15, 20, 5)
(15, 21, 5)
(15, 22, 5)
(15, 23, 5)
(15, 24, 5)
(15, 25, 5)
(15, 26, 5)
(15, 27, 5)
(15, 28, 5)
(15, 29, 4)
(15, 30, 4)
(15, 31, 3)
(15, 32, 3)
(15, 33, 3)
(15, 34, 3)
(15, 35, 3)
(15, 36, 3)
(15, 37, 3)
(15, 38, 3)
(15, 39, 3)

(16, 0, 38)
(16, 1, 38)
(16, 2, 38)
(16, 3, 38)
(16, 4, 38)
(16, 5, 38)
(16, 6, 36)
(16, 7, 36)
(16, 8, 19)
(16, 9, 9)
(16, 10, 9)
(16, 11, 9)
(16, 12, 9)
(16, 13, 9)
(16, 14, 9)
(16, 15, 9)
(16, 16, 9)
(16, 17, 5)
(16, 18, 5)
(16, 19, 5)
(16, 20, 5)
(16, 21, 5)
(16, 22, 5)
(16, 23, 5)
(16, 24, 5)
(16, 25, 5)
(16, 26, 5)
(16, 27, 5)
(16, 28, 5)
(16, 29, 4)
(16, 30, 4)
(16, 31, 3)
(16, 32, 3)
(16, 33, 3)
(16, 34, 3)
(16, 35, 3)
(16, 36, 3)
(16, 37, 3)
(16, 38, 3)
(16, 39, 3)

(17, 0, 38)
(17, 1, 38)
(17, 2, 38)
(17, 3, 38)
(17, 4, 38)
(17, 5, 38)
(17, 6, 36)
(17, 7, 36)
(17, 8, 19)
(17, 9, 9)
(17, 10, 9)
(17, 11, 9)
(17, 12, 9)
(17, 13, 9)
(17, 14, 9)
(17, 15, 9)
(17, 16, 9)
(17, 17, 5)
(17, 18, 5)
(17, 19, 5)
(17, 20, 5)
(17, 21, 5)
(17, 22, 5)
(17, 23, 5)
(17, 24, 5)
(17, 25, 5)
(17, 26, 5)
(17, 27, 5)
(17, 28, 5)
(17, 29, 4)
(17, 30, 4)
(17, 31, 3)
(17, 32, 3)
(17, 33, 3)
(17, 34, 3)
(17, 35, 3)
(17, 36, 3)
(17, 37, 3)
(17, 38, 3)
(17, 39, 3)

(18, 0, 47)
(18, 1, 47)
(18, 2, 43)
(18, 3, 43)
(18, 4, 39)
(18, 5, 39)
(18, 6, 37)
(18, 7, 37)
(18, 8, 20)
(18, 9, 10)
(18, 10, 10)
(18, 11, 10)
(18, 12, 10)
(18, 13, 10)
(18, 14, 10)
(18, 15, 10)
(18, 16, 10)
(18, 17, 6)
(18, 18, 6)
(18, 19, 6)
(18, 20, 6)
(18, 21, 6)
(18, 22, 6)
(18, 23, 6)
(18, 24, 6)
(18, 25, 5)
(18, 26, 5)
(18, 27, 5)
(18, 28, 4)
(18, 29, 3)
(18, 30, 3)
(18, 31, 2)
(18, 32, 2)
(18, 33, 2)
(18, 34, 2)
(18, 35, 2)
(18, 36, 2)
(18, 37, 2)
(18, 38, 2)
(18, 39, 2)

(19, 0, 52)
(19, 1, 52)
(19, 2, 46)
(19, 3, 46)
(19, 4, 39)
(19, 5, 39)
(19, 6, 37)
(19, 7, 37)
(19, 8, 20)
(19, 9, 10)
(19, 10, 10)
(19, 11, 10)
(19, 12, 10)
(19, 13, 10)
(19, 14, 10)
(19, 15, 10)
(19, 16, 10)
(19, 17, 6)
(19, 18, 6)
(19, 19, 6)
(19, 20, 6)
(19, 21, 6)
(19, 22, 6)
(19, 23, 6)
(19, 24, 5)
(19, 25, 5)
(19, 26, 5)
(19, 27, 4)
(19, 28, 4)
(19, 29, 3)
(19, 30, 3)
(19, 31, 2)
(19, 32, 2)
(19, 33, 2)
(19, 34, 2)
(19, 35, 2)
(19, 36, 2)
(19, 37, 2)
(19, 38, 2)
(19, 39, 2)

(20, 0, 56)
(20, 1, 56)
(20, 2, 48)
(20, 3, 48)
(20, 4, 40)
(20, 5, 40)
(20, 6, 38)
(20, 7, 38)
(20, 8, 21)
(20, 9, 11)
(20, 10, 11)
(20, 11, 11)
(20, 12, 11)
(20, 13, 11)
(20, 14, 11)
(20, 15, 11)
(20, 16, 11)
(20, 17, 7)
(20, 18, 7)
(20, 19, 7)
(20, 20, 7)
(20, 21, 7)
(20, 22, 6)
(20, 23, 6)
(20, 24, 5)
(20, 25, 4)
(20, 26, 4)
(20, 27, 4)
(20, 28, 4)
(20, 29, 3)
(20, 30, 3)
(20, 31, 2)
(20, 32, 2)
(20, 33, 2)
(20, 34, 2)
(20, 35, 2)
(20, 36, 2)
(20, 37, 2)
(20, 38, 2)
(20, 39, 2)

(21, 0, 61)
(21, 1, 61)
(21, 2, 51)
(21, 3, 51)
(21, 4, 41)
(21, 5, 41)
(21, 6, 39)
(21, 7, 39)
(21, 8, 22)
(21, 9, 12)
(21, 10, 12)
(21, 11, 12)
(21, 12, 12)
(21, 13, 12)
(21, 14, 12)
(21, 15, 12)
(21, 16, 12)
(21, 17, 8)
(21, 18, 8)
(21, 19, 7)
(21, 20, 6)
(21, 21, 6)
(21, 22, 6)
(21, 23, 6)
(21, 24, 5)
(21, 25, 4)
(21, 26, 4)
(21, 27, 4)
(21, 28, 4)
(21, 29, 3)
(21, 30, 3)
(21, 31, 2)
(21, 32, 2)
(21, 33, 2)
(21, 34, 2)
(21, 35, 2)
(21, 36, 2)
(21, 37, 2)
(21, 38, 2)
(21, 39, 2)

(22, 0, 68)
(22, 1, 65)
(22, 2, 53)
(22, 3, 53)
(22, 4, 42)
(22, 5, 42)
(22, 6, 40)
(22, 7, 40)
(22, 8, 23)
(22, 9, 13)
(22, 10, 13)
(22, 11, 13)
(22, 12, 13)
(22, 13, 12)
(22, 14, 12)
(22, 15, 12)
(22, 16, 12)
(22, 17, 8)
(22, 18, 7)
(22, 19, 6)
(22, 20, 6)
(22, 21, 6)
(22, 22, 6)
(22, 23, 6)
(22, 24, 5)
(22, 25, 4)
(22, 26, 4)
(22, 27, 4)
(22, 28, 4)
(22, 29, 3)
(22, 30, 3)
(22, 31, 2)
(22, 32, 2)
(22, 33, 2)
(22, 34, 2)
(22, 35, 2)
(22, 36, 2)
(22, 37, 2)
(22, 38, 2)
(22, 39, 2)

(23, 0, 88)
(23, 1, 71)
(23, 2, 57)
(23, 3, 57)
(23, 4, 44)
(23, 5, 44)
(23, 6, 42)
(23, 7, 42)
(23, 8, 24)
(23, 9, 14)
(23, 10, 14)
(23, 11, 14)
(23, 12, 14)
(23, 13, 13)
(23, 14, 13)
(23, 15, 13)
(23, 16, 13)
(23, 17, 9)
(23, 18, 7)
(23, 19, 7)
(23, 20, 7)
(23, 21, 7)
(23, 22, 7)
(23, 23, 7)
(23, 24, 6)
(23, 25, 5)
(23, 26, 5)
(23, 27, 5)
(23, 28, 4)
(23, 29, 3)
(23, 30, 3)
(23, 31, 2)
(23, 32, 2)
(23, 33, 2)
(23, 34, 2)
(23, 35, 2)
(23, 36, 2)
(23, 37, 2)
(23, 38, 2)
(23, 39, 2)

(24, 0, 107)
(24, 1, 76)
(24, 2, 61)
(24, 3, 61)
(24, 4, 47)
(24, 5, 47)
(24, 6, 45)
(24, 7, 45)
(24, 8, 25)
(24, 9, 15)
(24, 10, 15)
(24, 11, 15)
(24, 12, 15)
(24, 13, 14)
(24, 14, 14)
(24, 15, 14)
(24, 16, 14)
(24, 17, 10)
(24, 18, 8)
(24, 19, 8)
(24, 20, 8)
(24, 21, 8)
(24, 22, 8)
(24, 23, 8)
(24, 24, 7)
(24, 25, 6)
(24, 26, 6)
(24, 27, 6)
(24, 28, 4)
(24, 29, 3)
(24, 30, 3)
(24, 31, 2)
(24, 32, 2)
(24, 33, 2)
(24, 34, 2)
(24, 35, 2)
(24, 36, 2)
(24, 37, 2)
(24, 38, 2)
(24, 39, 2)

(25, 0, 122)
(25, 1, 80)
(25, 2, 63)
(25, 3, 63)
(25, 4, 48)
(25, 5, 48)
(25, 6, 46)
(25, 7, 46)
(25, 8, 26)
(25, 9, 16)
(25, 10, 16)
(25, 11, 16)
(25, 12, 16)
(25, 13, 15)
(25, 14, 14)
(25, 15, 14)
(25, 16, 14)
(25, 17, 10)
(25, 18, 8)
(25, 19, 8)
(25, 20, 8)
(25, 21, 8)
(25, 22, 8)
(25, 23, 8)
(25, 24, 7)
(25, 25, 6)
(25, 26, 6)
(25, 27, 6)
(25, 28, 4)
(25, 29, 3)
(25, 30, 3)
(25, 31, 2)
(25, 32, 2)
(25, 33, 2)
(25, 34, 2)
(25, 35, 2)
(25, 36, 2)
(25, 37, 2)
(25, 38, 2)
(25, 39, 2)

(26, 0, 137)
(26, 1, 85)
(26, 2, 67)
(26, 3, 67)
(26, 4, 50)
(26, 5, 49)
(26, 6, 47)
(26, 7, 46)
(26, 8, 27)
(26, 9, 17)
(26, 10, 17)
(26, 11, 17)
(26, 12, 17)
(26, 13, 16)
(26, 14, 14)
(26, 15, 14)
(26, 16, 14)
(26, 17, 10)
(26, 18, 8)
(26, 19, 8)
(26, 20, 8)
(26, 21, 8)
(26, 22, 8)
(26, 23, 8)
(26, 24, 7)
(26, 25, 6)
(26, 26, 6)
(26, 27, 6)
(26, 28, 4)
(26, 29, 3)
(26, 30, 3)
(26, 31, 2)
(26, 32, 2)
(26, 33, 2)
(26, 34, 2)
(26, 35, 2)
(26, 36, 2)
(26, 37, 2)
(26, 38, 2)
(26, 39, 2)

(27, 0, 145)
(27, 1, 87)
(27, 2, 68)
(27, 3, 68)
(27, 4, 50)
(27, 5, 49)
(27, 6, 47)
(27, 7, 46)
(27, 8, 27)
(27, 9, 17)
(27, 10, 17)
(27, 11, 17)
(27, 12, 17)
(27, 13, 16)
(27, 14, 14)
(27, 15, 14)
(27, 16, 14)
(27, 17, 10)
(27, 18, 8)
(27, 19, 8)
(27, 20, 8)
(27, 21, 8)
(27, 22, 8)
(27, 23, 8)
(27, 24, 7)
(27, 25, 6)
(27, 26, 6)
(27, 27, 6)
(27, 28, 4)
(27, 29, 3)
(27, 30, 3)
(27, 31, 2)
(27, 32, 2)
(27, 33, 2)
(27, 34, 2)
(27, 35, 2)
(27, 36, 2)
(27, 37, 2)
(27, 38, 2)
(27, 39, 2)

(28, 0, 151)
(28, 1, 93)
(28, 2, 72)
(28, 3, 72)
(28, 4, 51)
(28, 5, 50)
(28, 6, 47)
(28, 7, 46)
(28, 8, 27)
(28, 9, 17)
(28, 10, 17)
(28, 11, 16)
(28, 12, 16)
(28, 13, 15)
(28, 14, 14)
(28, 15, 14)
(28, 16, 14)
(28, 17, 10)
(28, 18, 8)
(28, 19, 8)
(28, 20, 8)
(28, 21, 8)
(28, 22, 8)
(28, 23, 8)
(28, 24, 7)
(28, 25, 6)
(28, 26, 6)
(28, 27, 6)
(28, 28, 4)
(28, 29, 3)
(28, 30, 3)
(28, 31, 2)
(28, 32, 2)
(28, 33, 2)
(28, 34, 2)
(28, 35, 2)
(28, 36, 2)
(28, 37, 2)
(28, 38, 2)
(28, 39, 2)

(29, 0, 158)
(29, 1, 100)
(29, 2, 77)
(29, 3, 77)
(29, 4, 51)
(29, 5, 50)
(29, 6, 47)
(29, 7, 46)
(29, 8, 27)
(29, 9, 17)
(29, 10, 17)
(29, 11, 16)
(29, 12, 16)
(29, 13, 15)
(29, 14, 14)
(29, 15, 14)
(29, 16, 14)
(29, 17, 10)
(29, 18, 8)
(29, 19, 8)
(29, 20, 8)
(29, 21, 8)
(29, 22, 8)
(29, 23, 8)
(29, 24, 7)
(29, 25, 6)
(29, 26, 6)
(29, 27, 6)
(29, 28, 4)
(29, 29, 3)
(29, 30, 3)
(29, 31, 2)
(29, 32, 2)
(29, 33, 2)
(29, 34, 2)
(29, 35, 2)
(29, 36, 2)
(29, 37, 2)
(29, 38, 2)
(29, 39, 2)

(30, 0, 160)
(30, 1, 102)
(30, 2, 77)
(30, 3, 77)
(30, 4, 51)
(30, 5, 50)
(30, 6, 47)
(30, 7, 46)
(30, 8, 27)
(30, 9, 17)
(30, 10, 17)
(30, 11, 16)
(30, 12, 16)
(30, 13, 15)
(30, 14, 14)
(30, 15, 14)
(30, 16, 14)
(30, 17, 10)
(30, 18, 8)
(30, 19, 8)
(30, 20, 8)
(30, 21, 8)
(30, 22, 8)
(30, 23, 8)
(30, 24, 7)
(30, 25, 6)
(30, 26, 6)
(30, 27, 6)
(30, 28, 4)
(30, 29, 3)
(30, 30, 3)
(30, 31, 2)
(30, 32, 2)
(30, 33, 2)
(30, 34, 2)
(30, 35, 2)
(30, 36, 2)
(30, 37, 2)
(30, 38, 2)
(30, 39, 2)

(31, 0, 163)
(31, 1, 105)
(31, 2, 78)
(31, 3, 78)
(31, 4, 52)
(31, 5, 51)
(31, 6, 48)
(31, 7, 47)
(31, 8, 28)
(31, 9, 18)
(31, 10, 18)
(31, 11, 17)
(31, 12, 16)
(31, 13, 15)
(31, 14, 14)
(31, 15, 14)
(31, 16, 14)
(31, 17, 10)
(31, 18, 8)
(31, 19, 8)
(31, 20, 8)
(31, 21, 8)
(31, 22, 8)
(31, 23, 8)
(31, 24, 7)
(31, 25, 6)
(31, 26, 6)
(31, 27, 6)
(31, 28, 4)
(31, 29, 3)
(31, 30, 3)
(31, 31, 2)
(31, 32, 2)
(31, 33, 2)
(31, 34, 2)
(31, 35, 2)
(31, 36, 2)
(31, 37, 2)
(31, 38, 2)
(31, 39, 2)

(32, 0, 163)
(32, 1, 105)
(32, 2, 78)
(32, 3, 78)
(32, 4, 52)
(32, 5, 51)
(32, 6, 48)
(32, 7, 47)
(32, 8, 28)
(32, 9, 18)
(32, 10, 18)
(32, 11, 17)
(32, 12, 16)
(32, 13, 15)
(32, 14, 14)
(32, 15, 14)
(32, 16, 14)
(32, 17, 10)
(32, 18, 8)
(32, 19, 8)
(32, 20, 8)
(32, 21, 8)
(32, 22, 8)
(32, 23, 8)
(32, 24, 7)
(32, 25, 6)
(32, 26, 6)
(32, 27, 6)
(32, 28, 4)
(32, 29, 3)
(32, 30, 3)
(32, 31, 2)
(32, 32, 2)
(32, 33, 2)
(32, 34, 2)
(32, 35, 2)
(32, 36, 2)
(32, 37, 2)
(32, 38, 2)
(32, 39, 2)

(33, 0, 163)
(33, 1, 105)
(33, 2, 78)
(33, 3, 78)
(33, 4, 52)
(33, 5, 51)
(33, 6, 48)
(33, 7, 47)
(33, 8, 28)
(33, 9, 18)
(33, 10, 18)
(33, 11, 17)
(33, 12, 16)
(33, 13, 15)
(33, 14, 14)
(33, 15, 14)
(33, 16, 14)
(33, 17, 10)
(33, 18, 8)
(33, 19, 8)
(33, 20, 8)
(33, 21, 8)
(33, 22, 8)
(33, 23, 8)
(33, 24, 7)
(33, 25, 6)
(33, 26, 6)
(33, 27, 6)
(33, 28, 4)
(33, 29, 3)
(33, 30, 3)
(33, 31, 2)
(33, 32, 2)
(33, 33, 2)
(33, 34, 2)
(33, 35, 2)
(33, 36, 2)
(33, 37, 2)
(33, 38, 2)
(33, 39, 2)

(34, 0, 164)
(34, 1, 106)
(34, 2, 79)
(34, 3, 79)
(34, 4, 53)
(34, 5, 52)
(34, 6, 49)
(34, 7, 48)
(34, 8, 28)
(34, 9, 18)
(34, 10, 18)
(34, 11, 17)
(34, 12, 16)
(34, 13, 15)
(34, 14, 14)
(34, 15, 14)
(34, 16, 14)
(34, 17, 10)
(34, 18, 8)
(34, 19, 8)
(34, 20, 8)
(34, 21, 8)
(34, 22, 8)
(34, 23, 8)
(34, 24, 7)
(34, 25, 6)
(34, 26, 6)
(34, 27, 6)
(34, 28, 4)
(34, 29, 3)
(34, 30, 3)
(34, 31, 2)
(34, 32, 2)
(34, 33, 2)
(34, 34, 2)
(34, 35, 2)
(34, 36, 2)
(34, 37, 2)
(34, 38, 2)
(34, 39, 2)

(35, 0, 167)
(35, 1, 109)
(35, 2, 80)
(35, 3, 80)
(35, 4, 54)
(35, 5, 53)
(35, 6, 50)
(35, 7, 49)
(35, 8, 29)
(35, 9, 19)
(35, 10, 19)
(35, 11, 18)
(35, 12, 17)
(35, 13, 15)
(35, 14, 14)
(35, 15, 14)
(35, 16, 14)
(35, 17, 10)
(35, 18, 8)
(35, 19, 8)
(35, 20, 8)
(35, 21, 8)
(35, 22, 7)
(35, 23, 7)
(35, 24, 5)
(35, 25, 4)
(35, 26, 4)
(35, 27, 4)
(35, 28, 4)
(35, 29, 3)
(35, 30, 3)
(35, 31, 2)
(35, 32, 2)
(35, 33, 2)
(35, 34, 2)
(35, 35, 2)
(35, 36, 2)
(35, 37, 2)
(35, 38, 2)
(35, 39, 2)

(36, 0, 167)
(36, 1, 109)
(36, 2, 80)
(36, 3, 80)
(36, 4, 54)
(36, 5, 53)
(36, 6, 50)
(36, 7, 49)
(36, 8, 29)
(36, 9, 19)
(36, 10, 19)
(36, 11, 18)
(36, 12, 17)
(36, 13, 15)
(36, 14, 14)
(36, 15, 14)
(36, 16, 14)
(36, 17, 10)
(36, 18, 8)
(36, 19, 8)
(36, 20, 7)
(36, 21, 7)
(36, 22, 7)
(36, 23, 7)
(36, 24, 5)
(36, 25, 4)
(36, 26, 4)
(36, 27, 4)
(36, 28, 4)
(36, 29, 3)
(36, 30, 3)
(36, 31, 2)
(36, 32, 2)
(36, 33, 2)
(36, 34, 2)
(36, 35, 2)
(36, 36, 2)
(36, 37, 2)
(36, 38, 2)
(36, 39, 2)

(37, 0, 167)
(37, 1, 109)
(37, 2, 80)
(37, 3, 80)
(37, 4, 54)
(37, 5, 53)
(37, 6, 50)
(37, 7, 49)
(37, 8, 29)
(37, 9, 19)
(37, 10, 19)
(37, 11, 18)
(37, 12, 17)
(37, 13, 15)
(37, 14, 14)
(37, 15, 14)
(37, 16, 14)
(37, 17, 9)
(37, 18, 7)
(37, 19, 7)
(37, 20, 7)
(37, 21, 7)
(37, 22, 7)
(37, 23, 7)
(37, 24, 5)
(37, 25, 4)
(37, 26, 4)
(37, 27, 4)
(37, 28, 4)
(37, 29, 3)
(37, 30, 3)
(37, 31, 2)
(37, 32, 2)
(37, 33, 2)
(37, 34, 2)
(37, 35, 2)
(37, 36, 2)
(37, 37, 2)
(37, 38, 2)
(37, 39, 2)

(38, 0, 167)
(38, 1, 109)
(38, 2, 80)
(38, 3, 80)
(38, 4, 54)
(38, 5, 53)
(38, 6, 50)
(38, 7, 49)
(38, 8, 29)
(38, 9, 19)
(38, 10, 19)
(38, 11, 18)
(38, 12, 17)
(38, 13, 15)
(38, 14, 13)
(38, 15, 13)
(38, 16, 13)
(38, 17, 9)
(38, 18, 7)
(38, 19, 7)
(38, 20, 7)
(38, 21, 7)
(38, 22, 7)
(38, 23, 7)
(38, 24, 5)
(38, 25, 4)
(38, 26, 4)
(38, 27, 4)
(38, 28, 4)
(38, 29, 3)
(38, 30, 3)
(38, 31, 2)
(38, 32, 2)
(38, 33, 2)
(38, 34, 2)
(38, 35, 2)
(38, 36, 2)
(38, 37, 2)
(38, 38, 2)
(38, 39, 2)

(39, 0, 167)
(39, 1, 109)
(39, 2, 80)
(39, 3, 80)
(39, 4, 54)
(39, 5, 53)
(39, 6, 50)
(39, 7, 49)
(39, 8, 29)
(39, 9, 19)
(39, 10, 18)
(39, 11, 17)
(39, 12, 16)
(39, 13, 14)
(39, 14, 13)
(39, 15, 13)
(39, 16, 13)
(39, 17, 9)
(39, 18, 7)
(39, 19, 7)
(39, 20, 7)
(39, 21, 7)
(39, 22, 7)
(39, 23, 7)
(39, 24, 5)
(39, 25, 4)
(39, 26, 4)
(39, 27, 4)
(39, 28, 4)
(39, 29, 3)
(39, 30, 3)
(39, 31, 2)
(39, 32, 2)
(39, 33, 2)
(39, 34, 2)
(39, 35, 2)
(39, 36, 2)
(39, 37, 2)
(39, 38, 2)
(39, 39, 2)


Betti numbers:
xi_0:
(0, 0, 2)
(4, 0, 1)
(5, 0, 1)
(6, 0, 2)
(7, 0, 15)
(9, 0, 8)
(10, 0, 7)
(12, 0, 2)
(18, 0, 9)
(19, 0, 5)
(20, 0, 4)
(21, 0, 5)
(22, 0, 7)
(23, 0, 20)
(24, 0, 19)
(25, 0, 15)
(26, 0, 15)
(27, 0, 8)
(28, 0, 6)
(29, 0, 7)
(30, 0, 2)
(31, 0, 3)
(34, 0, 1)
(35, 0, 3)
xi_1:
(4, 17, 1)
(5, 17, 1)
(7, 8, 4)
(7, 9, 10)
(7, 32, 1)
(7, 34, 1)
(9, 8, 8)
(9, 29, 1)
(10, 6, 2)
(10, 8, 5)
(10, 31, 1)
(12, 17, 2)
(18, 2, 4)
(18, 4, 4)
(18, 25, 1)
(18, 28, 1)
(19, 2, 2)
(19, 4, 3)
(19, 24, 1)
(19, 27, 1)
(20, 2, 2)
(20, 4, 1)
(20, 22, 1)
(20, 25, 1)
(21, 2, 2)
(21, 4, 2)
(21, 19, 1)
(21, 20, 1)
(22, 1, 3)
(22, 2, 2)
(22, 4, 1)
(22, 13, 1)
(22, 18, 1)
(22, 19, 1)
(23, 1, 14)
(23, 2, 2)
(23, 4, 2)
(23, 8, 1)
(23, 18, 1)
(23, 28, 1)
(24, 1, 14)
(24, 2, 1)
(24, 4, 1)
(24, 8, 2)
(24, 28, 1)
(25, 1, 11)
(25, 2, 2)
(25, 4, 1)
(25, 14, 1)
(26, 1, 10)
(26, 2, 1)
(26, 4, 2)
(26, 5, 1)
(26, 7, 1)
(26, 14, 1)
(27, 1, 6)
(27, 2, 1)
(27, 4, 1)
(28, 2, 2)
(28, 4, 3)
(28, 6, 1)
(28, 11, 1)
(29, 2, 2)
(29, 4, 5)
(30, 2, 2)
(31, 2, 2)
(31, 12, 1)
(34, 8, 1)
(35, 2, 2)
(35, 13, 1)
(35, 22, 1)
(35, 24, 1)
(36, 20, 1)
(37, 17, 1)
(38, 14, 1)
(39, 10, 1)
xi_2:
(9, 32, 1)
(10, 34, 1)
(19, 25, 1)
(19, 28, 1)
(20, 27, 1)
(21, 22, 1)
(22, 19, 1)
(22, 20, 1)
(23, 19, 1)
(26, 8, 1)
(28, 14, 1)
(35, 28, 2)
(36, 22, 1)
(37, 20, 1)
(38, 17, 1)
(39, 14, 1)
