x-grades
-563279580668647957/50000000000000000
-275991042544224857/25000000000000000
-540684589508251471/50000000000000000
-132346773482013307/12500000000000000
-103617919669570997/10000000000000000
-253396051383828371/25000000000000000
-495494607187458499/50000000000000000
-15131159737726883/1562500000000000
-472899616027062013/50000000000000000
-46160212044686377/5000000000000000
-450304624866665527/50000000000000000
-109751782321616821/12500000000000000
-427709633706269041/50000000000000000
-208206069063035399/25000000000000000
-81022928509174511/10000000000000000
-49227143370709289/6250000000000000
-382519651385476069/50000000000000000
-185611077902638913/25000000000000000
-359924660225079583/50000000000000000
-17431358232244067/2500000000000000
-337329669064683097/50000000000000000
-163016086742242427/25000000000000000
-314734677904286611/50000000000000000
-18964823895255523/3125000000000000
-2337117493951121/400000000000000
-140421095581845941/25000000000000000
-269544695583493639/50000000000000000
-64561800000823849/12500000000000000
-246949704423097153/50000000000000000
-23565220884289891/5000000000000000
-224354713262700667/50000000000000000
-26632152210312803/6250000000000000
-201759722102304181/50000000000000000
-95231113261052969/25000000000000000
-35832946188381539/10000000000000000
-41966808840427363/12500000000000000
-156569739781511209/50000000000000000
-72636122100656483/25000000000000000
-133974748621114723/50000000000000000
-11980200492277/4882812500000

y-grades
999947/400000
999947/200000
2999841/400000
999947/100000
999947/80000
2999841/200000
6999629/400000
999947/50000
8999523/400000
999947/40000
10999417/400000
2999841/100000
12999311/400000
6999629/200000
2999841/80000
999947/25000
16999099/400000
8999523/200000
18998993/400000
999947/20000
20998887/400000
10999417/200000
22998781/400000
2999841/50000
999947/16000
12999311/200000
26998569/400000
6999629/100000
28998463/400000
2999841/40000
30998357/400000
999947/12500
32998251/400000
16999099/200000
6999629/80000
8999523/100000
36998039/400000
18998993/200000
38997933/400000
999947/10000

Dimensions > 0:
(0, 0, 1)
(0, 1, 1)
(0, 2, 1)
(0, 3, 1)
(0, 4, 1)
(0, 5, 1)
(0, 6, 1)
(0, 7, 1)
(0, 8, 1)
(0, 9, 1)
(0, 10, 1)
(0, 11, 1)
(0, 12, 1)
(0, 13, 1)
(0, 14, 1)
(0, 15, 1)
(0, 16, 1)
(0, 17, 1)
(0, 18, 1)
(0, 19, 1)
(0, 20, 1)
(0, 21, 1)
(0, 22, 1)
(0, 23, 1)
(0, 24, 1)
(0, 25, 1)
(0, 26, 1)
(0, 27, 1)
(0, 28, 1)
(0, 29, 1)
(0, 30, 1)
(0, 31, 1)
(0, 32, 1)
(0, 33, 1)
(0, 34, 1)
(0, 35, 1)
(0, 36, 1)
(0, 37, 1)
(0, 38, 1)
(0, 39, 1)

(1, 0, 1)
(1, 1, 1)
(1, 2, 1)
(1, 3, 1)
(1, 4, 1)
(1, 5, 1)
(1, 6, 1)
(1, 7, 1)
(1, 8, 1)
(1, 9, 1)
(1, 10, 1)
(1, 11, 1)
(1, 12, 1)
(1, 13, 1)
(1, 14, 1)
(1, 15, 1)
(1, 16, 1)
(1, 17, 1)
(1, 18, 1)
(1, 19, 1)
(1, 20, 1)
(1, 21, 1)
(1, 22, 1)
(1, 23, 1)
(1, 24, 1)
(1, 25, 1)
(1, 26, 1)
(1, 27, 1)
(1, 28, 1)
(1, 29, 1)
(1, 30, 1)
(1, 31, 1)
(1, 32, 1)
(1, 33, 1)
(1, 34, 1)
(1, 35, 1)
(1, 36, 1)
(1, 37, 1)
(1, 38, 1)
(1, 39, 1)

(2, 0, 2)
(2, 1, 2)
(2, 2, 2)
(2, 3, 2)
(2, 4, 2)
(2, 5, 2)
(2, 6, 2)
(2, 7, 2)
(2, 8, 2)
(2, 9, 2)
(2, 10, 2)
(2, 11, 2)
(2, 12, 2)
(2, 13, 2)
(2, 14, 2)
(2, 15, 2)
(2, 16, 2)
(2, 17, 2)
(2, 18, 2)
(2, 19, 2)
(2, 20, 2)
(2, 21, 2)
(2, 22, 2)
(2, 23, 2)
(2, 24, 2)
(2, 25, 2)
(2, 26, 2)
(2, 27, 2)
(2, 28, 2)
(2, 29, 2)
(2, 30, 2)
(2, 31, 2)
(2, 32, 2)
(2, 33, 2)
(2, 34, 2)
(2, 35, 2)
(2, 36, 2)
(2, 37, 2)
(2, 38, 2)
(2, 39, 2)

(3, 0, 2)
(3, 1, 2)
(3, 2, 2)
(3, 3, 2)
(3, 4, 2)
(3, 5, 2)
(3, 6, 2)
(3, 7, 2)
(3, 8, 2)
(3, 9, 2)
(3, 10, 2)
(3, 11, 2)
(3, 12, 2)
(3, 13, 2)
(3, 14, 2)
(3, 15, 2)
(3, 16, 2)
(3, 17, 2)
(3, 18, 2)
(3, 19, 2)
(3, 20, 2)
(3, 21, 2)
(3, 22, 2)
(3, 23, 2)
(3, 24, 2)
(3, 25, 2)
(3, 26, 2)
(3, 27, 2)
(3, 28, 2)
(3, 29, 2)
(3, 30, 2)
(3, 31, 2)
(3, 32, 2)
(3, 33, 2)
(3, 34, 2)
(3, 35, 2)
(3, 36, 2)
(3, 37, 2)
(3, 38, 2)
(3, 39, 2)

(4, 0, 2)
(4, 1, 2)
(4, 2, 2)
(4, 3, 2)
(4, 4, 2)
(4, 5, 2)
(4, 6, 2)
(4, 7, 2)
(4, 8, 2)
(4, 9, 2)
(4, 10, 2)
(4, 11, 2)
(4, 12, 2)
(4, 13, 2)
(4, 14, 2)
(4, 15, 2)
(4, 16, 2)
(4, 17, 2)
(4, 18, 2)
(4, 19, 2)
(4, 20, 2)
(4, 21, 2)
(4, 22, 2)
(4, 23, 2)
(4, 24, 2)
(4, 25, 2)
(4, 26, 2)
(4, 27, 2)
(4, 28, 2)
(4, 29, 2)
(4, 30, 2)
(4, 31, 2)
(4, 32, 2)
(4, 33, 2)
(4, 34, 2)
(4, 35, 2)
(4, 36, 2)
(4, 37, 2)
(4, 38, 2)
(4, 39, 2)

(5, 0, 2)
(5, 1, 2)
(5, 2, 2)
(5, 3, 2)
(5, 4, 2)
(5, 5, 2)
(5, 6, 2)
(5, 7, 2)
(5, 8, 2)
(5, 9, 2)
(5, 10, 2)
(5, 11, 2)
(5, 12, 2)
(5, 13, 2)
(5, 14, 2)
(5, 15, 2)
(5, 16, 2)
(5, 17, 2)
(5, 18, 2)
(5, 19, 2)
(5, 20, 2)
(5, 21, 2)
(5, 22, 2)
(5, 23, 2)
(5, 24, 2)
(5, 25, 2)
(5, 26, 2)
(5, 27, 2)
(5, 28, 2)
(5, 29, 2)
(5, 30, 2)
(5, 31, 2)
(5, 32, 2)
(5, 33, 2)
(5, 34, 2)
(5, 35, 2)
(5, 36, 2)
(5, 37, 2)
(5, 38, 2)
(5, 39, 2)

(6, 0, 3)
(6, 1, 3)
(6, 2, 3)
(6, 3, 3)
(6, 4, 3)
(6, 5, 3)
(6, 6, 3)
(6, 7, 3)
(6, 8, 3)
(6, 9, 3)
(6, 10, 3)
(6, 11, 3)
(6, 12, 3)
(6, 13, 3)
(6, 14, 3)
(6, 15, 3)
(6, 16, 3)
(6, 17, 3)
(6, 18, 3)
(6, 19, 3)
(6, 20, 3)
(6, 21, 3)
(6, 22, 3)
(6, 23, 3)
(6, 24, 3)
(6, 25, 3)
(6, 26, 3)
(6, 27, 3)
(6, 28, 3)
(6, 29, 3)
(6, 30, 3)
(6, 31, 3)
(6, 32, 3)
(6, 33, 3)
(6, 34, 3)
(6, 35, 3)
(6, 36, 3)
(6, 37, 3)
(6, 38, 3)
(6, 39, 3)

(7, 0, 3)
(7, 1, 3)
(7, 2, 3)
(7, 3, 3)
(7, 4, 3)
(7, 5, 3)
(7, 6, 3)
(7, 7, 3)
(7, 8, 3)
(7, 9, 3)
(7, 10, 3)
(7, 11, 3)
(7, 12, 3)
(7, 13, 3)
(7, 14, 3)
(7, 15, 3)
(7, 16, 3)
(7, 17, 3)
(7, 18, 3)
(7, 19, 3)
(7, 20, 3)
(7, 21, 3)
(7, 22, 3)
(7, 23, 3)
(7, 24, 3)
(7, 25, 3)
(7, 26, 3)
(7, 27, 3)
(7, 28, 3)
(7, 29, 3)
(7, 30, 3)
(7, 31, 3)
(7, 32, 3)
(7, 33, 3)
(7, 34, 3)
(7, 35, 3)
(7, 36, 3)
(7, 37, 3)
(7, 38, 3)
(7, 39, 3)

(8, 0, 4)
(8, 1, 4)
(8, 2, 4)
(8, 3, 4)
(8, 4, 4)
(8, 5, 4)
(8, 6, 4)
(8, 7, 4)
(8, 8, 4)
(8, 9, 4)
(8, 10, 4)
(8, 11, 4)
(8, 12, 4)
(8, 13, 4)
(8, 14, 4)
(8, 15, 4)
(8, 16, 4)
(8, 17, 4)
(8, 18, 4)
(8, 19, 4)
(8, 20, 4)
(8, 21, 4)
(8, 22, 4)
(8, 23, 4)
(8, 24, 4)
(8, 25, 4)
(8, 26, 4)
(8, 27, 4)
(8, 28, 4)
(8, 29, 4)
(8, 30, 4)
(8, 31, 4)
(8, 32, 4)
(8, 33, 4)
(8, 34, 4)
(8, 35, 4)
(8, 36, 4)
(8, 37, 4)
(8, 38, 4)
(8, 39, 4)

(9, 0, 5)
(9, 1, 5)
(9, 2, 5)
(9, 3, 5)
(9, 4, 5)
(9, 5, 5)
(9, 6, 5)
(9, 7, 5)
(9, 8, 5)
(9, 9, 5)
(9, 10, 5)
(9, 11, 5)
(9, 12, 5)
(9, 13, 5)
(9, 14, 5)
(9, 15, 5)
(9, 16, 5)
(9, 17, 5)
(9, 18, 5)
(9, 19, 5)
(9, 20, 5)
(9, 21, 5)
(9, 22, 5)
(9, 23, 5)
(9, 24, 5)
(9, 25, 5)
(9, 26, 5)
(9, 27, 5)
(9, 28, 5)
(9, 29, 5)
(9, 30, 5)
(9, 31, 5)
(9, 32, 5)
(9, 33, 5)
(9, 34, 5)
(9, 35, 5)
(9, 36, 5)
(9, 37, 5)
(9, 38, 5)
(9, 39, 5)

(10, 0, 5)
(10, 1, 5)
(10, 2, 5)
(10, 3, 5)
(10, 4, 5)
(10, 5, 5)
(10, 6, 5)
(10, 7, 5)
(10, 8, 5)
(10, 9, 5)
(10, 10, 5)
(10, 11, 5)
(10, 12, 5)
(10, 13, 5)
(10, 14, 5)
(10, 15, 5)
(10, 16, 5)
(10, 17, 5)
(10, 18, 5)
(10, 19, 5)
(10, 20, 5)
(10, 21, 5)
(10, 22, 5)
(10, 23, 5)
(10, 24, 5)
(10, 25, 5)
(10, 26, 5)
(10, 27, 5)
(10, 28, 5)
(10, 29, 5)
(10, 30, 5)
(10, 31, 5)
(10, 32, 5)
(10, 33, 5)
(10, 34, 5)
(10, 35, 5)
(10, 36, 5)
(10, 37, 5)
(10, 38, 5)
(10, 39, 5)

(11, 0, 6)
(11, 1, 6)
(11, 2, 6)
(11, 3, 6)
(11, 4, 6)
(11, 5, 6)
(11, 6, 6)
(11, 7, 6)
(11, 8, 6)
(11, 9, 6)
(11, 10, 6)
(11, 11, 6)
(11, 12, 6)
(11, 13, 6)
(11, 14, 6)
(11, 15, 6)
(11, 16, 6)
(11, 17, 6)
(11, 18, 6)
(11, 19, 6)
(11, 20, 6)
(11, 21, 6)
(11, 22, 6)
(11, 23, 6)
(11, 24, 6)
(11, 25, 6)
(11, 26, 6)
(11, 27, 6)
(11, 28, 6)
(11, 29, 6)
(11, 30, 6)
(11, 31, 6)
(11, 32, 6)
(11, 33, 6)
(11, 34, 6)
(11, 35, 6)
(11, 36, 6)
(11, 37, 6)
(11, 38, 6)
(11, 39, 6)

(12, 0, 8)
(12, 1, 8)
(12, 2, 7)
(12, 3, 7)
(12, 4, 7)
(12, 5, 7)
(12, 6, 7)
(12, 7, 7)
(12, 8, 7)
(12, 9, 7)
(12, 10, 7)
(12, 11, 7)
(12, 12, 7)
(12, 13, 7)
(12, 14, 6)
(12, 15, 6)
(12, 16, 6)
(12, 17, 6)
(12, 18, 6)
(12, 19, 6)
(12, 20, 6)
(12, 21, 6)
(12, 22, 6)
(12, 23, 6)
(12, 24, 6)
(12, 25, 6)
(12, 26, 6)
(12, 27, 6)
(12, 28, 6)
(12, 29, 6)
(12, 30, 6)
(12, 31, 6)
(12, 32, 6)
(12, 33, 6)
(12, 34, 6)
(12, 35, 6)
(12, 36, 6)
(12, 37, 6)
(12, 38, 6)
(12, 39, 6)

(13, 0, 9)
(13, 1, 9)
(13, 2, 8)
(13, 3, 8)
(13, 4, 8)
(13, 5, 8)
(13, 6, 7)
(13, 7, 7)
(13, 8, 7)
(13, 9, 7)
(13, 10, 7)
(13, 11, 7)
(13, 12, 7)
(13, 13, 7)
(13, 14, 6)
(13, 15, 6)
(13, 16, 6)
(13, 17, 6)
(13, 18, 6)
(13, 19, 6)
(13, 20, 6)
(13, 21, 6)
(13, 22, 6)
(13, 23, 6)
(13, 24, 6)
(13, 25, 6)
(13, 26, 6)
(13, 27, 6)
(13, 28, 6)
(13, 29, 6)
(13, 30, 6)
(13, 31, 6)
(13, 32, 6)
(13, 33, 6)
(13, 34, 6)
(13, 35, 6)
(13, 36, 6)
(13, 37, 6)
(13, 38, 6)
(13, 39, 6)

(14, 0, 16)
(14, 1, 16)
(14, 2, 15)
(14, 3, 12)
(14, 4, 12)
(14, 5, 12)
(14, 6, 11)
(14, 7, 11)
(14, 8, 11)
(14, 9, 8)
(14, 10, 8)
(14, 11, 8)
(14, 12, 8)
(14, 13, 8)
(14, 14, 7)
(14, 15, 7)
(14, 16, 7)
(14, 17, 7)
(14, 18, 7)
(14, 19, 7)
(14, 20, 7)
(14, 21, 7)
(14, 22, 7)
(14, 23, 7)
(14, 24, 7)
(14, 25, 7)
(14, 26, 7)
(14, 27, 7)
(14, 28, 7)
(14, 29, 7)
(14, 30, 7)
(14, 31, 7)
(14, 32, 7)
(14, 33, 7)
(14, 34, 7)
(14, 35, 7)
(14, 36, 7)
(14, 37, 7)
(14, 38, 6)
(14, 39, 6)

(15, 0, 23)
(15, 1, 23)
(15, 2, 21)
(15, 3, 15)
(15, 4, 14)
(15, 5, 14)
(15, 6, 13)
(15, 7, 13)
(15, 8, 13)
(15, 9, 8)
(15, 10, 8)
(15, 11, 8)
(15, 12, 8)
(15, 13, 8)
(15, 14, 7)
(15, 15, 7)
(15, 16, 7)
(15, 17, 7)
(15, 18, 7)
(15, 19, 7)
(15, 20, 7)
(15, 21, 7)
(15, 22, 7)
(15, 23, 7)
(15, 24, 7)
(15, 25, 7)
(15, 26, 7)
(15, 27, 7)
(15, 28, 6)
(15, 29, 6)
(15, 30, 6)
(15, 31, 6)
(15, 32, 6)
(15, 33, 6)
(15, 34, 6)
(15, 35, 6)
(15, 36, 6)
(15, 37, 6)
(15, 38, 6)
(15, 39, 6)

(16, 0, 25)
(16, 1, 25)
(16, 2, 23)
(16, 3, 17)
(16, 4, 16)
(16, 5, 16)
(16, 6, 15)
(16, 7, 15)
(16, 8, 15)
(16, 9, 8)
(16, 10, 8)
(16, 11, 8)
(16, 12, 8)
(16, 13, 8)
(16, 14, 7)
(16, 15, 7)
(16, 16, 7)
(16, 17, 7)
(16, 18, 7)
(16, 19, 7)
(16, 20, 7)
(16, 21, 7)
(16, 22, 7)
(16, 23, 6)
(16, 24, 6)
(16, 25, 6)
(16, 26, 6)
(16, 27, 6)
(16, 28, 6)
(16, 29, 6)
(16, 30, 6)
(16, 31, 6)
(16, 32, 6)
(16, 33, 6)
(16, 34, 6)
(16, 35, 6)
(16, 36, 6)
(16, 37, 6)
(16, 38, 6)
(16, 39, 6)

(17, 0, 27)
(17, 1, 27)
(17, 2, 25)
(17, 3, 17)
(17, 4, 16)
(17, 5, 16)
(17, 6, 15)
(17, 7, 15)
(17, 8, 15)
(17, 9, 8)
(17, 10, 8)
(17, 11, 8)
(17, 12, 8)
(17, 13, 8)
(17, 14, 7)
(17, 15, 7)
(17, 16, 7)
(17, 17, 7)
(17, 18, 7)
(17, 19, 7)
(17, 20, 7)
(17, 21, 7)
(17, 22, 6)
(17, 23, 6)
(17, 24, 6)
(17, 25, 6)
(17, 26, 6)
(17, 27, 6)
(17, 28, 6)
(17, 29, 6)
(17, 30, 6)
(17, 31, 6)
(17, 32, 6)
(17, 33, 6)
(17, 34, 6)
(17, 35, 6)
(17, 36, 6)
(17, 37, 6)
(17, 38, 6)
(17, 39, 6)

(18, 0, 30)
(18, 1, 30)
(18, 2, 28)
(18, 3, 19)
(18, 4, 18)
(18, 5, 18)
(18, 6, 17)
(18, 7, 17)
(18, 8, 17)
(18, 9, 8)
(18, 10, 8)
(18, 11, 8)
(18, 12, 8)
(18, 13, 8)
(18, 14, 7)
(18, 15, 7)
(18, 16, 7)
(18, 17, 7)
(18, 18, 7)
(18, 19, 7)
(18, 20, 6)
(18, 21, 6)
(18, 22, 6)
(18, 23, 6)
(18, 24, 6)
(18, 25, 6)
(18, 26, 6)
(18, 27, 6)
(18, 28, 6)
(18, 29, 6)
(18, 30, 6)
(18, 31, 6)
(18, 32, 6)
(18, 33, 6)
(18, 34, 6)
(18, 35, 6)
(18, 36, 6)
(18, 37, 6)
(18, 38, 6)
(18, 39, 6)

(19, 0, 31)
(19, 1, 31)
(19, 2, 29)
(19, 3, 19)
(19, 4, 18)
(19, 5, 18)
(19, 6, 17)
(19, 7, 17)
(19, 8, 17)
(19, 9, 8)
(19, 10, 8)
(19, 11, 8)
(19, 12, 8)
(19, 13, 8)
(19, 14, 7)
(19, 15, 7)
(19, 16, 7)
(19, 17, 7)
(19, 18, 7)
(19, 19, 7)
(19, 20, 6)
(19, 21, 6)
(19, 22, 6)
(19, 23, 6)
(19, 24, 6)
(19, 25, 6)
(19, 26, 6)
(19, 27, 6)
(19, 28, 6)
(19, 29, 6)
(19, 30, 6)
(19, 31, 6)
(19, 32, 6)
(19, 33, 6)
(19, 34, 6)
(19, 35, 6)
(19, 36, 6)
(19, 37, 6)
(19, 38, 6)
(19, 39, 6)

(20, 0, 34)
(20, 1, 34)
(20, 2, 32)
(20, 3, 21)
(20, 4, 20)
(20, 5, 20)
(20, 6, 19)
(20, 7, 19)
(20, 8, 19)
(20, 9, 8)
(20, 10, 8)
(20, 11, 8)
(20, 12, 8)
(20, 13, 8)
(20, 14, 7)
(20, 15, 7)
(20, 16, 7)
(20, 17, 7)
(20, 18, 7)
(20, 19, 7)
(20, 20, 6)
(20, 21, 6)
(20, 22, 6)
(20, 23, 6)
(20, 24, 6)
(20, 25, 6)
(20, 26, 6)
(20, 27, 6)
(20, 28, 6)
(20, 29, 6)
(20, 30, 6)
(20, 31, 6)
(20, 32, 6)
(20, 33, 6)
(20, 34, 6)
(20, 35, 6)
(20, 36, 6)
(20, 37, 6)
(20, 38, 6)
(20, 39, 6)

(21, 0, 46)
(21, 1, 40)
(21, 2, 38)
(21, 3, 22)
(21, 4, 21)
(21, 5, 21)
(21, 6, 20)
(21, 7, 20)
(21, 8, 20)
(21, 9, 9)
(21, 10, 9)
(21, 11, 9)
(21, 12, 9)
(21, 13, 9)
(21, 14, 8)
(21, 15, 8)
(21, 16, 8)
(21, 17, 8)
(21, 18, 8)
(21, 19, 8)
(21, 20, 7)
(21, 21, 7)
(21, 22, 7)
(21, 23, 6)
(21, 24, 6)
(21, 25, 6)
(21, 26, 6)
(21, 27, 6)
(21, 28, 6)
(21, 29, 6)
(21, 30, 6)
(21, 31, 6)
(21, 32, 6)
(21, 33, 6)
(21, 34, 6)
(21, 35, 6)
(21, 36, 6)
(21, 37, 6)
(21, 38, 6)
(21, 39, 6)

(22, 0, 53)
(22, 1, 45)
(22, 2, 43)
(22, 3, 23)
(22, 4, 22)
(22, 5, 22)
(22, 6, 21)
(22, 7, 21)
(22, 8, 21)
(22, 9, 9)
(22, 10, 9)
(22, 11, 9)
(22, 12, 9)
(22, 13, 9)
(22, 14, 8)
(22, 15, 8)
(22, 16, 8)
(22, 17, 8)
(22, 18, 8)
(22, 19, 8)
(22, 20, 7)
(22, 21, 7)
(22, 22, 7)
(22, 23, 6)
(22, 24, 6)
(22, 25, 6)
(22, 26, 6)
(22, 27, 6)
(22, 28, 6)
(22, 29, 6)
(22, 30, 6)
(22, 31, 6)
(22, 32, 6)
(22, 33, 6)
(22, 34, 6)
(22, 35, 6)
(22, 36, 6)
(22, 37, 6)
(22, 38, 6)
(22, 39, 6)

(23, 0, 61)
(23, 1, 50)
(23, 2, 48)
(23, 3, 24)
(23, 4, 23)
(23, 5, 23)
(23, 6, 22)
(23, 7, 22)
(23, 8, 22)
(23, 9, 9)
(23, 10, 9)
(23, 11, 9)
(23, 12, 9)
(23, 13, 9)
(23, 14, 8)
(23, 15, 8)
(23, 16, 8)
(23, 17, 8)
(23, 18, 8)
(23, 19, 8)
(23, 20, 7)
(23, 21, 7)
(23, 22, 7)
(23, 23, 6)
(23, 24, 6)
(23, 25, 6)
(23, 26, 6)
(23, 27, 6)
(23, 28, 6)
(23, 29, 6)
(23, 30, 6)
(23, 31, 6)
(23, 32, 6)
(23, 33, 6)
(23, 34, 6)
(23, 35, 6)
(23, 36, 6)
(23, 37, 6)
(23, 38, 6)
(23, 39, 6)

(24, 0, 66)
(24, 1, 52)
(24, 2, 50)
(24, 3, 24)
(24, 4, 23)
(24, 5, 23)
(24, 6, 22)
(24, 7, 22)
(24, 8, 22)
(24, 9, 9)
(24, 10, 9)
(24, 11, 9)
(24, 12, 9)
(24, 13, 9)
(24, 14, 8)
(24, 15, 8)
(24, 16, 8)
(24, 17, 8)
(24, 18, 8)
(24, 19, 8)
(24, 20, 7)
(24, 21, 7)
(24, 22, 7)
(24, 23, 6)
(24, 24, 6)
(24, 25, 6)
(24, 26, 6)
(24, 27, 6)
(24, 28, 6)
(24, 29, 6)
(24, 30, 6)
(24, 31, 6)
(24, 32, 6)
(24, 33, 6)
(24, 34, 6)
(24, 35, 6)
(24, 36, 6)
(24, 37, 6)
(24, 38, 6)
(24, 39, 6)

(25, 0, 73)
(25, 1, 57)
(25, 2, 55)
(25, 3, 26)
(25, 4, 25)
(25, 5, 25)
(25, 6, 24)
(25, 7, 24)
(25, 8, 24)
(25, 9, 9)
(25, 10, 9)
(25, 11, 9)
(25, 12, 9)
(25, 13, 9)
(25, 14, 8)
(25, 15, 8)
(25, 16, 8)
(25, 17, 8)
(25, 18, 8)
(25, 19, 8)
(25, 20, 7)
(25, 21, 7)
(25, 22, 7)
(25, 23, 6)
(25, 24, 6)
(25, 25, 6)
(25, 26, 6)
(25, 27, 6)
(25, 28, 6)
(25, 29, 6)
(25, 30, 6)
(25, 31, 6)
(25, 32, 6)
(25, 33, 6)
(25, 34, 6)
(25, 35, 6)
(25, 36, 6)
(25, 37, 6)
(25, 38, 6)
(25, 39, 6)

(26, 0, 78)
(26, 1, 60)
(26, 2, 58)
(26, 3, 26)
(26, 4, 25)
(26, 5, 25)
(26, 6, 24)
(26, 7, 24)
(26, 8, 24)
(26, 9, 9)
(26, 10, 9)
(26, 11, 9)
(26, 12, 9)
(26, 13, 9)
(26, 14, 8)
(26, 15, 8)
(26, 16, 8)
(26, 17, 8)
(26, 18, 8)
(26, 19, 8)
(26, 20, 7)
(26, 21, 7)
(26, 22, 7)
(26, 23, 6)
(26, 24, 6)
(26, 25, 6)
(26, 26, 6)
(26, 27, 6)
(26, 28, 6)
(26, 29, 6)
(26, 30, 6)
(26, 31, 6)
(26, 32, 6)
(26, 33, 6)
(26, 34, 6)
(26, 35, 6)
(26, 36, 6)
(26, 37, 6)
(26, 38, 6)
(26, 39, 6)

(27, 0, 84)
(27, 1, 64)
(27, 2, 62)
(27, 3, 27)
(27, 4, 26)
(27, 5, 26)
(27, 6, 25)
(27, 7, 25)
(27, 8, 25)
(27, 9, 9)
(27, 10, 9)
(27, 11, 9)
(27, 12, 9)
(27, 13, 9)
(27, 14, 8)
(27, 15, 8)
(27, 16, 8)
(27, 17, 8)
(27, 18, 8)
(27, 19, 8)
(27, 20, 7)
(27, 21, 7)
(27, 22, 7)
(27, 23, 6)
(27, 24, 6)
(27, 25, 6)
(27, 26, 6)
(27, 27, 6)
(27, 28, 6)
(27, 29, 6)
(27, 30, 6)
(27, 31, 6)
(27, 32, 6)
(27, 33, 6)
(27, 34, 6)
(27, 35, 6)
(27, 36, 6)
(27, 37, 6)
(27, 38, 6)
(27, 39, 6)

(28, 0, 97)
(28, 1, 71)
(28, 2, 69)
(28, 3, 28)
(28, 4, 27)
(28, 5, 27)
(28, 6, 26)
(28, 7, 26)
(28, 8, 26)
(28, 9, 9)
(28, 10, 9)
(28, 11, 9)
(28, 12, 9)
(28, 13, 9)
(28, 14, 8)
(28, 15, 8)
(28, 16, 8)
(28, 17, 8)
(28, 18, 8)
(28, 19, 8)
(28, 20, 7)
(28, 21, 7)
(28, 22, 7)
(28, 23, 6)
(28, 24, 6)
(28, 25, 6)
(28, 26, 6)
(28, 27, 6)
(28, 28, 6)
(28, 29, 6)
(28, 30, 6)
(28, 31, 6)
(28, 32, 6)
(28, 33, 6)
(28, 34, 6)
(28, 35, 6)
(28, 36, 6)
(28, 37, 6)
(28, 38, 6)
(28, 39, 6)

(29, 0, 97)
(29, 1, 71)
(29, 2, 69)
(29, 3, 28)
(29, 4, 27)
(29, 5, 27)
(29, 6, 26)
(29, 7, 26)
(29, 8, 26)
(29, 9, 9)
(29, 10, 9)
(29, 11, 9)
(29, 12, 9)
(29, 13, 9)
(29, 14, 8)
(29, 15, 8)
(29, 16, 8)
(29, 17, 8)
(29, 18, 8)
(29, 19, 8)
(29, 20, 7)
(29, 21, 7)
(29, 22, 7)
(29, 23, 6)
(29, 24, 6)
(29, 25, 6)
(29, 26, 6)
(29, 27, 6)
(29, 28, 6)
(29, 29, 6)
(29, 30, 6)
(29, 31, 6)
(29, 32, 6)
(29, 33, 6)
(29, 34, 6)
(29, 35, 6)
(29, 36, 6)
(29, 37, 6)
(29, 38, 6)
(29, 39, 6)

(30, 0, 100)
(30, 1, 74)
(30, 2, 72)
(30, 3, 30)
(30, 4, 29)
(30, 5, 29)
(30, 6, 28)
(30, 7, 28)
(30, 8, 28)
(30, 9, 9)
(30, 10, 9)
(30, 11, 9)
(30, 12, 9)
(30, 13, 9)
(30, 14, 8)
(30, 15, 8)
(30, 16, 8)
(30, 17, 8)
(30, 18, 8)
(30, 19, 8)
(30, 20, 7)
(30, 21, 7)
(30, 22, 7)
(30, 23, 6)
(30, 24, 6)
(30, 25, 6)
(30, 26, 6)
(30, 27, 6)
(30, 28, 6)
(30, 29, 6)
(30, 30, 6)
(30, 31, 6)
(30, 32, 6)
(30, 33, 6)
(30, 34, 6)
(30, 35, 6)
(30, 36, 6)
(30, 37, 6)
(30, 38, 6)
(30, 39, 6)

(31, 0, 104)
(31, 1, 78)
(31, 2, 75)
(31, 3, 32)
(31, 4, 31)
(31, 5, 31)
(31, 6, 30)
(31, 7, 30)
(31, 8, 30)
(31, 9, 11)
(31, 10, 11)
(31, 11, 11)
(31, 12, 11)
(31, 13, 11)
(31, 14, 9)
(31, 15, 9)
(31, 16, 9)
(31, 17, 9)
(31, 18, 9)
(31, 19, 9)
(31, 20, 8)
(31, 21, 8)
(31, 22, 8)
(31, 23, 7)
(31, 24, 7)
(31, 25, 7)
(31, 26, 7)
(31, 27, 7)
(31, 28, 7)
(31, 29, 7)
(31, 30, 7)
(31, 31, 7)
(31, 32, 7)
(31, 33, 7)
(31, 34, 7)
(31, 35, 7)
(31, 36, 7)
(31, 37, 7)
(31, 38, 7)
(31, 39, 7)

(32, 0, 107)
(32, 1, 81)
(32, 2, 78)
(32, 3, 34)
(32, 4, 33)
(32, 5, 33)
(32, 6, 32)
(32, 7, 32)
(32, 8, 32)
(32, 9, 11)
(32, 10, 11)
(32, 11, 11)
(32, 12, 11)
(32, 13, 11)
(32, 14, 9)
(32, 15, 9)
(32, 16, 9)
(32, 17, 9)
(32, 18, 9)
(32, 19, 9)
(32, 20, 8)
(32, 21, 8)
(32, 22, 8)
(32, 23, 7)
(32, 24, 7)
(32, 25, 7)
(32, 26, 7)
(32, 27, 7)
(32, 28, 7)
(32, 29, 7)
(32, 30, 7)
(32, 31, 7)
(32, 32, 7)
(32, 33, 7)
(32, 34, 7)
(32, 35, 7)
(32, 36, 7)
(32, 37, 7)
(32, 38, 7)
(32, 39, 7)

(33, 0, 110)
(33, 1, 84)
(33, 2, 81)
(33, 3, 36)
(33, 4, 35)
(33, 5, 35)
(33, 6, 34)
(33, 7, 34)
(33, 8, 34)
(33, 9, 11)
(33, 10, 11)
(33, 11, 11)
(33, 12, 11)
(33, 13, 11)
(33, 14, 9)
(33, 15, 9)
(33, 16, 9)
(33, 17, 9)
(33, 18, 9)
(33, 19, 9)
(33, 20, 8)
(33, 21, 8)
(33, 22, 8)
(33, 23, 7)
(33, 24, 7)
(33, 25, 7)
(33, 26, 7)
(33, 27, 7)
(33, 28, 7)
(33, 29, 7)
(33, 30, 7)
(33, 31, 7)
(33, 32, 7)
(33, 33, 7)
(33, 34, 7)
(33, 35, 7)
(33, 36, 7)
(33, 37, 7)
(33, 38, 7)
(33, 39, 7)

(34, 0, 112)
(34, 1, 86)
(34, 2, 83)
(34, 3, 36)
(34, 4, 35)
(34, 5, 35)
(34, 6, 34)
(34, 7, 34)
(34, 8, 34)
(34, 9, 11)
(34, 10, 11)
(34, 11, 11)
(34, 12, 11)
(34, 13, 11)
(34, 14, 9)
(34, 15, 9)
(34, 16, 9)
(34, 17, 9)
(34, 18, 9)
(34, 19, 9)
(34, 20, 8)
(34, 21, 8)
(34, 22, 8)
(34, 23, 7)
(34, 24, 7)
(34, 25, 7)
(34, 26, 7)
(34, 27, 7)
(34, 28, 7)
(34, 29, 7)
(34, 30, 7)
(34, 31, 7)
(34, 32, 7)
(34, 33, 7)
(34, 34, 7)
(34, 35, 7)
(34, 36, 7)
(34, 37, 7)
(34, 38, 7)
(34, 39, 7)

(35, 0, 112)
(35, 1, 86)
(35, 2, 83)
(35, 3, 36)
(35, 4, 35)
(35, 5, 35)
(35, 6, 34)
(35, 7, 34)
(35, 8, 34)
(35, 9, 11)
(35, 10, 11)
(35, 11, 11)
(35, 12, 11)
(35, 13, 11)
(35, 14, 9)
(35, 15, 9)
(35, 16, 9)
(35, 17, 9)
(35, 18, 9)
(35, 19, 9)
(35, 20, 8)
(35, 21, 8)
(35, 22, 8)
(35, 23, 7)
(35, 24, 7)
(35, 25, 7)
(35, 26, 7)
(35, 27, 7)
(35, 28, 7)
(35, 29, 7)
(35, 30, 7)
(35, 31, 7)
(35, 32, 7)
(35, 33, 7)
(35, 34, 7)
(35, 35, 7)
(35, 36, 7)
(35, 37, 7)
(35, 38, 7)
(35, 39, 7)

(36, 0, 112)
(36, 1, 86)
(36, 2, 83)
(36, 3, 36)
(36, 4, 35)
(36, 5, 35)
(36, 6, 34)
(36, 7, 34)
(36, 8, 34)
(36, 9, 11)
(36, 10, 11)
(36, 11, 11)
(36, 12, 11)
(36, 13, 11)
(36, 14, 9)
(36, 15, 9)
(36, 16, 9)
(36, 17, 9)
(36, 18, 9)
(36, 19, 9)
(36, 20, 8)
(36, 21, 8)
(36, 22, 8)
(36, 23, 7)
(36, 24, 7)
(36, 25, 7)
(36, 26, 7)
(36, 27, 7)
(36, 28, 7)
(36, 29, 7)
(36, 30, 7)
(36, 31, 7)
(36, 32, 7)
(36, 33, 7)
(36, 34, 7)
(36, 35, 7)
(36, 36, 7)
(36, 37, 7)
(36, 38, 7)
(36, 39, 7)

(37, 0, 112)
(37, 1, 86)
(37, 2, 83)
(37, 3, 36)
(37, 4, 35)
(37, 5, 35)
(37, 6, 34)
(37, 7, 34)
(37, 8, 34)
(37, 9, 11)
(37, 10, 11)
(37, 11, 11)
(37, 12, 11)
(37, 13, 11)
(37, 14, 9)
(37, 15, 9)
(37, 16, 9)
(37, 17, 9)
(37, 18, 9)
(37, 19, 9)
(37, 20, 8)
(37, 21, 8)
(37, 22, 8)
(37, 23, 7)
(37, 24, 7)
(37, 25, 7)
(37, 26, 7)
(37, 27, 7)
(37, 28, 7)
(37, 29, 7)
(37, 30, 7)
(37, 31, 7)
(37, 32, 7)
(37, 33, 7)
(37, 34, 7)
(37, 35, 7)
(37, 36, 7)
(37, 37, 7)
(37, 38, 7)
(37, 39, 7)

(38, 0, 113)
(38, 1, 87)
(38, 2, 84)
(38, 3, 37)
(38, 4, 36)
(38, 5, 36)
(38, 6, 35)
(38, 7, 35)
(38, 8, 35)
(38, 9, 12)
(38, 10, 12)
(38, 11, 12)
(38, 12, 12)
(38, 13, 12)
(38, 14, 10)
(38, 15, 10)
(38, 16, 10)
(38, 17, 10)
(38, 18, 10)
(38, 19, 10)
(38, 20, 9)
(38, 21, 9)
(38, 22, 9)
(38, 23, 8)
(38, 24, 8)
(38, 25, 8)
(38, 26, 8)
(38, 27, 7)
(38, 28, 7)
(38, 29, 7)
(38, 30, 7)
(38, 31, 7)
(38, 32, 7)
(38, 33, 7)
(38, 34, 7)
(38, 35, 7)
(38, 36, 7)
(38, 37, 7)
(38, 38, 7)
(38, 39, 7)

(39, 0, 115)
(39, 1, 89)
(39, 2, 85)
(39, 3, 38)
(39, 4, 37)
(39, 5, 37)
(39, 6, 36)
(39, 7, 36)
(39, 8, 36)
(39, 9, 13)
(39, 10, 13)
(39, 11, 13)
(39, 12, 13)
(39, 13, 13)
(39, 14, 11)
(39, 15, 10)
(39, 16, 10)
(39, 17, 10)
(39, 18, 10)
(39, 19, 10)
(39, 20, 9)
(39, 21, 8)
(39, 22, 8)
(39, 23, 7)
(39, 24, 7)
(39, 25, 7)
(39, 26, 7)
(39, 27, 7)
(39, 28, 7)
(39, 29, 7)
(39, 30, 7)
(39, 31, 7)
(39, 32, 7)
(39, 33, 7)
(39, 34, 7)
(39, 35, 7)
(39, 36, 7)
(39, 37, 7)
(39, 38, 7)
(39, 39, 7)


Betti numbers:
xi_0:
(0, 0, 1)
(2, 0, 1)
(6, 0, 1)
(8, 0, 1)
(9, 0, 1)
(11, 0, 1)
(12, 0, 2)
(13, 0, 1)
(14, 0, 7)
(15, 0, 7)
(16, 0, 2)
(17, 0, 2)
(18, 0, 3)
(19, 0, 1)
(20, 0, 3)
(21, 0, 12)
(22, 0, 7)
(23, 0, 8)
(24, 0, 5)
(25, 0, 7)
(26, 0, 5)
(27, 0, 6)
(28, 0, 13)
(30, 0, 3)
(31, 0, 4)
(32, 0, 3)
(33, 0, 3)
(34, 0, 2)
(38, 0, 1)
(39, 0, 2)
xi_1:
(12, 2, 1)
(12, 14, 1)
(13, 6, 1)
(14, 3, 3)
(14, 9, 3)
(14, 38, 1)
(15, 2, 1)
(15, 3, 3)
(15, 4, 1)
(15, 9, 2)
(15, 28, 1)
(16, 9, 2)
(16, 23, 1)
(17, 3, 2)
(17, 22, 1)
(18, 3, 1)
(18, 9, 2)
(18, 20, 1)
(19, 3, 1)
(20, 3, 1)
(20, 9, 2)
(21, 1, 6)
(21, 3, 5)
(21, 23, 1)
(22, 1, 2)
(22, 3, 4)
(22, 9, 1)
(23, 1, 3)
(23, 3, 4)
(23, 9, 1)
(24, 1, 3)
(24, 3, 2)
(25, 1, 2)
(25, 3, 3)
(25, 9, 2)
(26, 1, 2)
(26, 3, 3)
(27, 1, 2)
(27, 3, 3)
(27, 9, 1)
(28, 1, 6)
(28, 3, 6)
(28, 9, 1)
(30, 3, 1)
(30, 9, 2)
(31, 2, 1)
(31, 3, 1)
(31, 14, 1)
(32, 3, 1)
(32, 9, 2)
(33, 3, 1)
(33, 9, 2)
(34, 3, 2)
(38, 27, 1)
(39, 2, 1)
(39, 15, 1)
(39, 21, 1)
xi_2:
(15, 38, 1)
(16, 28, 1)
(17, 23, 1)
(18, 22, 1)
(39, 27, 1)
