x-grades
-44253320147516744129/8000000000000000000
-21561265311162236129/4000000000000000000
-41991741097132200387/8000000000000000000
-10215237892984982129/2000000000000000000
-7946032409349531329/1600000000000000000
-19299686260777692387/4000000000000000000
-37468582996363112903/8000000000000000000
-4542224183896355129/1000000000000000000
-35207003945978569161/8000000000000000000
-3407621442078629729/800000000000000000
-32945424895594025419/8000000000000000000
-7953658842600438387/2000000000000000000
-30683845845209481677/8000000000000000000
-14776528160008604903/4000000000000000000
-5684453358964987587/1600000000000000000
-1705717329352041629/500000000000000000
-26160687744440394193/8000000000000000000
-12514949109624061161/4000000000000000000
-23899108694055850451/8000000000000000000
-1138415958443178929/400000000000000000
-21637529643671306709/8000000000000000000
-10253370059239517419/4000000000000000000
-19375950593286762967/8000000000000000000
-2280645133511811387/1000000000000000000
-684574861716088769/320000000000000000
-7991791008854973677/4000000000000000000
-14852792492517675483/8000000000000000000
-3430500741831350903/2000000000000000000
-12591213442133131741/8000000000000000000
-1146042391694085987/800000000000000000
-10329634391748587999/8000000000000000000
-287463902079884879/250000000000000000
-8068055341364044257/8000000000000000000
-3468632908085886193/4000000000000000000
-1161295258195900103/1600000000000000000
-1168921691446807161/2000000000000000000
-3544897240594956773/8000000000000000000
-1207053857701342451/4000000000000000000
-1283318190210413031/8000000000000000000
-3813216625453529/200000000000000000

y-grades
249989/100000
249989/50000
749967/100000
249989/25000
249989/20000
749967/50000
1749923/100000
249989/12500
2249901/100000
249989/10000
2749879/100000
749967/25000
3249857/100000
1749923/50000
749967/20000
249989/6250
4249813/100000
2249901/50000
4749791/100000
249989/5000
5249769/100000
2749879/50000
5749747/100000
749967/12500
249989/4000
3249857/50000
6749703/100000
1749923/25000
7249681/100000
749967/10000
7749659/100000
249989/3125
8249637/100000
4249813/50000
1749923/20000
2249901/25000
9249593/100000
4749791/50000
9749571/100000
249989/2500

Dimensions > 0:
(0, 0, 5)
(0, 1, 5)
(0, 2, 4)
(0, 3, 4)
(0, 4, 4)
(0, 5, 2)
(0, 6, 2)
(0, 7, 2)
(0, 8, 2)
(0, 9, 2)
(0, 10, 2)
(0, 11, 2)
(0, 12, 2)
(0, 13, 2)
(0, 14, 2)
(0, 15, 2)
(0, 16, 2)
(0, 17, 2)
(0, 18, 2)
(0, 19, 2)
(0, 20, 2)
(0, 21, 2)
(0, 22, 2)
(0, 23, 2)
(0, 24, 2)
(0, 25, 2)
(0, 26, 2)
(0, 27, 2)
(0, 28, 2)
(0, 29, 2)
(0, 30, 2)
(0, 31, 2)
(0, 32, 2)
(0, 33, 2)
(0, 34, 2)
(0, 35, 2)
(0, 36, 2)
(0, 37, 2)
(0, 38, 2)
(0, 39, 2)

(1, 0, 7)
(1, 1, 7)
(1, 2, 5)
(1, 3, 5)
(1, 4, 4)
(1, 5, 2)
(1, 6, 2)
(1, 7, 2)
(1, 8, 2)
(1, 9, 2)
(1, 10, 2)
(1, 11, 2)
(1, 12, 2)
(1, 13, 2)
(1, 14, 2)
(1, 15, 2)
(1, 16, 2)
(1, 17, 2)
(1, 18, 2)
(1, 19, 2)
(1, 20, 2)
(1, 21, 2)
(1, 22, 2)
(1, 23, 2)
(1, 24, 2)
(1, 25, 2)
(1, 26, 2)
(1, 27, 2)
(1, 28, 2)
(1, 29, 2)
(1, 30, 2)
(1, 31, 2)
(1, 32, 2)
(1, 33, 2)
(1, 34, 2)
(1, 35, 2)
(1, 36, 2)
(1, 37, 2)
(1, 38, 2)
(1, 39, 2)

(2, 0, 9)
(2, 1, 9)
(2, 2, 7)
(2, 3, 7)
(2, 4, 4)
(2, 5, 2)
(2, 6, 2)
(2, 7, 2)
(2, 8, 2)
(2, 9, 2)
(2, 10, 2)
(2, 11, 2)
(2, 12, 2)
(2, 13, 2)
(2, 14, 2)
(2, 15, 2)
(2, 16, 2)
(2, 17, 2)
(2, 18, 2)
(2, 19, 2)
(2, 20, 2)
(2, 21, 2)
(2, 22, 2)
(2, 23, 2)
(2, 24, 2)
(2, 25, 2)
(2, 26, 2)
(2, 27, 2)
(2, 28, 2)
(2, 29, 2)
(2, 30, 2)
(2, 31, 2)
(2, 32, 2)
(2, 33, 2)
(2, 34, 2)
(2, 35, 2)
(2, 36, 2)
(2, 37, 2)
(2, 38, 2)
(2, 39, 2)

(3, 0, 13)
(3, 1, 12)
(3, 2, 10)
(3, 3, 10)
(3, 4, 4)
(3, 5, 2)
(3, 6, 2)
(3, 7, 2)
(3, 8, 2)
(3, 9, 2)
(3, 10, 2)
(3, 11, 2)
(3, 12, 2)
(3, 13, 2)
(3, 14, 2)
(3, 15, 2)
(3, 16, 2)
(3, 17, 2)
(3, 18, 2)
(3, 19, 2)
(3, 20, 2)
(3, 21, 2)
(3, 22, 2)
(3, 23, 2)
(3, 24, 2)
(3, 25, 2)
(3, 26, 2)
(3, 27, 2)
(3, 28, 2)
(3, 29, 2)
(3, 30, 2)
(3, 31, 2)
(3, 32, 2)
(3, 33, 2)
(3, 34, 2)
(3, 35, 2)
(3, 36, 2)
(3, 37, 2)
(3, 38, 2)
(3, 39, 2)

(4, 0, 15)
(4, 1, 14)
(4, 2, 12)
(4, 3, 12)
(4, 4, 4)
(4, 5, 2)
(4, 6, 2)
(4, 7, 2)
(4, 8, 2)
(4, 9, 2)
(4, 10, 2)
(4, 11, 2)
(4, 12, 2)
(4, 13, 2)
(4, 14, 2)
(4, 15, 2)
(4, 16, 2)
(4, 17, 2)
(4, 18, 2)
(4, 19, 2)
(4, 20, 2)
(4, 21, 2)
(4, 22, 2)
(4, 23, 2)
(4, 24, 2)
(4, 25, 2)
(4, 26, 2)
(4, 27, 2)
(4, 28, 2)
(4, 29, 2)
(4, 30, 2)
(4, 31, 2)
(4, 32, 2)
(4, 33, 2)
(4, 34, 2)
(4, 35, 2)
(4, 36, 2)
(4, 37, 2)
(4, 38, 2)
(4, 39, 2)

(5, 0, 17)
(5, 1, 16)
(5, 2, 14)
(5, 3, 14)
(5, 4, 4)
(5, 5, 2)
(5, 6, 2)
(5, 7, 2)
(5, 8, 2)
(5, 9, 2)
(5, 10, 2)
(5, 11, 2)
(5, 12, 2)
(5, 13, 2)
(5, 14, 2)
(5, 15, 2)
(5, 16, 2)
(5, 17, 2)
(5, 18, 2)
(5, 19, 2)
(5, 20, 2)
(5, 21, 2)
(5, 22, 2)
(5, 23, 2)
(5, 24, 2)
(5, 25, 2)
(5, 26, 2)
(5, 27, 2)
(5, 28, 2)
(5, 29, 2)
(5, 30, 2)
(5, 31, 2)
(5, 32, 2)
(5, 33, 2)
(5, 34, 2)
(5, 35, 2)
(5, 36, 2)
(5, 37, 2)
(5, 38, 2)
(5, 39, 2)

(6, 0, 20)
(6, 1, 19)
(6, 2, 17)
(6, 3, 17)
(6, 4, 4)
(6, 5, 2)
(6, 6, 2)
(6, 7, 2)
(6, 8, 2)
(6, 9, 2)
(6, 10, 2)
(6, 11, 2)
(6, 12, 2)
(6, 13, 2)
(6, 14, 2)
(6, 15, 2)
(6, 16, 2)
(6, 17, 2)
(6, 18, 2)
(6, 19, 2)
(6, 20, 2)
(6, 21, 2)
(6, 22, 2)
(6, 23, 2)
(6, 24, 2)
(6, 25, 2)
(6, 26, 2)
(6, 27, 2)
(6, 28, 2)
(6, 29, 2)
(6, 30, 2)
(6, 31, 2)
(6, 32, 2)
(6, 33, 2)
(6, 34, 2)
(6, 35, 2)
(6, 36, 2)
(6, 37, 2)
(6, 38, 2)
(6, 39, 2)

(7, 0, 21)
(7, 1, 20)
(7, 2, 18)
(7, 3, 18)
(7, 4, 4)
(7, 5, 2)
(7, 6, 2)
(7, 7, 2)
(7, 8, 2)
(7, 9, 2)
(7, 10, 2)
(7, 11, 2)
(7, 12, 2)
(7, 13, 2)
(7, 14, 2)
(7, 15, 2)
(7, 16, 2)
(7, 17, 2)
(7, 18, 2)
(7, 19, 2)
(7, 20, 2)
(7, 21, 2)
(7, 22, 2)
(7, 23, 2)
(7, 24, 2)
(7, 25, 2)
(7, 26, 2)
(7, 27, 2)
(7, 28, 2)
(7, 29, 2)
(7, 30, 2)
(7, 31, 2)
(7, 32, 2)
(7, 33, 2)
(7, 34, 2)
(7, 35, 2)
(7, 36, 2)
(7, 37, 2)
(7, 38, 2)
(7, 39, 2)

(8, 0, 21)
(8, 1, 20)
(8, 2, 18)
(8, 3, 18)
(8, 4, 4)
(8, 5, 2)
(8, 6, 2)
(8, 7, 2)
(8, 8, 2)
(8, 9, 2)
(8, 10, 2)
(8, 11, 2)
(8, 12, 2)
(8, 13, 2)
(8, 14, 2)
(8, 15, 2)
(8, 16, 2)
(8, 17, 2)
(8, 18, 2)
(8, 19, 2)
(8, 20, 2)
(8, 21, 2)
(8, 22, 2)
(8, 23, 2)
(8, 24, 2)
(8, 25, 2)
(8, 26, 2)
(8, 27, 2)
(8, 28, 2)
(8, 29, 2)
(8, 30, 2)
(8, 31, 2)
(8, 32, 2)
(8, 33, 2)
(8, 34, 2)
(8, 35, 2)
(8, 36, 2)
(8, 37, 2)
(8, 38, 2)
(8, 39, 2)

(9, 0, 21)
(9, 1, 20)
(9, 2, 18)
(9, 3, 18)
(9, 4, 4)
(9, 5, 2)
(9, 6, 2)
(9, 7, 2)
(9, 8, 2)
(9, 9, 2)
(9, 10, 2)
(9, 11, 2)
(9, 12, 2)
(9, 13, 2)
(9, 14, 2)
(9, 15, 2)
(9, 16, 2)
(9, 17, 2)
(9, 18, 2)
(9, 19, 2)
(9, 20, 2)
(9, 21, 2)
(9, 22, 2)
(9, 23, 2)
(9, 24, 2)
(9, 25, 2)
(9, 26, 2)
(9, 27, 2)
(9, 28, 2)
(9, 29, 2)
(9, 30, 2)
(9, 31, 2)
(9, 32, 2)
(9, 33, 2)
(9, 34, 2)
(9, 35, 2)
(9, 36, 2)
(9, 37, 2)
(9, 38, 2)
(9, 39, 2)

(10, 0, 21)
(10, 1, 20)
(10, 2, 18)
(10, 3, 18)
(10, 4, 4)
(10, 5, 2)
(10, 6, 2)
(10, 7, 2)
(10, 8, 2)
(10, 9, 2)
(10, 10, 2)
(10, 11, 2)
(10, 12, 2)
(10, 13, 2)
(10, 14, 2)
(10, 15, 2)
(10, 16, 2)
(10, 17, 2)
(10, 18, 2)
(10, 19, 2)
(10, 20, 2)
(10, 21, 2)
(10, 22, 2)
(10, 23, 2)
(10, 24, 2)
(10, 25, 2)
(10, 26, 2)
(10, 27, 2)
(10, 28, 2)
(10, 29, 2)
(10, 30, 2)
(10, 31, 2)
(10, 32, 2)
(10, 33, 2)
(10, 34, 2)
(10, 35, 2)
(10, 36, 2)
(10, 37, 2)
(10, 38, 2)
(10, 39, 2)

(11, 0, 21)
(11, 1, 20)
(11, 2, 18)
(11, 3, 18)
(11, 4, 4)
(11, 5, 2)
(11, 6, 2)
(11, 7, 2)
(11, 8, 2)
(11, 9, 2)
(11, 10, 2)
(11, 11, 2)
(11, 12, 2)
(11, 13, 2)
(11, 14, 2)
(11, 15, 2)
(11, 16, 2)
(11, 17, 2)
(11, 18, 2)
(11, 19, 2)
(11, 20, 2)
(11, 21, 2)
(11, 22, 2)
(11, 23, 2)
(11, 24, 2)
(11, 25, 2)
(11, 26, 2)
(11, 27, 2)
(11, 28, 2)
(11, 29, 2)
(11, 30, 2)
(11, 31, 2)
(11, 32, 2)
(11, 33, 2)
(11, 34, 2)
(11, 35, 2)
(11, 36, 2)
(11, 37, 2)
(11, 38, 2)
(11, 39, 2)

(12, 0, 21)
(12, 1, 20)
(12, 2, 18)
(12, 3, 18)
(12, 4, 4)
(12, 5, 2)
(12, 6, 2)
(12, 7, 2)
(12, 8, 2)
(12, 9, 2)
(12, 10, 2)
(12, 11, 2)
(12, 12, 2)
(12, 13, 2)
(12, 14, 2)
(12, 15, 2)
(12, 16, 2)
(12, 17, 2)
(12, 18, 2)
(12, 19, 2)
(12, 20, 2)
(12, 21, 2)
(12, 22, 2)
(12, 23, 2)
(12, 24, 2)
(12, 25, 2)
(12, 26, 2)
(12, 27, 2)
(12, 28, 2)
(12, 29, 2)
(12, 30, 2)
(12, 31, 2)
(12, 32, 2)
(12, 33, 2)
(12, 34, 2)
(12, 35, 2)
(12, 36, 2)
(12, 37, 2)
(12, 38, 2)
(12, 39, 2)

(13, 0, 22)
(13, 1, 21)
(13, 2, 19)
(13, 3, 19)
(13, 4, 5)
(13, 5, 3)
(13, 6, 3)
(13, 7, 3)
(13, 8, 3)
(13, 9, 3)
(13, 10, 3)
(13, 11, 3)
(13, 12, 3)
(13, 13, 3)
(13, 14, 3)
(13, 15, 3)
(13, 16, 3)
(13, 17, 3)
(13, 18, 3)
(13, 19, 3)
(13, 20, 3)
(13, 21, 3)
(13, 22, 3)
(13, 23, 3)
(13, 24, 3)
(13, 25, 3)
(13, 26, 3)
(13, 27, 3)
(13, 28, 3)
(13, 29, 3)
(13, 30, 3)
(13, 31, 3)
(13, 32, 3)
(13, 33, 3)
(13, 34, 3)
(13, 35, 3)
(13, 36, 3)
(13, 37, 3)
(13, 38, 3)
(13, 39, 3)

(14, 0, 26)
(14, 1, 25)
(14, 2, 22)
(14, 3, 22)
(14, 4, 7)
(14, 5, 5)
(14, 6, 5)
(14, 7, 5)
(14, 8, 5)
(14, 9, 5)
(14, 10, 5)
(14, 11, 5)
(14, 12, 5)
(14, 13, 5)
(14, 14, 5)
(14, 15, 4)
(14, 16, 4)
(14, 17, 4)
(14, 18, 4)
(14, 19, 4)
(14, 20, 4)
(14, 21, 4)
(14, 22, 4)
(14, 23, 4)
(14, 24, 4)
(14, 25, 4)
(14, 26, 4)
(14, 27, 4)
(14, 28, 4)
(14, 29, 4)
(14, 30, 4)
(14, 31, 4)
(14, 32, 4)
(14, 33, 4)
(14, 34, 4)
(14, 35, 4)
(14, 36, 4)
(14, 37, 4)
(14, 38, 4)
(14, 39, 4)

(15, 0, 29)
(15, 1, 28)
(15, 2, 24)
(15, 3, 24)
(15, 4, 8)
(15, 5, 6)
(15, 6, 6)
(15, 7, 6)
(15, 8, 6)
(15, 9, 6)
(15, 10, 6)
(15, 11, 6)
(15, 12, 6)
(15, 13, 6)
(15, 14, 6)
(15, 15, 4)
(15, 16, 4)
(15, 17, 4)
(15, 18, 4)
(15, 19, 4)
(15, 20, 4)
(15, 21, 4)
(15, 22, 4)
(15, 23, 4)
(15, 24, 4)
(15, 25, 4)
(15, 26, 4)
(15, 27, 4)
(15, 28, 4)
(15, 29, 4)
(15, 30, 4)
(15, 31, 4)
(15, 32, 4)
(15, 33, 4)
(15, 34, 4)
(15, 35, 4)
(15, 36, 4)
(15, 37, 4)
(15, 38, 4)
(15, 39, 4)

(16, 0, 31)
(16, 1, 30)
(16, 2, 26)
(16, 3, 26)
(16, 4, 8)
(16, 5, 6)
(16, 6, 6)
(16, 7, 6)
(16, 8, 6)
(16, 9, 6)
(16, 10, 6)
(16, 11, 6)
(16, 12, 6)
(16, 13, 5)
(16, 14, 5)
(16, 15, 4)
(16, 16, 4)
(16, 17, 4)
(16, 18, 4)
(16, 19, 4)
(16, 20, 4)
(16, 21, 4)
(16, 22, 4)
(16, 23, 4)
(16, 24, 4)
(16, 25, 4)
(16, 26, 4)
(16, 27, 4)
(16, 28, 4)
(16, 29, 4)
(16, 30, 4)
(16, 31, 4)
(16, 32, 4)
(16, 33, 4)
(16, 34, 4)
(16, 35, 4)
(16, 36, 4)
(16, 37, 4)
(16, 38, 4)
(16, 39, 4)

(17, 0, 34)
(17, 1, 32)
(17, 2, 28)
(17, 3, 28)
(17, 4, 8)
(17, 5, 6)
(17, 6, 6)
(17, 7, 6)
(17, 8, 6)
(17, 9, 6)
(17, 10, 6)
(17, 11, 6)
(17, 12, 6)
(17, 13, 4)
(17, 14, 4)
(17, 15, 4)
(17, 16, 4)
(17, 17, 4)
(17, 18, 4)
(17, 19, 4)
(17, 20, 4)
(17, 21, 4)
(17, 22, 4)
(17, 23, 4)
(17, 24, 4)
(17, 25, 4)
(17, 26, 4)
(17, 27, 4)
(17, 28, 4)
(17, 29, 4)
(17, 30, 4)
(17, 31, 4)
(17, 32, 4)
(17, 33, 4)
(17, 34, 4)
(17, 35, 4)
(17, 36, 4)
(17, 37, 4)
(17, 38, 4)
(17, 39, 4)

(18, 0, 35)
(18, 1, 33)
(18, 2, 29)
(18, 3, 29)
(18, 4, 8)
(18, 5, 6)
(18, 6, 6)
(18, 7, 6)
(18, 8, 6)
(18, 9, 6)
(18, 10, 6)
(18, 11, 6)
(18, 12, 6)
(18, 13, 4)
(18, 14, 4)
(18, 15, 4)
(18, 16, 4)
(18, 17, 4)
(18, 18, 4)
(18, 19, 4)
(18, 20, 4)
(18, 21, 4)
(18, 22, 4)
(18, 23, 4)
(18, 24, 4)
(18, 25, 4)
(18, 26, 4)
(18, 27, 4)
(18, 28, 4)
(18, 29, 4)
(18, 30, 4)
(18, 31, 4)
(18, 32, 4)
(18, 33, 4)
(18, 34, 4)
(18, 35, 4)
(18, 36, 4)
(18, 37, 4)
(18, 38, 4)
(18, 39, 4)

(19, 0, 36)
(19, 1, 34)
(19, 2, 30)
(19, 3, 30)
(19, 4, 8)
(19, 5, 6)
(19, 6, 6)
(19, 7, 6)
(19, 8, 6)
(19, 9, 6)
(19, 10, 6)
(19, 11, 6)
(19, 12, 6)
(19, 13, 4)
(19, 14, 4)
(19, 15, 4)
(19, 16, 4)
(19, 17, 4)
(19, 18, 4)
(19, 19, 4)
(19, 20, 4)
(19, 21, 4)
(19, 22, 4)
(19, 23, 4)
(19, 24, 4)
(19, 25, 4)
(19, 26, 4)
(19, 27, 4)
(19, 28, 4)
(19, 29, 4)
(19, 30, 4)
(19, 31, 4)
(19, 32, 4)
(19, 33, 4)
(19, 34, 4)
(19, 35, 4)
(19, 36, 4)
(19, 37, 4)
(19, 38, 4)
(19, 39, 4)

(20, 0, 37)
(20, 1, 35)
(20, 2, 31)
(20, 3, 31)
(20, 4, 8)
(20, 5, 6)
(20, 6, 6)
(20, 7, 6)
(20, 8, 6)
(20, 9, 6)
(20, 10, 6)
(20, 11, 6)
(20, 12, 6)
(20, 13, 4)
(20, 14, 4)
(20, 15, 4)
(20, 16, 4)
(20, 17, 4)
(20, 18, 4)
(20, 19, 4)
(20, 20, 4)
(20, 21, 4)
(20, 22, 4)
(20, 23, 4)
(20, 24, 4)
(20, 25, 4)
(20, 26, 4)
(20, 27, 4)
(20, 28, 4)
(20, 29, 4)
(20, 30, 4)
(20, 31, 4)
(20, 32, 4)
(20, 33, 4)
(20, 34, 4)
(20, 35, 4)
(20, 36, 4)
(20, 37, 4)
(20, 38, 4)
(20, 39, 4)

(21, 0, 38)
(21, 1, 36)
(21, 2, 32)
(21, 3, 32)
(21, 4, 8)
(21, 5, 6)
(21, 6, 6)
(21, 7, 6)
(21, 8, 6)
(21, 9, 6)
(21, 10, 6)
(21, 11, 6)
(21, 12, 6)
(21, 13, 4)
(21, 14, 4)
(21, 15, 4)
(21, 16, 4)
(21, 17, 4)
(21, 18, 4)
(21, 19, 4)
(21, 20, 4)
(21, 21, 4)
(21, 22, 4)
(21, 23, 4)
(21, 24, 4)
(21, 25, 4)
(21, 26, 4)
(21, 27, 4)
(21, 28, 4)
(21, 29, 4)
(21, 30, 4)
(21, 31, 4)
(21, 32, 4)
(21, 33, 4)
(21, 34, 4)
(21, 35, 4)
(21, 36, 4)
(21, 37, 4)
(21, 38, 4)
(21, 39, 4)

(22, 0, 40)
(22, 1, 38)
(22, 2, 34)
(22, 3, 34)
(22, 4, 8)
(22, 5, 6)
(22, 6, 6)
(22, 7, 6)
(22, 8, 6)
(22, 9, 6)
(22, 10, 6)
(22, 11, 6)
(22, 12, 6)
(22, 13, 4)
(22, 14, 4)
(22, 15, 4)
(22, 16, 4)
(22, 17, 4)
(22, 18, 4)
(22, 19, 4)
(22, 20, 4)
(22, 21, 4)
(22, 22, 4)
(22, 23, 4)
(22, 24, 4)
(22, 25, 4)
(22, 26, 4)
(22, 27, 4)
(22, 28, 4)
(22, 29, 4)
(22, 30, 4)
(22, 31, 4)
(22, 32, 4)
(22, 33, 4)
(22, 34, 4)
(22, 35, 4)
(22, 36, 4)
(22, 37, 4)
(22, 38, 4)
(22, 39, 4)

(23, 0, 41)
(23, 1, 39)
(23, 2, 35)
(23, 3, 35)
(23, 4, 8)
(23, 5, 6)
(23, 6, 6)
(23, 7, 6)
(23, 8, 6)
(23, 9, 6)
(23, 10, 6)
(23, 11, 6)
(23, 12, 6)
(23, 13, 4)
(23, 14, 4)
(23, 15, 4)
(23, 16, 4)
(23, 17, 4)
(23, 18, 4)
(23, 19, 4)
(23, 20, 4)
(23, 21, 4)
(23, 22, 4)
(23, 23, 4)
(23, 24, 4)
(23, 25, 4)
(23, 26, 4)
(23, 27, 4)
(23, 28, 4)
(23, 29, 4)
(23, 30, 4)
(23, 31, 4)
(23, 32, 4)
(23, 33, 4)
(23, 34, 4)
(23, 35, 4)
(23, 36, 4)
(23, 37, 4)
(23, 38, 4)
(23, 39, 4)

(24, 0, 42)
(24, 1, 40)
(24, 2, 36)
(24, 3, 36)
(24, 4, 8)
(24, 5, 6)
(24, 6, 6)
(24, 7, 6)
(24, 8, 6)
(24, 9, 6)
(24, 10, 6)
(24, 11, 6)
(24, 12, 6)
(24, 13, 4)
(24, 14, 4)
(24, 15, 4)
(24, 16, 4)
(24, 17, 4)
(24, 18, 4)
(24, 19, 4)
(24, 20, 4)
(24, 21, 4)
(24, 22, 4)
(24, 23, 4)
(24, 24, 4)
(24, 25, 4)
(24, 26, 4)
(24, 27, 4)
(24, 28, 4)
(24, 29, 4)
(24, 30, 4)
(24, 31, 4)
(24, 32, 4)
(24, 33, 4)
(24, 34, 4)
(24, 35, 4)
(24, 36, 4)
(24, 37, 4)
(24, 38, 4)
(24, 39, 4)

(25, 0, 43)
(25, 1, 41)
(25, 2, 37)
(25, 3, 37)
(25, 4, 8)
(25, 5, 6)
(25, 6, 6)
(25, 7, 6)
(25, 8, 6)
(25, 9, 6)
(25, 10, 6)
(25, 11, 6)
(25, 12, 6)
(25, 13, 4)
(25, 14, 4)
(25, 15, 4)
(25, 16, 4)
(25, 17, 4)
(25, 18, 4)
(25, 19, 4)
(25, 20, 4)
(25, 21, 4)
(25, 22, 4)
(25, 23, 4)
(25, 24, 4)
(25, 25, 4)
(25, 26, 4)
(25, 27, 4)
(25, 28, 4)
(25, 29, 4)
(25, 30, 4)
(25, 31, 4)
(25, 32, 4)
(25, 33, 4)
(25, 34, 4)
(25, 35, 4)
(25, 36, 4)
(25, 37, 4)
(25, 38, 4)
(25, 39, 4)

(26, 0, 44)
(26, 1, 42)
(26, 2, 38)
(26, 3, 38)
(26, 4, 8)
(26, 5, 6)
(26, 6, 6)
(26, 7, 6)
(26, 8, 6)
(26, 9, 6)
(26, 10, 6)
(26, 11, 6)
(26, 12, 6)
(26, 13, 4)
(26, 14, 4)
(26, 15, 4)
(26, 16, 4)
(26, 17, 4)
(26, 18, 4)
(26, 19, 4)
(26, 20, 4)
(26, 21, 4)
(26, 22, 4)
(26, 23, 4)
(26, 24, 4)
(26, 25, 4)
(26, 26, 4)
(26, 27, 4)
(26, 28, 4)
(26, 29, 4)
(26, 30, 4)
(26, 31, 4)
(26, 32, 4)
(26, 33, 4)
(26, 34, 4)
(26, 35, 4)
(26, 36, 4)
(26, 37, 4)
(26, 38, 4)
(26, 39, 4)

(27, 0, 44)
(27, 1, 42)
(27, 2, 38)
(27, 3, 38)
(27, 4, 8)
(27, 5, 6)
(27, 6, 6)
(27, 7, 6)
(27, 8, 6)
(27, 9, 6)
(27, 10, 6)
(27, 11, 6)
(27, 12, 6)
(27, 13, 4)
(27, 14, 4)
(27, 15, 4)
(27, 16, 4)
(27, 17, 4)
(27, 18, 4)
(27, 19, 4)
(27, 20, 4)
(27, 21, 4)
(27, 22, 4)
(27, 23, 4)
(27, 24, 4)
(27, 25, 4)
(27, 26, 4)
(27, 27, 4)
(27, 28, 4)
(27, 29, 4)
(27, 30, 4)
(27, 31, 4)
(27, 32, 4)
(27, 33, 4)
(27, 34, 4)
(27, 35, 4)
(27, 36, 4)
(27, 37, 4)
(27, 38, 4)
(27, 39, 4)

(28, 0, 44)
(28, 1, 42)
(28, 2, 38)
(28, 3, 38)
(28, 4, 8)
(28, 5, 6)
(28, 6, 6)
(28, 7, 6)
(28, 8, 6)
(28, 9, 6)
(28, 10, 6)
(28, 11, 6)
(28, 12, 6)
(28, 13, 4)
(28, 14, 4)
(28, 15, 4)
(28, 16, 4)
(28, 17, 4)
(28, 18, 4)
(28, 19, 4)
(28, 20, 4)
(28, 21, 4)
(28, 22, 4)
(28, 23, 4)
(28, 24, 4)
(28, 25, 4)
(28, 26, 4)
(28, 27, 4)
(28, 28, 4)
(28, 29, 4)
(28, 30, 4)
(28, 31, 4)
(28, 32, 4)
(28, 33, 4)
(28, 34, 4)
(28, 35, 4)
(28, 36, 4)
(28, 37, 4)
(28, 38, 4)
(28, 39, 4)

(29, 0, 44)
(29, 1, 42)
(29, 2, 38)
(29, 3, 38)
(29, 4, 8)
(29, 5, 6)
(29, 6, 6)
(29, 7, 6)
(29, 8, 6)
(29, 9, 6)
(29, 10, 6)
(29, 11, 6)
(29, 12, 6)
(29, 13, 4)
(29, 14, 4)
(29, 15, 4)
(29, 16, 4)
(29, 17, 4)
(29, 18, 4)
(29, 19, 4)
(29, 20, 4)
(29, 21, 4)
(29, 22, 4)
(29, 23, 4)
(29, 24, 4)
(29, 25, 4)
(29, 26, 4)
(29, 27, 4)
(29, 28, 4)
(29, 29, 4)
(29, 30, 4)
(29, 31, 4)
(29, 32, 4)
(29, 33, 4)
(29, 34, 4)
(29, 35, 4)
(29, 36, 4)
(29, 37, 4)
(29, 38, 4)
(29, 39, 4)

(30, 0, 80)
(30, 1, 76)
(30, 2, 63)
(30, 3, 41)
(30, 4, 11)
(30, 5, 9)
(30, 6, 9)
(30, 7, 9)
(30, 8, 9)
(30, 9, 9)
(30, 10, 9)
(30, 11, 9)
(30, 12, 7)
(30, 13, 5)
(30, 14, 5)
(30, 15, 5)
(30, 16, 5)
(30, 17, 4)
(30, 18, 4)
(30, 19, 4)
(30, 20, 4)
(30, 21, 4)
(30, 22, 4)
(30, 23, 4)
(30, 24, 3)
(30, 25, 3)
(30, 26, 3)
(30, 27, 3)
(30, 28, 3)
(30, 29, 3)
(30, 30, 3)
(30, 31, 3)
(30, 32, 3)
(30, 33, 3)
(30, 34, 3)
(30, 35, 3)
(30, 36, 3)
(30, 37, 3)
(30, 38, 3)
(30, 39, 3)

(31, 0, 100)
(31, 1, 94)
(31, 2, 66)
(31, 3, 43)
(31, 4, 11)
(31, 5, 9)
(31, 6, 9)
(31, 7, 9)
(31, 8, 9)
(31, 9, 9)
(31, 10, 9)
(31, 11, 9)
(31, 12, 7)
(31, 13, 5)
(31, 14, 5)
(31, 15, 5)
(31, 16, 5)
(31, 17, 4)
(31, 18, 4)
(31, 19, 4)
(31, 20, 4)
(31, 21, 4)
(31, 22, 4)
(31, 23, 4)
(31, 24, 3)
(31, 25, 3)
(31, 26, 3)
(31, 27, 3)
(31, 28, 3)
(31, 29, 3)
(31, 30, 3)
(31, 31, 3)
(31, 32, 3)
(31, 33, 3)
(31, 34, 3)
(31, 35, 3)
(31, 36, 3)
(31, 37, 3)
(31, 38, 3)
(31, 39, 3)

(32, 0, 102)
(32, 1, 96)
(32, 2, 66)
(32, 3, 43)
(32, 4, 11)
(32, 5, 9)
(32, 6, 9)
(32, 7, 9)
(32, 8, 9)
(32, 9, 9)
(32, 10, 9)
(32, 11, 9)
(32, 12, 7)
(32, 13, 5)
(32, 14, 5)
(32, 15, 5)
(32, 16, 5)
(32, 17, 4)
(32, 18, 4)
(32, 19, 4)
(32, 20, 4)
(32, 21, 4)
(32, 22, 4)
(32, 23, 4)
(32, 24, 3)
(32, 25, 3)
(32, 26, 3)
(32, 27, 3)
(32, 28, 3)
(32, 29, 3)
(32, 30, 3)
(32, 31, 3)
(32, 32, 3)
(32, 33, 3)
(32, 34, 3)
(32, 35, 3)
(32, 36, 3)
(32, 37, 3)
(32, 38, 3)
(32, 39, 3)

(33, 0, 102)
(33, 1, 96)
(33, 2, 66)
(33, 3, 43)
(33, 4, 11)
(33, 5, 9)
(33, 6, 9)
(33, 7, 9)
(33, 8, 9)
(33, 9, 9)
(33, 10, 9)
(33, 11, 9)
(33, 12, 7)
(33, 13, 5)
(33, 14, 5)
(33, 15, 5)
(33, 16, 5)
(33, 17, 4)
(33, 18, 4)
(33, 19, 4)
(33, 20, 4)
(33, 21, 4)
(33, 22, 4)
(33, 23, 4)
(33, 24, 3)
(33, 25, 3)
(33, 26, 3)
(33, 27, 3)
(33, 28, 3)
(33, 29, 3)
(33, 30, 3)
(33, 31, 3)
(33, 32, 3)
(33, 33, 3)
(33, 34, 3)
(33, 35, 3)
(33, 36, 3)
(33, 37, 3)
(33, 38, 3)
(33, 39, 3)

(34, 0, 103)
(34, 1, 97)
(34, 2, 67)
(34, 3, 44)
(34, 4, 12)
(34, 5, 10)
(34, 6, 10)
(34, 7, 10)
(34, 8, 9)
(34, 9, 9)
(34, 10, 9)
(34, 11, 9)
(34, 12, 7)
(34, 13, 5)
(34, 14, 5)
(34, 15, 4)
(34, 16, 4)
(34, 17, 3)
(34, 18, 3)
(34, 19, 3)
(34, 20, 3)
(34, 21, 3)
(34, 22, 3)
(34, 23, 3)
(34, 24, 3)
(34, 25, 3)
(34, 26, 3)
(34, 27, 3)
(34, 28, 3)
(34, 29, 3)
(34, 30, 3)
(34, 31, 3)
(34, 32, 3)
(34, 33, 3)
(34, 34, 3)
(34, 35, 3)
(34, 36, 3)
(34, 37, 3)
(34, 38, 3)
(34, 39, 3)

(35, 0, 104)
(35, 1, 98)
(35, 2, 68)
(35, 3, 45)
(35, 4, 13)
(35, 5, 11)
(35, 6, 11)
(35, 7, 11)
(35, 8, 9)
(35, 9, 9)
(35, 10, 9)
(35, 11, 9)
(35, 12, 7)
(35, 13, 5)
(35, 14, 5)
(35, 15, 3)
(35, 16, 3)
(35, 17, 3)
(35, 18, 3)
(35, 19, 3)
(35, 20, 3)
(35, 21, 3)
(35, 22, 3)
(35, 23, 3)
(35, 24, 3)
(35, 25, 3)
(35, 26, 3)
(35, 27, 3)
(35, 28, 3)
(35, 29, 3)
(35, 30, 3)
(35, 31, 3)
(35, 32, 3)
(35, 33, 3)
(35, 34, 3)
(35, 35, 3)
(35, 36, 3)
(35, 37, 3)
(35, 38, 3)
(35, 39, 3)

(36, 0, 104)
(36, 1, 98)
(36, 2, 68)
(36, 3, 45)
(36, 4, 13)
(36, 5, 11)
(36, 6, 11)
(36, 7, 11)
(36, 8, 9)
(36, 9, 9)
(36, 10, 9)
(36, 11, 9)
(36, 12, 7)
(36, 13, 5)
(36, 14, 5)
(36, 15, 3)
(36, 16, 3)
(36, 17, 3)
(36, 18, 3)
(36, 19, 3)
(36, 20, 3)
(36, 21, 3)
(36, 22, 3)
(36, 23, 3)
(36, 24, 3)
(36, 25, 3)
(36, 26, 3)
(36, 27, 3)
(36, 28, 3)
(36, 29, 3)
(36, 30, 3)
(36, 31, 3)
(36, 32, 3)
(36, 33, 3)
(36, 34, 3)
(36, 35, 3)
(36, 36, 3)
(36, 37, 3)
(36, 38, 3)
(36, 39, 3)

(37, 0, 104)
(37, 1, 98)
(37, 2, 68)
(37, 3, 45)
(37, 4, 13)
(37, 5, 11)
(37, 6, 11)
(37, 7, 11)
(37, 8, 9)
(37, 9, 9)
(37, 10, 9)
(37, 11, 9)
(37, 12, 7)
(37, 13, 5)
(37, 14, 5)
(37, 15, 3)
(37, 16, 3)
(37, 17, 3)
(37, 18, 3)
(37, 19, 3)
(37, 20, 3)
(37, 21, 3)
(37, 22, 3)
(37, 23, 3)
(37, 24, 3)
(37, 25, 3)
(37, 26, 3)
(37, 27, 3)
(37, 28, 3)
(37, 29, 3)
(37, 30, 3)
(37, 31, 3)
(37, 32, 3)
(37, 33, 3)
(37, 34, 3)
(37, 35, 3)
(37, 36, 3)
(37, 37, 3)
(37, 38, 3)
(37, 39, 3)

(38, 0, 105)
(38, 1, 99)
(38, 2, 69)
(38, 3, 46)
(38, 4, 14)
(38, 5, 12)
(38, 6, 12)
(38, 7, 11)
(38, 8, 9)
(38, 9, 9)
(38, 10, 9)
(38, 11, 9)
(38, 12, 7)
(38, 13, 5)
(38, 14, 5)
(38, 15, 3)
(38, 16, 3)
(38, 17, 3)
(38, 18, 3)
(38, 19, 3)
(38, 20, 3)
(38, 21, 3)
(38, 22, 3)
(38, 23, 3)
(38, 24, 3)
(38, 25, 3)
(38, 26, 3)
(38, 27, 3)
(38, 28, 3)
(38, 29, 3)
(38, 30, 3)
(38, 31, 3)
(38, 32, 3)
(38, 33, 3)
(38, 34, 3)
(38, 35, 3)
(38, 36, 3)
(38, 37, 3)
(38, 38, 3)
(38, 39, 3)

(39, 0, 105)
(39, 1, 99)
(39, 2, 69)
(39, 3, 46)
(39, 4, 14)
(39, 5, 12)
(39, 6, 12)
(39, 7, 11)
(39, 8, 9)
(39, 9, 9)
(39, 10, 9)
(39, 11, 9)
(39, 12, 7)
(39, 13, 5)
(39, 14, 5)
(39, 15, 3)
(39, 16, 3)
(39, 17, 3)
(39, 18, 3)
(39, 19, 3)
(39, 20, 3)
(39, 21, 3)
(39, 22, 3)
(39, 23, 3)
(39, 24, 3)
(39, 25, 3)
(39, 26, 3)
(39, 27, 3)
(39, 28, 3)
(39, 29, 3)
(39, 30, 3)
(39, 31, 3)
(39, 32, 3)
(39, 33, 3)
(39, 34, 3)
(39, 35, 3)
(39, 36, 3)
(39, 37, 3)
(39, 38, 3)
(39, 39, 3)


Betti numbers:
xi_0:
(0, 0, 5)
(1, 0, 2)
(2, 0, 2)
(3, 0, 4)
(4, 0, 2)
(5, 0, 2)
(6, 0, 3)
(7, 0, 1)
(13, 0, 1)
(14, 0, 4)
(15, 0, 3)
(16, 0, 2)
(17, 0, 3)
(18, 0, 1)
(19, 0, 1)
(20, 0, 1)
(21, 0, 1)
(22, 0, 2)
(23, 0, 1)
(24, 0, 1)
(25, 0, 1)
(26, 0, 1)
(30, 0, 36)
(31, 0, 20)
(32, 0, 2)
(34, 0, 1)
(35, 0, 1)
(38, 0, 1)
xi_1:
(0, 2, 1)
(0, 5, 2)
(1, 2, 1)
(1, 4, 1)
(2, 4, 2)
(3, 1, 1)
(3, 4, 3)
(4, 4, 2)
(5, 4, 2)
(6, 4, 3)
(7, 4, 1)
(14, 2, 1)
(14, 4, 1)
(14, 15, 1)
(15, 2, 1)
(15, 4, 1)
(15, 15, 1)
(16, 4, 2)
(16, 13, 1)
(17, 1, 1)
(17, 4, 2)
(17, 13, 1)
(18, 4, 1)
(19, 4, 1)
(20, 4, 1)
(21, 4, 1)
(22, 4, 2)
(23, 4, 1)
(24, 4, 1)
(25, 4, 1)
(26, 4, 1)
(30, 1, 2)
(30, 2, 9)
(30, 3, 22)
(30, 12, 2)
(30, 17, 1)
(30, 24, 1)
(31, 1, 2)
(31, 2, 15)
(31, 3, 1)
(31, 4, 2)
(32, 2, 2)
(34, 8, 1)
(34, 15, 1)
(35, 8, 1)
(35, 15, 1)
(38, 7, 1)
xi_2:
(16, 15, 1)
(17, 15, 1)
(34, 24, 1)
(35, 17, 1)
