x-grades
-140602227463623519/10000000000000000
-68904336456637099/5000000000000000
-135015118362924877/10000000000000000
-33055390953143889/2500000000000000
-25885601852445247/2000000000000000
-63317227355938457/5000000000000000
-123840900161527593/10000000000000000
-3782729550349321/312500000000000
-118253791060828951/10000000000000000
-11546023651047963/1000000000000000
-112666681960130309/10000000000000000
-27468281852445247/2500000000000000
-107079572859431667/10000000000000000
-52143009154541173/5000000000000000
-4059698550349321/400000000000000
-12337363651047963/1250000000000000
-95905354658034383/10000000000000000
-46555900053842531/5000000000000000
-90318245557335741/10000000000000000
-4376234550349321/500000000000000
-84731136456637099/10000000000000000
-40968790953143889/5000000000000000
-79144027355938457/10000000000000000
-4771904550349321/625000000000000
-14711383651047963/2000000000000000
-35381681852445247/5000000000000000
-67969809154541173/10000000000000000
-16294063651047963/2500000000000000
-62382700053842531/10000000000000000
-5958914550349321/1000000000000000
-56795590953143889/10000000000000000
-6750254550349321/1250000000000000
-51208481852445247/10000000000000000
-24207463651047963/5000000000000000
-9124274550349321/2000000000000000
-10706954550349321/2500000000000000
-40034263651047963/10000000000000000
-18620354550349321/5000000000000000
-34447154550349321/10000000000000000
-39567/12500

y-grades
499917/200000
499917/100000
1499751/200000
499917/50000
499917/40000
1499751/100000
3499419/200000
499917/25000
4499253/200000
499917/20000
5499087/200000
1499751/50000
6498921/200000
3499419/100000
1499751/40000
499917/12500
8498589/200000
4499253/100000
9498423/200000
499917/10000
10498257/200000
5499087/100000
11498091/200000
1499751/25000
499917/8000
6498921/100000
13497759/200000
3499419/50000
14497593/200000
1499751/20000
15497427/200000
499917/6250
16497261/200000
8498589/100000
3499419/40000
4499253/50000
18496929/200000
9498423/100000
19496763/200000
499917/5000

Dimensions > 0:
(0, 0, 2)
(0, 1, 2)
(0, 2, 2)
(0, 3, 2)
(0, 4, 2)
(0, 5, 2)
(0, 6, 2)
(0, 7, 2)
(0, 8, 2)
(0, 9, 2)
(0, 10, 1)
(0, 11, 1)
(0, 12, 1)
(0, 13, 1)
(0, 14, 1)
(0, 15, 1)
(0, 16, 1)
(0, 17, 1)
(0, 18, 1)
(0, 19, 1)
(0, 20, 1)
(0, 21, 1)
(0, 22, 1)
(0, 23, 1)
(0, 24, 1)
(0, 25, 1)
(0, 26, 1)
(0, 27, 1)
(0, 28, 1)
(0, 29, 1)
(0, 30, 1)
(0, 31, 1)
(0, 32, 1)
(0, 33, 1)
(0, 34, 1)
(0, 35, 1)
(0, 36, 1)
(0, 37, 1)
(0, 38, 1)
(0, 39, 1)

(1, 0, 4)
(1, 1, 4)
(1, 2, 4)
(1, 3, 4)
(1, 4, 3)
(1, 5, 2)
(1, 6, 1)
(1, 7, 1)
(1, 8, 1)
(1, 9, 1)
(1, 10, 1)
(1, 11, 1)
(1, 12, 1)
(1, 13, 1)
(1, 14, 1)
(1, 15, 1)
(1, 16, 1)
(1, 17, 1)
(1, 18, 1)
(1, 19, 1)
(1, 20, 1)
(1, 21, 1)
(1, 22, 1)
(1, 23, 1)
(1, 24, 1)
(1, 25, 1)
(1, 26, 1)
(1, 27, 1)
(1, 28, 1)
(1, 29, 1)
(1, 30, 1)
(1, 31, 1)
(1, 32, 1)
(1, 33, 1)
(1, 34, 1)
(1, 35, 1)
(1, 36, 1)
(1, 37, 1)
(1, 38, 1)
(1, 39, 1)

(2, 0, 4)
(2, 1, 4)
(2, 2, 4)
(2, 3, 4)
(2, 4, 3)
(2, 5, 2)
(2, 6, 1)
(2, 7, 1)
(2, 8, 1)
(2, 9, 1)
(2, 10, 1)
(2, 11, 1)
(2, 12, 1)
(2, 13, 1)
(2, 14, 1)
(2, 15, 1)
(2, 16, 1)
(2, 17, 1)
(2, 18, 1)
(2, 19, 1)
(2, 20, 1)
(2, 21, 1)
(2, 22, 1)
(2, 23, 1)
(2, 24, 1)
(2, 25, 1)
(2, 26, 1)
(2, 27, 1)
(2, 28, 1)
(2, 29, 1)
(2, 30, 1)
(2, 31, 1)
(2, 32, 1)
(2, 33, 1)
(2, 34, 1)
(2, 35, 1)
(2, 36, 1)
(2, 37, 1)
(2, 38, 1)
(2, 39, 1)

(3, 0, 5)
(3, 1, 5)
(3, 2, 5)
(3, 3, 5)
(3, 4, 4)
(3, 5, 3)
(3, 6, 2)
(3, 7, 2)
(3, 8, 2)
(3, 9, 2)
(3, 10, 2)
(3, 11, 2)
(3, 12, 2)
(3, 13, 2)
(3, 14, 2)
(3, 15, 2)
(3, 16, 2)
(3, 17, 2)
(3, 18, 2)
(3, 19, 2)
(3, 20, 2)
(3, 21, 2)
(3, 22, 2)
(3, 23, 2)
(3, 24, 2)
(3, 25, 2)
(3, 26, 2)
(3, 27, 2)
(3, 28, 2)
(3, 29, 2)
(3, 30, 2)
(3, 31, 2)
(3, 32, 2)
(3, 33, 2)
(3, 34, 2)
(3, 35, 2)
(3, 36, 2)
(3, 37, 2)
(3, 38, 2)
(3, 39, 2)

(4, 0, 6)
(4, 1, 6)
(4, 2, 6)
(4, 3, 6)
(4, 4, 5)
(4, 5, 4)
(4, 6, 3)
(4, 7, 3)
(4, 8, 3)
(4, 9, 3)
(4, 10, 2)
(4, 11, 2)
(4, 12, 2)
(4, 13, 2)
(4, 14, 2)
(4, 15, 2)
(4, 16, 2)
(4, 17, 2)
(4, 18, 2)
(4, 19, 2)
(4, 20, 2)
(4, 21, 2)
(4, 22, 2)
(4, 23, 2)
(4, 24, 2)
(4, 25, 2)
(4, 26, 2)
(4, 27, 2)
(4, 28, 2)
(4, 29, 2)
(4, 30, 2)
(4, 31, 2)
(4, 32, 2)
(4, 33, 2)
(4, 34, 2)
(4, 35, 2)
(4, 36, 2)
(4, 37, 2)
(4, 38, 2)
(4, 39, 2)

(5, 0, 8)
(5, 1, 8)
(5, 2, 8)
(5, 3, 8)
(5, 4, 7)
(5, 5, 4)
(5, 6, 2)
(5, 7, 2)
(5, 8, 2)
(5, 9, 2)
(5, 10, 2)
(5, 11, 2)
(5, 12, 2)
(5, 13, 2)
(5, 14, 2)
(5, 15, 2)
(5, 16, 2)
(5, 17, 2)
(5, 18, 2)
(5, 19, 2)
(5, 20, 2)
(5, 21, 2)
(5, 22, 2)
(5, 23, 2)
(5, 24, 2)
(5, 25, 2)
(5, 26, 2)
(5, 27, 2)
(5, 28, 2)
(5, 29, 2)
(5, 30, 2)
(5, 31, 2)
(5, 32, 2)
(5, 33, 2)
(5, 34, 2)
(5, 35, 2)
(5, 36, 2)
(5, 37, 2)
(5, 38, 2)
(5, 39, 2)

(6, 0, 8)
(6, 1, 8)
(6, 2, 8)
(6, 3, 8)
(6, 4, 7)
(6, 5, 4)
(6, 6, 2)
(6, 7, 2)
(6, 8, 2)
(6, 9, 2)
(6, 10, 2)
(6, 11, 2)
(6, 12, 2)
(6, 13, 2)
(6, 14, 2)
(6, 15, 2)
(6, 16, 2)
(6, 17, 2)
(6, 18, 2)
(6, 19, 2)
(6, 20, 2)
(6, 21, 2)
(6, 22, 2)
(6, 23, 2)
(6, 24, 2)
(6, 25, 2)
(6, 26, 2)
(6, 27, 2)
(6, 28, 2)
(6, 29, 2)
(6, 30, 2)
(6, 31, 2)
(6, 32, 2)
(6, 33, 2)
(6, 34, 2)
(6, 35, 2)
(6, 36, 2)
(6, 37, 2)
(6, 38, 2)
(6, 39, 2)

(7, 0, 8)
(7, 1, 8)
(7, 2, 8)
(7, 3, 8)
(7, 4, 7)
(7, 5, 4)
(7, 6, 2)
(7, 7, 2)
(7, 8, 2)
(7, 9, 2)
(7, 10, 2)
(7, 11, 2)
(7, 12, 2)
(7, 13, 2)
(7, 14, 2)
(7, 15, 2)
(7, 16, 2)
(7, 17, 2)
(7, 18, 2)
(7, 19, 2)
(7, 20, 2)
(7, 21, 2)
(7, 22, 2)
(7, 23, 2)
(7, 24, 2)
(7, 25, 2)
(7, 26, 2)
(7, 27, 2)
(7, 28, 2)
(7, 29, 2)
(7, 30, 2)
(7, 31, 2)
(7, 32, 2)
(7, 33, 2)
(7, 34, 2)
(7, 35, 2)
(7, 36, 2)
(7, 37, 2)
(7, 38, 2)
(7, 39, 2)

(8, 0, 8)
(8, 1, 8)
(8, 2, 8)
(8, 3, 8)
(8, 4, 7)
(8, 5, 4)
(8, 6, 2)
(8, 7, 2)
(8, 8, 2)
(8, 9, 2)
(8, 10, 2)
(8, 11, 2)
(8, 12, 2)
(8, 13, 2)
(8, 14, 2)
(8, 15, 2)
(8, 16, 2)
(8, 17, 2)
(8, 18, 2)
(8, 19, 2)
(8, 20, 2)
(8, 21, 2)
(8, 22, 2)
(8, 23, 2)
(8, 24, 2)
(8, 25, 2)
(8, 26, 2)
(8, 27, 2)
(8, 28, 2)
(8, 29, 2)
(8, 30, 2)
(8, 31, 2)
(8, 32, 2)
(8, 33, 2)
(8, 34, 2)
(8, 35, 2)
(8, 36, 2)
(8, 37, 2)
(8, 38, 2)
(8, 39, 2)

(9, 0, 8)
(9, 1, 8)
(9, 2, 8)
(9, 3, 8)
(9, 4, 7)
(9, 5, 4)
(9, 6, 2)
(9, 7, 2)
(9, 8, 2)
(9, 9, 2)
(9, 10, 2)
(9, 11, 2)
(9, 12, 2)
(9, 13, 2)
(9, 14, 2)
(9, 15, 2)
(9, 16, 2)
(9, 17, 2)
(9, 18, 2)
(9, 19, 2)
(9, 20, 2)
(9, 21, 2)
(9, 22, 2)
(9, 23, 2)
(9, 24, 2)
(9, 25, 2)
(9, 26, 2)
(9, 27, 2)
(9, 28, 2)
(9, 29, 2)
(9, 30, 2)
(9, 31, 2)
(9, 32, 2)
(9, 33, 2)
(9, 34, 2)
(9, 35, 2)
(9, 36, 2)
(9, 37, 2)
(9, 38, 2)
(9, 39, 2)

(10, 0, 8)
(10, 1, 8)
(10, 2, 8)
(10, 3, 8)
(10, 4, 7)
(10, 5, 4)
(10, 6, 2)
(10, 7, 2)
(10, 8, 2)
(10, 9, 2)
(10, 10, 2)
(10, 11, 2)
(10, 12, 2)
(10, 13, 2)
(10, 14, 2)
(10, 15, 2)
(10, 16, 2)
(10, 17, 2)
(10, 18, 2)
(10, 19, 2)
(10, 20, 2)
(10, 21, 2)
(10, 22, 2)
(10, 23, 2)
(10, 24, 2)
(10, 25, 2)
(10, 26, 2)
(10, 27, 2)
(10, 28, 2)
(10, 29, 2)
(10, 30, 2)
(10, 31, 2)
(10, 32, 2)
(10, 33, 2)
(10, 34, 2)
(10, 35, 2)
(10, 36, 2)
(10, 37, 2)
(10, 38, 2)
(10, 39, 2)

(11, 0, 8)
(11, 1, 8)
(11, 2, 8)
(11, 3, 8)
(11, 4, 7)
(11, 5, 4)
(11, 6, 2)
(11, 7, 2)
(11, 8, 2)
(11, 9, 2)
(11, 10, 2)
(11, 11, 2)
(11, 12, 2)
(11, 13, 2)
(11, 14, 2)
(11, 15, 2)
(11, 16, 2)
(11, 17, 2)
(11, 18, 2)
(11, 19, 2)
(11, 20, 2)
(11, 21, 2)
(11, 22, 2)
(11, 23, 2)
(11, 24, 2)
(11, 25, 2)
(11, 26, 2)
(11, 27, 2)
(11, 28, 2)
(11, 29, 2)
(11, 30, 2)
(11, 31, 2)
(11, 32, 2)
(11, 33, 2)
(11, 34, 2)
(11, 35, 2)
(11, 36, 2)
(11, 37, 2)
(11, 38, 2)
(11, 39, 2)

(12, 0, 8)
(12, 1, 8)
(12, 2, 8)
(12, 3, 8)
(12, 4, 7)
(12, 5, 4)
(12, 6, 2)
(12, 7, 2)
(12, 8, 2)
(12, 9, 2)
(12, 10, 2)
(12, 11, 2)
(12, 12, 2)
(12, 13, 2)
(12, 14, 2)
(12, 15, 2)
(12, 16, 2)
(12, 17, 2)
(12, 18, 2)
(12, 19, 2)
(12, 20, 2)
(12, 21, 2)
(12, 22, 2)
(12, 23, 2)
(12, 24, 2)
(12, 25, 2)
(12, 26, 2)
(12, 27, 2)
(12, 28, 2)
(12, 29, 2)
(12, 30, 2)
(12, 31, 2)
(12, 32, 2)
(12, 33, 2)
(12, 34, 2)
(12, 35, 2)
(12, 36, 2)
(12, 37, 2)
(12, 38, 2)
(12, 39, 2)

(13, 0, 8)
(13, 1, 8)
(13, 2, 8)
(13, 3, 8)
(13, 4, 7)
(13, 5, 4)
(13, 6, 2)
(13, 7, 2)
(13, 8, 2)
(13, 9, 2)
(13, 10, 2)
(13, 11, 2)
(13, 12, 2)
(13, 13, 2)
(13, 14, 2)
(13, 15, 2)
(13, 16, 2)
(13, 17, 2)
(13, 18, 2)
(13, 19, 2)
(13, 20, 2)
(13, 21, 2)
(13, 22, 2)
(13, 23, 2)
(13, 24, 2)
(13, 25, 2)
(13, 26, 2)
(13, 27, 2)
(13, 28, 2)
(13, 29, 2)
(13, 30, 2)
(13, 31, 2)
(13, 32, 2)
(13, 33, 2)
(13, 34, 2)
(13, 35, 2)
(13, 36, 2)
(13, 37, 2)
(13, 38, 2)
(13, 39, 2)

(14, 0, 8)
(14, 1, 8)
(14, 2, 8)
(14, 3, 8)
(14, 4, 7)
(14, 5, 4)
(14, 6, 2)
(14, 7, 2)
(14, 8, 2)
(14, 9, 2)
(14, 10, 2)
(14, 11, 2)
(14, 12, 2)
(14, 13, 2)
(14, 14, 2)
(14, 15, 2)
(14, 16, 2)
(14, 17, 2)
(14, 18, 2)
(14, 19, 2)
(14, 20, 2)
(14, 21, 2)
(14, 22, 2)
(14, 23, 2)
(14, 24, 2)
(14, 25, 2)
(14, 26, 2)
(14, 27, 2)
(14, 28, 2)
(14, 29, 2)
(14, 30, 2)
(14, 31, 2)
(14, 32, 2)
(14, 33, 2)
(14, 34, 2)
(14, 35, 2)
(14, 36, 2)
(14, 37, 2)
(14, 38, 2)
(14, 39, 2)

(15, 0, 8)
(15, 1, 8)
(15, 2, 8)
(15, 3, 8)
(15, 4, 7)
(15, 5, 4)
(15, 6, 2)
(15, 7, 2)
(15, 8, 2)
(15, 9, 2)
(15, 10, 2)
(15, 11, 2)
(15, 12, 2)
(15, 13, 2)
(15, 14, 2)
(15, 15, 2)
(15, 16, 2)
(15, 17, 2)
(15, 18, 2)
(15, 19, 2)
(15, 20, 2)
(15, 21, 2)
(15, 22, 2)
(15, 23, 2)
(15, 24, 2)
(15, 25, 2)
(15, 26, 2)
(15, 27, 2)
(15, 28, 2)
(15, 29, 2)
(15, 30, 2)
(15, 31, 2)
(15, 32, 2)
(15, 33, 2)
(15, 34, 2)
(15, 35, 2)
(15, 36, 2)
(15, 37, 2)
(15, 38, 2)
(15, 39, 2)

(16, 0, 9)
(16, 1, 9)
(16, 2, 9)
(16, 3, 9)
(16, 4, 8)
(16, 5, 5)
(16, 6, 3)
(16, 7, 3)
(16, 8, 3)
(16, 9, 3)
(16, 10, 3)
(16, 11, 3)
(16, 12, 3)
(16, 13, 3)
(16, 14, 3)
(16, 15, 3)
(16, 16, 3)
(16, 17, 3)
(16, 18, 3)
(16, 19, 3)
(16, 20, 3)
(16, 21, 3)
(16, 22, 3)
(16, 23, 3)
(16, 24, 3)
(16, 25, 3)
(16, 26, 3)
(16, 27, 3)
(16, 28, 3)
(16, 29, 3)
(16, 30, 3)
(16, 31, 3)
(16, 32, 3)
(16, 33, 3)
(16, 34, 3)
(16, 35, 3)
(16, 36, 3)
(16, 37, 3)
(16, 38, 3)
(16, 39, 3)

(17, 0, 11)
(17, 1, 11)
(17, 2, 11)
(17, 3, 11)
(17, 4, 10)
(17, 5, 7)
(17, 6, 5)
(17, 7, 4)
(17, 8, 3)
(17, 9, 3)
(17, 10, 3)
(17, 11, 3)
(17, 12, 3)
(17, 13, 3)
(17, 14, 3)
(17, 15, 3)
(17, 16, 3)
(17, 17, 3)
(17, 18, 3)
(17, 19, 3)
(17, 20, 3)
(17, 21, 3)
(17, 22, 3)
(17, 23, 3)
(17, 24, 3)
(17, 25, 3)
(17, 26, 3)
(17, 27, 3)
(17, 28, 3)
(17, 29, 3)
(17, 30, 3)
(17, 31, 3)
(17, 32, 3)
(17, 33, 3)
(17, 34, 3)
(17, 35, 3)
(17, 36, 3)
(17, 37, 3)
(17, 38, 3)
(17, 39, 3)

(18, 0, 12)
(18, 1, 12)
(18, 2, 12)
(18, 3, 12)
(18, 4, 11)
(18, 5, 6)
(18, 6, 4)
(18, 7, 3)
(18, 8, 3)
(18, 9, 3)
(18, 10, 3)
(18, 11, 3)
(18, 12, 3)
(18, 13, 3)
(18, 14, 3)
(18, 15, 3)
(18, 16, 3)
(18, 17, 3)
(18, 18, 3)
(18, 19, 3)
(18, 20, 3)
(18, 21, 3)
(18, 22, 3)
(18, 23, 3)
(18, 24, 3)
(18, 25, 3)
(18, 26, 3)
(18, 27, 3)
(18, 28, 3)
(18, 29, 3)
(18, 30, 3)
(18, 31, 3)
(18, 32, 3)
(18, 33, 3)
(18, 34, 3)
(18, 35, 3)
(18, 36, 3)
(18, 37, 3)
(18, 38, 3)
(18, 39, 3)

(19, 0, 12)
(19, 1, 12)
(19, 2, 12)
(19, 3, 12)
(19, 4, 11)
(19, 5, 6)
(19, 6, 4)
(19, 7, 3)
(19, 8, 3)
(19, 9, 3)
(19, 10, 3)
(19, 11, 3)
(19, 12, 3)
(19, 13, 3)
(19, 14, 3)
(19, 15, 3)
(19, 16, 3)
(19, 17, 3)
(19, 18, 3)
(19, 19, 3)
(19, 20, 3)
(19, 21, 3)
(19, 22, 3)
(19, 23, 3)
(19, 24, 3)
(19, 25, 3)
(19, 26, 3)
(19, 27, 3)
(19, 28, 3)
(19, 29, 3)
(19, 30, 3)
(19, 31, 3)
(19, 32, 3)
(19, 33, 3)
(19, 34, 3)
(19, 35, 3)
(19, 36, 3)
(19, 37, 3)
(19, 38, 3)
(19, 39, 3)

(20, 0, 12)
(20, 1, 12)
(20, 2, 12)
(20, 3, 12)
(20, 4, 11)
(20, 5, 6)
(20, 6, 4)
(20, 7, 3)
(20, 8, 3)
(20, 9, 3)
(20, 10, 3)
(20, 11, 3)
(20, 12, 3)
(20, 13, 3)
(20, 14, 3)
(20, 15, 3)
(20, 16, 3)
(20, 17, 3)
(20, 18, 3)
(20, 19, 3)
(20, 20, 3)
(20, 21, 3)
(20, 22, 3)
(20, 23, 3)
(20, 24, 3)
(20, 25, 3)
(20, 26, 3)
(20, 27, 3)
(20, 28, 3)
(20, 29, 3)
(20, 30, 3)
(20, 31, 3)
(20, 32, 3)
(20, 33, 3)
(20, 34, 3)
(20, 35, 3)
(20, 36, 3)
(20, 37, 3)
(20, 38, 3)
(20, 39, 3)

(21, 0, 12)
(21, 1, 12)
(21, 2, 12)
(21, 3, 12)
(21, 4, 11)
(21, 5, 6)
(21, 6, 4)
(21, 7, 3)
(21, 8, 3)
(21, 9, 3)
(21, 10, 3)
(21, 11, 3)
(21, 12, 3)
(21, 13, 3)
(21, 14, 3)
(21, 15, 3)
(21, 16, 3)
(21, 17, 3)
(21, 18, 3)
(21, 19, 3)
(21, 20, 3)
(21, 21, 3)
(21, 22, 3)
(21, 23, 3)
(21, 24, 3)
(21, 25, 3)
(21, 26, 3)
(21, 27, 3)
(21, 28, 3)
(21, 29, 3)
(21, 30, 3)
(21, 31, 3)
(21, 32, 3)
(21, 33, 3)
(21, 34, 3)
(21, 35, 3)
(21, 36, 3)
(21, 37, 3)
(21, 38, 3)
(21, 39, 3)

(22, 0, 13)
(22, 1, 13)
(22, 2, 13)
(22, 3, 13)
(22, 4, 12)
(22, 5, 7)
(22, 6, 5)
(22, 7, 4)
(22, 8, 4)
(22, 9, 4)
(22, 10, 4)
(22, 11, 4)
(22, 12, 4)
(22, 13, 4)
(22, 14, 4)
(22, 15, 4)
(22, 16, 4)
(22, 17, 4)
(22, 18, 4)
(22, 19, 4)
(22, 20, 4)
(22, 21, 4)
(22, 22, 4)
(22, 23, 4)
(22, 24, 4)
(22, 25, 4)
(22, 26, 4)
(22, 27, 4)
(22, 28, 4)
(22, 29, 4)
(22, 30, 4)
(22, 31, 4)
(22, 32, 4)
(22, 33, 4)
(22, 34, 4)
(22, 35, 4)
(22, 36, 4)
(22, 37, 4)
(22, 38, 4)
(22, 39, 4)

(23, 0, 14)
(23, 1, 14)
(23, 2, 14)
(23, 3, 14)
(23, 4, 13)
(23, 5, 8)
(23, 6, 6)
(23, 7, 4)
(23, 8, 4)
(23, 9, 4)
(23, 10, 4)
(23, 11, 4)
(23, 12, 4)
(23, 13, 4)
(23, 14, 4)
(23, 15, 4)
(23, 16, 4)
(23, 17, 4)
(23, 18, 4)
(23, 19, 4)
(23, 20, 4)
(23, 21, 4)
(23, 22, 4)
(23, 23, 4)
(23, 24, 4)
(23, 25, 4)
(23, 26, 4)
(23, 27, 4)
(23, 28, 4)
(23, 29, 4)
(23, 30, 4)
(23, 31, 4)
(23, 32, 4)
(23, 33, 4)
(23, 34, 4)
(23, 35, 4)
(23, 36, 4)
(23, 37, 4)
(23, 38, 4)
(23, 39, 4)

(24, 0, 16)
(24, 1, 16)
(24, 2, 16)
(24, 3, 16)
(24, 4, 15)
(24, 5, 8)
(24, 6, 6)
(24, 7, 4)
(24, 8, 4)
(24, 9, 4)
(24, 10, 4)
(24, 11, 4)
(24, 12, 4)
(24, 13, 4)
(24, 14, 4)
(24, 15, 4)
(24, 16, 4)
(24, 17, 4)
(24, 18, 4)
(24, 19, 4)
(24, 20, 4)
(24, 21, 4)
(24, 22, 4)
(24, 23, 4)
(24, 24, 4)
(24, 25, 4)
(24, 26, 4)
(24, 27, 4)
(24, 28, 4)
(24, 29, 4)
(24, 30, 4)
(24, 31, 4)
(24, 32, 4)
(24, 33, 4)
(24, 34, 4)
(24, 35, 4)
(24, 36, 4)
(24, 37, 4)
(24, 38, 4)
(24, 39, 4)

(25, 0, 16)
(25, 1, 16)
(25, 2, 16)
(25, 3, 16)
(25, 4, 15)
(25, 5, 8)
(25, 6, 6)
(25, 7, 4)
(25, 8, 4)
(25, 9, 4)
(25, 10, 4)
(25, 11, 4)
(25, 12, 4)
(25, 13, 4)
(25, 14, 4)
(25, 15, 4)
(25, 16, 4)
(25, 17, 4)
(25, 18, 4)
(25, 19, 4)
(25, 20, 4)
(25, 21, 4)
(25, 22, 4)
(25, 23, 4)
(25, 24, 4)
(25, 25, 4)
(25, 26, 4)
(25, 27, 4)
(25, 28, 4)
(25, 29, 4)
(25, 30, 4)
(25, 31, 4)
(25, 32, 4)
(25, 33, 4)
(25, 34, 4)
(25, 35, 4)
(25, 36, 4)
(25, 37, 4)
(25, 38, 4)
(25, 39, 4)

(26, 0, 16)
(26, 1, 16)
(26, 2, 16)
(26, 3, 16)
(26, 4, 15)
(26, 5, 8)
(26, 6, 6)
(26, 7, 4)
(26, 8, 4)
(26, 9, 4)
(26, 10, 4)
(26, 11, 4)
(26, 12, 4)
(26, 13, 4)
(26, 14, 4)
(26, 15, 4)
(26, 16, 4)
(26, 17, 4)
(26, 18, 4)
(26, 19, 4)
(26, 20, 4)
(26, 21, 4)
(26, 22, 4)
(26, 23, 4)
(26, 24, 4)
(26, 25, 4)
(26, 26, 4)
(26, 27, 4)
(26, 28, 4)
(26, 29, 4)
(26, 30, 4)
(26, 31, 4)
(26, 32, 4)
(26, 33, 4)
(26, 34, 4)
(26, 35, 4)
(26, 36, 4)
(26, 37, 4)
(26, 38, 4)
(26, 39, 4)

(27, 0, 18)
(27, 1, 18)
(27, 2, 18)
(27, 3, 18)
(27, 4, 17)
(27, 5, 10)
(27, 6, 8)
(27, 7, 6)
(27, 8, 6)
(27, 9, 6)
(27, 10, 6)
(27, 11, 6)
(27, 12, 6)
(27, 13, 6)
(27, 14, 6)
(27, 15, 6)
(27, 16, 6)
(27, 17, 6)
(27, 18, 6)
(27, 19, 6)
(27, 20, 6)
(27, 21, 6)
(27, 22, 6)
(27, 23, 6)
(27, 24, 6)
(27, 25, 6)
(27, 26, 6)
(27, 27, 6)
(27, 28, 6)
(27, 29, 6)
(27, 30, 6)
(27, 31, 6)
(27, 32, 6)
(27, 33, 6)
(27, 34, 6)
(27, 35, 6)
(27, 36, 5)
(27, 37, 5)
(27, 38, 5)
(27, 39, 5)

(28, 0, 20)
(28, 1, 20)
(28, 2, 20)
(28, 3, 20)
(28, 4, 19)
(28, 5, 11)
(28, 6, 9)
(28, 7, 7)
(28, 8, 7)
(28, 9, 7)
(28, 10, 7)
(28, 11, 7)
(28, 12, 7)
(28, 13, 7)
(28, 14, 7)
(28, 15, 7)
(28, 16, 7)
(28, 17, 7)
(28, 18, 7)
(28, 19, 7)
(28, 20, 7)
(28, 21, 7)
(28, 22, 7)
(28, 23, 7)
(28, 24, 7)
(28, 25, 6)
(28, 26, 6)
(28, 27, 6)
(28, 28, 6)
(28, 29, 6)
(28, 30, 6)
(28, 31, 5)
(28, 32, 5)
(28, 33, 5)
(28, 34, 5)
(28, 35, 5)
(28, 36, 5)
(28, 37, 5)
(28, 38, 5)
(28, 39, 5)

(29, 0, 21)
(29, 1, 21)
(29, 2, 21)
(29, 3, 21)
(29, 4, 20)
(29, 5, 11)
(29, 6, 9)
(29, 7, 7)
(29, 8, 7)
(29, 9, 7)
(29, 10, 7)
(29, 11, 7)
(29, 12, 7)
(29, 13, 7)
(29, 14, 7)
(29, 15, 7)
(29, 16, 7)
(29, 17, 7)
(29, 18, 7)
(29, 19, 7)
(29, 20, 7)
(29, 21, 7)
(29, 22, 7)
(29, 23, 7)
(29, 24, 7)
(29, 25, 6)
(29, 26, 6)
(29, 27, 6)
(29, 28, 6)
(29, 29, 6)
(29, 30, 6)
(29, 31, 5)
(29, 32, 5)
(29, 33, 5)
(29, 34, 5)
(29, 35, 5)
(29, 36, 5)
(29, 37, 5)
(29, 38, 5)
(29, 39, 5)

(30, 0, 22)
(30, 1, 22)
(30, 2, 22)
(30, 3, 22)
(30, 4, 21)
(30, 5, 12)
(30, 6, 10)
(30, 7, 8)
(30, 8, 8)
(30, 9, 8)
(30, 10, 7)
(30, 11, 7)
(30, 12, 7)
(30, 13, 7)
(30, 14, 7)
(30, 15, 7)
(30, 16, 7)
(30, 17, 7)
(30, 18, 7)
(30, 19, 7)
(30, 20, 7)
(30, 21, 7)
(30, 22, 7)
(30, 23, 7)
(30, 24, 6)
(30, 25, 5)
(30, 26, 5)
(30, 27, 5)
(30, 28, 5)
(30, 29, 5)
(30, 30, 5)
(30, 31, 5)
(30, 32, 5)
(30, 33, 5)
(30, 34, 5)
(30, 35, 5)
(30, 36, 5)
(30, 37, 5)
(30, 38, 5)
(30, 39, 5)

(31, 0, 27)
(31, 1, 27)
(31, 2, 27)
(31, 3, 27)
(31, 4, 26)
(31, 5, 17)
(31, 6, 15)
(31, 7, 13)
(31, 8, 12)
(31, 9, 12)
(31, 10, 10)
(31, 11, 10)
(31, 12, 10)
(31, 13, 10)
(31, 14, 10)
(31, 15, 10)
(31, 16, 10)
(31, 17, 10)
(31, 18, 10)
(31, 19, 10)
(31, 20, 10)
(31, 21, 10)
(31, 22, 10)
(31, 23, 10)
(31, 24, 9)
(31, 25, 8)
(31, 26, 8)
(31, 27, 8)
(31, 28, 7)
(31, 29, 6)
(31, 30, 6)
(31, 31, 6)
(31, 32, 6)
(31, 33, 5)
(31, 34, 5)
(31, 35, 5)
(31, 36, 5)
(31, 37, 5)
(31, 38, 5)
(31, 39, 5)

(32, 0, 29)
(32, 1, 29)
(32, 2, 29)
(32, 3, 29)
(32, 4, 28)
(32, 5, 19)
(32, 6, 16)
(32, 7, 13)
(32, 8, 13)
(32, 9, 12)
(32, 10, 10)
(32, 11, 10)
(32, 12, 10)
(32, 13, 10)
(32, 14, 10)
(32, 15, 10)
(32, 16, 10)
(32, 17, 10)
(32, 18, 10)
(32, 19, 10)
(32, 20, 10)
(32, 21, 10)
(32, 22, 10)
(32, 23, 10)
(32, 24, 9)
(32, 25, 7)
(32, 26, 7)
(32, 27, 7)
(32, 28, 7)
(32, 29, 6)
(32, 30, 5)
(32, 31, 5)
(32, 32, 5)
(32, 33, 5)
(32, 34, 5)
(32, 35, 5)
(32, 36, 5)
(32, 37, 5)
(32, 38, 5)
(32, 39, 5)

(33, 0, 34)
(33, 1, 34)
(33, 2, 34)
(33, 3, 34)
(33, 4, 32)
(33, 5, 23)
(33, 6, 20)
(33, 7, 15)
(33, 8, 15)
(33, 9, 13)
(33, 10, 11)
(33, 11, 11)
(33, 12, 11)
(33, 13, 11)
(33, 14, 11)
(33, 15, 11)
(33, 16, 11)
(33, 17, 11)
(33, 18, 11)
(33, 19, 11)
(33, 20, 11)
(33, 21, 11)
(33, 22, 11)
(33, 23, 11)
(33, 24, 10)
(33, 25, 7)
(33, 26, 7)
(33, 27, 7)
(33, 28, 7)
(33, 29, 6)
(33, 30, 5)
(33, 31, 5)
(33, 32, 5)
(33, 33, 5)
(33, 34, 5)
(33, 35, 5)
(33, 36, 5)
(33, 37, 5)
(33, 38, 5)
(33, 39, 5)

(34, 0, 43)
(34, 1, 43)
(34, 2, 42)
(34, 3, 42)
(34, 4, 39)
(34, 5, 28)
(34, 6, 23)
(34, 7, 18)
(34, 8, 18)
(34, 9, 15)
(34, 10, 13)
(34, 11, 13)
(34, 12, 13)
(34, 13, 13)
(34, 14, 13)
(34, 15, 13)
(34, 16, 12)
(34, 17, 12)
(34, 18, 12)
(34, 19, 12)
(34, 20, 12)
(34, 21, 11)
(34, 22, 11)
(34, 23, 10)
(34, 24, 9)
(34, 25, 6)
(34, 26, 6)
(34, 27, 6)
(34, 28, 6)
(34, 29, 6)
(34, 30, 5)
(34, 31, 5)
(34, 32, 5)
(34, 33, 5)
(34, 34, 5)
(34, 35, 5)
(34, 36, 5)
(34, 37, 5)
(34, 38, 5)
(34, 39, 5)

(35, 0, 55)
(35, 1, 55)
(35, 2, 53)
(35, 3, 49)
(35, 4, 44)
(35, 5, 31)
(35, 6, 24)
(35, 7, 18)
(35, 8, 18)
(35, 9, 15)
(35, 10, 13)
(35, 11, 13)
(35, 12, 13)
(35, 13, 13)
(35, 14, 13)
(35, 15, 13)
(35, 16, 12)
(35, 17, 12)
(35, 18, 12)
(35, 19, 12)
(35, 20, 12)
(35, 21, 11)
(35, 22, 11)
(35, 23, 10)
(35, 24, 9)
(35, 25, 6)
(35, 26, 6)
(35, 27, 6)
(35, 28, 6)
(35, 29, 6)
(35, 30, 5)
(35, 31, 5)
(35, 32, 5)
(35, 33, 5)
(35, 34, 5)
(35, 35, 5)
(35, 36, 5)
(35, 37, 5)
(35, 38, 5)
(35, 39, 5)

(36, 0, 69)
(36, 1, 69)
(36, 2, 66)
(36, 3, 58)
(36, 4, 51)
(36, 5, 38)
(36, 6, 27)
(36, 7, 21)
(36, 8, 20)
(36, 9, 17)
(36, 10, 15)
(36, 11, 15)
(36, 12, 15)
(36, 13, 15)
(36, 14, 15)
(36, 15, 13)
(36, 16, 11)
(36, 17, 11)
(36, 18, 11)
(36, 19, 11)
(36, 20, 11)
(36, 21, 10)
(36, 22, 10)
(36, 23, 9)
(36, 24, 8)
(36, 25, 6)
(36, 26, 6)
(36, 27, 6)
(36, 28, 6)
(36, 29, 6)
(36, 30, 5)
(36, 31, 5)
(36, 32, 5)
(36, 33, 5)
(36, 34, 5)
(36, 35, 5)
(36, 36, 5)
(36, 37, 5)
(36, 38, 5)
(36, 39, 5)

(37, 0, 95)
(37, 1, 95)
(37, 2, 91)
(37, 3, 78)
(37, 4, 67)
(37, 5, 49)
(37, 6, 36)
(37, 7, 24)
(37, 8, 21)
(37, 9, 17)
(37, 10, 15)
(37, 11, 15)
(37, 12, 15)
(37, 13, 14)
(37, 14, 13)
(37, 15, 13)
(37, 16, 11)
(37, 17, 11)
(37, 18, 11)
(37, 19, 11)
(37, 20, 11)
(37, 21, 10)
(37, 22, 10)
(37, 23, 9)
(37, 24, 8)
(37, 25, 6)
(37, 26, 6)
(37, 27, 6)
(37, 28, 6)
(37, 29, 6)
(37, 30, 5)
(37, 31, 5)
(37, 32, 5)
(37, 33, 5)
(37, 34, 5)
(37, 35, 5)
(37, 36, 5)
(37, 37, 5)
(37, 38, 5)
(37, 39, 5)

(38, 0, 112)
(38, 1, 112)
(38, 2, 108)
(38, 3, 92)
(38, 4, 77)
(38, 5, 58)
(38, 6, 41)
(38, 7, 25)
(38, 8, 21)
(38, 9, 17)
(38, 10, 15)
(38, 11, 15)
(38, 12, 15)
(38, 13, 14)
(38, 14, 13)
(38, 15, 13)
(38, 16, 11)
(38, 17, 11)
(38, 18, 11)
(38, 19, 11)
(38, 20, 11)
(38, 21, 10)
(38, 22, 10)
(38, 23, 9)
(38, 24, 8)
(38, 25, 6)
(38, 26, 6)
(38, 27, 6)
(38, 28, 6)
(38, 29, 6)
(38, 30, 5)
(38, 31, 5)
(38, 32, 5)
(38, 33, 5)
(38, 34, 5)
(38, 35, 5)
(38, 36, 5)
(38, 37, 5)
(38, 38, 5)
(38, 39, 5)

(39, 0, 122)
(39, 1, 122)
(39, 2, 118)
(39, 3, 102)
(39, 4, 87)
(39, 5, 68)
(39, 6, 48)
(39, 7, 27)
(39, 8, 23)
(39, 9, 19)
(39, 10, 16)
(39, 11, 16)
(39, 12, 16)
(39, 13, 15)
(39, 14, 14)
(39, 15, 14)
(39, 16, 12)
(39, 17, 12)
(39, 18, 12)
(39, 19, 12)
(39, 20, 12)
(39, 21, 11)
(39, 22, 11)
(39, 23, 10)
(39, 24, 9)
(39, 25, 6)
(39, 26, 6)
(39, 27, 6)
(39, 28, 6)
(39, 29, 6)
(39, 30, 5)
(39, 31, 5)
(39, 32, 5)
(39, 33, 5)
(39, 34, 5)
(39, 35, 5)
(39, 36, 5)
(39, 37, 5)
(39, 38, 5)
(39, 39, 5)


Betti numbers:
xi_0:
(0, 0, 2)
(1, 0, 2)
(3, 0, 1)
(4, 0, 1)
(5, 0, 2)
(16, 0, 1)
(17, 0, 2)
(18, 0, 1)
(22, 0, 1)
(23, 0, 1)
(24, 0, 2)
(27, 0, 2)
(28, 0, 2)
(29, 0, 1)
(30, 0, 1)
(31, 0, 5)
(32, 0, 2)
(33, 0, 5)
(34, 0, 9)
(35, 0, 12)
(36, 0, 14)
(37, 0, 26)
(38, 0, 17)
(39, 0, 10)
xi_1:
(0, 10, 1)
(1, 4, 1)
(1, 5, 1)
(1, 6, 1)
(4, 10, 1)
(5, 5, 2)
(5, 6, 1)
(17, 7, 1)
(17, 8, 1)
(18, 5, 2)
(23, 7, 1)
(24, 5, 2)
(27, 36, 1)
(28, 5, 1)
(28, 25, 1)
(28, 31, 1)
(29, 5, 1)
(30, 10, 1)
(30, 24, 1)
(31, 8, 1)
(31, 10, 1)
(31, 28, 1)
(31, 29, 1)
(31, 33, 1)
(32, 6, 1)
(32, 7, 1)
(32, 9, 1)
(32, 25, 1)
(32, 30, 1)
(33, 4, 1)
(33, 7, 2)
(33, 9, 1)
(33, 25, 1)
(34, 2, 1)
(34, 4, 1)
(34, 5, 2)
(34, 6, 2)
(34, 9, 1)
(34, 16, 1)
(34, 21, 1)
(34, 23, 1)
(35, 2, 1)
(35, 3, 4)
(35, 4, 2)
(35, 5, 2)
(35, 6, 2)
(35, 7, 1)
(36, 2, 1)
(36, 3, 4)
(36, 4, 2)
(36, 6, 4)
(36, 8, 1)
(36, 15, 2)
(36, 16, 1)
(37, 2, 1)
(37, 3, 5)
(37, 4, 4)
(37, 5, 5)
(37, 6, 2)
(37, 7, 6)
(37, 8, 2)
(37, 9, 1)
(37, 13, 1)
(37, 14, 1)
(38, 3, 3)
(38, 4, 4)
(38, 5, 1)
(38, 6, 4)
(38, 7, 4)
(38, 8, 1)
(38, 9, 1)
(39, 6, 3)
(39, 7, 5)
(39, 10, 1)
(39, 25, 1)
xi_2:
(1, 10, 1)
(5, 10, 1)
(18, 8, 1)
(28, 36, 1)
(30, 31, 1)
(32, 8, 1)
(32, 28, 1)
(32, 33, 1)
(34, 29, 1)
(36, 25, 1)
(37, 15, 2)
(38, 9, 1)
