x-grades
-749064380307379431/200000000000000000
-369951119517762431/100000000000000000
-730740097763670293/200000000000000000
-180394489122953931/50000000000000000
-142483163043992231/40000000000000000
-351626836974053293/100000000000000000
-694091532676252017/200000000000000000
-85616173925549681/25000000000000000
-675767250132542879/200000000000000000
-66660510886068831/20000000000000000
-657442967588833741/200000000000000000
-162070206579244793/50000000000000000
-639118685045124603/200000000000000000
-314978271886635017/100000000000000000
-124158880500283093/40000000000000000
-9556754081711889/3125000000000000
-602470119957706327/200000000000000000
-296653989342925879/100000000000000000
-584145837413997189/200000000000000000
-28749184807107131/10000000000000000
-565821554870288051/200000000000000000
-278329706799216741/100000000000000000
-547497272326578913/200000000000000000
-67291891381840543/25000000000000000
-21166919591314791/8000000000000000
-260005424255507603/100000000000000000
-510848707239160637/200000000000000000
-125421641491826517/50000000000000000
-492524424695451499/200000000000000000
-48336228342359693/20000000000000000
-474200142151742361/200000000000000000
-29064875054992987/12500000000000000
-455875859608033223/200000000000000000
-223356859168089327/100000000000000000
-87510315412864817/40000000000000000
-107097358948117379/50000000000000000
-419227294520614947/200000000000000000
-205032576624380189/100000000000000000
-400903011976905809/200000000000000000
-9793521767626281/5000000000000000

y-grades
9999999/4000000
9999999/2000000
29999997/4000000
9999999/1000000
9999999/800000
29999997/2000000
69999993/4000000
9999999/500000
89999991/4000000
9999999/400000
109999989/4000000
29999997/1000000
129999987/4000000
69999993/2000000
29999997/800000
9999999/250000
169999983/4000000
89999991/2000000
189999981/4000000
9999999/200000
209999979/4000000
109999989/2000000
229999977/4000000
29999997/500000
9999999/160000
129999987/2000000
269999973/4000000
69999993/1000000
289999971/4000000
29999997/400000
309999969/4000000
9999999/125000
329999967/4000000
169999983/2000000
69999993/800000
89999991/1000000
369999963/4000000
189999981/2000000
389999961/4000000
9999999/100000

Dimensions > 0:
(0, 0, 4)
(0, 1, 4)
(0, 2, 3)
(0, 3, 2)
(0, 4, 2)
(0, 5, 2)
(0, 6, 2)
(0, 7, 2)
(0, 8, 2)
(0, 9, 2)
(0, 10, 2)
(0, 11, 2)
(0, 12, 2)
(0, 13, 2)
(0, 14, 2)
(0, 15, 2)
(0, 16, 2)
(0, 17, 2)
(0, 18, 2)
(0, 19, 2)
(0, 20, 2)
(0, 21, 2)
(0, 22, 2)
(0, 23, 2)
(0, 24, 2)
(0, 25, 2)
(0, 26, 2)
(0, 27, 2)
(0, 28, 2)
(0, 29, 2)
(0, 30, 2)
(0, 31, 2)
(0, 32, 2)
(0, 33, 2)
(0, 34, 2)
(0, 35, 2)
(0, 36, 2)
(0, 37, 2)
(0, 38, 2)
(0, 39, 2)

(1, 0, 6)
(1, 1, 4)
(1, 2, 3)
(1, 3, 2)
(1, 4, 2)
(1, 5, 2)
(1, 6, 2)
(1, 7, 2)
(1, 8, 2)
(1, 9, 2)
(1, 10, 2)
(1, 11, 2)
(1, 12, 2)
(1, 13, 2)
(1, 14, 2)
(1, 15, 2)
(1, 16, 2)
(1, 17, 2)
(1, 18, 2)
(1, 19, 2)
(1, 20, 2)
(1, 21, 2)
(1, 22, 2)
(1, 23, 2)
(1, 24, 2)
(1, 25, 2)
(1, 26, 2)
(1, 27, 2)
(1, 28, 2)
(1, 29, 2)
(1, 30, 2)
(1, 31, 2)
(1, 32, 2)
(1, 33, 2)
(1, 34, 2)
(1, 35, 2)
(1, 36, 2)
(1, 37, 2)
(1, 38, 2)
(1, 39, 2)

(2, 0, 13)
(2, 1, 6)
(2, 2, 5)
(2, 3, 3)
(2, 4, 3)
(2, 5, 3)
(2, 6, 3)
(2, 7, 3)
(2, 8, 3)
(2, 9, 2)
(2, 10, 2)
(2, 11, 2)
(2, 12, 2)
(2, 13, 2)
(2, 14, 2)
(2, 15, 2)
(2, 16, 2)
(2, 17, 2)
(2, 18, 2)
(2, 19, 2)
(2, 20, 2)
(2, 21, 2)
(2, 22, 2)
(2, 23, 2)
(2, 24, 2)
(2, 25, 2)
(2, 26, 2)
(2, 27, 2)
(2, 28, 2)
(2, 29, 2)
(2, 30, 2)
(2, 31, 2)
(2, 32, 1)
(2, 33, 1)
(2, 34, 1)
(2, 35, 1)
(2, 36, 1)
(2, 37, 1)
(2, 38, 1)
(2, 39, 1)

(3, 0, 16)
(3, 1, 6)
(3, 2, 4)
(3, 3, 3)
(3, 4, 3)
(3, 5, 3)
(3, 6, 3)
(3, 7, 3)
(3, 8, 3)
(3, 9, 2)
(3, 10, 2)
(3, 11, 2)
(3, 12, 2)
(3, 13, 2)
(3, 14, 2)
(3, 15, 2)
(3, 16, 2)
(3, 17, 2)
(3, 18, 2)
(3, 19, 2)
(3, 20, 2)
(3, 21, 2)
(3, 22, 2)
(3, 23, 2)
(3, 24, 2)
(3, 25, 2)
(3, 26, 2)
(3, 27, 2)
(3, 28, 2)
(3, 29, 2)
(3, 30, 1)
(3, 31, 1)
(3, 32, 1)
(3, 33, 1)
(3, 34, 1)
(3, 35, 1)
(3, 36, 1)
(3, 37, 1)
(3, 38, 1)
(3, 39, 1)

(4, 0, 22)
(4, 1, 9)
(4, 2, 5)
(4, 3, 3)
(4, 4, 3)
(4, 5, 3)
(4, 6, 3)
(4, 7, 3)
(4, 8, 3)
(4, 9, 2)
(4, 10, 2)
(4, 11, 2)
(4, 12, 2)
(4, 13, 2)
(4, 14, 2)
(4, 15, 2)
(4, 16, 2)
(4, 17, 2)
(4, 18, 2)
(4, 19, 2)
(4, 20, 2)
(4, 21, 2)
(4, 22, 2)
(4, 23, 2)
(4, 24, 2)
(4, 25, 2)
(4, 26, 2)
(4, 27, 1)
(4, 28, 1)
(4, 29, 1)
(4, 30, 1)
(4, 31, 1)
(4, 32, 1)
(4, 33, 1)
(4, 34, 1)
(4, 35, 1)
(4, 36, 1)
(4, 37, 1)
(4, 38, 1)
(4, 39, 1)

(5, 0, 26)
(5, 1, 8)
(5, 2, 4)
(5, 3, 3)
(5, 4, 3)
(5, 5, 3)
(5, 6, 3)
(5, 7, 3)
(5, 8, 3)
(5, 9, 2)
(5, 10, 2)
(5, 11, 2)
(5, 12, 2)
(5, 13, 2)
(5, 14, 2)
(5, 15, 2)
(5, 16, 2)
(5, 17, 2)
(5, 18, 2)
(5, 19, 2)
(5, 20, 2)
(5, 21, 2)
(5, 22, 2)
(5, 23, 2)
(5, 24, 2)
(5, 25, 1)
(5, 26, 1)
(5, 27, 1)
(5, 28, 1)
(5, 29, 1)
(5, 30, 1)
(5, 31, 1)
(5, 32, 1)
(5, 33, 1)
(5, 34, 1)
(5, 35, 1)
(5, 36, 1)
(5, 37, 1)
(5, 38, 1)
(5, 39, 1)

(6, 0, 31)
(6, 1, 9)
(6, 2, 5)
(6, 3, 3)
(6, 4, 3)
(6, 5, 3)
(6, 6, 3)
(6, 7, 3)
(6, 8, 3)
(6, 9, 2)
(6, 10, 2)
(6, 11, 2)
(6, 12, 2)
(6, 13, 2)
(6, 14, 2)
(6, 15, 2)
(6, 16, 2)
(6, 17, 2)
(6, 18, 2)
(6, 19, 2)
(6, 20, 2)
(6, 21, 2)
(6, 22, 2)
(6, 23, 2)
(6, 24, 1)
(6, 25, 1)
(6, 26, 1)
(6, 27, 1)
(6, 28, 1)
(6, 29, 1)
(6, 30, 1)
(6, 31, 1)
(6, 32, 1)
(6, 33, 1)
(6, 34, 1)
(6, 35, 1)
(6, 36, 1)
(6, 37, 1)
(6, 38, 1)
(6, 39, 1)

(7, 0, 35)
(7, 1, 10)
(7, 2, 6)
(7, 3, 4)
(7, 4, 4)
(7, 5, 4)
(7, 6, 4)
(7, 7, 4)
(7, 8, 4)
(7, 9, 3)
(7, 10, 3)
(7, 11, 2)
(7, 12, 2)
(7, 13, 2)
(7, 14, 2)
(7, 15, 2)
(7, 16, 2)
(7, 17, 2)
(7, 18, 2)
(7, 19, 2)
(7, 20, 2)
(7, 21, 1)
(7, 22, 1)
(7, 23, 1)
(7, 24, 1)
(7, 25, 1)
(7, 26, 1)
(7, 27, 1)
(7, 28, 1)
(7, 29, 1)
(7, 30, 1)
(7, 31, 1)
(7, 32, 1)
(7, 33, 1)
(7, 34, 1)
(7, 35, 1)
(7, 36, 1)
(7, 37, 1)
(7, 38, 1)
(7, 39, 1)

(8, 0, 41)
(8, 1, 13)
(8, 2, 7)
(8, 3, 5)
(8, 4, 5)
(8, 5, 5)
(8, 6, 5)
(8, 7, 5)
(8, 8, 5)
(8, 9, 4)
(8, 10, 4)
(8, 11, 3)
(8, 12, 3)
(8, 13, 3)
(8, 14, 3)
(8, 15, 3)
(8, 16, 3)
(8, 17, 3)
(8, 18, 2)
(8, 19, 1)
(8, 20, 1)
(8, 21, 1)
(8, 22, 1)
(8, 23, 1)
(8, 24, 1)
(8, 25, 1)
(8, 26, 1)
(8, 27, 1)
(8, 28, 1)
(8, 29, 1)
(8, 30, 1)
(8, 31, 1)
(8, 32, 1)
(8, 33, 1)
(8, 34, 1)
(8, 35, 1)
(8, 36, 1)
(8, 37, 1)
(8, 38, 1)
(8, 39, 1)

(9, 0, 42)
(9, 1, 13)
(9, 2, 7)
(9, 3, 5)
(9, 4, 5)
(9, 5, 5)
(9, 6, 5)
(9, 7, 5)
(9, 8, 5)
(9, 9, 4)
(9, 10, 4)
(9, 11, 3)
(9, 12, 3)
(9, 13, 3)
(9, 14, 3)
(9, 15, 3)
(9, 16, 3)
(9, 17, 3)
(9, 18, 2)
(9, 19, 1)
(9, 20, 1)
(9, 21, 1)
(9, 22, 1)
(9, 23, 1)
(9, 24, 1)
(9, 25, 1)
(9, 26, 1)
(9, 27, 1)
(9, 28, 1)
(9, 29, 1)
(9, 30, 1)
(9, 31, 1)
(9, 32, 1)
(9, 33, 1)
(9, 34, 1)
(9, 35, 1)
(9, 36, 1)
(9, 37, 1)
(9, 38, 1)
(9, 39, 1)

(10, 0, 44)
(10, 1, 15)
(10, 2, 8)
(10, 3, 5)
(10, 4, 5)
(10, 5, 5)
(10, 6, 5)
(10, 7, 5)
(10, 8, 5)
(10, 9, 4)
(10, 10, 4)
(10, 11, 3)
(10, 12, 3)
(10, 13, 3)
(10, 14, 3)
(10, 15, 3)
(10, 16, 3)
(10, 17, 3)
(10, 18, 2)
(10, 19, 1)
(10, 20, 1)
(10, 21, 1)
(10, 22, 1)
(10, 23, 1)
(10, 24, 1)
(10, 25, 1)
(10, 26, 1)
(10, 27, 1)
(10, 28, 1)
(10, 29, 1)
(10, 30, 1)
(10, 31, 1)
(10, 32, 1)
(10, 33, 1)
(10, 34, 1)
(10, 35, 1)
(10, 36, 1)
(10, 37, 1)
(10, 38, 1)
(10, 39, 1)

(11, 0, 48)
(11, 1, 16)
(11, 2, 7)
(11, 3, 5)
(11, 4, 5)
(11, 5, 5)
(11, 6, 5)
(11, 7, 5)
(11, 8, 5)
(11, 9, 4)
(11, 10, 4)
(11, 11, 3)
(11, 12, 3)
(11, 13, 3)
(11, 14, 3)
(11, 15, 3)
(11, 16, 3)
(11, 17, 3)
(11, 18, 2)
(11, 19, 1)
(11, 20, 1)
(11, 21, 1)
(11, 22, 1)
(11, 23, 1)
(11, 24, 1)
(11, 25, 1)
(11, 26, 1)
(11, 27, 1)
(11, 28, 1)
(11, 29, 1)
(11, 30, 1)
(11, 31, 1)
(11, 32, 1)
(11, 33, 1)
(11, 34, 1)
(11, 35, 1)
(11, 36, 1)
(11, 37, 1)
(11, 38, 1)
(11, 39, 1)

(12, 0, 48)
(12, 1, 16)
(12, 2, 7)
(12, 3, 5)
(12, 4, 5)
(12, 5, 5)
(12, 6, 5)
(12, 7, 5)
(12, 8, 5)
(12, 9, 4)
(12, 10, 4)
(12, 11, 3)
(12, 12, 3)
(12, 13, 3)
(12, 14, 3)
(12, 15, 3)
(12, 16, 3)
(12, 17, 3)
(12, 18, 2)
(12, 19, 1)
(12, 20, 1)
(12, 21, 1)
(12, 22, 1)
(12, 23, 1)
(12, 24, 1)
(12, 25, 1)
(12, 26, 1)
(12, 27, 1)
(12, 28, 1)
(12, 29, 1)
(12, 30, 1)
(12, 31, 1)
(12, 32, 1)
(12, 33, 1)
(12, 34, 1)
(12, 35, 1)
(12, 36, 1)
(12, 37, 1)
(12, 38, 1)
(12, 39, 1)

(13, 0, 50)
(13, 1, 18)
(13, 2, 9)
(13, 3, 6)
(13, 4, 6)
(13, 5, 6)
(13, 6, 6)
(13, 7, 6)
(13, 8, 6)
(13, 9, 5)
(13, 10, 5)
(13, 11, 4)
(13, 12, 4)
(13, 13, 4)
(13, 14, 4)
(13, 15, 4)
(13, 16, 3)
(13, 17, 3)
(13, 18, 2)
(13, 19, 1)
(13, 20, 1)
(13, 21, 1)
(13, 22, 1)
(13, 23, 1)
(13, 24, 1)
(13, 25, 1)
(13, 26, 1)
(13, 27, 1)
(13, 28, 1)
(13, 29, 1)
(13, 30, 1)
(13, 31, 1)
(13, 32, 1)
(13, 33, 1)
(13, 34, 1)
(13, 35, 1)
(13, 36, 1)
(13, 37, 1)
(13, 38, 1)
(13, 39, 1)

(14, 0, 53)
(14, 1, 21)
(14, 2, 10)
(14, 3, 6)
(14, 4, 6)
(14, 5, 6)
(14, 6, 6)
(14, 7, 6)
(14, 8, 6)
(14, 9, 5)
(14, 10, 5)
(14, 11, 4)
(14, 12, 4)
(14, 13, 4)
(14, 14, 4)
(14, 15, 4)
(14, 16, 3)
(14, 17, 3)
(14, 18, 2)
(14, 19, 1)
(14, 20, 1)
(14, 21, 1)
(14, 22, 1)
(14, 23, 1)
(14, 24, 1)
(14, 25, 1)
(14, 26, 1)
(14, 27, 1)
(14, 28, 1)
(14, 29, 1)
(14, 30, 1)
(14, 31, 1)
(14, 32, 1)
(14, 33, 1)
(14, 34, 1)
(14, 35, 1)
(14, 36, 1)
(14, 37, 1)
(14, 38, 1)
(14, 39, 1)

(15, 0, 57)
(15, 1, 22)
(15, 2, 12)
(15, 3, 8)
(15, 4, 8)
(15, 5, 7)
(15, 6, 6)
(15, 7, 6)
(15, 8, 6)
(15, 9, 5)
(15, 10, 5)
(15, 11, 3)
(15, 12, 3)
(15, 13, 3)
(15, 14, 2)
(15, 15, 2)
(15, 16, 1)
(15, 17, 1)
(15, 18, 1)
(15, 19, 1)
(15, 20, 1)
(15, 21, 1)
(15, 22, 1)
(15, 23, 1)
(15, 24, 1)
(15, 25, 1)
(15, 26, 1)
(15, 27, 1)
(15, 28, 1)
(15, 29, 1)
(15, 30, 1)
(15, 31, 1)
(15, 32, 1)
(15, 33, 1)
(15, 34, 1)
(15, 35, 1)
(15, 36, 1)
(15, 37, 1)
(15, 38, 1)
(15, 39, 1)

(16, 0, 61)
(16, 1, 25)
(16, 2, 13)
(16, 3, 8)
(16, 4, 8)
(16, 5, 8)
(16, 6, 7)
(16, 7, 7)
(16, 8, 6)
(16, 9, 5)
(16, 10, 5)
(16, 11, 3)
(16, 12, 3)
(16, 13, 3)
(16, 14, 3)
(16, 15, 3)
(16, 16, 2)
(16, 17, 2)
(16, 18, 2)
(16, 19, 2)
(16, 20, 2)
(16, 21, 2)
(16, 22, 2)
(16, 23, 2)
(16, 24, 2)
(16, 25, 2)
(16, 26, 2)
(16, 27, 2)
(16, 28, 2)
(16, 29, 2)
(16, 30, 2)
(16, 31, 2)
(16, 32, 2)
(16, 33, 2)
(16, 34, 1)
(16, 35, 1)
(16, 36, 1)
(16, 37, 1)
(16, 38, 1)
(16, 39, 1)

(17, 0, 65)
(17, 1, 27)
(17, 2, 14)
(17, 3, 8)
(17, 4, 8)
(17, 5, 8)
(17, 6, 7)
(17, 7, 6)
(17, 8, 6)
(17, 9, 5)
(17, 10, 5)
(17, 11, 3)
(17, 12, 3)
(17, 13, 3)
(17, 14, 3)
(17, 15, 3)
(17, 16, 2)
(17, 17, 2)
(17, 18, 2)
(17, 19, 2)
(17, 20, 2)
(17, 21, 2)
(17, 22, 2)
(17, 23, 2)
(17, 24, 2)
(17, 25, 2)
(17, 26, 2)
(17, 27, 2)
(17, 28, 2)
(17, 29, 2)
(17, 30, 2)
(17, 31, 2)
(17, 32, 2)
(17, 33, 2)
(17, 34, 1)
(17, 35, 1)
(17, 36, 1)
(17, 37, 1)
(17, 38, 1)
(17, 39, 1)

(18, 0, 67)
(18, 1, 26)
(18, 2, 13)
(18, 3, 8)
(18, 4, 8)
(18, 5, 8)
(18, 6, 7)
(18, 7, 6)
(18, 8, 6)
(18, 9, 5)
(18, 10, 5)
(18, 11, 3)
(18, 12, 3)
(18, 13, 3)
(18, 14, 3)
(18, 15, 3)
(18, 16, 2)
(18, 17, 2)
(18, 18, 2)
(18, 19, 2)
(18, 20, 2)
(18, 21, 2)
(18, 22, 2)
(18, 23, 2)
(18, 24, 2)
(18, 25, 2)
(18, 26, 2)
(18, 27, 2)
(18, 28, 2)
(18, 29, 2)
(18, 30, 2)
(18, 31, 2)
(18, 32, 2)
(18, 33, 2)
(18, 34, 1)
(18, 35, 1)
(18, 36, 1)
(18, 37, 1)
(18, 38, 1)
(18, 39, 1)

(19, 0, 70)
(19, 1, 28)
(19, 2, 15)
(19, 3, 9)
(19, 4, 9)
(19, 5, 9)
(19, 6, 8)
(19, 7, 7)
(19, 8, 7)
(19, 9, 6)
(19, 10, 6)
(19, 11, 4)
(19, 12, 4)
(19, 13, 4)
(19, 14, 4)
(19, 15, 3)
(19, 16, 1)
(19, 17, 1)
(19, 18, 1)
(19, 19, 1)
(19, 20, 1)
(19, 21, 1)
(19, 22, 1)
(19, 23, 1)
(19, 24, 1)
(19, 25, 1)
(19, 26, 1)
(19, 27, 1)
(19, 28, 1)
(19, 29, 1)
(19, 30, 1)
(19, 31, 1)
(19, 32, 1)
(19, 33, 1)
(19, 34, 1)
(19, 35, 1)
(19, 36, 1)
(19, 37, 1)
(19, 38, 1)
(19, 39, 1)

(20, 0, 71)
(20, 1, 29)
(20, 2, 16)
(20, 3, 10)
(20, 4, 10)
(20, 5, 10)
(20, 6, 9)
(20, 7, 8)
(20, 8, 8)
(20, 9, 7)
(20, 10, 7)
(20, 11, 5)
(20, 12, 5)
(20, 13, 5)
(20, 14, 5)
(20, 15, 4)
(20, 16, 2)
(20, 17, 2)
(20, 18, 2)
(20, 19, 1)
(20, 20, 1)
(20, 21, 1)
(20, 22, 1)
(20, 23, 1)
(20, 24, 1)
(20, 25, 1)
(20, 26, 1)
(20, 27, 1)
(20, 28, 1)
(20, 29, 1)
(20, 30, 1)
(20, 31, 1)
(20, 32, 1)
(20, 33, 1)
(20, 34, 1)
(20, 35, 1)
(20, 36, 1)
(20, 37, 1)
(20, 38, 1)
(20, 39, 1)

(21, 0, 72)
(21, 1, 30)
(21, 2, 16)
(21, 3, 10)
(21, 4, 10)
(21, 5, 10)
(21, 6, 9)
(21, 7, 8)
(21, 8, 8)
(21, 9, 7)
(21, 10, 7)
(21, 11, 5)
(21, 12, 5)
(21, 13, 5)
(21, 14, 5)
(21, 15, 4)
(21, 16, 2)
(21, 17, 2)
(21, 18, 1)
(21, 19, 1)
(21, 20, 1)
(21, 21, 1)
(21, 22, 1)
(21, 23, 1)
(21, 24, 1)
(21, 25, 1)
(21, 26, 1)
(21, 27, 1)
(21, 28, 1)
(21, 29, 1)
(21, 30, 1)
(21, 31, 1)
(21, 32, 1)
(21, 33, 1)
(21, 34, 1)
(21, 35, 1)
(21, 36, 1)
(21, 37, 1)
(21, 38, 1)
(21, 39, 1)

(22, 0, 72)
(22, 1, 30)
(22, 2, 16)
(22, 3, 10)
(22, 4, 10)
(22, 5, 10)
(22, 6, 9)
(22, 7, 8)
(22, 8, 8)
(22, 9, 7)
(22, 10, 7)
(22, 11, 5)
(22, 12, 5)
(22, 13, 5)
(22, 14, 5)
(22, 15, 4)
(22, 16, 2)
(22, 17, 2)
(22, 18, 1)
(22, 19, 1)
(22, 20, 1)
(22, 21, 1)
(22, 22, 1)
(22, 23, 1)
(22, 24, 1)
(22, 25, 1)
(22, 26, 1)
(22, 27, 1)
(22, 28, 1)
(22, 29, 1)
(22, 30, 1)
(22, 31, 1)
(22, 32, 1)
(22, 33, 1)
(22, 34, 1)
(22, 35, 1)
(22, 36, 1)
(22, 37, 1)
(22, 38, 1)
(22, 39, 1)

(23, 0, 72)
(23, 1, 30)
(23, 2, 16)
(23, 3, 10)
(23, 4, 10)
(23, 5, 10)
(23, 6, 9)
(23, 7, 8)
(23, 8, 8)
(23, 9, 7)
(23, 10, 7)
(23, 11, 5)
(23, 12, 5)
(23, 13, 5)
(23, 14, 5)
(23, 15, 4)
(23, 16, 2)
(23, 17, 2)
(23, 18, 1)
(23, 19, 1)
(23, 20, 1)
(23, 21, 1)
(23, 22, 1)
(23, 23, 1)
(23, 24, 1)
(23, 25, 1)
(23, 26, 1)
(23, 27, 1)
(23, 28, 1)
(23, 29, 1)
(23, 30, 1)
(23, 31, 1)
(23, 32, 1)
(23, 33, 1)
(23, 34, 1)
(23, 35, 1)
(23, 36, 1)
(23, 37, 1)
(23, 38, 1)
(23, 39, 1)

(24, 0, 72)
(24, 1, 30)
(24, 2, 16)
(24, 3, 10)
(24, 4, 10)
(24, 5, 10)
(24, 6, 9)
(24, 7, 8)
(24, 8, 8)
(24, 9, 7)
(24, 10, 7)
(24, 11, 5)
(24, 12, 5)
(24, 13, 5)
(24, 14, 5)
(24, 15, 4)
(24, 16, 2)
(24, 17, 2)
(24, 18, 1)
(24, 19, 1)
(24, 20, 1)
(24, 21, 1)
(24, 22, 1)
(24, 23, 1)
(24, 24, 1)
(24, 25, 1)
(24, 26, 1)
(24, 27, 1)
(24, 28, 1)
(24, 29, 1)
(24, 30, 1)
(24, 31, 1)
(24, 32, 1)
(24, 33, 1)
(24, 34, 1)
(24, 35, 1)
(24, 36, 1)
(24, 37, 1)
(24, 38, 1)
(24, 39, 1)

(25, 0, 72)
(25, 1, 30)
(25, 2, 16)
(25, 3, 10)
(25, 4, 10)
(25, 5, 10)
(25, 6, 9)
(25, 7, 8)
(25, 8, 8)
(25, 9, 7)
(25, 10, 7)
(25, 11, 5)
(25, 12, 5)
(25, 13, 5)
(25, 14, 5)
(25, 15, 4)
(25, 16, 2)
(25, 17, 2)
(25, 18, 1)
(25, 19, 1)
(25, 20, 1)
(25, 21, 1)
(25, 22, 1)
(25, 23, 1)
(25, 24, 1)
(25, 25, 1)
(25, 26, 1)
(25, 27, 1)
(25, 28, 1)
(25, 29, 1)
(25, 30, 1)
(25, 31, 1)
(25, 32, 1)
(25, 33, 1)
(25, 34, 1)
(25, 35, 1)
(25, 36, 1)
(25, 37, 1)
(25, 38, 1)
(25, 39, 1)

(26, 0, 72)
(26, 1, 30)
(26, 2, 16)
(26, 3, 10)
(26, 4, 10)
(26, 5, 10)
(26, 6, 9)
(26, 7, 8)
(26, 8, 8)
(26, 9, 7)
(26, 10, 7)
(26, 11, 5)
(26, 12, 5)
(26, 13, 5)
(26, 14, 5)
(26, 15, 4)
(26, 16, 2)
(26, 17, 2)
(26, 18, 1)
(26, 19, 1)
(26, 20, 1)
(26, 21, 1)
(26, 22, 1)
(26, 23, 1)
(26, 24, 1)
(26, 25, 1)
(26, 26, 1)
(26, 27, 1)
(26, 28, 1)
(26, 29, 1)
(26, 30, 1)
(26, 31, 1)
(26, 32, 1)
(26, 33, 1)
(26, 34, 1)
(26, 35, 1)
(26, 36, 1)
(26, 37, 1)
(26, 38, 1)
(26, 39, 1)

(27, 0, 75)
(27, 1, 33)
(27, 2, 19)
(27, 3, 12)
(27, 4, 12)
(27, 5, 12)
(27, 6, 11)
(27, 7, 10)
(27, 8, 10)
(27, 9, 9)
(27, 10, 9)
(27, 11, 7)
(27, 12, 7)
(27, 13, 7)
(27, 14, 7)
(27, 15, 6)
(27, 16, 3)
(27, 17, 3)
(27, 18, 2)
(27, 19, 2)
(27, 20, 2)
(27, 21, 2)
(27, 22, 2)
(27, 23, 2)
(27, 24, 2)
(27, 25, 2)
(27, 26, 2)
(27, 27, 2)
(27, 28, 2)
(27, 29, 2)
(27, 30, 2)
(27, 31, 2)
(27, 32, 2)
(27, 33, 2)
(27, 34, 2)
(27, 35, 2)
(27, 36, 2)
(27, 37, 2)
(27, 38, 1)
(27, 39, 1)

(28, 0, 81)
(28, 1, 37)
(28, 2, 19)
(28, 3, 13)
(28, 4, 13)
(28, 5, 13)
(28, 6, 12)
(28, 7, 11)
(28, 8, 11)
(28, 9, 10)
(28, 10, 10)
(28, 11, 8)
(28, 12, 7)
(28, 13, 7)
(28, 14, 7)
(28, 15, 6)
(28, 16, 3)
(28, 17, 3)
(28, 18, 2)
(28, 19, 2)
(28, 20, 2)
(28, 21, 2)
(28, 22, 2)
(28, 23, 2)
(28, 24, 2)
(28, 25, 2)
(28, 26, 2)
(28, 27, 2)
(28, 28, 2)
(28, 29, 2)
(28, 30, 2)
(28, 31, 2)
(28, 32, 2)
(28, 33, 1)
(28, 34, 1)
(28, 35, 1)
(28, 36, 1)
(28, 37, 1)
(28, 38, 1)
(28, 39, 1)

(29, 0, 84)
(29, 1, 40)
(29, 2, 20)
(29, 3, 13)
(29, 4, 13)
(29, 5, 13)
(29, 6, 12)
(29, 7, 11)
(29, 8, 11)
(29, 9, 10)
(29, 10, 10)
(29, 11, 8)
(29, 12, 7)
(29, 13, 7)
(29, 14, 7)
(29, 15, 6)
(29, 16, 3)
(29, 17, 3)
(29, 18, 2)
(29, 19, 2)
(29, 20, 2)
(29, 21, 2)
(29, 22, 2)
(29, 23, 2)
(29, 24, 2)
(29, 25, 2)
(29, 26, 2)
(29, 27, 2)
(29, 28, 2)
(29, 29, 2)
(29, 30, 2)
(29, 31, 2)
(29, 32, 2)
(29, 33, 1)
(29, 34, 1)
(29, 35, 1)
(29, 36, 1)
(29, 37, 1)
(29, 38, 1)
(29, 39, 1)

(30, 0, 90)
(30, 1, 44)
(30, 2, 22)
(30, 3, 15)
(30, 4, 15)
(30, 5, 15)
(30, 6, 14)
(30, 7, 13)
(30, 8, 13)
(30, 9, 12)
(30, 10, 12)
(30, 11, 10)
(30, 12, 9)
(30, 13, 9)
(30, 14, 9)
(30, 15, 8)
(30, 16, 5)
(30, 17, 4)
(30, 18, 3)
(30, 19, 1)
(30, 20, 1)
(30, 21, 1)
(30, 22, 1)
(30, 23, 1)
(30, 24, 1)
(30, 25, 1)
(30, 26, 1)
(30, 27, 1)
(30, 28, 1)
(30, 29, 1)
(30, 30, 1)
(30, 31, 1)
(30, 32, 1)
(30, 33, 1)
(30, 34, 1)
(30, 35, 1)
(30, 36, 1)
(30, 37, 1)
(30, 38, 1)
(30, 39, 1)

(31, 0, 94)
(31, 1, 47)
(31, 2, 23)
(31, 3, 15)
(31, 4, 15)
(31, 5, 15)
(31, 6, 14)
(31, 7, 13)
(31, 8, 13)
(31, 9, 12)
(31, 10, 12)
(31, 11, 10)
(31, 12, 9)
(31, 13, 9)
(31, 14, 9)
(31, 15, 8)
(31, 16, 5)
(31, 17, 4)
(31, 18, 2)
(31, 19, 1)
(31, 20, 1)
(31, 21, 1)
(31, 22, 1)
(31, 23, 1)
(31, 24, 1)
(31, 25, 1)
(31, 26, 1)
(31, 27, 1)
(31, 28, 1)
(31, 29, 1)
(31, 30, 1)
(31, 31, 1)
(31, 32, 1)
(31, 33, 1)
(31, 34, 1)
(31, 35, 1)
(31, 36, 1)
(31, 37, 1)
(31, 38, 1)
(31, 39, 1)

(32, 0, 99)
(32, 1, 50)
(32, 2, 24)
(32, 3, 16)
(32, 4, 16)
(32, 5, 16)
(32, 6, 15)
(32, 7, 14)
(32, 8, 14)
(32, 9, 12)
(32, 10, 12)
(32, 11, 10)
(32, 12, 9)
(32, 13, 9)
(32, 14, 9)
(32, 15, 8)
(32, 16, 5)
(32, 17, 4)
(32, 18, 2)
(32, 19, 1)
(32, 20, 1)
(32, 21, 1)
(32, 22, 1)
(32, 23, 1)
(32, 24, 1)
(32, 25, 1)
(32, 26, 1)
(32, 27, 1)
(32, 28, 1)
(32, 29, 1)
(32, 30, 1)
(32, 31, 1)
(32, 32, 1)
(32, 33, 1)
(32, 34, 1)
(32, 35, 1)
(32, 36, 1)
(32, 37, 1)
(32, 38, 1)
(32, 39, 1)

(33, 0, 115)
(33, 1, 51)
(33, 2, 25)
(33, 3, 16)
(33, 4, 16)
(33, 5, 16)
(33, 6, 15)
(33, 7, 14)
(33, 8, 14)
(33, 9, 12)
(33, 10, 12)
(33, 11, 10)
(33, 12, 9)
(33, 13, 9)
(33, 14, 9)
(33, 15, 8)
(33, 16, 5)
(33, 17, 4)
(33, 18, 2)
(33, 19, 1)
(33, 20, 1)
(33, 21, 1)
(33, 22, 1)
(33, 23, 1)
(33, 24, 1)
(33, 25, 1)
(33, 26, 1)
(33, 27, 1)
(33, 28, 1)
(33, 29, 1)
(33, 30, 1)
(33, 31, 1)
(33, 32, 1)
(33, 33, 1)
(33, 34, 1)
(33, 35, 1)
(33, 36, 1)
(33, 37, 1)
(33, 38, 1)
(33, 39, 1)

(34, 0, 120)
(34, 1, 53)
(34, 2, 25)
(34, 3, 16)
(34, 4, 16)
(34, 5, 16)
(34, 6, 15)
(34, 7, 14)
(34, 8, 14)
(34, 9, 12)
(34, 10, 12)
(34, 11, 10)
(34, 12, 9)
(34, 13, 9)
(34, 14, 9)
(34, 15, 8)
(34, 16, 5)
(34, 17, 4)
(34, 18, 2)
(34, 19, 1)
(34, 20, 1)
(34, 21, 1)
(34, 22, 1)
(34, 23, 1)
(34, 24, 1)
(34, 25, 1)
(34, 26, 1)
(34, 27, 1)
(34, 28, 1)
(34, 29, 1)
(34, 30, 1)
(34, 31, 1)
(34, 32, 1)
(34, 33, 1)
(34, 34, 1)
(34, 35, 1)
(34, 36, 1)
(34, 37, 1)
(34, 38, 1)
(34, 39, 1)

(35, 0, 129)
(35, 1, 53)
(35, 2, 25)
(35, 3, 17)
(35, 4, 17)
(35, 5, 17)
(35, 6, 16)
(35, 7, 15)
(35, 8, 15)
(35, 9, 13)
(35, 10, 13)
(35, 11, 11)
(35, 12, 10)
(35, 13, 10)
(35, 14, 10)
(35, 15, 8)
(35, 16, 5)
(35, 17, 4)
(35, 18, 2)
(35, 19, 1)
(35, 20, 1)
(35, 21, 1)
(35, 22, 1)
(35, 23, 1)
(35, 24, 1)
(35, 25, 1)
(35, 26, 1)
(35, 27, 1)
(35, 28, 1)
(35, 29, 1)
(35, 30, 1)
(35, 31, 1)
(35, 32, 1)
(35, 33, 1)
(35, 34, 1)
(35, 35, 1)
(35, 36, 1)
(35, 37, 1)
(35, 38, 1)
(35, 39, 1)

(36, 0, 132)
(36, 1, 55)
(36, 2, 26)
(36, 3, 18)
(36, 4, 18)
(36, 5, 18)
(36, 6, 16)
(36, 7, 15)
(36, 8, 15)
(36, 9, 13)
(36, 10, 13)
(36, 11, 11)
(36, 12, 10)
(36, 13, 10)
(36, 14, 9)
(36, 15, 7)
(36, 16, 4)
(36, 17, 2)
(36, 18, 1)
(36, 19, 1)
(36, 20, 1)
(36, 21, 1)
(36, 22, 1)
(36, 23, 1)
(36, 24, 1)
(36, 25, 1)
(36, 26, 1)
(36, 27, 1)
(36, 28, 1)
(36, 29, 1)
(36, 30, 1)
(36, 31, 1)
(36, 32, 1)
(36, 33, 1)
(36, 34, 1)
(36, 35, 1)
(36, 36, 1)
(36, 37, 1)
(36, 38, 1)
(36, 39, 1)

(37, 0, 135)
(37, 1, 57)
(37, 2, 28)
(37, 3, 19)
(37, 4, 18)
(37, 5, 18)
(37, 6, 16)
(37, 7, 15)
(37, 8, 15)
(37, 9, 13)
(37, 10, 12)
(37, 11, 9)
(37, 12, 8)
(37, 13, 8)
(37, 14, 8)
(37, 15, 6)
(37, 16, 3)
(37, 17, 2)
(37, 18, 1)
(37, 19, 1)
(37, 20, 1)
(37, 21, 1)
(37, 22, 1)
(37, 23, 1)
(37, 24, 1)
(37, 25, 1)
(37, 26, 1)
(37, 27, 1)
(37, 28, 1)
(37, 29, 1)
(37, 30, 1)
(37, 31, 1)
(37, 32, 1)
(37, 33, 1)
(37, 34, 1)
(37, 35, 1)
(37, 36, 1)
(37, 37, 1)
(37, 38, 1)
(37, 39, 1)

(38, 0, 135)
(38, 1, 57)
(38, 2, 27)
(38, 3, 18)
(38, 4, 18)
(38, 5, 18)
(38, 6, 16)
(38, 7, 15)
(38, 8, 15)
(38, 9, 13)
(38, 10, 12)
(38, 11, 9)
(38, 12, 8)
(38, 13, 8)
(38, 14, 8)
(38, 15, 6)
(38, 16, 3)
(38, 17, 2)
(38, 18, 1)
(38, 19, 1)
(38, 20, 1)
(38, 21, 1)
(38, 22, 1)
(38, 23, 1)
(38, 24, 1)
(38, 25, 1)
(38, 26, 1)
(38, 27, 1)
(38, 28, 1)
(38, 29, 1)
(38, 30, 1)
(38, 31, 1)
(38, 32, 1)
(38, 33, 1)
(38, 34, 1)
(38, 35, 1)
(38, 36, 1)
(38, 37, 1)
(38, 38, 1)
(38, 39, 1)

(39, 0, 139)
(39, 1, 58)
(39, 2, 27)
(39, 3, 18)
(39, 4, 18)
(39, 5, 18)
(39, 6, 16)
(39, 7, 14)
(39, 8, 14)
(39, 9, 12)
(39, 10, 12)
(39, 11, 9)
(39, 12, 8)
(39, 13, 8)
(39, 14, 8)
(39, 15, 6)
(39, 16, 3)
(39, 17, 2)
(39, 18, 1)
(39, 19, 1)
(39, 20, 1)
(39, 21, 1)
(39, 22, 1)
(39, 23, 1)
(39, 24, 1)
(39, 25, 1)
(39, 26, 1)
(39, 27, 1)
(39, 28, 1)
(39, 29, 1)
(39, 30, 1)
(39, 31, 1)
(39, 32, 1)
(39, 33, 1)
(39, 34, 1)
(39, 35, 1)
(39, 36, 1)
(39, 37, 1)
(39, 38, 1)
(39, 39, 1)


Betti numbers:
xi_0:
(0, 0, 4)
(1, 0, 2)
(2, 0, 7)
(3, 0, 3)
(4, 0, 6)
(5, 0, 4)
(6, 0, 5)
(7, 0, 4)
(8, 0, 6)
(9, 0, 1)
(10, 0, 2)
(11, 0, 4)
(13, 0, 2)
(14, 0, 3)
(15, 0, 4)
(16, 0, 4)
(17, 0, 4)
(18, 0, 2)
(19, 0, 3)
(20, 0, 1)
(21, 0, 1)
(27, 0, 3)
(28, 0, 6)
(29, 0, 3)
(30, 0, 6)
(31, 0, 4)
(32, 0, 5)
(33, 0, 16)
(34, 0, 5)
(35, 0, 9)
(36, 0, 4)
(37, 0, 3)
(39, 0, 4)
xi_1:
(0, 2, 1)
(0, 3, 1)
(1, 1, 2)
(1, 2, 1)
(2, 1, 5)
(2, 3, 1)
(2, 9, 1)
(2, 32, 1)
(3, 1, 3)
(3, 2, 1)
(3, 30, 1)
(4, 1, 3)
(4, 2, 2)
(4, 3, 1)
(4, 27, 1)
(5, 1, 5)
(5, 2, 1)
(5, 25, 1)
(6, 1, 4)
(6, 3, 1)
(6, 24, 1)
(7, 1, 3)
(7, 11, 1)
(7, 21, 1)
(8, 1, 3)
(8, 2, 2)
(8, 18, 1)
(8, 19, 1)
(9, 1, 1)
(10, 2, 1)
(10, 3, 1)
(11, 1, 3)
(11, 2, 2)
(13, 3, 1)
(13, 16, 1)
(14, 2, 2)
(14, 3, 1)
(15, 1, 3)
(15, 5, 1)
(15, 6, 1)
(15, 11, 1)
(15, 14, 1)
(16, 1, 1)
(16, 2, 2)
(16, 3, 1)
(16, 8, 1)
(16, 34, 1)
(17, 1, 2)
(17, 2, 2)
(17, 3, 2)
(17, 7, 1)
(18, 1, 3)
(18, 2, 1)
(19, 1, 1)
(19, 3, 1)
(19, 15, 1)
(19, 16, 1)
(20, 19, 1)
(21, 2, 1)
(21, 18, 1)
(27, 3, 1)
(27, 16, 1)
(27, 38, 1)
(28, 1, 2)
(28, 2, 4)
(28, 12, 1)
(28, 33, 1)
(29, 2, 2)
(29, 3, 1)
(30, 1, 2)
(30, 2, 2)
(30, 17, 1)
(30, 19, 2)
(31, 1, 1)
(31, 2, 2)
(31, 3, 1)
(31, 18, 1)
(32, 1, 2)
(32, 2, 3)
(32, 3, 1)
(32, 9, 1)
(33, 1, 15)
(33, 2, 1)
(33, 3, 1)
(34, 1, 3)
(34, 2, 2)
(35, 1, 9)
(35, 2, 1)
(35, 15, 1)
(36, 0, 1)
(36, 1, 1)
(36, 2, 2)
(36, 6, 1)
(36, 14, 1)
(36, 17, 1)
(37, 1, 1)
(37, 3, 1)
(37, 4, 1)
(37, 10, 1)
(37, 11, 1)
(38, 2, 1)
(39, 1, 3)
(39, 2, 2)
(39, 3, 1)
(39, 7, 1)
xi_2:
(1, 2, 1)
(3, 3, 1)
(3, 32, 1)
(4, 30, 1)
(5, 2, 1)
(5, 3, 1)
(5, 27, 1)
(6, 25, 1)
(7, 24, 1)
(8, 21, 1)
(11, 3, 1)
(15, 2, 1)
(15, 18, 1)
(15, 19, 1)
(16, 5, 1)
(16, 14, 1)
(17, 2, 1)
(17, 3, 1)
(17, 8, 1)
(18, 2, 1)
(18, 3, 1)
(19, 34, 1)
(21, 19, 1)
(28, 3, 1)
(28, 38, 1)
(30, 33, 1)
(31, 19, 1)
(32, 2, 1)
(32, 3, 1)
(33, 2, 1)
(35, 2, 1)
(35, 3, 1)
(36, 2, 1)
(36, 18, 1)
(36, 19, 1)
(37, 14, 1)
(37, 17, 1)
(38, 4, 1)
(39, 2, 1)
(39, 3, 1)
(39, 10, 1)
