x-grades
-47202955905009307/12500000000000000
-185128796026330091/50000000000000000
-90722884216311477/25000000000000000
-177762740838915817/50000000000000000
-4351992831130217/1250000000000000
-170396685651501543/50000000000000000
-83356829028897203/25000000000000000
-163030630464087269/50000000000000000
-39836900717595033/12500000000000000
-31132915055334599/10000000000000000
-75990773841482929/25000000000000000
-148298520089258721/50000000000000000
-4519234140485987/1562500000000000
-140932464901844447/50000000000000000
-13724943730813731/5000000000000000
-133566409714430173/50000000000000000
-32470845530180759/12500000000000000
-126200354527015899/50000000000000000
-61258663466654381/25000000000000000
-950674394716813/400000000000000
-14393908968236811/6250000000000000
-111468244152187351/50000000000000000
-53892608279240107/25000000000000000
-104102188964773077/50000000000000000
-5020958068553297/2500000000000000
-96736133777358803/50000000000000000
-46526553091825833/25000000000000000
-89370078589944529/50000000000000000
-5355440687264837/3125000000000000
-16400804680506051/10000000000000000
-39160497904411559/25000000000000000
-74637968215115981/50000000000000000
-17738735155352211/12500000000000000
-67271913027701707/50000000000000000
-6358888543399457/5000000000000000
-59905857840287433/50000000000000000
-7027853780822537/6250000000000000
-52539802652873159/50000000000000000
-24428387529583011/25000000000000000
-9034749493091777/10000000000000000

y-grades
4999993/2000000
4999993/1000000
14999979/2000000
4999993/500000
4999993/400000
14999979/1000000
34999951/2000000
4999993/250000
44999937/2000000
4999993/200000
54999923/2000000
14999979/500000
64999909/2000000
34999951/1000000
14999979/400000
4999993/125000
84999881/2000000
44999937/1000000
94999867/2000000
4999993/100000
104999853/2000000
54999923/1000000
114999839/2000000
14999979/250000
4999993/80000
64999909/1000000
134999811/2000000
34999951/500000
144999797/2000000
14999979/200000
154999783/2000000
4999993/62500
164999769/2000000
84999881/1000000
34999951/400000
44999937/500000
184999741/2000000
94999867/1000000
194999727/2000000
4999993/50000

Dimensions > 0:
(0, 0, 1)
(0, 1, 1)
(0, 2, 1)
(0, 3, 1)
(0, 4, 1)
(0, 5, 1)
(0, 6, 1)
(0, 7, 1)
(0, 8, 1)
(0, 9, 1)
(0, 10, 1)
(0, 11, 1)
(0, 12, 1)
(0, 13, 1)
(0, 14, 1)
(0, 15, 1)
(0, 16, 1)
(0, 17, 1)
(0, 18, 1)
(0, 19, 1)
(0, 20, 1)
(0, 21, 1)
(0, 22, 1)
(0, 23, 1)
(0, 24, 1)
(0, 25, 1)
(0, 26, 1)
(0, 27, 1)
(0, 28, 1)
(0, 29, 1)
(0, 30, 1)
(0, 31, 1)
(0, 32, 1)
(0, 33, 1)
(0, 34, 1)
(0, 35, 1)
(0, 36, 1)
(0, 37, 1)
(0, 38, 1)
(0, 39, 1)

(1, 0, 2)
(1, 1, 2)
(1, 2, 2)
(1, 3, 2)
(1, 4, 1)
(1, 5, 1)
(1, 6, 1)
(1, 7, 1)
(1, 8, 1)
(1, 9, 1)
(1, 10, 1)
(1, 11, 1)
(1, 12, 1)
(1, 13, 1)
(1, 14, 1)
(1, 15, 1)
(1, 16, 1)
(1, 17, 1)
(1, 18, 1)
(1, 19, 1)
(1, 20, 1)
(1, 21, 1)
(1, 22, 1)
(1, 23, 1)
(1, 24, 1)
(1, 25, 1)
(1, 26, 1)
(1, 27, 1)
(1, 28, 1)
(1, 29, 1)
(1, 30, 1)
(1, 31, 1)
(1, 32, 1)
(1, 33, 1)
(1, 34, 1)
(1, 35, 1)
(1, 36, 1)
(1, 37, 1)
(1, 38, 1)
(1, 39, 1)

(2, 0, 4)
(2, 1, 2)
(2, 2, 2)
(2, 3, 2)
(2, 4, 1)
(2, 5, 1)
(2, 6, 1)
(2, 7, 1)
(2, 8, 1)
(2, 9, 1)
(2, 10, 1)
(2, 11, 1)
(2, 12, 1)
(2, 13, 1)
(2, 14, 1)
(2, 15, 1)
(2, 16, 1)
(2, 17, 1)
(2, 18, 1)
(2, 19, 1)
(2, 20, 1)
(2, 21, 1)
(2, 22, 1)
(2, 23, 1)
(2, 24, 1)
(2, 25, 1)
(2, 26, 1)
(2, 27, 1)
(2, 28, 1)
(2, 29, 1)
(2, 30, 1)
(2, 31, 1)
(2, 32, 1)
(2, 33, 1)
(2, 34, 1)
(2, 35, 1)
(2, 36, 1)
(2, 37, 1)
(2, 38, 1)
(2, 39, 1)

(3, 0, 9)
(3, 1, 5)
(3, 2, 5)
(3, 3, 4)
(3, 4, 2)
(3, 5, 2)
(3, 6, 2)
(3, 7, 2)
(3, 8, 2)
(3, 9, 2)
(3, 10, 2)
(3, 11, 2)
(3, 12, 2)
(3, 13, 2)
(3, 14, 2)
(3, 15, 2)
(3, 16, 2)
(3, 17, 2)
(3, 18, 2)
(3, 19, 1)
(3, 20, 1)
(3, 21, 1)
(3, 22, 1)
(3, 23, 1)
(3, 24, 1)
(3, 25, 1)
(3, 26, 1)
(3, 27, 1)
(3, 28, 1)
(3, 29, 1)
(3, 30, 1)
(3, 31, 1)
(3, 32, 1)
(3, 33, 1)
(3, 34, 1)
(3, 35, 1)
(3, 36, 1)
(3, 37, 1)
(3, 38, 1)
(3, 39, 1)

(4, 0, 16)
(4, 1, 7)
(4, 2, 5)
(4, 3, 4)
(4, 4, 2)
(4, 5, 2)
(4, 6, 2)
(4, 7, 2)
(4, 8, 2)
(4, 9, 2)
(4, 10, 2)
(4, 11, 2)
(4, 12, 2)
(4, 13, 2)
(4, 14, 2)
(4, 15, 2)
(4, 16, 2)
(4, 17, 1)
(4, 18, 1)
(4, 19, 1)
(4, 20, 1)
(4, 21, 1)
(4, 22, 1)
(4, 23, 1)
(4, 24, 1)
(4, 25, 1)
(4, 26, 1)
(4, 27, 1)
(4, 28, 1)
(4, 29, 1)
(4, 30, 1)
(4, 31, 1)
(4, 32, 1)
(4, 33, 1)
(4, 34, 1)
(4, 35, 1)
(4, 36, 1)
(4, 37, 1)
(4, 38, 1)
(4, 39, 1)

(5, 0, 21)
(5, 1, 8)
(5, 2, 6)
(5, 3, 4)
(5, 4, 2)
(5, 5, 2)
(5, 6, 2)
(5, 7, 2)
(5, 8, 2)
(5, 9, 2)
(5, 10, 2)
(5, 11, 2)
(5, 12, 1)
(5, 13, 1)
(5, 14, 1)
(5, 15, 1)
(5, 16, 1)
(5, 17, 1)
(5, 18, 1)
(5, 19, 1)
(5, 20, 1)
(5, 21, 1)
(5, 22, 1)
(5, 23, 1)
(5, 24, 1)
(5, 25, 1)
(5, 26, 1)
(5, 27, 1)
(5, 28, 1)
(5, 29, 1)
(5, 30, 1)
(5, 31, 1)
(5, 32, 1)
(5, 33, 1)
(5, 34, 1)
(5, 35, 1)
(5, 36, 1)
(5, 37, 1)
(5, 38, 1)
(5, 39, 1)

(6, 0, 26)
(6, 1, 10)
(6, 2, 6)
(6, 3, 4)
(6, 4, 2)
(6, 5, 2)
(6, 6, 2)
(6, 7, 2)
(6, 8, 2)
(6, 9, 2)
(6, 10, 2)
(6, 11, 2)
(6, 12, 1)
(6, 13, 1)
(6, 14, 1)
(6, 15, 1)
(6, 16, 1)
(6, 17, 1)
(6, 18, 1)
(6, 19, 1)
(6, 20, 1)
(6, 21, 1)
(6, 22, 1)
(6, 23, 1)
(6, 24, 1)
(6, 25, 1)
(6, 26, 1)
(6, 27, 1)
(6, 28, 1)
(6, 29, 1)
(6, 30, 1)
(6, 31, 1)
(6, 32, 1)
(6, 33, 1)
(6, 34, 1)
(6, 35, 1)
(6, 36, 1)
(6, 37, 1)
(6, 38, 1)
(6, 39, 1)

(7, 0, 30)
(7, 1, 12)
(7, 2, 7)
(7, 3, 5)
(7, 4, 3)
(7, 5, 3)
(7, 6, 2)
(7, 7, 2)
(7, 8, 1)
(7, 9, 1)
(7, 10, 1)
(7, 11, 1)
(7, 12, 1)
(7, 13, 1)
(7, 14, 1)
(7, 15, 1)
(7, 16, 1)
(7, 17, 1)
(7, 18, 1)
(7, 19, 1)
(7, 20, 1)
(7, 21, 1)
(7, 22, 1)
(7, 23, 1)
(7, 24, 1)
(7, 25, 1)
(7, 26, 1)
(7, 27, 1)
(7, 28, 1)
(7, 29, 1)
(7, 30, 1)
(7, 31, 1)
(7, 32, 1)
(7, 33, 1)
(7, 34, 1)
(7, 35, 1)
(7, 36, 1)
(7, 37, 1)
(7, 38, 1)
(7, 39, 1)

(8, 0, 38)
(8, 1, 18)
(8, 2, 10)
(8, 3, 7)
(8, 4, 4)
(8, 5, 4)
(8, 6, 2)
(8, 7, 2)
(8, 8, 1)
(8, 9, 1)
(8, 10, 1)
(8, 11, 1)
(8, 12, 1)
(8, 13, 1)
(8, 14, 1)
(8, 15, 1)
(8, 16, 1)
(8, 17, 1)
(8, 18, 1)
(8, 19, 1)
(8, 20, 1)
(8, 21, 1)
(8, 22, 1)
(8, 23, 1)
(8, 24, 1)
(8, 25, 1)
(8, 26, 1)
(8, 27, 1)
(8, 28, 1)
(8, 29, 1)
(8, 30, 1)
(8, 31, 1)
(8, 32, 1)
(8, 33, 1)
(8, 34, 1)
(8, 35, 1)
(8, 36, 1)
(8, 37, 1)
(8, 38, 1)
(8, 39, 1)

(9, 0, 44)
(9, 1, 20)
(9, 2, 10)
(9, 3, 6)
(9, 4, 2)
(9, 5, 2)
(9, 6, 2)
(9, 7, 2)
(9, 8, 1)
(9, 9, 1)
(9, 10, 1)
(9, 11, 1)
(9, 12, 1)
(9, 13, 1)
(9, 14, 1)
(9, 15, 1)
(9, 16, 1)
(9, 17, 1)
(9, 18, 1)
(9, 19, 1)
(9, 20, 1)
(9, 21, 1)
(9, 22, 1)
(9, 23, 1)
(9, 24, 1)
(9, 25, 1)
(9, 26, 1)
(9, 27, 1)
(9, 28, 1)
(9, 29, 1)
(9, 30, 1)
(9, 31, 1)
(9, 32, 1)
(9, 33, 1)
(9, 34, 1)
(9, 35, 1)
(9, 36, 1)
(9, 37, 1)
(9, 38, 1)
(9, 39, 1)

(10, 0, 50)
(10, 1, 22)
(10, 2, 11)
(10, 3, 5)
(10, 4, 2)
(10, 5, 1)
(10, 6, 1)
(10, 7, 1)
(10, 8, 1)
(10, 9, 1)
(10, 10, 1)
(10, 11, 1)
(10, 12, 1)
(10, 13, 1)
(10, 14, 1)
(10, 15, 1)
(10, 16, 1)
(10, 17, 1)
(10, 18, 1)
(10, 19, 1)
(10, 20, 1)
(10, 21, 1)
(10, 22, 1)
(10, 23, 1)
(10, 24, 1)
(10, 25, 1)
(10, 26, 1)
(10, 27, 1)
(10, 28, 1)
(10, 29, 1)
(10, 30, 1)
(10, 31, 1)
(10, 32, 1)
(10, 33, 1)
(10, 34, 1)
(10, 35, 1)
(10, 36, 1)
(10, 37, 1)
(10, 38, 1)
(10, 39, 1)

(11, 0, 60)
(11, 1, 24)
(11, 2, 11)
(11, 3, 5)
(11, 4, 1)
(11, 5, 1)
(11, 6, 1)
(11, 7, 1)
(11, 8, 1)
(11, 9, 1)
(11, 10, 1)
(11, 11, 1)
(11, 12, 1)
(11, 13, 1)
(11, 14, 1)
(11, 15, 1)
(11, 16, 1)
(11, 17, 1)
(11, 18, 1)
(11, 19, 1)
(11, 20, 1)
(11, 21, 1)
(11, 22, 1)
(11, 23, 1)
(11, 24, 1)
(11, 25, 1)
(11, 26, 1)
(11, 27, 1)
(11, 28, 1)
(11, 29, 1)
(11, 30, 1)
(11, 31, 1)
(11, 32, 1)
(11, 33, 1)
(11, 34, 1)
(11, 35, 1)
(11, 36, 1)
(11, 37, 1)
(11, 38, 1)
(11, 39, 1)

(12, 0, 67)
(12, 1, 28)
(12, 2, 11)
(12, 3, 4)
(12, 4, 1)
(12, 5, 1)
(12, 6, 1)
(12, 7, 1)
(12, 8, 1)
(12, 9, 1)
(12, 10, 1)
(12, 11, 1)
(12, 12, 1)
(12, 13, 1)
(12, 14, 1)
(12, 15, 1)
(12, 16, 1)
(12, 17, 1)
(12, 18, 1)
(12, 19, 1)
(12, 20, 1)
(12, 21, 1)
(12, 22, 1)
(12, 23, 1)
(12, 24, 1)
(12, 25, 1)
(12, 26, 1)
(12, 27, 1)
(12, 28, 1)
(12, 29, 1)
(12, 30, 1)
(12, 31, 1)
(12, 32, 1)
(12, 33, 1)
(12, 34, 1)
(12, 35, 1)
(12, 36, 1)
(12, 37, 1)
(12, 38, 1)
(12, 39, 1)

(13, 0, 76)
(13, 1, 33)
(13, 2, 14)
(13, 3, 6)
(13, 4, 2)
(13, 5, 2)
(13, 6, 2)
(13, 7, 2)
(13, 8, 2)
(13, 9, 2)
(13, 10, 2)
(13, 11, 2)
(13, 12, 2)
(13, 13, 2)
(13, 14, 2)
(13, 15, 2)
(13, 16, 2)
(13, 17, 2)
(13, 18, 2)
(13, 19, 2)
(13, 20, 2)
(13, 21, 2)
(13, 22, 2)
(13, 23, 2)
(13, 24, 2)
(13, 25, 2)
(13, 26, 2)
(13, 27, 2)
(13, 28, 2)
(13, 29, 2)
(13, 30, 2)
(13, 31, 2)
(13, 32, 2)
(13, 33, 2)
(13, 34, 2)
(13, 35, 2)
(13, 36, 2)
(13, 37, 2)
(13, 38, 2)
(13, 39, 2)

(14, 0, 86)
(14, 1, 39)
(14, 2, 15)
(14, 3, 5)
(14, 4, 2)
(14, 5, 2)
(14, 6, 2)
(14, 7, 2)
(14, 8, 2)
(14, 9, 2)
(14, 10, 2)
(14, 11, 2)
(14, 12, 2)
(14, 13, 2)
(14, 14, 2)
(14, 15, 2)
(14, 16, 2)
(14, 17, 2)
(14, 18, 2)
(14, 19, 2)
(14, 20, 2)
(14, 21, 2)
(14, 22, 2)
(14, 23, 2)
(14, 24, 2)
(14, 25, 2)
(14, 26, 2)
(14, 27, 2)
(14, 28, 2)
(14, 29, 2)
(14, 30, 2)
(14, 31, 2)
(14, 32, 2)
(14, 33, 2)
(14, 34, 2)
(14, 35, 2)
(14, 36, 2)
(14, 37, 2)
(14, 38, 2)
(14, 39, 2)

(15, 0, 95)
(15, 1, 42)
(15, 2, 13)
(15, 3, 5)
(15, 4, 2)
(15, 5, 2)
(15, 6, 2)
(15, 7, 2)
(15, 8, 2)
(15, 9, 2)
(15, 10, 2)
(15, 11, 2)
(15, 12, 2)
(15, 13, 2)
(15, 14, 2)
(15, 15, 2)
(15, 16, 2)
(15, 17, 2)
(15, 18, 2)
(15, 19, 2)
(15, 20, 2)
(15, 21, 2)
(15, 22, 2)
(15, 23, 2)
(15, 24, 2)
(15, 25, 2)
(15, 26, 2)
(15, 27, 2)
(15, 28, 2)
(15, 29, 2)
(15, 30, 2)
(15, 31, 2)
(15, 32, 2)
(15, 33, 2)
(15, 34, 2)
(15, 35, 2)
(15, 36, 2)
(15, 37, 2)
(15, 38, 2)
(15, 39, 2)

(16, 0, 109)
(16, 1, 48)
(16, 2, 19)
(16, 3, 8)
(16, 4, 4)
(16, 5, 3)
(16, 6, 3)
(16, 7, 3)
(16, 8, 3)
(16, 9, 3)
(16, 10, 3)
(16, 11, 3)
(16, 12, 3)
(16, 13, 3)
(16, 14, 3)
(16, 15, 3)
(16, 16, 3)
(16, 17, 3)
(16, 18, 3)
(16, 19, 3)
(16, 20, 3)
(16, 21, 3)
(16, 22, 3)
(16, 23, 2)
(16, 24, 2)
(16, 25, 2)
(16, 26, 2)
(16, 27, 2)
(16, 28, 2)
(16, 29, 2)
(16, 30, 2)
(16, 31, 2)
(16, 32, 2)
(16, 33, 2)
(16, 34, 2)
(16, 35, 2)
(16, 36, 2)
(16, 37, 2)
(16, 38, 2)
(16, 39, 2)

(17, 0, 116)
(17, 1, 50)
(17, 2, 21)
(17, 3, 9)
(17, 4, 5)
(17, 5, 4)
(17, 6, 3)
(17, 7, 3)
(17, 8, 3)
(17, 9, 3)
(17, 10, 3)
(17, 11, 3)
(17, 12, 3)
(17, 13, 3)
(17, 14, 3)
(17, 15, 3)
(17, 16, 3)
(17, 17, 3)
(17, 18, 3)
(17, 19, 3)
(17, 20, 3)
(17, 21, 3)
(17, 22, 3)
(17, 23, 2)
(17, 24, 2)
(17, 25, 2)
(17, 26, 2)
(17, 27, 2)
(17, 28, 2)
(17, 29, 2)
(17, 30, 2)
(17, 31, 2)
(17, 32, 2)
(17, 33, 2)
(17, 34, 2)
(17, 35, 2)
(17, 36, 2)
(17, 37, 2)
(17, 38, 2)
(17, 39, 2)

(18, 0, 118)
(18, 1, 51)
(18, 2, 22)
(18, 3, 10)
(18, 4, 5)
(18, 5, 3)
(18, 6, 3)
(18, 7, 3)
(18, 8, 3)
(18, 9, 3)
(18, 10, 3)
(18, 11, 3)
(18, 12, 3)
(18, 13, 3)
(18, 14, 3)
(18, 15, 3)
(18, 16, 3)
(18, 17, 3)
(18, 18, 3)
(18, 19, 3)
(18, 20, 3)
(18, 21, 3)
(18, 22, 3)
(18, 23, 2)
(18, 24, 2)
(18, 25, 2)
(18, 26, 2)
(18, 27, 2)
(18, 28, 2)
(18, 29, 2)
(18, 30, 2)
(18, 31, 2)
(18, 32, 2)
(18, 33, 2)
(18, 34, 2)
(18, 35, 2)
(18, 36, 2)
(18, 37, 2)
(18, 38, 2)
(18, 39, 2)

(19, 0, 130)
(19, 1, 56)
(19, 2, 27)
(19, 3, 14)
(19, 4, 8)
(19, 5, 5)
(19, 6, 4)
(19, 7, 4)
(19, 8, 3)
(19, 9, 3)
(19, 10, 3)
(19, 11, 3)
(19, 12, 3)
(19, 13, 3)
(19, 14, 3)
(19, 15, 3)
(19, 16, 3)
(19, 17, 3)
(19, 18, 3)
(19, 19, 3)
(19, 20, 2)
(19, 21, 2)
(19, 22, 2)
(19, 23, 2)
(19, 24, 2)
(19, 25, 2)
(19, 26, 2)
(19, 27, 2)
(19, 28, 2)
(19, 29, 2)
(19, 30, 2)
(19, 31, 2)
(19, 32, 2)
(19, 33, 2)
(19, 34, 2)
(19, 35, 2)
(19, 36, 2)
(19, 37, 1)
(19, 38, 1)
(19, 39, 1)

(20, 0, 140)
(20, 1, 60)
(20, 2, 28)
(20, 3, 13)
(20, 4, 6)
(20, 5, 3)
(20, 6, 3)
(20, 7, 3)
(20, 8, 3)
(20, 9, 3)
(20, 10, 3)
(20, 11, 3)
(20, 12, 3)
(20, 13, 3)
(20, 14, 3)
(20, 15, 3)
(20, 16, 3)
(20, 17, 2)
(20, 18, 2)
(20, 19, 2)
(20, 20, 2)
(20, 21, 2)
(20, 22, 2)
(20, 23, 2)
(20, 24, 2)
(20, 25, 2)
(20, 26, 2)
(20, 27, 2)
(20, 28, 2)
(20, 29, 2)
(20, 30, 2)
(20, 31, 2)
(20, 32, 2)
(20, 33, 2)
(20, 34, 2)
(20, 35, 2)
(20, 36, 1)
(20, 37, 1)
(20, 38, 1)
(20, 39, 1)

(21, 0, 153)
(21, 1, 64)
(21, 2, 29)
(21, 3, 12)
(21, 4, 6)
(21, 5, 3)
(21, 6, 3)
(21, 7, 3)
(21, 8, 3)
(21, 9, 3)
(21, 10, 3)
(21, 11, 3)
(21, 12, 3)
(21, 13, 3)
(21, 14, 3)
(21, 15, 2)
(21, 16, 2)
(21, 17, 2)
(21, 18, 2)
(21, 19, 2)
(21, 20, 2)
(21, 21, 2)
(21, 22, 2)
(21, 23, 2)
(21, 24, 2)
(21, 25, 2)
(21, 26, 2)
(21, 27, 2)
(21, 28, 2)
(21, 29, 2)
(21, 30, 2)
(21, 31, 2)
(21, 32, 2)
(21, 33, 1)
(21, 34, 1)
(21, 35, 1)
(21, 36, 1)
(21, 37, 1)
(21, 38, 1)
(21, 39, 1)

(22, 0, 161)
(22, 1, 65)
(22, 2, 30)
(22, 3, 13)
(22, 4, 6)
(22, 5, 3)
(22, 6, 3)
(22, 7, 3)
(22, 8, 3)
(22, 9, 3)
(22, 10, 3)
(22, 11, 3)
(22, 12, 3)
(22, 13, 2)
(22, 14, 2)
(22, 15, 2)
(22, 16, 2)
(22, 17, 2)
(22, 18, 2)
(22, 19, 2)
(22, 20, 2)
(22, 21, 2)
(22, 22, 2)
(22, 23, 2)
(22, 24, 2)
(22, 25, 2)
(22, 26, 2)
(22, 27, 2)
(22, 28, 2)
(22, 29, 2)
(22, 30, 2)
(22, 31, 2)
(22, 32, 1)
(22, 33, 1)
(22, 34, 1)
(22, 35, 1)
(22, 36, 1)
(22, 37, 1)
(22, 38, 1)
(22, 39, 1)

(23, 0, 170)
(23, 1, 70)
(23, 2, 33)
(23, 3, 14)
(23, 4, 7)
(23, 5, 4)
(23, 6, 4)
(23, 7, 4)
(23, 8, 3)
(23, 9, 3)
(23, 10, 3)
(23, 11, 3)
(23, 12, 3)
(23, 13, 2)
(23, 14, 2)
(23, 15, 2)
(23, 16, 2)
(23, 17, 2)
(23, 18, 2)
(23, 19, 2)
(23, 20, 2)
(23, 21, 2)
(23, 22, 2)
(23, 23, 2)
(23, 24, 2)
(23, 25, 2)
(23, 26, 2)
(23, 27, 2)
(23, 28, 2)
(23, 29, 2)
(23, 30, 1)
(23, 31, 1)
(23, 32, 1)
(23, 33, 1)
(23, 34, 1)
(23, 35, 1)
(23, 36, 1)
(23, 37, 1)
(23, 38, 1)
(23, 39, 1)

(24, 0, 185)
(24, 1, 73)
(24, 2, 34)
(24, 3, 16)
(24, 4, 6)
(24, 5, 3)
(24, 6, 3)
(24, 7, 3)
(24, 8, 3)
(24, 9, 3)
(24, 10, 3)
(24, 11, 3)
(24, 12, 2)
(24, 13, 2)
(24, 14, 2)
(24, 15, 2)
(24, 16, 2)
(24, 17, 2)
(24, 18, 2)
(24, 19, 2)
(24, 20, 2)
(24, 21, 2)
(24, 22, 2)
(24, 23, 2)
(24, 24, 2)
(24, 25, 2)
(24, 26, 2)
(24, 27, 2)
(24, 28, 2)
(24, 29, 1)
(24, 30, 1)
(24, 31, 1)
(24, 32, 1)
(24, 33, 1)
(24, 34, 1)
(24, 35, 1)
(24, 36, 1)
(24, 37, 1)
(24, 38, 1)
(24, 39, 1)

(25, 0, 199)
(25, 1, 80)
(25, 2, 37)
(25, 3, 19)
(25, 4, 8)
(25, 5, 5)
(25, 6, 5)
(25, 7, 5)
(25, 8, 4)
(25, 9, 4)
(25, 10, 4)
(25, 11, 3)
(25, 12, 3)
(25, 13, 2)
(25, 14, 2)
(25, 15, 1)
(25, 16, 1)
(25, 17, 1)
(25, 18, 1)
(25, 19, 1)
(25, 20, 1)
(25, 21, 1)
(25, 22, 1)
(25, 23, 1)
(25, 24, 1)
(25, 25, 1)
(25, 26, 1)
(25, 27, 1)
(25, 28, 1)
(25, 29, 1)
(25, 30, 1)
(25, 31, 1)
(25, 32, 1)
(25, 33, 1)
(25, 34, 1)
(25, 35, 1)
(25, 36, 1)
(25, 37, 1)
(25, 38, 1)
(25, 39, 1)

(26, 0, 220)
(26, 1, 87)
(26, 2, 40)
(26, 3, 20)
(26, 4, 9)
(26, 5, 3)
(26, 6, 3)
(26, 7, 3)
(26, 8, 3)
(26, 9, 3)
(26, 10, 3)
(26, 11, 3)
(26, 12, 2)
(26, 13, 2)
(26, 14, 1)
(26, 15, 1)
(26, 16, 1)
(26, 17, 1)
(26, 18, 1)
(26, 19, 1)
(26, 20, 1)
(26, 21, 1)
(26, 22, 1)
(26, 23, 1)
(26, 24, 1)
(26, 25, 1)
(26, 26, 1)
(26, 27, 1)
(26, 28, 1)
(26, 29, 1)
(26, 30, 1)
(26, 31, 1)
(26, 32, 1)
(26, 33, 1)
(26, 34, 1)
(26, 35, 1)
(26, 36, 1)
(26, 37, 1)
(26, 38, 1)
(26, 39, 1)

(27, 0, 234)
(27, 1, 95)
(27, 2, 45)
(27, 3, 21)
(27, 4, 10)
(27, 5, 4)
(27, 6, 3)
(27, 7, 3)
(27, 8, 3)
(27, 9, 2)
(27, 10, 2)
(27, 11, 1)
(27, 12, 1)
(27, 13, 1)
(27, 14, 1)
(27, 15, 1)
(27, 16, 1)
(27, 17, 1)
(27, 18, 1)
(27, 19, 1)
(27, 20, 1)
(27, 21, 1)
(27, 22, 1)
(27, 23, 1)
(27, 24, 1)
(27, 25, 1)
(27, 26, 1)
(27, 27, 1)
(27, 28, 1)
(27, 29, 1)
(27, 30, 1)
(27, 31, 1)
(27, 32, 1)
(27, 33, 1)
(27, 34, 1)
(27, 35, 1)
(27, 36, 1)
(27, 37, 1)
(27, 38, 1)
(27, 39, 1)

(28, 0, 245)
(28, 1, 99)
(28, 2, 47)
(28, 3, 22)
(28, 4, 10)
(28, 5, 4)
(28, 6, 2)
(28, 7, 2)
(28, 8, 2)
(28, 9, 2)
(28, 10, 2)
(28, 11, 1)
(28, 12, 1)
(28, 13, 1)
(28, 14, 1)
(28, 15, 1)
(28, 16, 1)
(28, 17, 1)
(28, 18, 1)
(28, 19, 1)
(28, 20, 1)
(28, 21, 1)
(28, 22, 1)
(28, 23, 1)
(28, 24, 1)
(28, 25, 1)
(28, 26, 1)
(28, 27, 1)
(28, 28, 1)
(28, 29, 1)
(28, 30, 1)
(28, 31, 1)
(28, 32, 1)
(28, 33, 1)
(28, 34, 1)
(28, 35, 1)
(28, 36, 1)
(28, 37, 1)
(28, 38, 1)
(28, 39, 1)

(29, 0, 263)
(29, 1, 109)
(29, 2, 47)
(29, 3, 22)
(29, 4, 8)
(29, 5, 2)
(29, 6, 2)
(29, 7, 2)
(29, 8, 2)
(29, 9, 2)
(29, 10, 2)
(29, 11, 1)
(29, 12, 1)
(29, 13, 1)
(29, 14, 1)
(29, 15, 1)
(29, 16, 1)
(29, 17, 1)
(29, 18, 1)
(29, 19, 1)
(29, 20, 1)
(29, 21, 1)
(29, 22, 1)
(29, 23, 1)
(29, 24, 1)
(29, 25, 1)
(29, 26, 1)
(29, 27, 1)
(29, 28, 1)
(29, 29, 1)
(29, 30, 1)
(29, 31, 1)
(29, 32, 1)
(29, 33, 1)
(29, 34, 1)
(29, 35, 1)
(29, 36, 1)
(29, 37, 1)
(29, 38, 1)
(29, 39, 1)

(30, 0, 281)
(30, 1, 118)
(30, 2, 51)
(30, 3, 23)
(30, 4, 7)
(30, 5, 2)
(30, 6, 2)
(30, 7, 2)
(30, 8, 2)
(30, 9, 2)
(30, 10, 2)
(30, 11, 1)
(30, 12, 1)
(30, 13, 1)
(30, 14, 1)
(30, 15, 1)
(30, 16, 1)
(30, 17, 1)
(30, 18, 1)
(30, 19, 1)
(30, 20, 1)
(30, 21, 1)
(30, 22, 1)
(30, 23, 1)
(30, 24, 1)
(30, 25, 1)
(30, 26, 1)
(30, 27, 1)
(30, 28, 1)
(30, 29, 1)
(30, 30, 1)
(30, 31, 1)
(30, 32, 1)
(30, 33, 1)
(30, 34, 1)
(30, 35, 1)
(30, 36, 1)
(30, 37, 1)
(30, 38, 1)
(30, 39, 1)

(31, 0, 309)
(31, 1, 134)
(31, 2, 50)
(31, 3, 20)
(31, 4, 7)
(31, 5, 2)
(31, 6, 2)
(31, 7, 2)
(31, 8, 2)
(31, 9, 2)
(31, 10, 2)
(31, 11, 1)
(31, 12, 1)
(31, 13, 1)
(31, 14, 1)
(31, 15, 1)
(31, 16, 1)
(31, 17, 1)
(31, 18, 1)
(31, 19, 1)
(31, 20, 1)
(31, 21, 1)
(31, 22, 1)
(31, 23, 1)
(31, 24, 1)
(31, 25, 1)
(31, 26, 1)
(31, 27, 1)
(31, 28, 1)
(31, 29, 1)
(31, 30, 1)
(31, 31, 1)
(31, 32, 1)
(31, 33, 1)
(31, 34, 1)
(31, 35, 1)
(31, 36, 1)
(31, 37, 1)
(31, 38, 1)
(31, 39, 1)

(32, 0, 326)
(32, 1, 134)
(32, 2, 49)
(32, 3, 19)
(32, 4, 7)
(32, 5, 2)
(32, 6, 2)
(32, 7, 2)
(32, 8, 2)
(32, 9, 2)
(32, 10, 2)
(32, 11, 1)
(32, 12, 1)
(32, 13, 1)
(32, 14, 1)
(32, 15, 1)
(32, 16, 1)
(32, 17, 1)
(32, 18, 1)
(32, 19, 1)
(32, 20, 1)
(32, 21, 1)
(32, 22, 1)
(32, 23, 1)
(32, 24, 1)
(32, 25, 1)
(32, 26, 1)
(32, 27, 1)
(32, 28, 1)
(32, 29, 1)
(32, 30, 1)
(32, 31, 1)
(32, 32, 1)
(32, 33, 1)
(32, 34, 1)
(32, 35, 1)
(32, 36, 1)
(32, 37, 1)
(32, 38, 1)
(32, 39, 1)

(33, 0, 344)
(33, 1, 138)
(33, 2, 49)
(33, 3, 20)
(33, 4, 7)
(33, 5, 2)
(33, 6, 2)
(33, 7, 2)
(33, 8, 2)
(33, 9, 2)
(33, 10, 2)
(33, 11, 1)
(33, 12, 1)
(33, 13, 1)
(33, 14, 1)
(33, 15, 1)
(33, 16, 1)
(33, 17, 1)
(33, 18, 1)
(33, 19, 1)
(33, 20, 1)
(33, 21, 1)
(33, 22, 1)
(33, 23, 1)
(33, 24, 1)
(33, 25, 1)
(33, 26, 1)
(33, 27, 1)
(33, 28, 1)
(33, 29, 1)
(33, 30, 1)
(33, 31, 1)
(33, 32, 1)
(33, 33, 1)
(33, 34, 1)
(33, 35, 1)
(33, 36, 1)
(33, 37, 1)
(33, 38, 1)
(33, 39, 1)

(34, 0, 370)
(34, 1, 142)
(34, 2, 50)
(34, 3, 20)
(34, 4, 7)
(34, 5, 2)
(34, 6, 2)
(34, 7, 2)
(34, 8, 2)
(34, 9, 2)
(34, 10, 2)
(34, 11, 1)
(34, 12, 1)
(34, 13, 1)
(34, 14, 1)
(34, 15, 1)
(34, 16, 1)
(34, 17, 1)
(34, 18, 1)
(34, 19, 1)
(34, 20, 1)
(34, 21, 1)
(34, 22, 1)
(34, 23, 1)
(34, 24, 1)
(34, 25, 1)
(34, 26, 1)
(34, 27, 1)
(34, 28, 1)
(34, 29, 1)
(34, 30, 1)
(34, 31, 1)
(34, 32, 1)
(34, 33, 1)
(34, 34, 1)
(34, 35, 1)
(34, 36, 1)
(34, 37, 1)
(34, 38, 1)
(34, 39, 1)

(35, 0, 382)
(35, 1, 144)
(35, 2, 50)
(35, 3, 20)
(35, 4, 7)
(35, 5, 2)
(35, 6, 2)
(35, 7, 2)
(35, 8, 2)
(35, 9, 2)
(35, 10, 2)
(35, 11, 1)
(35, 12, 1)
(35, 13, 1)
(35, 14, 1)
(35, 15, 1)
(35, 16, 1)
(35, 17, 1)
(35, 18, 1)
(35, 19, 1)
(35, 20, 1)
(35, 21, 1)
(35, 22, 1)
(35, 23, 1)
(35, 24, 1)
(35, 25, 1)
(35, 26, 1)
(35, 27, 1)
(35, 28, 1)
(35, 29, 1)
(35, 30, 1)
(35, 31, 1)
(35, 32, 1)
(35, 33, 1)
(35, 34, 1)
(35, 35, 1)
(35, 36, 1)
(35, 37, 1)
(35, 38, 1)
(35, 39, 1)

(36, 0, 396)
(36, 1, 144)
(36, 2, 49)
(36, 3, 19)
(36, 4, 7)
(36, 5, 2)
(36, 6, 2)
(36, 7, 2)
(36, 8, 2)
(36, 9, 2)
(36, 10, 2)
(36, 11, 1)
(36, 12, 1)
(36, 13, 1)
(36, 14, 1)
(36, 15, 1)
(36, 16, 1)
(36, 17, 1)
(36, 18, 1)
(36, 19, 1)
(36, 20, 1)
(36, 21, 1)
(36, 22, 1)
(36, 23, 1)
(36, 24, 1)
(36, 25, 1)
(36, 26, 1)
(36, 27, 1)
(36, 28, 1)
(36, 29, 1)
(36, 30, 1)
(36, 31, 1)
(36, 32, 1)
(36, 33, 1)
(36, 34, 1)
(36, 35, 1)
(36, 36, 1)
(36, 37, 1)
(36, 38, 1)
(36, 39, 1)

(37, 0, 408)
(37, 1, 147)
(37, 2, 51)
(37, 3, 19)
(37, 4, 7)
(37, 5, 2)
(37, 6, 2)
(37, 7, 2)
(37, 8, 2)
(37, 9, 2)
(37, 10, 1)
(37, 11, 1)
(37, 12, 1)
(37, 13, 1)
(37, 14, 1)
(37, 15, 1)
(37, 16, 1)
(37, 17, 1)
(37, 18, 1)
(37, 19, 1)
(37, 20, 1)
(37, 21, 1)
(37, 22, 1)
(37, 23, 1)
(37, 24, 1)
(37, 25, 1)
(37, 26, 1)
(37, 27, 1)
(37, 28, 1)
(37, 29, 1)
(37, 30, 1)
(37, 31, 1)
(37, 32, 1)
(37, 33, 1)
(37, 34, 1)
(37, 35, 1)
(37, 36, 1)
(37, 37, 1)
(37, 38, 1)
(37, 39, 1)

(38, 0, 413)
(38, 1, 149)
(38, 2, 51)
(38, 3, 20)
(38, 4, 7)
(38, 5, 2)
(38, 6, 2)
(38, 7, 2)
(38, 8, 2)
(38, 9, 2)
(38, 10, 1)
(38, 11, 1)
(38, 12, 1)
(38, 13, 1)
(38, 14, 1)
(38, 15, 1)
(38, 16, 1)
(38, 17, 1)
(38, 18, 1)
(38, 19, 1)
(38, 20, 1)
(38, 21, 1)
(38, 22, 1)
(38, 23, 1)
(38, 24, 1)
(38, 25, 1)
(38, 26, 1)
(38, 27, 1)
(38, 28, 1)
(38, 29, 1)
(38, 30, 1)
(38, 31, 1)
(38, 32, 1)
(38, 33, 1)
(38, 34, 1)
(38, 35, 1)
(38, 36, 1)
(38, 37, 1)
(38, 38, 1)
(38, 39, 1)

(39, 0, 414)
(39, 1, 150)
(39, 2, 51)
(39, 3, 19)
(39, 4, 7)
(39, 5, 2)
(39, 6, 2)
(39, 7, 2)
(39, 8, 2)
(39, 9, 2)
(39, 10, 1)
(39, 11, 1)
(39, 12, 1)
(39, 13, 1)
(39, 14, 1)
(39, 15, 1)
(39, 16, 1)
(39, 17, 1)
(39, 18, 1)
(39, 19, 1)
(39, 20, 1)
(39, 21, 1)
(39, 22, 1)
(39, 23, 1)
(39, 24, 1)
(39, 25, 1)
(39, 26, 1)
(39, 27, 1)
(39, 28, 1)
(39, 29, 1)
(39, 30, 1)
(39, 31, 1)
(39, 32, 1)
(39, 33, 1)
(39, 34, 1)
(39, 35, 1)
(39, 36, 1)
(39, 37, 1)
(39, 38, 1)
(39, 39, 1)


Betti numbers:
xi_0:
(0, 0, 1)
(1, 0, 1)
(2, 0, 2)
(3, 0, 5)
(4, 0, 7)
(5, 0, 5)
(6, 0, 5)
(7, 0, 4)
(8, 0, 8)
(9, 0, 7)
(10, 0, 6)
(11, 0, 10)
(12, 0, 8)
(13, 0, 9)
(14, 0, 10)
(15, 0, 9)
(16, 0, 14)
(17, 0, 7)
(18, 0, 2)
(19, 0, 12)
(20, 0, 10)
(21, 0, 13)
(22, 0, 8)
(23, 0, 9)
(24, 0, 15)
(25, 0, 14)
(26, 0, 22)
(27, 0, 15)
(28, 0, 11)
(29, 0, 18)
(30, 0, 18)
(31, 0, 28)
(32, 0, 17)
(33, 0, 20)
(34, 0, 26)
(35, 0, 13)
(36, 0, 14)
(37, 0, 12)
(38, 0, 6)
(39, 0, 1)
xi_1:
(1, 4, 1)
(2, 1, 2)
(3, 1, 2)
(3, 3, 1)
(3, 4, 1)
(3, 19, 1)
(4, 1, 5)
(4, 2, 2)
(4, 4, 1)
(4, 17, 1)
(5, 1, 4)
(5, 2, 1)
(5, 3, 1)
(5, 12, 1)
(6, 1, 3)
(6, 2, 2)
(7, 1, 2)
(7, 2, 1)
(7, 6, 1)
(7, 8, 1)
(8, 1, 2)
(8, 2, 3)
(8, 3, 1)
(8, 4, 1)
(8, 6, 1)
(9, 0, 1)
(9, 1, 5)
(9, 2, 2)
(9, 3, 2)
(9, 4, 1)
(10, 1, 4)
(10, 2, 1)
(10, 3, 2)
(10, 5, 1)
(11, 1, 8)
(11, 2, 2)
(11, 4, 1)
(12, 0, 1)
(12, 1, 4)
(12, 2, 4)
(12, 3, 1)
(13, 1, 4)
(13, 2, 2)
(13, 3, 2)
(13, 4, 1)
(14, 1, 4)
(14, 2, 5)
(14, 3, 3)
(15, 1, 6)
(15, 2, 5)
(16, 1, 8)
(16, 2, 1)
(16, 3, 3)
(16, 4, 1)
(16, 5, 1)
(16, 23, 1)
(17, 1, 5)
(17, 2, 1)
(17, 3, 1)
(17, 6, 1)
(18, 1, 1)
(18, 4, 1)
(18, 5, 1)
(19, 1, 7)
(19, 3, 1)
(19, 4, 1)
(19, 5, 1)
(19, 6, 1)
(19, 8, 1)
(19, 20, 1)
(19, 37, 1)
(20, 1, 6)
(20, 2, 3)
(20, 3, 2)
(20, 4, 2)
(20, 17, 1)
(20, 36, 1)
(21, 1, 9)
(21, 2, 4)
(21, 3, 2)
(21, 4, 1)
(21, 15, 1)
(21, 33, 1)
(22, 1, 7)
(22, 4, 1)
(22, 13, 1)
(22, 32, 1)
(23, 1, 4)
(23, 2, 2)
(23, 3, 2)
(23, 8, 1)
(23, 30, 1)
(24, 1, 12)
(24, 2, 4)
(24, 4, 3)
(24, 12, 1)
(24, 29, 1)
(25, 1, 7)
(25, 2, 4)
(25, 4, 1)
(25, 8, 1)
(25, 11, 1)
(25, 13, 1)
(25, 15, 1)
(26, 0, 1)
(26, 1, 15)
(26, 2, 5)
(26, 3, 2)
(26, 4, 1)
(26, 5, 3)
(26, 12, 1)
(26, 14, 1)
(27, 0, 1)
(27, 1, 7)
(27, 2, 4)
(27, 3, 4)
(27, 4, 1)
(27, 6, 1)
(27, 9, 1)
(27, 11, 1)
(28, 1, 7)
(28, 2, 2)
(28, 3, 1)
(28, 4, 1)
(28, 6, 1)
(29, 1, 8)
(29, 2, 10)
(29, 3, 2)
(29, 4, 3)
(29, 5, 1)
(30, 1, 9)
(30, 2, 6)
(30, 3, 4)
(30, 4, 3)
(31, 1, 12)
(31, 2, 17)
(31, 3, 3)
(31, 4, 1)
(32, 1, 17)
(32, 2, 4)
(33, 0, 2)
(33, 1, 16)
(33, 2, 5)
(33, 4, 1)
(34, 1, 22)
(34, 2, 4)
(34, 3, 3)
(34, 4, 1)
(35, 0, 1)
(35, 1, 11)
(35, 2, 2)
(36, 1, 14)
(36, 2, 2)
(37, 1, 9)
(37, 2, 1)
(37, 3, 2)
(37, 10, 1)
(38, 0, 1)
(38, 1, 4)
(38, 2, 2)
(38, 4, 1)
(39, 2, 1)
(39, 3, 1)
xi_2:
(4, 4, 1)
(4, 19, 1)
(5, 2, 1)
(5, 17, 1)
(7, 12, 1)
(9, 1, 1)
(9, 3, 1)
(9, 6, 2)
(10, 4, 1)
(10, 8, 1)
(11, 5, 1)
(12, 1, 1)
(12, 4, 1)
(13, 3, 1)
(14, 3, 1)
(14, 4, 1)
(15, 3, 2)
(16, 2, 1)
(17, 2, 1)
(18, 6, 1)
(19, 23, 1)
(20, 4, 1)
(20, 6, 1)
(20, 8, 1)
(20, 20, 1)
(20, 37, 1)
(21, 2, 1)
(21, 4, 2)
(21, 17, 1)
(21, 36, 1)
(22, 15, 1)
(22, 33, 1)
(23, 32, 1)
(24, 2, 2)
(24, 3, 1)
(24, 8, 1)
(24, 13, 1)
(24, 30, 1)
(25, 12, 1)
(25, 29, 1)
(26, 1, 1)
(26, 2, 1)
(26, 4, 1)
(26, 8, 1)
(26, 11, 1)
(26, 13, 1)
(26, 15, 1)
(27, 1, 1)
(27, 2, 1)
(27, 4, 1)
(27, 12, 1)
(27, 14, 1)
(28, 9, 1)
(29, 3, 2)
(29, 4, 1)
(29, 5, 1)
(29, 6, 2)
(30, 2, 1)
(30, 3, 1)
(30, 4, 1)
(30, 5, 1)
(31, 3, 1)
(31, 4, 4)
(32, 2, 3)
(32, 4, 1)
(33, 1, 2)
(33, 2, 1)
(33, 3, 1)
(34, 2, 1)
(34, 3, 2)
(34, 4, 1)
(35, 1, 1)
(36, 2, 1)
(36, 4, 1)
(37, 11, 1)
(38, 1, 1)
(38, 3, 1)
(39, 4, 1)
