x-grades
-181700080355486827/20000000000000000
-88938765638494577/10000000000000000
-174054982198491481/20000000000000000
-10639527069999613/1250000000000000
-33281976808299227/4000000000000000
-81293667481499231/10000000000000000
-158764785884500789/20000000000000000
-38735559201500779/5000000000000000
-151119687727505443/20000000000000000
-14729713864900777/2000000000000000
-143474589570510097/20000000000000000
-17456505061501553/2500000000000000
-135829491413514751/20000000000000000
-66003471167508539/10000000000000000
-25636878651303881/4000000000000000
-31090461044505433/5000000000000000
-120539295099524059/20000000000000000
-58358373010513193/10000000000000000
-112894196942528713/20000000000000000
-340848899575097/62500000000000
-105249098785533367/20000000000000000
-50713274853517847/10000000000000000
-97604000628538021/20000000000000000
-23445362887510087/5000000000000000
-3598356098861707/800000000000000
-43068176696522501/10000000000000000
-82313804314547329/20000000000000000
-9811406904506207/2500000000000000
-74668706157551983/20000000000000000
-7084615707905431/2000000000000000
-67023608000556637/20000000000000000
-15800264730514741/5000000000000000
-59378509843561291/20000000000000000
-27777980382531809/10000000000000000
-10346682337313189/4000000000000000
-2994428913004267/1250000000000000
-44088313529570599/20000000000000000
-20132882225536463/10000000000000000
-36443215372575253/20000000000000000
-1631033314703879/1000000000000000

y-grades
620231/250000
620231/125000
1860693/250000
620231/62500
620231/50000
1860693/125000
4341617/250000
620231/31250
5582079/250000
620231/25000
6822541/250000
1860693/62500
8063003/250000
4341617/125000
1860693/50000
620231/15625
10543927/250000
5582079/125000
11784389/250000
620231/12500
13024851/250000
6822541/125000
14265313/250000
1860693/31250
620231/10000
8063003/125000
16746237/250000
4341617/62500
17986699/250000
1860693/25000
19227161/250000
1240462/15625
20467623/250000
10543927/125000
4341617/50000
5582079/62500
22948547/250000
11784389/125000
24189009/250000
620231/6250

Dimensions > 0:
(0, 0, 2)
(0, 1, 2)
(0, 2, 2)
(0, 3, 2)
(0, 4, 2)
(0, 5, 1)
(0, 6, 1)
(0, 7, 1)
(0, 8, 1)
(0, 9, 1)
(0, 10, 1)
(0, 11, 1)
(0, 12, 1)
(0, 13, 1)
(0, 14, 1)
(0, 15, 1)
(0, 16, 1)
(0, 17, 1)
(0, 18, 1)
(0, 19, 1)
(0, 20, 1)
(0, 21, 1)
(0, 22, 1)
(0, 23, 1)
(0, 24, 1)
(0, 25, 1)
(0, 26, 1)
(0, 27, 1)
(0, 28, 1)
(0, 29, 1)
(0, 30, 1)
(0, 31, 1)
(0, 32, 1)
(0, 33, 1)
(0, 34, 1)
(0, 35, 1)
(0, 36, 1)
(0, 37, 1)
(0, 38, 1)
(0, 39, 1)

(1, 0, 2)
(1, 1, 2)
(1, 2, 2)
(1, 3, 2)
(1, 4, 2)
(1, 5, 1)
(1, 6, 1)
(1, 7, 1)
(1, 8, 1)
(1, 9, 1)
(1, 10, 1)
(1, 11, 1)
(1, 12, 1)
(1, 13, 1)
(1, 14, 1)
(1, 15, 1)
(1, 16, 1)
(1, 17, 1)
(1, 18, 1)
(1, 19, 1)
(1, 20, 1)
(1, 21, 1)
(1, 22, 1)
(1, 23, 1)
(1, 24, 1)
(1, 25, 1)
(1, 26, 1)
(1, 27, 1)
(1, 28, 1)
(1, 29, 1)
(1, 30, 1)
(1, 31, 1)
(1, 32, 1)
(1, 33, 1)
(1, 34, 1)
(1, 35, 1)
(1, 36, 1)
(1, 37, 1)
(1, 38, 1)
(1, 39, 1)

(2, 0, 3)
(2, 1, 3)
(2, 2, 3)
(2, 3, 3)
(2, 4, 3)
(2, 5, 2)
(2, 6, 2)
(2, 7, 1)
(2, 8, 1)
(2, 9, 1)
(2, 10, 1)
(2, 11, 1)
(2, 12, 1)
(2, 13, 1)
(2, 14, 1)
(2, 15, 1)
(2, 16, 1)
(2, 17, 1)
(2, 18, 1)
(2, 19, 1)
(2, 20, 1)
(2, 21, 1)
(2, 22, 1)
(2, 23, 1)
(2, 24, 1)
(2, 25, 1)
(2, 26, 1)
(2, 27, 1)
(2, 28, 1)
(2, 29, 1)
(2, 30, 1)
(2, 31, 1)
(2, 32, 1)
(2, 33, 1)
(2, 34, 1)
(2, 35, 1)
(2, 36, 1)
(2, 37, 1)
(2, 38, 1)
(2, 39, 1)

(3, 0, 5)
(3, 1, 5)
(3, 2, 5)
(3, 3, 5)
(3, 4, 5)
(3, 5, 4)
(3, 6, 2)
(3, 7, 1)
(3, 8, 1)
(3, 9, 1)
(3, 10, 1)
(3, 11, 1)
(3, 12, 1)
(3, 13, 1)
(3, 14, 1)
(3, 15, 1)
(3, 16, 1)
(3, 17, 1)
(3, 18, 1)
(3, 19, 1)
(3, 20, 1)
(3, 21, 1)
(3, 22, 1)
(3, 23, 1)
(3, 24, 1)
(3, 25, 1)
(3, 26, 1)
(3, 27, 1)
(3, 28, 1)
(3, 29, 1)
(3, 30, 1)
(3, 31, 1)
(3, 32, 1)
(3, 33, 1)
(3, 34, 1)
(3, 35, 1)
(3, 36, 1)
(3, 37, 1)
(3, 38, 1)
(3, 39, 1)

(4, 0, 5)
(4, 1, 5)
(4, 2, 5)
(4, 3, 5)
(4, 4, 5)
(4, 5, 4)
(4, 6, 2)
(4, 7, 1)
(4, 8, 1)
(4, 9, 1)
(4, 10, 1)
(4, 11, 1)
(4, 12, 1)
(4, 13, 1)
(4, 14, 1)
(4, 15, 1)
(4, 16, 1)
(4, 17, 1)
(4, 18, 1)
(4, 19, 1)
(4, 20, 1)
(4, 21, 1)
(4, 22, 1)
(4, 23, 1)
(4, 24, 1)
(4, 25, 1)
(4, 26, 1)
(4, 27, 1)
(4, 28, 1)
(4, 29, 1)
(4, 30, 1)
(4, 31, 1)
(4, 32, 1)
(4, 33, 1)
(4, 34, 1)
(4, 35, 1)
(4, 36, 1)
(4, 37, 1)
(4, 38, 1)
(4, 39, 1)

(5, 0, 5)
(5, 1, 5)
(5, 2, 5)
(5, 3, 5)
(5, 4, 5)
(5, 5, 4)
(5, 6, 2)
(5, 7, 1)
(5, 8, 1)
(5, 9, 1)
(5, 10, 1)
(5, 11, 1)
(5, 12, 1)
(5, 13, 1)
(5, 14, 1)
(5, 15, 1)
(5, 16, 1)
(5, 17, 1)
(5, 18, 1)
(5, 19, 1)
(5, 20, 1)
(5, 21, 1)
(5, 22, 1)
(5, 23, 1)
(5, 24, 1)
(5, 25, 1)
(5, 26, 1)
(5, 27, 1)
(5, 28, 1)
(5, 29, 1)
(5, 30, 1)
(5, 31, 1)
(5, 32, 1)
(5, 33, 1)
(5, 34, 1)
(5, 35, 1)
(5, 36, 1)
(5, 37, 1)
(5, 38, 1)
(5, 39, 1)

(6, 0, 5)
(6, 1, 5)
(6, 2, 5)
(6, 3, 5)
(6, 4, 5)
(6, 5, 4)
(6, 6, 2)
(6, 7, 1)
(6, 8, 1)
(6, 9, 1)
(6, 10, 1)
(6, 11, 1)
(6, 12, 1)
(6, 13, 1)
(6, 14, 1)
(6, 15, 1)
(6, 16, 1)
(6, 17, 1)
(6, 18, 1)
(6, 19, 1)
(6, 20, 1)
(6, 21, 1)
(6, 22, 1)
(6, 23, 1)
(6, 24, 1)
(6, 25, 1)
(6, 26, 1)
(6, 27, 1)
(6, 28, 1)
(6, 29, 1)
(6, 30, 1)
(6, 31, 1)
(6, 32, 1)
(6, 33, 1)
(6, 34, 1)
(6, 35, 1)
(6, 36, 1)
(6, 37, 1)
(6, 38, 1)
(6, 39, 1)

(7, 0, 5)
(7, 1, 5)
(7, 2, 5)
(7, 3, 5)
(7, 4, 5)
(7, 5, 4)
(7, 6, 2)
(7, 7, 1)
(7, 8, 1)
(7, 9, 1)
(7, 10, 1)
(7, 11, 1)
(7, 12, 1)
(7, 13, 1)
(7, 14, 1)
(7, 15, 1)
(7, 16, 1)
(7, 17, 1)
(7, 18, 1)
(7, 19, 1)
(7, 20, 1)
(7, 21, 1)
(7, 22, 1)
(7, 23, 1)
(7, 24, 1)
(7, 25, 1)
(7, 26, 1)
(7, 27, 1)
(7, 28, 1)
(7, 29, 1)
(7, 30, 1)
(7, 31, 1)
(7, 32, 1)
(7, 33, 1)
(7, 34, 1)
(7, 35, 1)
(7, 36, 1)
(7, 37, 1)
(7, 38, 1)
(7, 39, 1)

(8, 0, 5)
(8, 1, 5)
(8, 2, 5)
(8, 3, 5)
(8, 4, 5)
(8, 5, 4)
(8, 6, 2)
(8, 7, 1)
(8, 8, 1)
(8, 9, 1)
(8, 10, 1)
(8, 11, 1)
(8, 12, 1)
(8, 13, 1)
(8, 14, 1)
(8, 15, 1)
(8, 16, 1)
(8, 17, 1)
(8, 18, 1)
(8, 19, 1)
(8, 20, 1)
(8, 21, 1)
(8, 22, 1)
(8, 23, 1)
(8, 24, 1)
(8, 25, 1)
(8, 26, 1)
(8, 27, 1)
(8, 28, 1)
(8, 29, 1)
(8, 30, 1)
(8, 31, 1)
(8, 32, 1)
(8, 33, 1)
(8, 34, 1)
(8, 35, 1)
(8, 36, 1)
(8, 37, 1)
(8, 38, 1)
(8, 39, 1)

(9, 0, 5)
(9, 1, 5)
(9, 2, 5)
(9, 3, 5)
(9, 4, 5)
(9, 5, 4)
(9, 6, 2)
(9, 7, 1)
(9, 8, 1)
(9, 9, 1)
(9, 10, 1)
(9, 11, 1)
(9, 12, 1)
(9, 13, 1)
(9, 14, 1)
(9, 15, 1)
(9, 16, 1)
(9, 17, 1)
(9, 18, 1)
(9, 19, 1)
(9, 20, 1)
(9, 21, 1)
(9, 22, 1)
(9, 23, 1)
(9, 24, 1)
(9, 25, 1)
(9, 26, 1)
(9, 27, 1)
(9, 28, 1)
(9, 29, 1)
(9, 30, 1)
(9, 31, 1)
(9, 32, 1)
(9, 33, 1)
(9, 34, 1)
(9, 35, 1)
(9, 36, 1)
(9, 37, 1)
(9, 38, 1)
(9, 39, 1)

(10, 0, 7)
(10, 1, 7)
(10, 2, 7)
(10, 3, 7)
(10, 4, 7)
(10, 5, 5)
(10, 6, 3)
(10, 7, 2)
(10, 8, 2)
(10, 9, 2)
(10, 10, 2)
(10, 11, 2)
(10, 12, 2)
(10, 13, 2)
(10, 14, 2)
(10, 15, 2)
(10, 16, 2)
(10, 17, 2)
(10, 18, 2)
(10, 19, 2)
(10, 20, 2)
(10, 21, 2)
(10, 22, 2)
(10, 23, 2)
(10, 24, 2)
(10, 25, 2)
(10, 26, 2)
(10, 27, 2)
(10, 28, 2)
(10, 29, 2)
(10, 30, 2)
(10, 31, 2)
(10, 32, 2)
(10, 33, 2)
(10, 34, 2)
(10, 35, 2)
(10, 36, 2)
(10, 37, 2)
(10, 38, 2)
(10, 39, 2)

(11, 0, 7)
(11, 1, 7)
(11, 2, 7)
(11, 3, 7)
(11, 4, 7)
(11, 5, 5)
(11, 6, 3)
(11, 7, 2)
(11, 8, 2)
(11, 9, 2)
(11, 10, 2)
(11, 11, 2)
(11, 12, 2)
(11, 13, 2)
(11, 14, 2)
(11, 15, 2)
(11, 16, 2)
(11, 17, 2)
(11, 18, 2)
(11, 19, 2)
(11, 20, 2)
(11, 21, 2)
(11, 22, 2)
(11, 23, 2)
(11, 24, 2)
(11, 25, 2)
(11, 26, 2)
(11, 27, 2)
(11, 28, 2)
(11, 29, 2)
(11, 30, 2)
(11, 31, 2)
(11, 32, 2)
(11, 33, 2)
(11, 34, 2)
(11, 35, 2)
(11, 36, 2)
(11, 37, 2)
(11, 38, 2)
(11, 39, 2)

(12, 0, 10)
(12, 1, 10)
(12, 2, 10)
(12, 3, 10)
(12, 4, 10)
(12, 5, 8)
(12, 6, 4)
(12, 7, 3)
(12, 8, 2)
(12, 9, 2)
(12, 10, 2)
(12, 11, 2)
(12, 12, 2)
(12, 13, 2)
(12, 14, 2)
(12, 15, 2)
(12, 16, 2)
(12, 17, 2)
(12, 18, 2)
(12, 19, 2)
(12, 20, 2)
(12, 21, 2)
(12, 22, 2)
(12, 23, 2)
(12, 24, 2)
(12, 25, 2)
(12, 26, 2)
(12, 27, 2)
(12, 28, 2)
(12, 29, 2)
(12, 30, 2)
(12, 31, 2)
(12, 32, 2)
(12, 33, 2)
(12, 34, 2)
(12, 35, 2)
(12, 36, 2)
(12, 37, 2)
(12, 38, 2)
(12, 39, 2)

(13, 0, 10)
(13, 1, 10)
(13, 2, 10)
(13, 3, 10)
(13, 4, 10)
(13, 5, 8)
(13, 6, 4)
(13, 7, 3)
(13, 8, 2)
(13, 9, 2)
(13, 10, 2)
(13, 11, 2)
(13, 12, 2)
(13, 13, 2)
(13, 14, 2)
(13, 15, 2)
(13, 16, 2)
(13, 17, 2)
(13, 18, 2)
(13, 19, 2)
(13, 20, 2)
(13, 21, 2)
(13, 22, 2)
(13, 23, 2)
(13, 24, 2)
(13, 25, 2)
(13, 26, 2)
(13, 27, 2)
(13, 28, 2)
(13, 29, 2)
(13, 30, 2)
(13, 31, 2)
(13, 32, 2)
(13, 33, 2)
(13, 34, 2)
(13, 35, 2)
(13, 36, 2)
(13, 37, 2)
(13, 38, 2)
(13, 39, 2)

(14, 0, 10)
(14, 1, 10)
(14, 2, 10)
(14, 3, 10)
(14, 4, 10)
(14, 5, 8)
(14, 6, 4)
(14, 7, 3)
(14, 8, 2)
(14, 9, 2)
(14, 10, 2)
(14, 11, 2)
(14, 12, 2)
(14, 13, 2)
(14, 14, 2)
(14, 15, 2)
(14, 16, 2)
(14, 17, 2)
(14, 18, 2)
(14, 19, 2)
(14, 20, 2)
(14, 21, 2)
(14, 22, 2)
(14, 23, 2)
(14, 24, 2)
(14, 25, 2)
(14, 26, 2)
(14, 27, 2)
(14, 28, 2)
(14, 29, 2)
(14, 30, 2)
(14, 31, 2)
(14, 32, 2)
(14, 33, 2)
(14, 34, 2)
(14, 35, 2)
(14, 36, 2)
(14, 37, 2)
(14, 38, 2)
(14, 39, 2)

(15, 0, 10)
(15, 1, 10)
(15, 2, 10)
(15, 3, 10)
(15, 4, 10)
(15, 5, 8)
(15, 6, 4)
(15, 7, 3)
(15, 8, 2)
(15, 9, 2)
(15, 10, 2)
(15, 11, 2)
(15, 12, 2)
(15, 13, 2)
(15, 14, 2)
(15, 15, 2)
(15, 16, 2)
(15, 17, 2)
(15, 18, 2)
(15, 19, 2)
(15, 20, 2)
(15, 21, 2)
(15, 22, 2)
(15, 23, 2)
(15, 24, 2)
(15, 25, 2)
(15, 26, 2)
(15, 27, 2)
(15, 28, 2)
(15, 29, 2)
(15, 30, 2)
(15, 31, 2)
(15, 32, 2)
(15, 33, 2)
(15, 34, 2)
(15, 35, 2)
(15, 36, 2)
(15, 37, 2)
(15, 38, 2)
(15, 39, 2)

(16, 0, 10)
(16, 1, 10)
(16, 2, 10)
(16, 3, 10)
(16, 4, 10)
(16, 5, 8)
(16, 6, 4)
(16, 7, 3)
(16, 8, 2)
(16, 9, 2)
(16, 10, 2)
(16, 11, 2)
(16, 12, 2)
(16, 13, 2)
(16, 14, 2)
(16, 15, 2)
(16, 16, 2)
(16, 17, 2)
(16, 18, 2)
(16, 19, 2)
(16, 20, 2)
(16, 21, 2)
(16, 22, 2)
(16, 23, 2)
(16, 24, 2)
(16, 25, 2)
(16, 26, 2)
(16, 27, 2)
(16, 28, 2)
(16, 29, 2)
(16, 30, 2)
(16, 31, 2)
(16, 32, 2)
(16, 33, 2)
(16, 34, 2)
(16, 35, 2)
(16, 36, 2)
(16, 37, 2)
(16, 38, 2)
(16, 39, 2)

(17, 0, 12)
(17, 1, 12)
(17, 2, 12)
(17, 3, 12)
(17, 4, 12)
(17, 5, 9)
(17, 6, 5)
(17, 7, 4)
(17, 8, 3)
(17, 9, 3)
(17, 10, 3)
(17, 11, 3)
(17, 12, 3)
(17, 13, 3)
(17, 14, 3)
(17, 15, 3)
(17, 16, 3)
(17, 17, 3)
(17, 18, 3)
(17, 19, 3)
(17, 20, 3)
(17, 21, 3)
(17, 22, 3)
(17, 23, 3)
(17, 24, 3)
(17, 25, 3)
(17, 26, 3)
(17, 27, 3)
(17, 28, 3)
(17, 29, 3)
(17, 30, 3)
(17, 31, 3)
(17, 32, 3)
(17, 33, 3)
(17, 34, 3)
(17, 35, 3)
(17, 36, 3)
(17, 37, 3)
(17, 38, 3)
(17, 39, 3)

(18, 0, 12)
(18, 1, 12)
(18, 2, 12)
(18, 3, 12)
(18, 4, 12)
(18, 5, 9)
(18, 6, 5)
(18, 7, 4)
(18, 8, 3)
(18, 9, 3)
(18, 10, 3)
(18, 11, 3)
(18, 12, 3)
(18, 13, 3)
(18, 14, 3)
(18, 15, 3)
(18, 16, 3)
(18, 17, 3)
(18, 18, 3)
(18, 19, 3)
(18, 20, 3)
(18, 21, 3)
(18, 22, 3)
(18, 23, 3)
(18, 24, 3)
(18, 25, 3)
(18, 26, 3)
(18, 27, 3)
(18, 28, 3)
(18, 29, 3)
(18, 30, 3)
(18, 31, 3)
(18, 32, 3)
(18, 33, 3)
(18, 34, 3)
(18, 35, 3)
(18, 36, 3)
(18, 37, 3)
(18, 38, 3)
(18, 39, 3)

(19, 0, 14)
(19, 1, 14)
(19, 2, 14)
(19, 3, 14)
(19, 4, 14)
(19, 5, 11)
(19, 6, 7)
(19, 7, 5)
(19, 8, 4)
(19, 9, 4)
(19, 10, 4)
(19, 11, 3)
(19, 12, 3)
(19, 13, 3)
(19, 14, 3)
(19, 15, 3)
(19, 16, 3)
(19, 17, 3)
(19, 18, 3)
(19, 19, 3)
(19, 20, 3)
(19, 21, 3)
(19, 22, 3)
(19, 23, 3)
(19, 24, 3)
(19, 25, 3)
(19, 26, 3)
(19, 27, 3)
(19, 28, 3)
(19, 29, 3)
(19, 30, 3)
(19, 31, 3)
(19, 32, 3)
(19, 33, 3)
(19, 34, 3)
(19, 35, 3)
(19, 36, 3)
(19, 37, 3)
(19, 38, 3)
(19, 39, 3)

(20, 0, 15)
(20, 1, 15)
(20, 2, 15)
(20, 3, 15)
(20, 4, 15)
(20, 5, 11)
(20, 6, 6)
(20, 7, 4)
(20, 8, 3)
(20, 9, 3)
(20, 10, 3)
(20, 11, 3)
(20, 12, 3)
(20, 13, 3)
(20, 14, 3)
(20, 15, 3)
(20, 16, 3)
(20, 17, 3)
(20, 18, 3)
(20, 19, 3)
(20, 20, 3)
(20, 21, 3)
(20, 22, 3)
(20, 23, 3)
(20, 24, 3)
(20, 25, 3)
(20, 26, 3)
(20, 27, 3)
(20, 28, 3)
(20, 29, 3)
(20, 30, 3)
(20, 31, 3)
(20, 32, 3)
(20, 33, 3)
(20, 34, 3)
(20, 35, 3)
(20, 36, 3)
(20, 37, 3)
(20, 38, 3)
(20, 39, 3)

(21, 0, 17)
(21, 1, 17)
(21, 2, 17)
(21, 3, 17)
(21, 4, 17)
(21, 5, 13)
(21, 6, 8)
(21, 7, 6)
(21, 8, 5)
(21, 9, 4)
(21, 10, 4)
(21, 11, 4)
(21, 12, 4)
(21, 13, 4)
(21, 14, 4)
(21, 15, 4)
(21, 16, 4)
(21, 17, 4)
(21, 18, 4)
(21, 19, 4)
(21, 20, 4)
(21, 21, 4)
(21, 22, 4)
(21, 23, 4)
(21, 24, 4)
(21, 25, 4)
(21, 26, 4)
(21, 27, 4)
(21, 28, 4)
(21, 29, 4)
(21, 30, 4)
(21, 31, 4)
(21, 32, 4)
(21, 33, 4)
(21, 34, 4)
(21, 35, 4)
(21, 36, 4)
(21, 37, 4)
(21, 38, 4)
(21, 39, 3)

(22, 0, 18)
(22, 1, 18)
(22, 2, 18)
(22, 3, 18)
(22, 4, 18)
(22, 5, 14)
(22, 6, 9)
(22, 7, 7)
(22, 8, 6)
(22, 9, 4)
(22, 10, 4)
(22, 11, 4)
(22, 12, 4)
(22, 13, 4)
(22, 14, 4)
(22, 15, 4)
(22, 16, 4)
(22, 17, 4)
(22, 18, 4)
(22, 19, 4)
(22, 20, 4)
(22, 21, 4)
(22, 22, 4)
(22, 23, 4)
(22, 24, 4)
(22, 25, 4)
(22, 26, 4)
(22, 27, 4)
(22, 28, 4)
(22, 29, 4)
(22, 30, 4)
(22, 31, 4)
(22, 32, 4)
(22, 33, 4)
(22, 34, 3)
(22, 35, 3)
(22, 36, 3)
(22, 37, 3)
(22, 38, 3)
(22, 39, 3)

(23, 0, 20)
(23, 1, 20)
(23, 2, 20)
(23, 3, 20)
(23, 4, 20)
(23, 5, 16)
(23, 6, 11)
(23, 7, 8)
(23, 8, 7)
(23, 9, 4)
(23, 10, 4)
(23, 11, 4)
(23, 12, 4)
(23, 13, 4)
(23, 14, 4)
(23, 15, 4)
(23, 16, 4)
(23, 17, 4)
(23, 18, 4)
(23, 19, 4)
(23, 20, 4)
(23, 21, 4)
(23, 22, 4)
(23, 23, 4)
(23, 24, 4)
(23, 25, 4)
(23, 26, 4)
(23, 27, 4)
(23, 28, 4)
(23, 29, 4)
(23, 30, 4)
(23, 31, 4)
(23, 32, 4)
(23, 33, 4)
(23, 34, 3)
(23, 35, 3)
(23, 36, 3)
(23, 37, 3)
(23, 38, 3)
(23, 39, 3)

(24, 0, 21)
(24, 1, 21)
(24, 2, 21)
(24, 3, 21)
(24, 4, 21)
(24, 5, 17)
(24, 6, 12)
(24, 7, 8)
(24, 8, 7)
(24, 9, 4)
(24, 10, 4)
(24, 11, 4)
(24, 12, 4)
(24, 13, 4)
(24, 14, 4)
(24, 15, 4)
(24, 16, 4)
(24, 17, 4)
(24, 18, 4)
(24, 19, 4)
(24, 20, 4)
(24, 21, 4)
(24, 22, 4)
(24, 23, 4)
(24, 24, 4)
(24, 25, 4)
(24, 26, 4)
(24, 27, 4)
(24, 28, 4)
(24, 29, 4)
(24, 30, 4)
(24, 31, 4)
(24, 32, 4)
(24, 33, 4)
(24, 34, 3)
(24, 35, 3)
(24, 36, 3)
(24, 37, 3)
(24, 38, 3)
(24, 39, 3)

(25, 0, 21)
(25, 1, 21)
(25, 2, 21)
(25, 3, 21)
(25, 4, 21)
(25, 5, 17)
(25, 6, 12)
(25, 7, 8)
(25, 8, 7)
(25, 9, 4)
(25, 10, 4)
(25, 11, 4)
(25, 12, 4)
(25, 13, 4)
(25, 14, 4)
(25, 15, 4)
(25, 16, 4)
(25, 17, 4)
(25, 18, 4)
(25, 19, 4)
(25, 20, 4)
(25, 21, 4)
(25, 22, 4)
(25, 23, 4)
(25, 24, 4)
(25, 25, 4)
(25, 26, 4)
(25, 27, 4)
(25, 28, 4)
(25, 29, 4)
(25, 30, 4)
(25, 31, 4)
(25, 32, 4)
(25, 33, 4)
(25, 34, 3)
(25, 35, 3)
(25, 36, 3)
(25, 37, 3)
(25, 38, 3)
(25, 39, 3)

(26, 0, 23)
(26, 1, 23)
(26, 2, 23)
(26, 3, 23)
(26, 4, 23)
(26, 5, 19)
(26, 6, 14)
(26, 7, 10)
(26, 8, 7)
(26, 9, 4)
(26, 10, 4)
(26, 11, 4)
(26, 12, 4)
(26, 13, 4)
(26, 14, 4)
(26, 15, 4)
(26, 16, 4)
(26, 17, 4)
(26, 18, 4)
(26, 19, 4)
(26, 20, 4)
(26, 21, 4)
(26, 22, 4)
(26, 23, 4)
(26, 24, 4)
(26, 25, 4)
(26, 26, 4)
(26, 27, 4)
(26, 28, 4)
(26, 29, 4)
(26, 30, 4)
(26, 31, 4)
(26, 32, 4)
(26, 33, 4)
(26, 34, 3)
(26, 35, 3)
(26, 36, 3)
(26, 37, 3)
(26, 38, 3)
(26, 39, 3)

(27, 0, 23)
(27, 1, 23)
(27, 2, 23)
(27, 3, 23)
(27, 4, 23)
(27, 5, 19)
(27, 6, 14)
(27, 7, 10)
(27, 8, 7)
(27, 9, 4)
(27, 10, 4)
(27, 11, 4)
(27, 12, 4)
(27, 13, 4)
(27, 14, 4)
(27, 15, 4)
(27, 16, 4)
(27, 17, 4)
(27, 18, 4)
(27, 19, 4)
(27, 20, 4)
(27, 21, 4)
(27, 22, 4)
(27, 23, 4)
(27, 24, 4)
(27, 25, 4)
(27, 26, 4)
(27, 27, 4)
(27, 28, 4)
(27, 29, 4)
(27, 30, 4)
(27, 31, 4)
(27, 32, 4)
(27, 33, 4)
(27, 34, 3)
(27, 35, 3)
(27, 36, 3)
(27, 37, 3)
(27, 38, 3)
(27, 39, 3)

(28, 0, 26)
(28, 1, 26)
(28, 2, 25)
(28, 3, 25)
(28, 4, 25)
(28, 5, 21)
(28, 6, 16)
(28, 7, 12)
(28, 8, 8)
(28, 9, 4)
(28, 10, 4)
(28, 11, 4)
(28, 12, 4)
(28, 13, 4)
(28, 14, 4)
(28, 15, 4)
(28, 16, 4)
(28, 17, 4)
(28, 18, 4)
(28, 19, 4)
(28, 20, 4)
(28, 21, 4)
(28, 22, 4)
(28, 23, 4)
(28, 24, 4)
(28, 25, 4)
(28, 26, 4)
(28, 27, 4)
(28, 28, 4)
(28, 29, 4)
(28, 30, 4)
(28, 31, 4)
(28, 32, 4)
(28, 33, 4)
(28, 34, 3)
(28, 35, 3)
(28, 36, 3)
(28, 37, 3)
(28, 38, 3)
(28, 39, 3)

(29, 0, 27)
(29, 1, 27)
(29, 2, 26)
(29, 3, 26)
(29, 4, 26)
(29, 5, 22)
(29, 6, 16)
(29, 7, 12)
(29, 8, 8)
(29, 9, 4)
(29, 10, 4)
(29, 11, 4)
(29, 12, 4)
(29, 13, 4)
(29, 14, 4)
(29, 15, 4)
(29, 16, 4)
(29, 17, 4)
(29, 18, 4)
(29, 19, 4)
(29, 20, 4)
(29, 21, 4)
(29, 22, 4)
(29, 23, 4)
(29, 24, 4)
(29, 25, 4)
(29, 26, 4)
(29, 27, 4)
(29, 28, 4)
(29, 29, 4)
(29, 30, 4)
(29, 31, 4)
(29, 32, 4)
(29, 33, 4)
(29, 34, 3)
(29, 35, 3)
(29, 36, 3)
(29, 37, 3)
(29, 38, 3)
(29, 39, 3)

(30, 0, 32)
(30, 1, 32)
(30, 2, 30)
(30, 3, 30)
(30, 4, 30)
(30, 5, 26)
(30, 6, 17)
(30, 7, 13)
(30, 8, 9)
(30, 9, 5)
(30, 10, 5)
(30, 11, 5)
(30, 12, 5)
(30, 13, 4)
(30, 14, 4)
(30, 15, 4)
(30, 16, 4)
(30, 17, 4)
(30, 18, 4)
(30, 19, 4)
(30, 20, 4)
(30, 21, 4)
(30, 22, 4)
(30, 23, 4)
(30, 24, 4)
(30, 25, 4)
(30, 26, 4)
(30, 27, 4)
(30, 28, 4)
(30, 29, 4)
(30, 30, 4)
(30, 31, 4)
(30, 32, 4)
(30, 33, 4)
(30, 34, 3)
(30, 35, 3)
(30, 36, 3)
(30, 37, 3)
(30, 38, 3)
(30, 39, 3)

(31, 0, 34)
(31, 1, 34)
(31, 2, 32)
(31, 3, 32)
(31, 4, 32)
(31, 5, 28)
(31, 6, 19)
(31, 7, 15)
(31, 8, 11)
(31, 9, 6)
(31, 10, 6)
(31, 11, 6)
(31, 12, 6)
(31, 13, 5)
(31, 14, 5)
(31, 15, 5)
(31, 16, 5)
(31, 17, 4)
(31, 18, 4)
(31, 19, 4)
(31, 20, 4)
(31, 21, 4)
(31, 22, 4)
(31, 23, 4)
(31, 24, 4)
(31, 25, 4)
(31, 26, 4)
(31, 27, 4)
(31, 28, 4)
(31, 29, 4)
(31, 30, 4)
(31, 31, 4)
(31, 32, 4)
(31, 33, 4)
(31, 34, 3)
(31, 35, 3)
(31, 36, 3)
(31, 37, 3)
(31, 38, 3)
(31, 39, 3)

(32, 0, 35)
(32, 1, 35)
(32, 2, 33)
(32, 3, 33)
(32, 4, 33)
(32, 5, 29)
(32, 6, 19)
(32, 7, 15)
(32, 8, 11)
(32, 9, 6)
(32, 10, 6)
(32, 11, 6)
(32, 12, 6)
(32, 13, 5)
(32, 14, 5)
(32, 15, 5)
(32, 16, 5)
(32, 17, 4)
(32, 18, 4)
(32, 19, 4)
(32, 20, 4)
(32, 21, 4)
(32, 22, 4)
(32, 23, 4)
(32, 24, 4)
(32, 25, 4)
(32, 26, 4)
(32, 27, 4)
(32, 28, 4)
(32, 29, 4)
(32, 30, 4)
(32, 31, 4)
(32, 32, 4)
(32, 33, 4)
(32, 34, 3)
(32, 35, 3)
(32, 36, 3)
(32, 37, 3)
(32, 38, 3)
(32, 39, 3)

(33, 0, 37)
(33, 1, 37)
(33, 2, 35)
(33, 3, 35)
(33, 4, 35)
(33, 5, 31)
(33, 6, 20)
(33, 7, 16)
(33, 8, 12)
(33, 9, 7)
(33, 10, 7)
(33, 11, 6)
(33, 12, 6)
(33, 13, 5)
(33, 14, 5)
(33, 15, 5)
(33, 16, 5)
(33, 17, 4)
(33, 18, 4)
(33, 19, 4)
(33, 20, 4)
(33, 21, 4)
(33, 22, 4)
(33, 23, 4)
(33, 24, 4)
(33, 25, 4)
(33, 26, 4)
(33, 27, 4)
(33, 28, 4)
(33, 29, 4)
(33, 30, 4)
(33, 31, 4)
(33, 32, 4)
(33, 33, 4)
(33, 34, 3)
(33, 35, 3)
(33, 36, 3)
(33, 37, 3)
(33, 38, 3)
(33, 39, 3)

(34, 0, 38)
(34, 1, 38)
(34, 2, 36)
(34, 3, 36)
(34, 4, 36)
(34, 5, 32)
(34, 6, 21)
(34, 7, 17)
(34, 8, 13)
(34, 9, 7)
(34, 10, 7)
(34, 11, 6)
(34, 12, 6)
(34, 13, 5)
(34, 14, 5)
(34, 15, 5)
(34, 16, 5)
(34, 17, 4)
(34, 18, 4)
(34, 19, 4)
(34, 20, 4)
(34, 21, 4)
(34, 22, 4)
(34, 23, 4)
(34, 24, 4)
(34, 25, 4)
(34, 26, 4)
(34, 27, 4)
(34, 28, 4)
(34, 29, 4)
(34, 30, 4)
(34, 31, 4)
(34, 32, 4)
(34, 33, 4)
(34, 34, 3)
(34, 35, 3)
(34, 36, 3)
(34, 37, 3)
(34, 38, 3)
(34, 39, 3)

(35, 0, 38)
(35, 1, 38)
(35, 2, 36)
(35, 3, 36)
(35, 4, 36)
(35, 5, 32)
(35, 6, 21)
(35, 7, 17)
(35, 8, 13)
(35, 9, 7)
(35, 10, 7)
(35, 11, 6)
(35, 12, 6)
(35, 13, 5)
(35, 14, 5)
(35, 15, 5)
(35, 16, 5)
(35, 17, 4)
(35, 18, 4)
(35, 19, 4)
(35, 20, 4)
(35, 21, 4)
(35, 22, 4)
(35, 23, 4)
(35, 24, 4)
(35, 25, 4)
(35, 26, 4)
(35, 27, 4)
(35, 28, 4)
(35, 29, 4)
(35, 30, 4)
(35, 31, 4)
(35, 32, 4)
(35, 33, 4)
(35, 34, 3)
(35, 35, 3)
(35, 36, 3)
(35, 37, 3)
(35, 38, 3)
(35, 39, 3)

(36, 0, 38)
(36, 1, 38)
(36, 2, 36)
(36, 3, 36)
(36, 4, 36)
(36, 5, 32)
(36, 6, 21)
(36, 7, 17)
(36, 8, 13)
(36, 9, 7)
(36, 10, 7)
(36, 11, 6)
(36, 12, 6)
(36, 13, 5)
(36, 14, 5)
(36, 15, 5)
(36, 16, 5)
(36, 17, 4)
(36, 18, 4)
(36, 19, 4)
(36, 20, 4)
(36, 21, 4)
(36, 22, 4)
(36, 23, 4)
(36, 24, 4)
(36, 25, 4)
(36, 26, 4)
(36, 27, 4)
(36, 28, 4)
(36, 29, 4)
(36, 30, 4)
(36, 31, 4)
(36, 32, 4)
(36, 33, 4)
(36, 34, 3)
(36, 35, 3)
(36, 36, 3)
(36, 37, 3)
(36, 38, 3)
(36, 39, 3)

(37, 0, 39)
(37, 1, 39)
(37, 2, 37)
(37, 3, 37)
(37, 4, 37)
(37, 5, 33)
(37, 6, 22)
(37, 7, 18)
(37, 8, 14)
(37, 9, 8)
(37, 10, 8)
(37, 11, 7)
(37, 12, 7)
(37, 13, 6)
(37, 14, 6)
(37, 15, 6)
(37, 16, 6)
(37, 17, 5)
(37, 18, 5)
(37, 19, 5)
(37, 20, 5)
(37, 21, 5)
(37, 22, 5)
(37, 23, 5)
(37, 24, 5)
(37, 25, 5)
(37, 26, 5)
(37, 27, 5)
(37, 28, 5)
(37, 29, 5)
(37, 30, 5)
(37, 31, 5)
(37, 32, 5)
(37, 33, 5)
(37, 34, 4)
(37, 35, 4)
(37, 36, 4)
(37, 37, 4)
(37, 38, 4)
(37, 39, 4)

(38, 0, 40)
(38, 1, 40)
(38, 2, 38)
(38, 3, 38)
(38, 4, 38)
(38, 5, 34)
(38, 6, 23)
(38, 7, 19)
(38, 8, 15)
(38, 9, 9)
(38, 10, 8)
(38, 11, 7)
(38, 12, 7)
(38, 13, 6)
(38, 14, 6)
(38, 15, 6)
(38, 16, 6)
(38, 17, 5)
(38, 18, 5)
(38, 19, 5)
(38, 20, 5)
(38, 21, 5)
(38, 22, 5)
(38, 23, 5)
(38, 24, 5)
(38, 25, 5)
(38, 26, 5)
(38, 27, 5)
(38, 28, 5)
(38, 29, 5)
(38, 30, 5)
(38, 31, 5)
(38, 32, 5)
(38, 33, 5)
(38, 34, 4)
(38, 35, 4)
(38, 36, 4)
(38, 37, 4)
(38, 38, 4)
(38, 39, 4)

(39, 0, 43)
(39, 1, 43)
(39, 2, 41)
(39, 3, 41)
(39, 4, 41)
(39, 5, 36)
(39, 6, 23)
(39, 7, 18)
(39, 8, 14)
(39, 9, 8)
(39, 10, 8)
(39, 11, 7)
(39, 12, 7)
(39, 13, 6)
(39, 14, 6)
(39, 15, 6)
(39, 16, 6)
(39, 17, 5)
(39, 18, 5)
(39, 19, 5)
(39, 20, 5)
(39, 21, 5)
(39, 22, 5)
(39, 23, 5)
(39, 24, 5)
(39, 25, 5)
(39, 26, 5)
(39, 27, 5)
(39, 28, 5)
(39, 29, 5)
(39, 30, 5)
(39, 31, 5)
(39, 32, 5)
(39, 33, 5)
(39, 34, 4)
(39, 35, 4)
(39, 36, 4)
(39, 37, 4)
(39, 38, 4)
(39, 39, 4)


Betti numbers:
xi_0:
(0, 0, 2)
(2, 0, 1)
(3, 0, 2)
(10, 0, 2)
(12, 0, 3)
(17, 0, 2)
(19, 0, 2)
(20, 0, 1)
(21, 0, 2)
(22, 0, 1)
(23, 0, 2)
(24, 0, 1)
(26, 0, 2)
(28, 0, 3)
(29, 0, 1)
(30, 0, 5)
(31, 0, 2)
(32, 0, 1)
(33, 0, 2)
(34, 0, 1)
(37, 0, 1)
(38, 0, 1)
(39, 0, 3)
xi_1:
(0, 5, 1)
(2, 7, 1)
(3, 6, 2)
(10, 5, 1)
(12, 6, 2)
(12, 8, 1)
(17, 5, 1)
(19, 7, 1)
(19, 11, 1)
(20, 5, 1)
(20, 6, 1)
(21, 9, 1)
(21, 39, 1)
(22, 9, 1)
(22, 34, 1)
(23, 7, 1)
(23, 9, 1)
(24, 7, 1)
(26, 8, 2)
(28, 2, 1)
(28, 8, 1)
(28, 9, 1)
(29, 6, 1)
(30, 2, 1)
(30, 6, 3)
(30, 13, 1)
(31, 9, 1)
(31, 17, 1)
(32, 6, 1)
(33, 6, 1)
(33, 11, 1)
(34, 9, 1)
(38, 10, 1)
(39, 5, 1)
(39, 6, 2)
(39, 7, 1)
xi_2:
(20, 11, 1)
(22, 39, 1)
(39, 10, 1)
