x-grades
-9028288308171710499/1000000000000000000
-4400918009750320499/500000000000000000
-8575383730829571497/1000000000000000000
-2087232860539625499/250000000000000000
-1624495830697486499/200000000000000000
-3948013432408181497/500000000000000000
-7669574576145293493/1000000000000000000
-930390285934277999/125000000000000000
-7216669998803154491/1000000000000000000
-699021771013208499/100000000000000000
-6763765421461015489/1000000000000000000
-1634328283197486497/250000000000000000
-6310860844118876487/1000000000000000000
-3042204277723903493/500000000000000000
-1171591253355347497/200000000000000000
-351968998631604249/62500000000000000
-5405051689434598483/1000000000000000000
-2589299700381764491/500000000000000000
-4952147112092459481/1000000000000000000
-236284741171069499/50000000000000000
-4499242534750320479/1000000000000000000
-2136395123039625489/500000000000000000
-4046337957408181477/1000000000000000000
-477485708592138997/125000000000000000
-143737335202641699/40000000000000000
-1683490545697486487/500000000000000000
-3140528802723903473/1000000000000000000
-728519128513208493/250000000000000000
-2687624225381764471/1000000000000000000
-246117193671069497/100000000000000000
-2234719648039625469/1000000000000000000
-31379177490133687/15625000000000000
-1781815070697486467/1000000000000000000
-777681391013208483/500000000000000000
-265782098671069493/200000000000000000
-275614551171069491/250000000000000000
-876005916013208463/1000000000000000000
-324776813671069481/500000000000000000
-423101338671069461/1000000000000000000
-4916226249999999/25000000000000000

y-grades
999993/400000
999993/200000
2999979/400000
999993/100000
999993/80000
2999979/200000
6999951/400000
999993/50000
8999937/400000
999993/40000
10999923/400000
2999979/100000
12999909/400000
6999951/200000
2999979/80000
999993/25000
16999881/400000
8999937/200000
18999867/400000
999993/20000
20999853/400000
10999923/200000
22999839/400000
2999979/50000
999993/16000
12999909/200000
26999811/400000
6999951/100000
28999797/400000
2999979/40000
30999783/400000
999993/12500
32999769/400000
16999881/200000
6999951/80000
8999937/100000
36999741/400000
18999867/200000
38999727/400000
999993/10000

Dimensions > 0:
(0, 0, 1)
(0, 1, 1)
(0, 2, 1)
(0, 3, 1)
(0, 4, 1)
(0, 5, 1)
(0, 6, 1)
(0, 7, 1)
(0, 8, 1)
(0, 9, 1)
(0, 10, 1)
(0, 11, 1)
(0, 12, 1)
(0, 13, 1)
(0, 14, 1)
(0, 15, 1)
(0, 16, 1)
(0, 17, 1)
(0, 18, 1)
(0, 19, 1)
(0, 20, 1)
(0, 21, 1)
(0, 22, 1)
(0, 23, 1)
(0, 24, 1)
(0, 25, 1)
(0, 26, 1)
(0, 27, 1)
(0, 28, 1)
(0, 29, 1)
(0, 30, 1)
(0, 31, 1)
(0, 32, 1)
(0, 33, 1)
(0, 34, 1)
(0, 35, 1)
(0, 36, 1)
(0, 37, 1)
(0, 38, 1)
(0, 39, 1)

(1, 0, 6)
(1, 1, 6)
(1, 2, 6)
(1, 3, 4)
(1, 4, 2)
(1, 5, 2)
(1, 6, 2)
(1, 7, 2)
(1, 8, 2)
(1, 9, 2)
(1, 10, 2)
(1, 11, 2)
(1, 12, 2)
(1, 13, 2)
(1, 14, 2)
(1, 15, 2)
(1, 16, 2)
(1, 17, 2)
(1, 18, 2)
(1, 19, 2)
(1, 20, 2)
(1, 21, 2)
(1, 22, 2)
(1, 23, 2)
(1, 24, 2)
(1, 25, 2)
(1, 26, 1)
(1, 27, 1)
(1, 28, 1)
(1, 29, 1)
(1, 30, 1)
(1, 31, 1)
(1, 32, 1)
(1, 33, 1)
(1, 34, 1)
(1, 35, 1)
(1, 36, 1)
(1, 37, 1)
(1, 38, 1)
(1, 39, 1)

(2, 0, 8)
(2, 1, 8)
(2, 2, 8)
(2, 3, 6)
(2, 4, 4)
(2, 5, 3)
(2, 6, 3)
(2, 7, 3)
(2, 8, 3)
(2, 9, 3)
(2, 10, 3)
(2, 11, 3)
(2, 12, 3)
(2, 13, 3)
(2, 14, 3)
(2, 15, 3)
(2, 16, 3)
(2, 17, 3)
(2, 18, 3)
(2, 19, 3)
(2, 20, 3)
(2, 21, 3)
(2, 22, 3)
(2, 23, 3)
(2, 24, 3)
(2, 25, 3)
(2, 26, 2)
(2, 27, 2)
(2, 28, 2)
(2, 29, 2)
(2, 30, 2)
(2, 31, 2)
(2, 32, 2)
(2, 33, 2)
(2, 34, 2)
(2, 35, 2)
(2, 36, 2)
(2, 37, 2)
(2, 38, 2)
(2, 39, 2)

(3, 0, 26)
(3, 1, 23)
(3, 2, 23)
(3, 3, 17)
(3, 4, 10)
(3, 5, 7)
(3, 6, 7)
(3, 7, 5)
(3, 8, 4)
(3, 9, 4)
(3, 10, 4)
(3, 11, 3)
(3, 12, 3)
(3, 13, 3)
(3, 14, 3)
(3, 15, 3)
(3, 16, 3)
(3, 17, 3)
(3, 18, 3)
(3, 19, 3)
(3, 20, 3)
(3, 21, 3)
(3, 22, 3)
(3, 23, 3)
(3, 24, 3)
(3, 25, 3)
(3, 26, 2)
(3, 27, 2)
(3, 28, 2)
(3, 29, 2)
(3, 30, 1)
(3, 31, 1)
(3, 32, 1)
(3, 33, 1)
(3, 34, 1)
(3, 35, 1)
(3, 36, 1)
(3, 37, 1)
(3, 38, 1)
(3, 39, 1)

(4, 0, 36)
(4, 1, 26)
(4, 2, 24)
(4, 3, 18)
(4, 4, 11)
(4, 5, 8)
(4, 6, 8)
(4, 7, 5)
(4, 8, 5)
(4, 9, 5)
(4, 10, 5)
(4, 11, 4)
(4, 12, 4)
(4, 13, 3)
(4, 14, 3)
(4, 15, 3)
(4, 16, 3)
(4, 17, 2)
(4, 18, 2)
(4, 19, 2)
(4, 20, 2)
(4, 21, 2)
(4, 22, 2)
(4, 23, 2)
(4, 24, 2)
(4, 25, 2)
(4, 26, 1)
(4, 27, 1)
(4, 28, 1)
(4, 29, 1)
(4, 30, 1)
(4, 31, 1)
(4, 32, 1)
(4, 33, 1)
(4, 34, 1)
(4, 35, 1)
(4, 36, 1)
(4, 37, 1)
(4, 38, 1)
(4, 39, 1)

(5, 0, 59)
(5, 1, 37)
(5, 2, 32)
(5, 3, 26)
(5, 4, 16)
(5, 5, 11)
(5, 6, 11)
(5, 7, 6)
(5, 8, 5)
(5, 9, 4)
(5, 10, 3)
(5, 11, 2)
(5, 12, 2)
(5, 13, 2)
(5, 14, 2)
(5, 15, 2)
(5, 16, 2)
(5, 17, 2)
(5, 18, 2)
(5, 19, 1)
(5, 20, 1)
(5, 21, 1)
(5, 22, 1)
(5, 23, 1)
(5, 24, 1)
(5, 25, 1)
(5, 26, 1)
(5, 27, 1)
(5, 28, 1)
(5, 29, 1)
(5, 30, 1)
(5, 31, 1)
(5, 32, 1)
(5, 33, 1)
(5, 34, 1)
(5, 35, 1)
(5, 36, 1)
(5, 37, 1)
(5, 38, 1)
(5, 39, 1)

(6, 0, 84)
(6, 1, 46)
(6, 2, 37)
(6, 3, 30)
(6, 4, 19)
(6, 5, 14)
(6, 6, 12)
(6, 7, 5)
(6, 8, 3)
(6, 9, 1)
(6, 10, 1)
(6, 11, 1)
(6, 12, 1)
(6, 13, 1)
(6, 14, 1)
(6, 15, 1)
(6, 16, 1)
(6, 17, 1)
(6, 18, 1)
(6, 19, 1)
(6, 20, 1)
(6, 21, 1)
(6, 22, 1)
(6, 23, 1)
(6, 24, 1)
(6, 25, 1)
(6, 26, 1)
(6, 27, 1)
(6, 28, 1)
(6, 29, 1)
(6, 30, 1)
(6, 31, 1)
(6, 32, 1)
(6, 33, 1)
(6, 34, 1)
(6, 35, 1)
(6, 36, 1)
(6, 37, 1)
(6, 38, 1)
(6, 39, 1)

(7, 0, 101)
(7, 1, 47)
(7, 2, 37)
(7, 3, 30)
(7, 4, 18)
(7, 5, 13)
(7, 6, 12)
(7, 7, 4)
(7, 8, 2)
(7, 9, 1)
(7, 10, 1)
(7, 11, 1)
(7, 12, 1)
(7, 13, 1)
(7, 14, 1)
(7, 15, 1)
(7, 16, 1)
(7, 17, 1)
(7, 18, 1)
(7, 19, 1)
(7, 20, 1)
(7, 21, 1)
(7, 22, 1)
(7, 23, 1)
(7, 24, 1)
(7, 25, 1)
(7, 26, 1)
(7, 27, 1)
(7, 28, 1)
(7, 29, 1)
(7, 30, 1)
(7, 31, 1)
(7, 32, 1)
(7, 33, 1)
(7, 34, 1)
(7, 35, 1)
(7, 36, 1)
(7, 37, 1)
(7, 38, 1)
(7, 39, 1)

(8, 0, 114)
(8, 1, 50)
(8, 2, 37)
(8, 3, 29)
(8, 4, 18)
(8, 5, 13)
(8, 6, 12)
(8, 7, 4)
(8, 8, 2)
(8, 9, 1)
(8, 10, 1)
(8, 11, 1)
(8, 12, 1)
(8, 13, 1)
(8, 14, 1)
(8, 15, 1)
(8, 16, 1)
(8, 17, 1)
(8, 18, 1)
(8, 19, 1)
(8, 20, 1)
(8, 21, 1)
(8, 22, 1)
(8, 23, 1)
(8, 24, 1)
(8, 25, 1)
(8, 26, 1)
(8, 27, 1)
(8, 28, 1)
(8, 29, 1)
(8, 30, 1)
(8, 31, 1)
(8, 32, 1)
(8, 33, 1)
(8, 34, 1)
(8, 35, 1)
(8, 36, 1)
(8, 37, 1)
(8, 38, 1)
(8, 39, 1)

(9, 0, 130)
(9, 1, 52)
(9, 2, 37)
(9, 3, 29)
(9, 4, 18)
(9, 5, 13)
(9, 6, 12)
(9, 7, 4)
(9, 8, 2)
(9, 9, 1)
(9, 10, 1)
(9, 11, 1)
(9, 12, 1)
(9, 13, 1)
(9, 14, 1)
(9, 15, 1)
(9, 16, 1)
(9, 17, 1)
(9, 18, 1)
(9, 19, 1)
(9, 20, 1)
(9, 21, 1)
(9, 22, 1)
(9, 23, 1)
(9, 24, 1)
(9, 25, 1)
(9, 26, 1)
(9, 27, 1)
(9, 28, 1)
(9, 29, 1)
(9, 30, 1)
(9, 31, 1)
(9, 32, 1)
(9, 33, 1)
(9, 34, 1)
(9, 35, 1)
(9, 36, 1)
(9, 37, 1)
(9, 38, 1)
(9, 39, 1)

(10, 0, 149)
(10, 1, 56)
(10, 2, 39)
(10, 3, 31)
(10, 4, 20)
(10, 5, 15)
(10, 6, 14)
(10, 7, 5)
(10, 8, 3)
(10, 9, 2)
(10, 10, 2)
(10, 11, 2)
(10, 12, 2)
(10, 13, 2)
(10, 14, 2)
(10, 15, 2)
(10, 16, 2)
(10, 17, 2)
(10, 18, 2)
(10, 19, 2)
(10, 20, 2)
(10, 21, 2)
(10, 22, 2)
(10, 23, 2)
(10, 24, 2)
(10, 25, 2)
(10, 26, 2)
(10, 27, 2)
(10, 28, 2)
(10, 29, 2)
(10, 30, 2)
(10, 31, 2)
(10, 32, 2)
(10, 33, 2)
(10, 34, 2)
(10, 35, 2)
(10, 36, 2)
(10, 37, 2)
(10, 38, 2)
(10, 39, 2)

(11, 0, 166)
(11, 1, 59)
(11, 2, 41)
(11, 3, 33)
(11, 4, 21)
(11, 5, 16)
(11, 6, 15)
(11, 7, 5)
(11, 8, 3)
(11, 9, 2)
(11, 10, 2)
(11, 11, 2)
(11, 12, 2)
(11, 13, 2)
(11, 14, 2)
(11, 15, 2)
(11, 16, 2)
(11, 17, 2)
(11, 18, 2)
(11, 19, 2)
(11, 20, 2)
(11, 21, 2)
(11, 22, 2)
(11, 23, 2)
(11, 24, 2)
(11, 25, 2)
(11, 26, 2)
(11, 27, 2)
(11, 28, 2)
(11, 29, 2)
(11, 30, 2)
(11, 31, 2)
(11, 32, 2)
(11, 33, 2)
(11, 34, 2)
(11, 35, 2)
(11, 36, 2)
(11, 37, 2)
(11, 38, 2)
(11, 39, 2)

(12, 0, 188)
(12, 1, 67)
(12, 2, 48)
(12, 3, 40)
(12, 4, 25)
(12, 5, 20)
(12, 6, 17)
(12, 7, 6)
(12, 8, 4)
(12, 9, 3)
(12, 10, 3)
(12, 11, 3)
(12, 12, 3)
(12, 13, 3)
(12, 14, 3)
(12, 15, 3)
(12, 16, 3)
(12, 17, 3)
(12, 18, 3)
(12, 19, 2)
(12, 20, 2)
(12, 21, 2)
(12, 22, 2)
(12, 23, 2)
(12, 24, 2)
(12, 25, 2)
(12, 26, 2)
(12, 27, 2)
(12, 28, 2)
(12, 29, 2)
(12, 30, 2)
(12, 31, 2)
(12, 32, 2)
(12, 33, 2)
(12, 34, 2)
(12, 35, 2)
(12, 36, 2)
(12, 37, 2)
(12, 38, 2)
(12, 39, 2)

(13, 0, 209)
(13, 1, 76)
(13, 2, 53)
(13, 3, 45)
(13, 4, 28)
(13, 5, 23)
(13, 6, 20)
(13, 7, 8)
(13, 8, 6)
(13, 9, 5)
(13, 10, 4)
(13, 11, 4)
(13, 12, 4)
(13, 13, 4)
(13, 14, 4)
(13, 15, 4)
(13, 16, 4)
(13, 17, 4)
(13, 18, 4)
(13, 19, 3)
(13, 20, 3)
(13, 21, 3)
(13, 22, 3)
(13, 23, 3)
(13, 24, 2)
(13, 25, 2)
(13, 26, 2)
(13, 27, 2)
(13, 28, 2)
(13, 29, 2)
(13, 30, 2)
(13, 31, 2)
(13, 32, 2)
(13, 33, 2)
(13, 34, 2)
(13, 35, 2)
(13, 36, 2)
(13, 37, 2)
(13, 38, 2)
(13, 39, 2)

(14, 0, 228)
(14, 1, 88)
(14, 2, 58)
(14, 3, 50)
(14, 4, 31)
(14, 5, 26)
(14, 6, 23)
(14, 7, 7)
(14, 8, 5)
(14, 9, 4)
(14, 10, 4)
(14, 11, 4)
(14, 12, 4)
(14, 13, 4)
(14, 14, 4)
(14, 15, 4)
(14, 16, 4)
(14, 17, 4)
(14, 18, 4)
(14, 19, 3)
(14, 20, 3)
(14, 21, 3)
(14, 22, 3)
(14, 23, 3)
(14, 24, 2)
(14, 25, 2)
(14, 26, 2)
(14, 27, 2)
(14, 28, 2)
(14, 29, 2)
(14, 30, 2)
(14, 31, 2)
(14, 32, 2)
(14, 33, 2)
(14, 34, 2)
(14, 35, 2)
(14, 36, 2)
(14, 37, 2)
(14, 38, 2)
(14, 39, 2)

(15, 0, 239)
(15, 1, 97)
(15, 2, 63)
(15, 3, 55)
(15, 4, 32)
(15, 5, 27)
(15, 6, 24)
(15, 7, 8)
(15, 8, 5)
(15, 9, 4)
(15, 10, 4)
(15, 11, 4)
(15, 12, 4)
(15, 13, 4)
(15, 14, 4)
(15, 15, 4)
(15, 16, 4)
(15, 17, 4)
(15, 18, 4)
(15, 19, 3)
(15, 20, 3)
(15, 21, 3)
(15, 22, 3)
(15, 23, 3)
(15, 24, 2)
(15, 25, 2)
(15, 26, 2)
(15, 27, 2)
(15, 28, 2)
(15, 29, 2)
(15, 30, 2)
(15, 31, 2)
(15, 32, 2)
(15, 33, 2)
(15, 34, 2)
(15, 35, 2)
(15, 36, 2)
(15, 37, 2)
(15, 38, 2)
(15, 39, 2)

(16, 0, 251)
(16, 1, 101)
(16, 2, 64)
(16, 3, 56)
(16, 4, 33)
(16, 5, 28)
(16, 6, 25)
(16, 7, 8)
(16, 8, 5)
(16, 9, 4)
(16, 10, 4)
(16, 11, 4)
(16, 12, 4)
(16, 13, 4)
(16, 14, 4)
(16, 15, 4)
(16, 16, 4)
(16, 17, 4)
(16, 18, 4)
(16, 19, 3)
(16, 20, 3)
(16, 21, 3)
(16, 22, 3)
(16, 23, 3)
(16, 24, 2)
(16, 25, 2)
(16, 26, 2)
(16, 27, 2)
(16, 28, 2)
(16, 29, 2)
(16, 30, 2)
(16, 31, 2)
(16, 32, 2)
(16, 33, 2)
(16, 34, 2)
(16, 35, 2)
(16, 36, 2)
(16, 37, 2)
(16, 38, 2)
(16, 39, 2)

(17, 0, 267)
(17, 1, 103)
(17, 2, 64)
(17, 3, 56)
(17, 4, 33)
(17, 5, 28)
(17, 6, 25)
(17, 7, 8)
(17, 8, 5)
(17, 9, 4)
(17, 10, 4)
(17, 11, 4)
(17, 12, 4)
(17, 13, 4)
(17, 14, 4)
(17, 15, 4)
(17, 16, 4)
(17, 17, 4)
(17, 18, 4)
(17, 19, 3)
(17, 20, 3)
(17, 21, 3)
(17, 22, 3)
(17, 23, 3)
(17, 24, 2)
(17, 25, 2)
(17, 26, 2)
(17, 27, 2)
(17, 28, 2)
(17, 29, 2)
(17, 30, 2)
(17, 31, 2)
(17, 32, 2)
(17, 33, 2)
(17, 34, 2)
(17, 35, 2)
(17, 36, 2)
(17, 37, 2)
(17, 38, 2)
(17, 39, 2)

(18, 0, 285)
(18, 1, 103)
(18, 2, 64)
(18, 3, 56)
(18, 4, 33)
(18, 5, 28)
(18, 6, 25)
(18, 7, 8)
(18, 8, 5)
(18, 9, 4)
(18, 10, 4)
(18, 11, 4)
(18, 12, 4)
(18, 13, 4)
(18, 14, 4)
(18, 15, 4)
(18, 16, 4)
(18, 17, 4)
(18, 18, 4)
(18, 19, 3)
(18, 20, 3)
(18, 21, 3)
(18, 22, 3)
(18, 23, 3)
(18, 24, 2)
(18, 25, 2)
(18, 26, 2)
(18, 27, 2)
(18, 28, 2)
(18, 29, 2)
(18, 30, 2)
(18, 31, 2)
(18, 32, 2)
(18, 33, 2)
(18, 34, 2)
(18, 35, 2)
(18, 36, 2)
(18, 37, 2)
(18, 38, 2)
(18, 39, 2)

(19, 0, 299)
(19, 1, 106)
(19, 2, 64)
(19, 3, 56)
(19, 4, 33)
(19, 5, 28)
(19, 6, 25)
(19, 7, 8)
(19, 8, 5)
(19, 9, 4)
(19, 10, 4)
(19, 11, 4)
(19, 12, 4)
(19, 13, 4)
(19, 14, 4)
(19, 15, 4)
(19, 16, 4)
(19, 17, 4)
(19, 18, 4)
(19, 19, 3)
(19, 20, 3)
(19, 21, 3)
(19, 22, 3)
(19, 23, 3)
(19, 24, 2)
(19, 25, 2)
(19, 26, 2)
(19, 27, 2)
(19, 28, 2)
(19, 29, 2)
(19, 30, 2)
(19, 31, 2)
(19, 32, 2)
(19, 33, 2)
(19, 34, 2)
(19, 35, 2)
(19, 36, 2)
(19, 37, 2)
(19, 38, 2)
(19, 39, 2)

(20, 0, 316)
(20, 1, 114)
(20, 2, 65)
(20, 3, 57)
(20, 4, 34)
(20, 5, 29)
(20, 6, 26)
(20, 7, 9)
(20, 8, 6)
(20, 9, 5)
(20, 10, 5)
(20, 11, 5)
(20, 12, 5)
(20, 13, 5)
(20, 14, 5)
(20, 15, 5)
(20, 16, 5)
(20, 17, 5)
(20, 18, 5)
(20, 19, 4)
(20, 20, 4)
(20, 21, 4)
(20, 22, 4)
(20, 23, 4)
(20, 24, 3)
(20, 25, 2)
(20, 26, 2)
(20, 27, 2)
(20, 28, 2)
(20, 29, 2)
(20, 30, 2)
(20, 31, 2)
(20, 32, 2)
(20, 33, 2)
(20, 34, 2)
(20, 35, 2)
(20, 36, 1)
(20, 37, 1)
(20, 38, 1)
(20, 39, 1)

(21, 0, 330)
(21, 1, 122)
(21, 2, 67)
(21, 3, 59)
(21, 4, 36)
(21, 5, 30)
(21, 6, 27)
(21, 7, 9)
(21, 8, 6)
(21, 9, 5)
(21, 10, 5)
(21, 11, 5)
(21, 12, 5)
(21, 13, 5)
(21, 14, 5)
(21, 15, 5)
(21, 16, 5)
(21, 17, 5)
(21, 18, 5)
(21, 19, 4)
(21, 20, 4)
(21, 21, 4)
(21, 22, 4)
(21, 23, 4)
(21, 24, 3)
(21, 25, 2)
(21, 26, 2)
(21, 27, 2)
(21, 28, 2)
(21, 29, 2)
(21, 30, 2)
(21, 31, 2)
(21, 32, 2)
(21, 33, 2)
(21, 34, 2)
(21, 35, 1)
(21, 36, 1)
(21, 37, 1)
(21, 38, 1)
(21, 39, 1)

(22, 0, 347)
(22, 1, 126)
(22, 2, 68)
(22, 3, 60)
(22, 4, 37)
(22, 5, 31)
(22, 6, 28)
(22, 7, 10)
(22, 8, 7)
(22, 9, 6)
(22, 10, 6)
(22, 11, 6)
(22, 12, 6)
(22, 13, 6)
(22, 14, 6)
(22, 15, 6)
(22, 16, 6)
(22, 17, 6)
(22, 18, 6)
(22, 19, 5)
(22, 20, 5)
(22, 21, 5)
(22, 22, 5)
(22, 23, 5)
(22, 24, 4)
(22, 25, 3)
(22, 26, 3)
(22, 27, 3)
(22, 28, 3)
(22, 29, 2)
(22, 30, 2)
(22, 31, 2)
(22, 32, 2)
(22, 33, 2)
(22, 34, 2)
(22, 35, 1)
(22, 36, 1)
(22, 37, 1)
(22, 38, 1)
(22, 39, 1)

(23, 0, 358)
(23, 1, 129)
(23, 2, 68)
(23, 3, 60)
(23, 4, 37)
(23, 5, 31)
(23, 6, 28)
(23, 7, 10)
(23, 8, 7)
(23, 9, 6)
(23, 10, 6)
(23, 11, 6)
(23, 12, 6)
(23, 13, 6)
(23, 14, 6)
(23, 15, 6)
(23, 16, 6)
(23, 17, 6)
(23, 18, 6)
(23, 19, 5)
(23, 20, 5)
(23, 21, 5)
(23, 22, 5)
(23, 23, 4)
(23, 24, 3)
(23, 25, 3)
(23, 26, 3)
(23, 27, 2)
(23, 28, 2)
(23, 29, 2)
(23, 30, 2)
(23, 31, 2)
(23, 32, 2)
(23, 33, 2)
(23, 34, 2)
(23, 35, 1)
(23, 36, 1)
(23, 37, 1)
(23, 38, 1)
(23, 39, 1)

(24, 0, 393)
(24, 1, 138)
(24, 2, 74)
(24, 3, 65)
(24, 4, 40)
(24, 5, 33)
(24, 6, 30)
(24, 7, 12)
(24, 8, 9)
(24, 9, 7)
(24, 10, 6)
(24, 11, 6)
(24, 12, 6)
(24, 13, 5)
(24, 14, 5)
(24, 15, 5)
(24, 16, 5)
(24, 17, 5)
(24, 18, 4)
(24, 19, 3)
(24, 20, 3)
(24, 21, 3)
(24, 22, 3)
(24, 23, 3)
(24, 24, 2)
(24, 25, 2)
(24, 26, 2)
(24, 27, 2)
(24, 28, 2)
(24, 29, 2)
(24, 30, 2)
(24, 31, 2)
(24, 32, 2)
(24, 33, 2)
(24, 34, 2)
(24, 35, 1)
(24, 36, 1)
(24, 37, 1)
(24, 38, 1)
(24, 39, 1)

(25, 0, 426)
(25, 1, 144)
(25, 2, 75)
(25, 3, 66)
(25, 4, 40)
(25, 5, 32)
(25, 6, 28)
(25, 7, 10)
(25, 8, 7)
(25, 9, 5)
(25, 10, 5)
(25, 11, 5)
(25, 12, 5)
(25, 13, 5)
(25, 14, 5)
(25, 15, 5)
(25, 16, 5)
(25, 17, 4)
(25, 18, 4)
(25, 19, 3)
(25, 20, 3)
(25, 21, 3)
(25, 22, 3)
(25, 23, 3)
(25, 24, 2)
(25, 25, 2)
(25, 26, 2)
(25, 27, 2)
(25, 28, 2)
(25, 29, 2)
(25, 30, 2)
(25, 31, 2)
(25, 32, 2)
(25, 33, 2)
(25, 34, 2)
(25, 35, 1)
(25, 36, 1)
(25, 37, 1)
(25, 38, 1)
(25, 39, 1)

(26, 0, 470)
(26, 1, 162)
(26, 2, 82)
(26, 3, 71)
(26, 4, 45)
(26, 5, 33)
(26, 6, 29)
(26, 7, 10)
(26, 8, 7)
(26, 9, 6)
(26, 10, 5)
(26, 11, 5)
(26, 12, 5)
(26, 13, 5)
(26, 14, 5)
(26, 15, 5)
(26, 16, 5)
(26, 17, 4)
(26, 18, 4)
(26, 19, 3)
(26, 20, 3)
(26, 21, 3)
(26, 22, 3)
(26, 23, 3)
(26, 24, 2)
(26, 25, 2)
(26, 26, 2)
(26, 27, 2)
(26, 28, 2)
(26, 29, 2)
(26, 30, 2)
(26, 31, 2)
(26, 32, 2)
(26, 33, 2)
(26, 34, 1)
(26, 35, 1)
(26, 36, 1)
(26, 37, 1)
(26, 38, 1)
(26, 39, 1)

(27, 0, 500)
(27, 1, 176)
(27, 2, 85)
(27, 3, 74)
(27, 4, 46)
(27, 5, 33)
(27, 6, 29)
(27, 7, 8)
(27, 8, 5)
(27, 9, 5)
(27, 10, 5)
(27, 11, 5)
(27, 12, 5)
(27, 13, 5)
(27, 14, 5)
(27, 15, 5)
(27, 16, 5)
(27, 17, 4)
(27, 18, 4)
(27, 19, 3)
(27, 20, 3)
(27, 21, 3)
(27, 22, 3)
(27, 23, 3)
(27, 24, 2)
(27, 25, 2)
(27, 26, 2)
(27, 27, 2)
(27, 28, 2)
(27, 29, 2)
(27, 30, 2)
(27, 31, 2)
(27, 32, 2)
(27, 33, 2)
(27, 34, 1)
(27, 35, 1)
(27, 36, 1)
(27, 37, 1)
(27, 38, 1)
(27, 39, 1)

(28, 0, 512)
(28, 1, 182)
(28, 2, 87)
(28, 3, 76)
(28, 4, 45)
(28, 5, 33)
(28, 6, 29)
(28, 7, 8)
(28, 8, 5)
(28, 9, 5)
(28, 10, 5)
(28, 11, 5)
(28, 12, 5)
(28, 13, 5)
(28, 14, 5)
(28, 15, 5)
(28, 16, 5)
(28, 17, 4)
(28, 18, 4)
(28, 19, 3)
(28, 20, 3)
(28, 21, 3)
(28, 22, 3)
(28, 23, 3)
(28, 24, 2)
(28, 25, 2)
(28, 26, 2)
(28, 27, 2)
(28, 28, 2)
(28, 29, 2)
(28, 30, 2)
(28, 31, 2)
(28, 32, 2)
(28, 33, 2)
(28, 34, 1)
(28, 35, 1)
(28, 36, 1)
(28, 37, 1)
(28, 38, 1)
(28, 39, 1)

(29, 0, 522)
(29, 1, 185)
(29, 2, 89)
(29, 3, 78)
(29, 4, 45)
(29, 5, 33)
(29, 6, 29)
(29, 7, 8)
(29, 8, 5)
(29, 9, 5)
(29, 10, 5)
(29, 11, 5)
(29, 12, 5)
(29, 13, 5)
(29, 14, 5)
(29, 15, 5)
(29, 16, 5)
(29, 17, 4)
(29, 18, 4)
(29, 19, 3)
(29, 20, 3)
(29, 21, 3)
(29, 22, 3)
(29, 23, 3)
(29, 24, 2)
(29, 25, 2)
(29, 26, 2)
(29, 27, 2)
(29, 28, 2)
(29, 29, 2)
(29, 30, 2)
(29, 31, 2)
(29, 32, 2)
(29, 33, 2)
(29, 34, 1)
(29, 35, 1)
(29, 36, 1)
(29, 37, 1)
(29, 38, 1)
(29, 39, 1)

(30, 0, 530)
(30, 1, 192)
(30, 2, 92)
(30, 3, 81)
(30, 4, 48)
(30, 5, 35)
(30, 6, 31)
(30, 7, 9)
(30, 8, 6)
(30, 9, 5)
(30, 10, 5)
(30, 11, 5)
(30, 12, 5)
(30, 13, 5)
(30, 14, 5)
(30, 15, 5)
(30, 16, 5)
(30, 17, 4)
(30, 18, 4)
(30, 19, 3)
(30, 20, 3)
(30, 21, 3)
(30, 22, 3)
(30, 23, 3)
(30, 24, 2)
(30, 25, 2)
(30, 26, 2)
(30, 27, 2)
(30, 28, 2)
(30, 29, 2)
(30, 30, 2)
(30, 31, 2)
(30, 32, 2)
(30, 33, 2)
(30, 34, 1)
(30, 35, 1)
(30, 36, 1)
(30, 37, 1)
(30, 38, 1)
(30, 39, 1)

(31, 0, 539)
(31, 1, 201)
(31, 2, 94)
(31, 3, 82)
(31, 4, 48)
(31, 5, 35)
(31, 6, 31)
(31, 7, 9)
(31, 8, 6)
(31, 9, 5)
(31, 10, 5)
(31, 11, 5)
(31, 12, 5)
(31, 13, 5)
(31, 14, 5)
(31, 15, 5)
(31, 16, 5)
(31, 17, 4)
(31, 18, 4)
(31, 19, 3)
(31, 20, 3)
(31, 21, 3)
(31, 22, 3)
(31, 23, 3)
(31, 24, 2)
(31, 25, 2)
(31, 26, 2)
(31, 27, 2)
(31, 28, 2)
(31, 29, 2)
(31, 30, 2)
(31, 31, 2)
(31, 32, 2)
(31, 33, 2)
(31, 34, 1)
(31, 35, 1)
(31, 36, 1)
(31, 37, 1)
(31, 38, 1)
(31, 39, 1)

(32, 0, 539)
(32, 1, 201)
(32, 2, 94)
(32, 3, 82)
(32, 4, 48)
(32, 5, 35)
(32, 6, 31)
(32, 7, 9)
(32, 8, 6)
(32, 9, 5)
(32, 10, 5)
(32, 11, 5)
(32, 12, 5)
(32, 13, 5)
(32, 14, 5)
(32, 15, 5)
(32, 16, 5)
(32, 17, 4)
(32, 18, 4)
(32, 19, 3)
(32, 20, 3)
(32, 21, 3)
(32, 22, 3)
(32, 23, 3)
(32, 24, 2)
(32, 25, 2)
(32, 26, 2)
(32, 27, 2)
(32, 28, 2)
(32, 29, 2)
(32, 30, 2)
(32, 31, 2)
(32, 32, 2)
(32, 33, 2)
(32, 34, 1)
(32, 35, 1)
(32, 36, 1)
(32, 37, 1)
(32, 38, 1)
(32, 39, 1)

(33, 0, 540)
(33, 1, 202)
(33, 2, 95)
(33, 3, 83)
(33, 4, 49)
(33, 5, 35)
(33, 6, 31)
(33, 7, 9)
(33, 8, 6)
(33, 9, 5)
(33, 10, 5)
(33, 11, 5)
(33, 12, 5)
(33, 13, 5)
(33, 14, 5)
(33, 15, 5)
(33, 16, 5)
(33, 17, 4)
(33, 18, 4)
(33, 19, 3)
(33, 20, 3)
(33, 21, 3)
(33, 22, 3)
(33, 23, 3)
(33, 24, 2)
(33, 25, 2)
(33, 26, 2)
(33, 27, 2)
(33, 28, 2)
(33, 29, 2)
(33, 30, 2)
(33, 31, 2)
(33, 32, 2)
(33, 33, 2)
(33, 34, 1)
(33, 35, 1)
(33, 36, 1)
(33, 37, 1)
(33, 38, 1)
(33, 39, 1)

(34, 0, 542)
(34, 1, 204)
(34, 2, 96)
(34, 3, 83)
(34, 4, 49)
(34, 5, 35)
(34, 6, 31)
(34, 7, 9)
(34, 8, 6)
(34, 9, 5)
(34, 10, 5)
(34, 11, 5)
(34, 12, 5)
(34, 13, 5)
(34, 14, 5)
(34, 15, 5)
(34, 16, 5)
(34, 17, 4)
(34, 18, 4)
(34, 19, 3)
(34, 20, 3)
(34, 21, 3)
(34, 22, 3)
(34, 23, 3)
(34, 24, 2)
(34, 25, 2)
(34, 26, 2)
(34, 27, 2)
(34, 28, 2)
(34, 29, 2)
(34, 30, 2)
(34, 31, 2)
(34, 32, 2)
(34, 33, 2)
(34, 34, 1)
(34, 35, 1)
(34, 36, 1)
(34, 37, 1)
(34, 38, 1)
(34, 39, 1)

(35, 0, 542)
(35, 1, 204)
(35, 2, 96)
(35, 3, 83)
(35, 4, 49)
(35, 5, 35)
(35, 6, 31)
(35, 7, 9)
(35, 8, 6)
(35, 9, 5)
(35, 10, 5)
(35, 11, 5)
(35, 12, 5)
(35, 13, 5)
(35, 14, 5)
(35, 15, 5)
(35, 16, 5)
(35, 17, 4)
(35, 18, 4)
(35, 19, 3)
(35, 20, 3)
(35, 21, 3)
(35, 22, 3)
(35, 23, 3)
(35, 24, 2)
(35, 25, 2)
(35, 26, 2)
(35, 27, 2)
(35, 28, 2)
(35, 29, 2)
(35, 30, 2)
(35, 31, 2)
(35, 32, 2)
(35, 33, 2)
(35, 34, 1)
(35, 35, 1)
(35, 36, 1)
(35, 37, 1)
(35, 38, 1)
(35, 39, 1)

(36, 0, 544)
(36, 1, 206)
(36, 2, 98)
(36, 3, 85)
(36, 4, 51)
(36, 5, 36)
(36, 6, 32)
(36, 7, 9)
(36, 8, 6)
(36, 9, 5)
(36, 10, 5)
(36, 11, 5)
(36, 12, 5)
(36, 13, 5)
(36, 14, 5)
(36, 15, 5)
(36, 16, 5)
(36, 17, 4)
(36, 18, 4)
(36, 19, 3)
(36, 20, 3)
(36, 21, 3)
(36, 22, 3)
(36, 23, 3)
(36, 24, 2)
(36, 25, 2)
(36, 26, 2)
(36, 27, 2)
(36, 28, 2)
(36, 29, 2)
(36, 30, 2)
(36, 31, 2)
(36, 32, 2)
(36, 33, 2)
(36, 34, 1)
(36, 35, 1)
(36, 36, 1)
(36, 37, 1)
(36, 38, 1)
(36, 39, 1)

(37, 0, 546)
(37, 1, 208)
(37, 2, 100)
(37, 3, 87)
(37, 4, 53)
(37, 5, 38)
(37, 6, 33)
(37, 7, 9)
(37, 8, 6)
(37, 9, 5)
(37, 10, 5)
(37, 11, 5)
(37, 12, 5)
(37, 13, 5)
(37, 14, 5)
(37, 15, 5)
(37, 16, 5)
(37, 17, 4)
(37, 18, 4)
(37, 19, 3)
(37, 20, 3)
(37, 21, 3)
(37, 22, 3)
(37, 23, 3)
(37, 24, 2)
(37, 25, 2)
(37, 26, 2)
(37, 27, 2)
(37, 28, 2)
(37, 29, 2)
(37, 30, 2)
(37, 31, 2)
(37, 32, 2)
(37, 33, 2)
(37, 34, 1)
(37, 35, 1)
(37, 36, 1)
(37, 37, 1)
(37, 38, 1)
(37, 39, 1)

(38, 0, 549)
(38, 1, 211)
(38, 2, 102)
(38, 3, 87)
(38, 4, 52)
(38, 5, 37)
(38, 6, 33)
(38, 7, 9)
(38, 8, 6)
(38, 9, 5)
(38, 10, 5)
(38, 11, 5)
(38, 12, 5)
(38, 13, 5)
(38, 14, 5)
(38, 15, 5)
(38, 16, 5)
(38, 17, 4)
(38, 18, 4)
(38, 19, 3)
(38, 20, 3)
(38, 21, 3)
(38, 22, 3)
(38, 23, 3)
(38, 24, 2)
(38, 25, 2)
(38, 26, 2)
(38, 27, 2)
(38, 28, 2)
(38, 29, 2)
(38, 30, 2)
(38, 31, 2)
(38, 32, 2)
(38, 33, 2)
(38, 34, 1)
(38, 35, 1)
(38, 36, 1)
(38, 37, 1)
(38, 38, 1)
(38, 39, 1)

(39, 0, 553)
(39, 1, 215)
(39, 2, 106)
(39, 3, 89)
(39, 4, 53)
(39, 5, 38)
(39, 6, 34)
(39, 7, 9)
(39, 8, 6)
(39, 9, 5)
(39, 10, 5)
(39, 11, 5)
(39, 12, 5)
(39, 13, 5)
(39, 14, 5)
(39, 15, 5)
(39, 16, 5)
(39, 17, 4)
(39, 18, 4)
(39, 19, 3)
(39, 20, 3)
(39, 21, 3)
(39, 22, 3)
(39, 23, 3)
(39, 24, 2)
(39, 25, 2)
(39, 26, 2)
(39, 27, 2)
(39, 28, 2)
(39, 29, 2)
(39, 30, 2)
(39, 31, 2)
(39, 32, 2)
(39, 33, 2)
(39, 34, 1)
(39, 35, 1)
(39, 36, 1)
(39, 37, 1)
(39, 38, 1)
(39, 39, 1)


Betti numbers:
xi_0:
(0, 0, 1)
(1, 0, 5)
(2, 0, 2)
(3, 0, 18)
(4, 0, 10)
(5, 0, 23)
(6, 0, 25)
(7, 0, 17)
(8, 0, 13)
(9, 0, 16)
(10, 0, 19)
(11, 0, 17)
(12, 0, 22)
(13, 0, 21)
(14, 0, 19)
(15, 0, 11)
(16, 0, 12)
(17, 0, 16)
(18, 0, 18)
(19, 0, 14)
(20, 0, 17)
(21, 0, 14)
(22, 0, 17)
(23, 0, 11)
(24, 0, 35)
(25, 0, 33)
(26, 0, 44)
(27, 0, 30)
(28, 0, 12)
(29, 0, 10)
(30, 0, 8)
(31, 0, 9)
(33, 0, 1)
(34, 0, 2)
(36, 0, 2)
(37, 0, 2)
(38, 0, 3)
(39, 0, 4)
xi_1:
(1, 3, 2)
(1, 4, 2)
(1, 26, 1)
(2, 5, 1)
(3, 1, 3)
(3, 3, 4)
(3, 4, 5)
(3, 5, 2)
(3, 7, 2)
(3, 8, 1)
(3, 11, 1)
(3, 26, 1)
(3, 30, 1)
(4, 1, 7)
(4, 2, 2)
(4, 7, 1)
(4, 13, 1)
(4, 17, 1)
(5, 1, 12)
(5, 2, 3)
(5, 4, 3)
(5, 5, 2)
(5, 7, 2)
(5, 8, 1)
(5, 9, 1)
(5, 10, 1)
(5, 19, 1)
(6, 1, 16)
(6, 2, 4)
(6, 3, 1)
(6, 4, 1)
(6, 6, 2)
(6, 7, 2)
(6, 8, 1)
(6, 9, 1)
(7, 1, 16)
(7, 2, 1)
(7, 4, 1)
(7, 7, 1)
(7, 8, 1)
(8, 1, 10)
(8, 2, 3)
(8, 3, 1)
(9, 1, 14)
(9, 2, 2)
(10, 1, 15)
(10, 2, 2)
(10, 7, 1)
(11, 1, 14)
(11, 2, 1)
(11, 4, 1)
(11, 7, 1)
(12, 1, 14)
(12, 2, 1)
(12, 4, 3)
(12, 6, 2)
(12, 7, 1)
(12, 19, 1)
(13, 1, 12)
(13, 2, 4)
(13, 4, 2)
(13, 7, 1)
(13, 10, 1)
(13, 24, 1)
(14, 1, 7)
(14, 2, 7)
(14, 4, 2)
(14, 7, 4)
(15, 1, 2)
(15, 2, 4)
(15, 4, 4)
(15, 8, 1)
(16, 1, 8)
(16, 2, 3)
(16, 7, 1)
(17, 1, 14)
(17, 2, 2)
(18, 1, 18)
(18, 2, 1)
(19, 1, 11)
(19, 2, 3)
(20, 1, 9)
(20, 2, 7)
(20, 25, 1)
(20, 36, 1)
(21, 1, 6)
(21, 2, 6)
(21, 5, 1)
(21, 7, 1)
(21, 35, 1)
(22, 1, 13)
(22, 2, 4)
(22, 29, 1)
(23, 1, 8)
(23, 2, 3)
(23, 23, 1)
(23, 27, 1)
(24, 1, 26)
(24, 2, 3)
(24, 3, 1)
(24, 4, 2)
(24, 5, 1)
(24, 9, 1)
(24, 10, 1)
(24, 13, 1)
(24, 18, 1)
(25, 1, 27)
(25, 2, 5)
(25, 4, 1)
(25, 5, 1)
(25, 6, 1)
(25, 9, 1)
(25, 17, 1)
(26, 1, 26)
(26, 2, 11)
(26, 3, 2)
(26, 5, 4)
(26, 6, 1)
(26, 7, 1)
(26, 10, 1)
(26, 34, 1)
(27, 1, 16)
(27, 2, 11)
(27, 4, 2)
(27, 5, 1)
(27, 7, 2)
(28, 1, 6)
(28, 2, 4)
(28, 4, 3)
(29, 1, 7)
(29, 2, 1)
(29, 4, 2)
(30, 1, 1)
(30, 2, 4)
(30, 5, 1)
(30, 7, 1)
(30, 9, 1)
(31, 2, 7)
(31, 3, 1)
(31, 4, 1)
(33, 5, 1)
(34, 2, 1)
(34, 3, 1)
(36, 5, 1)
(36, 7, 1)
(37, 6, 1)
(37, 7, 1)
(38, 2, 1)
(38, 3, 2)
(38, 4, 1)
(39, 3, 2)
(39, 4, 1)
(39, 7, 1)
xi_2:
(3, 26, 1)
(4, 8, 1)
(4, 30, 1)
(5, 13, 1)
(5, 17, 1)
(5, 26, 1)
(6, 10, 1)
(6, 11, 1)
(6, 19, 1)
(7, 6, 1)
(7, 8, 1)
(7, 9, 1)
(8, 4, 1)
(14, 10, 1)
(18, 2, 1)
(21, 36, 1)
(22, 2, 1)
(23, 25, 1)
(23, 29, 1)
(24, 23, 1)
(24, 27, 1)
(25, 9, 1)
(25, 10, 1)
(25, 13, 1)
(25, 18, 1)
(26, 6, 1)
(26, 9, 1)
(26, 35, 1)
(27, 9, 1)
(27, 10, 1)
(28, 5, 1)
(38, 6, 1)
