x-grades
-811388224714037009/100000000000000000
-395700915409379409/50000000000000000
-771415436923480627/100000000000000000
-187857260757050609/25000000000000000
-146288529826584849/20000000000000000
-355728127618823027/50000000000000000
-691469861342367863/100000000000000000
-83935433430886209/12500000000000000
-651497073551811481/100000000000000000
-63151067965653329/10000000000000000
-611524285761255099/100000000000000000
-147884472966494227/25000000000000000
-571551497970698717/100000000000000000
-275782552037710263/50000000000000000
-106315742036028467/20000000000000000
-31974519767804009/6250000000000000
-491605922389585953/100000000000000000
-235809764247153881/50000000000000000
-451633134599029571/100000000000000000
-21582337035187569/5000000000000000
-411660346808473189/100000000000000000
-195836976456597499/50000000000000000
-371687559017916807/100000000000000000
-43962645640329827/12500000000000000
-13268590849094417/4000000000000000
-155864188666041117/50000000000000000
-291741983436804043/100000000000000000
-67938897385381463/25000000000000000
-251769195646247661/100000000000000000
-23178280175096947/10000000000000000
-211796407855691279/100000000000000000
-5994062936262909/3125000000000000
-171823620065134897/100000000000000000
-75918613084928353/50000000000000000
-26370166454915703/20000000000000000
-27966109594825081/25000000000000000
-91878044484022133/100000000000000000
-35945825294371971/50000000000000000
-51905256693465751/100000000000000000
-797971569954689/2500000000000000

y-grades
1249987/500000
1249987/250000
3749961/500000
1249987/125000
1249987/100000
3749961/250000
8749909/500000
1249987/62500
11249883/500000
1249987/50000
13749857/500000
3749961/125000
16249831/500000
8749909/250000
3749961/100000
1249987/31250
21249779/500000
11249883/250000
23749753/500000
1249987/25000
26249727/500000
13749857/250000
28749701/500000
3749961/62500
1249987/20000
16249831/250000
33749649/500000
8749909/125000
36249623/500000
3749961/50000
38749597/500000
1249987/15625
41249571/500000
21249779/250000
8749909/100000
11249883/125000
46249519/500000
23749753/250000
48749493/500000
1249987/12500

Dimensions > 0:
(0, 0, 6)
(0, 1, 5)
(0, 2, 5)
(0, 3, 5)
(0, 4, 3)
(0, 5, 3)
(0, 6, 3)
(0, 7, 1)
(0, 8, 1)
(0, 9, 1)
(0, 10, 1)
(0, 11, 1)
(0, 12, 1)
(0, 13, 1)
(0, 14, 1)
(0, 15, 1)
(0, 16, 1)
(0, 17, 1)
(0, 18, 1)
(0, 19, 1)
(0, 20, 1)
(0, 21, 1)
(0, 22, 1)
(0, 23, 1)
(0, 24, 1)
(0, 25, 1)
(0, 26, 1)
(0, 27, 1)
(0, 28, 1)
(0, 29, 1)
(0, 30, 1)
(0, 31, 1)
(0, 32, 1)
(0, 33, 1)
(0, 34, 1)
(0, 35, 1)
(0, 36, 1)
(0, 37, 1)
(0, 38, 1)
(0, 39, 1)

(1, 0, 7)
(1, 1, 6)
(1, 2, 6)
(1, 3, 6)
(1, 4, 3)
(1, 5, 3)
(1, 6, 3)
(1, 7, 1)
(1, 8, 1)
(1, 9, 1)
(1, 10, 1)
(1, 11, 1)
(1, 12, 1)
(1, 13, 1)
(1, 14, 1)
(1, 15, 1)
(1, 16, 1)
(1, 17, 1)
(1, 18, 1)
(1, 19, 1)
(1, 20, 1)
(1, 21, 1)
(1, 22, 1)
(1, 23, 1)
(1, 24, 1)
(1, 25, 1)
(1, 26, 1)
(1, 27, 1)
(1, 28, 1)
(1, 29, 1)
(1, 30, 1)
(1, 31, 1)
(1, 32, 1)
(1, 33, 1)
(1, 34, 1)
(1, 35, 1)
(1, 36, 1)
(1, 37, 1)
(1, 38, 1)
(1, 39, 1)

(2, 0, 9)
(2, 1, 8)
(2, 2, 8)
(2, 3, 8)
(2, 4, 4)
(2, 5, 4)
(2, 6, 4)
(2, 7, 1)
(2, 8, 1)
(2, 9, 1)
(2, 10, 1)
(2, 11, 1)
(2, 12, 1)
(2, 13, 1)
(2, 14, 1)
(2, 15, 1)
(2, 16, 1)
(2, 17, 1)
(2, 18, 1)
(2, 19, 1)
(2, 20, 1)
(2, 21, 1)
(2, 22, 1)
(2, 23, 1)
(2, 24, 1)
(2, 25, 1)
(2, 26, 1)
(2, 27, 1)
(2, 28, 1)
(2, 29, 1)
(2, 30, 1)
(2, 31, 1)
(2, 32, 1)
(2, 33, 1)
(2, 34, 1)
(2, 35, 1)
(2, 36, 1)
(2, 37, 1)
(2, 38, 1)
(2, 39, 1)

(3, 0, 14)
(3, 1, 13)
(3, 2, 12)
(3, 3, 12)
(3, 4, 6)
(3, 5, 6)
(3, 6, 6)
(3, 7, 1)
(3, 8, 1)
(3, 9, 1)
(3, 10, 1)
(3, 11, 1)
(3, 12, 1)
(3, 13, 1)
(3, 14, 1)
(3, 15, 1)
(3, 16, 1)
(3, 17, 1)
(3, 18, 1)
(3, 19, 1)
(3, 20, 1)
(3, 21, 1)
(3, 22, 1)
(3, 23, 1)
(3, 24, 1)
(3, 25, 1)
(3, 26, 1)
(3, 27, 1)
(3, 28, 1)
(3, 29, 1)
(3, 30, 1)
(3, 31, 1)
(3, 32, 1)
(3, 33, 1)
(3, 34, 1)
(3, 35, 1)
(3, 36, 1)
(3, 37, 1)
(3, 38, 1)
(3, 39, 1)

(4, 0, 14)
(4, 1, 13)
(4, 2, 12)
(4, 3, 12)
(4, 4, 6)
(4, 5, 6)
(4, 6, 6)
(4, 7, 1)
(4, 8, 1)
(4, 9, 1)
(4, 10, 1)
(4, 11, 1)
(4, 12, 1)
(4, 13, 1)
(4, 14, 1)
(4, 15, 1)
(4, 16, 1)
(4, 17, 1)
(4, 18, 1)
(4, 19, 1)
(4, 20, 1)
(4, 21, 1)
(4, 22, 1)
(4, 23, 1)
(4, 24, 1)
(4, 25, 1)
(4, 26, 1)
(4, 27, 1)
(4, 28, 1)
(4, 29, 1)
(4, 30, 1)
(4, 31, 1)
(4, 32, 1)
(4, 33, 1)
(4, 34, 1)
(4, 35, 1)
(4, 36, 1)
(4, 37, 1)
(4, 38, 1)
(4, 39, 1)

(5, 0, 16)
(5, 1, 15)
(5, 2, 14)
(5, 3, 14)
(5, 4, 8)
(5, 5, 8)
(5, 6, 8)
(5, 7, 3)
(5, 8, 3)
(5, 9, 3)
(5, 10, 3)
(5, 11, 3)
(5, 12, 3)
(5, 13, 3)
(5, 14, 3)
(5, 15, 3)
(5, 16, 3)
(5, 17, 3)
(5, 18, 3)
(5, 19, 3)
(5, 20, 3)
(5, 21, 3)
(5, 22, 3)
(5, 23, 3)
(5, 24, 3)
(5, 25, 3)
(5, 26, 3)
(5, 27, 3)
(5, 28, 3)
(5, 29, 3)
(5, 30, 3)
(5, 31, 3)
(5, 32, 3)
(5, 33, 3)
(5, 34, 3)
(5, 35, 2)
(5, 36, 2)
(5, 37, 2)
(5, 38, 2)
(5, 39, 2)

(6, 0, 27)
(6, 1, 26)
(6, 2, 24)
(6, 3, 22)
(6, 4, 12)
(6, 5, 11)
(6, 6, 11)
(6, 7, 5)
(6, 8, 5)
(6, 9, 5)
(6, 10, 5)
(6, 11, 4)
(6, 12, 4)
(6, 13, 4)
(6, 14, 4)
(6, 15, 4)
(6, 16, 4)
(6, 17, 4)
(6, 18, 4)
(6, 19, 4)
(6, 20, 4)
(6, 21, 4)
(6, 22, 4)
(6, 23, 4)
(6, 24, 4)
(6, 25, 4)
(6, 26, 3)
(6, 27, 3)
(6, 28, 3)
(6, 29, 3)
(6, 30, 3)
(6, 31, 3)
(6, 32, 2)
(6, 33, 2)
(6, 34, 2)
(6, 35, 1)
(6, 36, 1)
(6, 37, 1)
(6, 38, 1)
(6, 39, 1)

(7, 0, 27)
(7, 1, 26)
(7, 2, 24)
(7, 3, 22)
(7, 4, 12)
(7, 5, 11)
(7, 6, 11)
(7, 7, 5)
(7, 8, 5)
(7, 9, 5)
(7, 10, 5)
(7, 11, 4)
(7, 12, 4)
(7, 13, 4)
(7, 14, 4)
(7, 15, 4)
(7, 16, 4)
(7, 17, 4)
(7, 18, 4)
(7, 19, 4)
(7, 20, 4)
(7, 21, 4)
(7, 22, 4)
(7, 23, 4)
(7, 24, 4)
(7, 25, 4)
(7, 26, 3)
(7, 27, 3)
(7, 28, 3)
(7, 29, 3)
(7, 30, 3)
(7, 31, 3)
(7, 32, 2)
(7, 33, 2)
(7, 34, 2)
(7, 35, 1)
(7, 36, 1)
(7, 37, 1)
(7, 38, 1)
(7, 39, 1)

(8, 0, 35)
(8, 1, 34)
(8, 2, 32)
(8, 3, 29)
(8, 4, 14)
(8, 5, 13)
(8, 6, 13)
(8, 7, 5)
(8, 8, 5)
(8, 9, 5)
(8, 10, 5)
(8, 11, 4)
(8, 12, 4)
(8, 13, 4)
(8, 14, 4)
(8, 15, 4)
(8, 16, 4)
(8, 17, 4)
(8, 18, 4)
(8, 19, 4)
(8, 20, 4)
(8, 21, 4)
(8, 22, 4)
(8, 23, 4)
(8, 24, 4)
(8, 25, 4)
(8, 26, 3)
(8, 27, 3)
(8, 28, 3)
(8, 29, 3)
(8, 30, 3)
(8, 31, 3)
(8, 32, 2)
(8, 33, 2)
(8, 34, 2)
(8, 35, 1)
(8, 36, 1)
(8, 37, 1)
(8, 38, 1)
(8, 39, 1)

(9, 0, 41)
(9, 1, 40)
(9, 2, 36)
(9, 3, 32)
(9, 4, 15)
(9, 5, 14)
(9, 6, 14)
(9, 7, 6)
(9, 8, 6)
(9, 9, 6)
(9, 10, 6)
(9, 11, 5)
(9, 12, 5)
(9, 13, 5)
(9, 14, 5)
(9, 15, 5)
(9, 16, 5)
(9, 17, 5)
(9, 18, 5)
(9, 19, 5)
(9, 20, 5)
(9, 21, 5)
(9, 22, 5)
(9, 23, 5)
(9, 24, 4)
(9, 25, 4)
(9, 26, 3)
(9, 27, 3)
(9, 28, 3)
(9, 29, 3)
(9, 30, 3)
(9, 31, 3)
(9, 32, 2)
(9, 33, 2)
(9, 34, 1)
(9, 35, 1)
(9, 36, 1)
(9, 37, 1)
(9, 38, 1)
(9, 39, 1)

(10, 0, 62)
(10, 1, 55)
(10, 2, 50)
(10, 3, 44)
(10, 4, 24)
(10, 5, 19)
(10, 6, 19)
(10, 7, 6)
(10, 8, 6)
(10, 9, 6)
(10, 10, 6)
(10, 11, 6)
(10, 12, 6)
(10, 13, 6)
(10, 14, 5)
(10, 15, 5)
(10, 16, 5)
(10, 17, 4)
(10, 18, 4)
(10, 19, 3)
(10, 20, 3)
(10, 21, 3)
(10, 22, 3)
(10, 23, 3)
(10, 24, 2)
(10, 25, 2)
(10, 26, 2)
(10, 27, 2)
(10, 28, 2)
(10, 29, 2)
(10, 30, 2)
(10, 31, 2)
(10, 32, 2)
(10, 33, 2)
(10, 34, 1)
(10, 35, 1)
(10, 36, 1)
(10, 37, 1)
(10, 38, 1)
(10, 39, 1)

(11, 0, 78)
(11, 1, 67)
(11, 2, 57)
(11, 3, 49)
(11, 4, 28)
(11, 5, 20)
(11, 6, 18)
(11, 7, 5)
(11, 8, 5)
(11, 9, 5)
(11, 10, 4)
(11, 11, 4)
(11, 12, 4)
(11, 13, 4)
(11, 14, 3)
(11, 15, 3)
(11, 16, 3)
(11, 17, 3)
(11, 18, 3)
(11, 19, 3)
(11, 20, 3)
(11, 21, 3)
(11, 22, 3)
(11, 23, 3)
(11, 24, 2)
(11, 25, 2)
(11, 26, 2)
(11, 27, 2)
(11, 28, 2)
(11, 29, 2)
(11, 30, 2)
(11, 31, 2)
(11, 32, 2)
(11, 33, 2)
(11, 34, 1)
(11, 35, 1)
(11, 36, 1)
(11, 37, 1)
(11, 38, 1)
(11, 39, 1)

(12, 0, 94)
(12, 1, 74)
(12, 2, 61)
(12, 3, 53)
(12, 4, 29)
(12, 5, 22)
(12, 6, 20)
(12, 7, 6)
(12, 8, 6)
(12, 9, 5)
(12, 10, 5)
(12, 11, 4)
(12, 12, 3)
(12, 13, 3)
(12, 14, 3)
(12, 15, 3)
(12, 16, 3)
(12, 17, 3)
(12, 18, 3)
(12, 19, 3)
(12, 20, 3)
(12, 21, 3)
(12, 22, 3)
(12, 23, 3)
(12, 24, 2)
(12, 25, 2)
(12, 26, 2)
(12, 27, 2)
(12, 28, 2)
(12, 29, 2)
(12, 30, 2)
(12, 31, 2)
(12, 32, 2)
(12, 33, 2)
(12, 34, 1)
(12, 35, 1)
(12, 36, 1)
(12, 37, 1)
(12, 38, 1)
(12, 39, 1)

(13, 0, 109)
(13, 1, 80)
(13, 2, 61)
(13, 3, 53)
(13, 4, 29)
(13, 5, 22)
(13, 6, 20)
(13, 7, 6)
(13, 8, 6)
(13, 9, 5)
(13, 10, 3)
(13, 11, 3)
(13, 12, 3)
(13, 13, 3)
(13, 14, 3)
(13, 15, 3)
(13, 16, 3)
(13, 17, 3)
(13, 18, 3)
(13, 19, 3)
(13, 20, 3)
(13, 21, 3)
(13, 22, 3)
(13, 23, 3)
(13, 24, 2)
(13, 25, 2)
(13, 26, 2)
(13, 27, 2)
(13, 28, 2)
(13, 29, 2)
(13, 30, 2)
(13, 31, 2)
(13, 32, 2)
(13, 33, 2)
(13, 34, 1)
(13, 35, 1)
(13, 36, 1)
(13, 37, 1)
(13, 38, 1)
(13, 39, 1)

(14, 0, 122)
(14, 1, 85)
(14, 2, 61)
(14, 3, 53)
(14, 4, 29)
(14, 5, 22)
(14, 6, 20)
(14, 7, 6)
(14, 8, 6)
(14, 9, 4)
(14, 10, 3)
(14, 11, 3)
(14, 12, 3)
(14, 13, 3)
(14, 14, 3)
(14, 15, 3)
(14, 16, 3)
(14, 17, 3)
(14, 18, 3)
(14, 19, 3)
(14, 20, 3)
(14, 21, 3)
(14, 22, 3)
(14, 23, 3)
(14, 24, 2)
(14, 25, 2)
(14, 26, 2)
(14, 27, 2)
(14, 28, 2)
(14, 29, 2)
(14, 30, 2)
(14, 31, 2)
(14, 32, 2)
(14, 33, 2)
(14, 34, 1)
(14, 35, 1)
(14, 36, 1)
(14, 37, 1)
(14, 38, 1)
(14, 39, 1)

(15, 0, 136)
(15, 1, 91)
(15, 2, 62)
(15, 3, 54)
(15, 4, 30)
(15, 5, 22)
(15, 6, 19)
(15, 7, 4)
(15, 8, 4)
(15, 9, 3)
(15, 10, 3)
(15, 11, 3)
(15, 12, 3)
(15, 13, 3)
(15, 14, 3)
(15, 15, 3)
(15, 16, 3)
(15, 17, 3)
(15, 18, 3)
(15, 19, 3)
(15, 20, 3)
(15, 21, 3)
(15, 22, 3)
(15, 23, 3)
(15, 24, 2)
(15, 25, 2)
(15, 26, 2)
(15, 27, 2)
(15, 28, 2)
(15, 29, 2)
(15, 30, 2)
(15, 31, 2)
(15, 32, 2)
(15, 33, 2)
(15, 34, 1)
(15, 35, 1)
(15, 36, 1)
(15, 37, 1)
(15, 38, 1)
(15, 39, 1)

(16, 0, 153)
(16, 1, 95)
(16, 2, 62)
(16, 3, 54)
(16, 4, 29)
(16, 5, 21)
(16, 6, 18)
(16, 7, 4)
(16, 8, 4)
(16, 9, 3)
(16, 10, 3)
(16, 11, 3)
(16, 12, 3)
(16, 13, 3)
(16, 14, 3)
(16, 15, 3)
(16, 16, 3)
(16, 17, 3)
(16, 18, 3)
(16, 19, 3)
(16, 20, 3)
(16, 21, 3)
(16, 22, 3)
(16, 23, 3)
(16, 24, 2)
(16, 25, 2)
(16, 26, 2)
(16, 27, 2)
(16, 28, 2)
(16, 29, 2)
(16, 30, 2)
(16, 31, 2)
(16, 32, 2)
(16, 33, 2)
(16, 34, 1)
(16, 35, 1)
(16, 36, 1)
(16, 37, 1)
(16, 38, 1)
(16, 39, 1)

(17, 0, 167)
(17, 1, 99)
(17, 2, 62)
(17, 3, 54)
(17, 4, 29)
(17, 5, 21)
(17, 6, 18)
(17, 7, 4)
(17, 8, 4)
(17, 9, 3)
(17, 10, 3)
(17, 11, 3)
(17, 12, 3)
(17, 13, 3)
(17, 14, 3)
(17, 15, 3)
(17, 16, 3)
(17, 17, 3)
(17, 18, 3)
(17, 19, 3)
(17, 20, 3)
(17, 21, 3)
(17, 22, 3)
(17, 23, 3)
(17, 24, 2)
(17, 25, 2)
(17, 26, 2)
(17, 27, 2)
(17, 28, 2)
(17, 29, 2)
(17, 30, 2)
(17, 31, 2)
(17, 32, 2)
(17, 33, 2)
(17, 34, 1)
(17, 35, 1)
(17, 36, 1)
(17, 37, 1)
(17, 38, 1)
(17, 39, 1)

(18, 0, 181)
(18, 1, 101)
(18, 2, 62)
(18, 3, 54)
(18, 4, 29)
(18, 5, 21)
(18, 6, 18)
(18, 7, 4)
(18, 8, 4)
(18, 9, 3)
(18, 10, 3)
(18, 11, 3)
(18, 12, 3)
(18, 13, 3)
(18, 14, 3)
(18, 15, 3)
(18, 16, 3)
(18, 17, 3)
(18, 18, 3)
(18, 19, 3)
(18, 20, 3)
(18, 21, 3)
(18, 22, 3)
(18, 23, 3)
(18, 24, 2)
(18, 25, 2)
(18, 26, 2)
(18, 27, 2)
(18, 28, 2)
(18, 29, 2)
(18, 30, 2)
(18, 31, 2)
(18, 32, 2)
(18, 33, 2)
(18, 34, 1)
(18, 35, 1)
(18, 36, 1)
(18, 37, 1)
(18, 38, 1)
(18, 39, 1)

(19, 0, 195)
(19, 1, 107)
(19, 2, 62)
(19, 3, 54)
(19, 4, 29)
(19, 5, 21)
(19, 6, 18)
(19, 7, 4)
(19, 8, 4)
(19, 9, 3)
(19, 10, 3)
(19, 11, 3)
(19, 12, 3)
(19, 13, 3)
(19, 14, 3)
(19, 15, 3)
(19, 16, 3)
(19, 17, 3)
(19, 18, 3)
(19, 19, 3)
(19, 20, 3)
(19, 21, 3)
(19, 22, 3)
(19, 23, 3)
(19, 24, 2)
(19, 25, 2)
(19, 26, 2)
(19, 27, 2)
(19, 28, 2)
(19, 29, 2)
(19, 30, 2)
(19, 31, 2)
(19, 32, 2)
(19, 33, 2)
(19, 34, 1)
(19, 35, 1)
(19, 36, 1)
(19, 37, 1)
(19, 38, 1)
(19, 39, 1)

(20, 0, 214)
(20, 1, 114)
(20, 2, 63)
(20, 3, 55)
(20, 4, 30)
(20, 5, 22)
(20, 6, 19)
(20, 7, 5)
(20, 8, 5)
(20, 9, 4)
(20, 10, 4)
(20, 11, 4)
(20, 12, 4)
(20, 13, 4)
(20, 14, 4)
(20, 15, 4)
(20, 16, 4)
(20, 17, 4)
(20, 18, 4)
(20, 19, 4)
(20, 20, 4)
(20, 21, 4)
(20, 22, 4)
(20, 23, 3)
(20, 24, 2)
(20, 25, 2)
(20, 26, 2)
(20, 27, 2)
(20, 28, 2)
(20, 29, 2)
(20, 30, 2)
(20, 31, 2)
(20, 32, 2)
(20, 33, 2)
(20, 34, 1)
(20, 35, 1)
(20, 36, 1)
(20, 37, 1)
(20, 38, 1)
(20, 39, 1)

(21, 0, 229)
(21, 1, 120)
(21, 2, 65)
(21, 3, 57)
(21, 4, 32)
(21, 5, 23)
(21, 6, 20)
(21, 7, 5)
(21, 8, 5)
(21, 9, 4)
(21, 10, 4)
(21, 11, 4)
(21, 12, 4)
(21, 13, 4)
(21, 14, 4)
(21, 15, 4)
(21, 16, 4)
(21, 17, 3)
(21, 18, 3)
(21, 19, 3)
(21, 20, 3)
(21, 21, 3)
(21, 22, 3)
(21, 23, 3)
(21, 24, 2)
(21, 25, 2)
(21, 26, 2)
(21, 27, 2)
(21, 28, 2)
(21, 29, 2)
(21, 30, 2)
(21, 31, 2)
(21, 32, 2)
(21, 33, 2)
(21, 34, 1)
(21, 35, 1)
(21, 36, 1)
(21, 37, 1)
(21, 38, 1)
(21, 39, 1)

(22, 0, 237)
(22, 1, 125)
(22, 2, 67)
(22, 3, 59)
(22, 4, 33)
(22, 5, 23)
(22, 6, 20)
(22, 7, 5)
(22, 8, 5)
(22, 9, 4)
(22, 10, 4)
(22, 11, 4)
(22, 12, 4)
(22, 13, 4)
(22, 14, 4)
(22, 15, 4)
(22, 16, 4)
(22, 17, 3)
(22, 18, 3)
(22, 19, 3)
(22, 20, 3)
(22, 21, 3)
(22, 22, 3)
(22, 23, 3)
(22, 24, 2)
(22, 25, 2)
(22, 26, 2)
(22, 27, 2)
(22, 28, 2)
(22, 29, 2)
(22, 30, 2)
(22, 31, 2)
(22, 32, 2)
(22, 33, 2)
(22, 34, 1)
(22, 35, 1)
(22, 36, 1)
(22, 37, 1)
(22, 38, 1)
(22, 39, 1)

(23, 0, 243)
(23, 1, 128)
(23, 2, 67)
(23, 3, 58)
(23, 4, 33)
(23, 5, 23)
(23, 6, 20)
(23, 7, 5)
(23, 8, 5)
(23, 9, 4)
(23, 10, 4)
(23, 11, 4)
(23, 12, 4)
(23, 13, 4)
(23, 14, 4)
(23, 15, 4)
(23, 16, 4)
(23, 17, 3)
(23, 18, 3)
(23, 19, 3)
(23, 20, 3)
(23, 21, 3)
(23, 22, 3)
(23, 23, 3)
(23, 24, 2)
(23, 25, 2)
(23, 26, 2)
(23, 27, 2)
(23, 28, 2)
(23, 29, 2)
(23, 30, 2)
(23, 31, 2)
(23, 32, 2)
(23, 33, 2)
(23, 34, 1)
(23, 35, 1)
(23, 36, 1)
(23, 37, 1)
(23, 38, 1)
(23, 39, 1)

(24, 0, 250)
(24, 1, 132)
(24, 2, 67)
(24, 3, 58)
(24, 4, 33)
(24, 5, 23)
(24, 6, 20)
(24, 7, 5)
(24, 8, 5)
(24, 9, 4)
(24, 10, 4)
(24, 11, 4)
(24, 12, 4)
(24, 13, 4)
(24, 14, 4)
(24, 15, 4)
(24, 16, 4)
(24, 17, 3)
(24, 18, 3)
(24, 19, 3)
(24, 20, 3)
(24, 21, 3)
(24, 22, 3)
(24, 23, 3)
(24, 24, 2)
(24, 25, 2)
(24, 26, 2)
(24, 27, 2)
(24, 28, 2)
(24, 29, 2)
(24, 30, 2)
(24, 31, 2)
(24, 32, 2)
(24, 33, 2)
(24, 34, 1)
(24, 35, 1)
(24, 36, 1)
(24, 37, 1)
(24, 38, 1)
(24, 39, 1)

(25, 0, 257)
(25, 1, 135)
(25, 2, 68)
(25, 3, 59)
(25, 4, 34)
(25, 5, 24)
(25, 6, 21)
(25, 7, 6)
(25, 8, 5)
(25, 9, 4)
(25, 10, 4)
(25, 11, 4)
(25, 12, 4)
(25, 13, 4)
(25, 14, 4)
(25, 15, 4)
(25, 16, 4)
(25, 17, 3)
(25, 18, 3)
(25, 19, 3)
(25, 20, 3)
(25, 21, 3)
(25, 22, 3)
(25, 23, 3)
(25, 24, 2)
(25, 25, 2)
(25, 26, 2)
(25, 27, 2)
(25, 28, 2)
(25, 29, 2)
(25, 30, 2)
(25, 31, 2)
(25, 32, 2)
(25, 33, 2)
(25, 34, 1)
(25, 35, 1)
(25, 36, 1)
(25, 37, 1)
(25, 38, 1)
(25, 39, 1)

(26, 0, 274)
(26, 1, 137)
(26, 2, 70)
(26, 3, 61)
(26, 4, 36)
(26, 5, 26)
(26, 6, 23)
(26, 7, 8)
(26, 8, 7)
(26, 9, 6)
(26, 10, 6)
(26, 11, 6)
(26, 12, 6)
(26, 13, 6)
(26, 14, 6)
(26, 15, 6)
(26, 16, 6)
(26, 17, 5)
(26, 18, 5)
(26, 19, 5)
(26, 20, 5)
(26, 21, 5)
(26, 22, 5)
(26, 23, 5)
(26, 24, 4)
(26, 25, 4)
(26, 26, 4)
(26, 27, 4)
(26, 28, 4)
(26, 29, 4)
(26, 30, 4)
(26, 31, 4)
(26, 32, 4)
(26, 33, 4)
(26, 34, 3)
(26, 35, 3)
(26, 36, 3)
(26, 37, 3)
(26, 38, 3)
(26, 39, 3)

(27, 0, 294)
(27, 1, 142)
(27, 2, 75)
(27, 3, 65)
(27, 4, 37)
(27, 5, 27)
(27, 6, 24)
(27, 7, 9)
(27, 8, 8)
(27, 9, 7)
(27, 10, 7)
(27, 11, 7)
(27, 12, 6)
(27, 13, 6)
(27, 14, 6)
(27, 15, 6)
(27, 16, 6)
(27, 17, 5)
(27, 18, 5)
(27, 19, 5)
(27, 20, 5)
(27, 21, 5)
(27, 22, 5)
(27, 23, 5)
(27, 24, 4)
(27, 25, 4)
(27, 26, 4)
(27, 27, 4)
(27, 28, 4)
(27, 29, 4)
(27, 30, 4)
(27, 31, 4)
(27, 32, 4)
(27, 33, 4)
(27, 34, 2)
(27, 35, 2)
(27, 36, 2)
(27, 37, 2)
(27, 38, 2)
(27, 39, 2)

(28, 0, 312)
(28, 1, 148)
(28, 2, 79)
(28, 3, 68)
(28, 4, 39)
(28, 5, 29)
(28, 6, 26)
(28, 7, 9)
(28, 8, 8)
(28, 9, 6)
(28, 10, 6)
(28, 11, 6)
(28, 12, 6)
(28, 13, 6)
(28, 14, 6)
(28, 15, 6)
(28, 16, 6)
(28, 17, 5)
(28, 18, 5)
(28, 19, 5)
(28, 20, 5)
(28, 21, 5)
(28, 22, 5)
(28, 23, 5)
(28, 24, 4)
(28, 25, 4)
(28, 26, 4)
(28, 27, 4)
(28, 28, 4)
(28, 29, 4)
(28, 30, 4)
(28, 31, 4)
(28, 32, 4)
(28, 33, 4)
(28, 34, 2)
(28, 35, 2)
(28, 36, 2)
(28, 37, 2)
(28, 38, 2)
(28, 39, 2)

(29, 0, 333)
(29, 1, 158)
(29, 2, 86)
(29, 3, 73)
(29, 4, 41)
(29, 5, 31)
(29, 6, 28)
(29, 7, 10)
(29, 8, 9)
(29, 9, 8)
(29, 10, 8)
(29, 11, 8)
(29, 12, 8)
(29, 13, 8)
(29, 14, 8)
(29, 15, 8)
(29, 16, 8)
(29, 17, 7)
(29, 18, 7)
(29, 19, 7)
(29, 20, 7)
(29, 21, 7)
(29, 22, 7)
(29, 23, 7)
(29, 24, 6)
(29, 25, 6)
(29, 26, 4)
(29, 27, 4)
(29, 28, 4)
(29, 29, 4)
(29, 30, 4)
(29, 31, 4)
(29, 32, 4)
(29, 33, 4)
(29, 34, 2)
(29, 35, 2)
(29, 36, 2)
(29, 37, 2)
(29, 38, 2)
(29, 39, 2)

(30, 0, 351)
(30, 1, 166)
(30, 2, 91)
(30, 3, 78)
(30, 4, 43)
(30, 5, 33)
(30, 6, 30)
(30, 7, 11)
(30, 8, 10)
(30, 9, 9)
(30, 10, 9)
(30, 11, 9)
(30, 12, 9)
(30, 13, 9)
(30, 14, 9)
(30, 15, 9)
(30, 16, 9)
(30, 17, 8)
(30, 18, 8)
(30, 19, 8)
(30, 20, 7)
(30, 21, 7)
(30, 22, 7)
(30, 23, 7)
(30, 24, 6)
(30, 25, 5)
(30, 26, 4)
(30, 27, 3)
(30, 28, 3)
(30, 29, 3)
(30, 30, 3)
(30, 31, 3)
(30, 32, 3)
(30, 33, 3)
(30, 34, 1)
(30, 35, 1)
(30, 36, 1)
(30, 37, 1)
(30, 38, 1)
(30, 39, 1)

(31, 0, 376)
(31, 1, 179)
(31, 2, 98)
(31, 3, 84)
(31, 4, 48)
(31, 5, 35)
(31, 6, 32)
(31, 7, 11)
(31, 8, 9)
(31, 9, 8)
(31, 10, 8)
(31, 11, 7)
(31, 12, 7)
(31, 13, 7)
(31, 14, 7)
(31, 15, 7)
(31, 16, 7)
(31, 17, 6)
(31, 18, 6)
(31, 19, 6)
(31, 20, 6)
(31, 21, 6)
(31, 22, 6)
(31, 23, 6)
(31, 24, 4)
(31, 25, 4)
(31, 26, 4)
(31, 27, 3)
(31, 28, 3)
(31, 29, 2)
(31, 30, 2)
(31, 31, 2)
(31, 32, 2)
(31, 33, 2)
(31, 34, 1)
(31, 35, 1)
(31, 36, 1)
(31, 37, 1)
(31, 38, 1)
(31, 39, 1)

(32, 0, 390)
(32, 1, 185)
(32, 2, 100)
(32, 3, 85)
(32, 4, 49)
(32, 5, 35)
(32, 6, 32)
(32, 7, 11)
(32, 8, 9)
(32, 9, 8)
(32, 10, 8)
(32, 11, 7)
(32, 12, 7)
(32, 13, 7)
(32, 14, 7)
(32, 15, 7)
(32, 16, 7)
(32, 17, 6)
(32, 18, 6)
(32, 19, 6)
(32, 20, 6)
(32, 21, 6)
(32, 22, 6)
(32, 23, 6)
(32, 24, 3)
(32, 25, 3)
(32, 26, 3)
(32, 27, 2)
(32, 28, 2)
(32, 29, 2)
(32, 30, 2)
(32, 31, 2)
(32, 32, 2)
(32, 33, 2)
(32, 34, 1)
(32, 35, 1)
(32, 36, 1)
(32, 37, 1)
(32, 38, 1)
(32, 39, 1)

(33, 0, 412)
(33, 1, 195)
(33, 2, 103)
(33, 3, 88)
(33, 4, 52)
(33, 5, 38)
(33, 6, 34)
(33, 7, 10)
(33, 8, 9)
(33, 9, 7)
(33, 10, 6)
(33, 11, 6)
(33, 12, 6)
(33, 13, 6)
(33, 14, 6)
(33, 15, 6)
(33, 16, 6)
(33, 17, 5)
(33, 18, 5)
(33, 19, 5)
(33, 20, 5)
(33, 21, 5)
(33, 22, 5)
(33, 23, 5)
(33, 24, 3)
(33, 25, 3)
(33, 26, 3)
(33, 27, 2)
(33, 28, 2)
(33, 29, 2)
(33, 30, 2)
(33, 31, 2)
(33, 32, 2)
(33, 33, 2)
(33, 34, 1)
(33, 35, 1)
(33, 36, 1)
(33, 37, 1)
(33, 38, 1)
(33, 39, 1)

(34, 0, 431)
(34, 1, 208)
(34, 2, 107)
(34, 3, 91)
(34, 4, 55)
(34, 5, 40)
(34, 6, 36)
(34, 7, 12)
(34, 8, 10)
(34, 9, 7)
(34, 10, 7)
(34, 11, 6)
(34, 12, 6)
(34, 13, 6)
(34, 14, 6)
(34, 15, 5)
(34, 16, 5)
(34, 17, 4)
(34, 18, 4)
(34, 19, 4)
(34, 20, 4)
(34, 21, 4)
(34, 22, 4)
(34, 23, 4)
(34, 24, 2)
(34, 25, 2)
(34, 26, 2)
(34, 27, 2)
(34, 28, 2)
(34, 29, 2)
(34, 30, 2)
(34, 31, 2)
(34, 32, 2)
(34, 33, 2)
(34, 34, 1)
(34, 35, 1)
(34, 36, 1)
(34, 37, 1)
(34, 38, 1)
(34, 39, 1)

(35, 0, 457)
(35, 1, 214)
(35, 2, 108)
(35, 3, 91)
(35, 4, 55)
(35, 5, 40)
(35, 6, 36)
(35, 7, 12)
(35, 8, 9)
(35, 9, 7)
(35, 10, 7)
(35, 11, 6)
(35, 12, 5)
(35, 13, 5)
(35, 14, 5)
(35, 15, 5)
(35, 16, 5)
(35, 17, 4)
(35, 18, 4)
(35, 19, 4)
(35, 20, 3)
(35, 21, 3)
(35, 22, 3)
(35, 23, 3)
(35, 24, 2)
(35, 25, 2)
(35, 26, 2)
(35, 27, 2)
(35, 28, 2)
(35, 29, 2)
(35, 30, 2)
(35, 31, 2)
(35, 32, 2)
(35, 33, 2)
(35, 34, 1)
(35, 35, 1)
(35, 36, 1)
(35, 37, 1)
(35, 38, 1)
(35, 39, 1)

(36, 0, 494)
(36, 1, 216)
(36, 2, 108)
(36, 3, 91)
(36, 4, 55)
(36, 5, 40)
(36, 6, 36)
(36, 7, 10)
(36, 8, 7)
(36, 9, 6)
(36, 10, 5)
(36, 11, 5)
(36, 12, 5)
(36, 13, 5)
(36, 14, 5)
(36, 15, 5)
(36, 16, 5)
(36, 17, 4)
(36, 18, 4)
(36, 19, 3)
(36, 20, 3)
(36, 21, 3)
(36, 22, 3)
(36, 23, 3)
(36, 24, 2)
(36, 25, 2)
(36, 26, 2)
(36, 27, 2)
(36, 28, 2)
(36, 29, 2)
(36, 30, 2)
(36, 31, 2)
(36, 32, 2)
(36, 33, 2)
(36, 34, 1)
(36, 35, 1)
(36, 36, 1)
(36, 37, 1)
(36, 38, 1)
(36, 39, 1)

(37, 0, 518)
(37, 1, 216)
(37, 2, 108)
(37, 3, 91)
(37, 4, 55)
(37, 5, 39)
(37, 6, 35)
(37, 7, 9)
(37, 8, 6)
(37, 9, 5)
(37, 10, 5)
(37, 11, 5)
(37, 12, 5)
(37, 13, 5)
(37, 14, 5)
(37, 15, 5)
(37, 16, 5)
(37, 17, 4)
(37, 18, 4)
(37, 19, 3)
(37, 20, 3)
(37, 21, 3)
(37, 22, 3)
(37, 23, 3)
(37, 24, 2)
(37, 25, 2)
(37, 26, 2)
(37, 27, 2)
(37, 28, 2)
(37, 29, 2)
(37, 30, 2)
(37, 31, 2)
(37, 32, 2)
(37, 33, 2)
(37, 34, 1)
(37, 35, 1)
(37, 36, 1)
(37, 37, 1)
(37, 38, 1)
(37, 39, 1)

(38, 0, 540)
(38, 1, 216)
(38, 2, 107)
(38, 3, 89)
(38, 4, 53)
(38, 5, 38)
(38, 6, 34)
(38, 7, 9)
(38, 8, 6)
(38, 9, 5)
(38, 10, 5)
(38, 11, 5)
(38, 12, 5)
(38, 13, 5)
(38, 14, 5)
(38, 15, 5)
(38, 16, 5)
(38, 17, 4)
(38, 18, 4)
(38, 19, 3)
(38, 20, 3)
(38, 21, 3)
(38, 22, 3)
(38, 23, 3)
(38, 24, 2)
(38, 25, 2)
(38, 26, 2)
(38, 27, 2)
(38, 28, 2)
(38, 29, 2)
(38, 30, 2)
(38, 31, 2)
(38, 32, 2)
(38, 33, 2)
(38, 34, 1)
(38, 35, 1)
(38, 36, 1)
(38, 37, 1)
(38, 38, 1)
(38, 39, 1)

(39, 0, 552)
(39, 1, 215)
(39, 2, 106)
(39, 3, 89)
(39, 4, 53)
(39, 5, 38)
(39, 6, 34)
(39, 7, 9)
(39, 8, 6)
(39, 9, 5)
(39, 10, 5)
(39, 11, 5)
(39, 12, 5)
(39, 13, 5)
(39, 14, 5)
(39, 15, 5)
(39, 16, 5)
(39, 17, 4)
(39, 18, 4)
(39, 19, 3)
(39, 20, 3)
(39, 21, 3)
(39, 22, 3)
(39, 23, 3)
(39, 24, 2)
(39, 25, 2)
(39, 26, 2)
(39, 27, 2)
(39, 28, 2)
(39, 29, 2)
(39, 30, 2)
(39, 31, 2)
(39, 32, 2)
(39, 33, 2)
(39, 34, 1)
(39, 35, 1)
(39, 36, 1)
(39, 37, 1)
(39, 38, 1)
(39, 39, 1)


Betti numbers:
xi_0:
(0, 0, 6)
(1, 0, 1)
(2, 0, 2)
(3, 0, 5)
(5, 0, 2)
(6, 0, 11)
(8, 0, 8)
(9, 0, 6)
(10, 0, 21)
(11, 0, 16)
(12, 0, 16)
(13, 0, 15)
(14, 0, 13)
(15, 0, 14)
(16, 0, 17)
(17, 0, 14)
(18, 0, 14)
(19, 0, 14)
(20, 0, 19)
(21, 0, 15)
(22, 0, 8)
(23, 0, 6)
(24, 0, 7)
(25, 0, 7)
(26, 0, 17)
(27, 0, 20)
(28, 0, 18)
(29, 0, 21)
(30, 0, 18)
(31, 0, 25)
(32, 0, 14)
(33, 0, 22)
(34, 0, 19)
(35, 0, 26)
(36, 0, 37)
(37, 0, 24)
(38, 0, 22)
(39, 0, 12)
xi_1:
(0, 1, 1)
(0, 4, 2)
(0, 7, 2)
(1, 4, 1)
(2, 4, 1)
(2, 7, 1)
(3, 2, 1)
(3, 4, 2)
(3, 7, 2)
(5, 35, 1)
(6, 2, 1)
(6, 3, 2)
(6, 4, 4)
(6, 5, 1)
(6, 7, 1)
(6, 11, 1)
(6, 26, 1)
(6, 32, 1)
(8, 3, 1)
(8, 4, 5)
(8, 7, 2)
(9, 2, 2)
(9, 3, 1)
(9, 4, 2)
(9, 24, 1)
(9, 34, 1)
(10, 1, 6)
(10, 2, 1)
(10, 3, 2)
(10, 4, 3)
(10, 5, 4)
(10, 7, 5)
(10, 14, 1)
(10, 17, 1)
(10, 19, 1)
(11, 1, 4)
(11, 2, 5)
(11, 3, 2)
(11, 4, 1)
(11, 5, 3)
(11, 6, 2)
(11, 10, 1)
(11, 14, 1)
(12, 1, 9)
(12, 2, 3)
(12, 4, 3)
(12, 7, 1)
(12, 9, 1)
(12, 11, 1)
(12, 12, 1)
(13, 1, 9)
(13, 2, 6)
(13, 10, 2)
(14, 1, 8)
(14, 2, 5)
(14, 9, 1)
(15, 1, 8)
(15, 2, 5)
(15, 5, 1)
(15, 6, 1)
(15, 7, 1)
(16, 1, 13)
(16, 2, 4)
(16, 4, 1)
(17, 1, 10)
(17, 2, 4)
(18, 1, 12)
(18, 2, 2)
(19, 1, 8)
(19, 2, 6)
(20, 1, 12)
(20, 2, 6)
(20, 23, 1)
(21, 1, 9)
(21, 2, 4)
(21, 5, 1)
(21, 7, 1)
(21, 17, 1)
(22, 1, 3)
(22, 2, 3)
(22, 4, 1)
(22, 5, 1)
(23, 1, 3)
(23, 2, 3)
(23, 3, 1)
(24, 1, 3)
(24, 2, 4)
(25, 1, 4)
(25, 2, 2)
(25, 8, 1)
(26, 1, 15)
(27, 1, 15)
(27, 3, 1)
(27, 4, 3)
(27, 12, 1)
(27, 34, 1)
(28, 1, 12)
(28, 2, 2)
(28, 3, 1)
(28, 4, 1)
(28, 7, 2)
(28, 9, 1)
(29, 1, 11)
(29, 2, 3)
(29, 3, 2)
(29, 4, 3)
(29, 7, 1)
(29, 26, 2)
(30, 1, 10)
(30, 2, 3)
(30, 4, 3)
(30, 7, 1)
(30, 20, 1)
(30, 25, 1)
(30, 27, 1)
(31, 1, 12)
(31, 2, 6)
(31, 3, 1)
(31, 4, 1)
(31, 5, 3)
(31, 7, 2)
(31, 8, 1)
(31, 11, 1)
(31, 24, 1)
(31, 29, 1)
(32, 1, 8)
(32, 2, 4)
(32, 3, 1)
(32, 5, 1)
(32, 8, 1)
(32, 24, 1)
(33, 1, 12)
(33, 2, 7)
(33, 6, 1)
(33, 7, 3)
(33, 9, 1)
(33, 10, 1)
(34, 1, 6)
(34, 2, 9)
(34, 3, 1)
(34, 5, 1)
(34, 8, 1)
(34, 9, 1)
(34, 11, 1)
(34, 15, 1)
(35, 1, 20)
(35, 2, 5)
(35, 3, 1)
(35, 8, 1)
(35, 12, 1)
(35, 20, 1)
(36, 1, 35)
(36, 2, 2)
(36, 7, 2)
(36, 10, 1)
(36, 19, 1)
(37, 1, 24)
(37, 5, 1)
(37, 7, 1)
(38, 1, 22)
(38, 2, 1)
(38, 3, 1)
(39, 1, 13)
xi_2:
(9, 35, 1)
(10, 11, 1)
(10, 26, 1)
(10, 32, 1)
(11, 14, 1)
(11, 17, 1)
(11, 19, 1)
(12, 5, 1)
(12, 10, 1)
(12, 14, 1)
(13, 11, 1)
(13, 12, 1)
(14, 10, 1)
(15, 9, 1)
(15, 10, 1)
(16, 7, 1)
(21, 23, 1)
(23, 4, 1)
(28, 12, 1)
(29, 9, 1)
(30, 26, 1)
(31, 20, 1)
(31, 25, 1)
(31, 26, 1)
(31, 34, 1)
(32, 8, 1)
(32, 29, 1)
(33, 8, 1)
(33, 11, 1)
(33, 24, 1)
(34, 10, 1)
(34, 27, 1)
(35, 9, 1)
(35, 15, 1)
(35, 24, 1)
(36, 9, 1)
(36, 11, 1)
(36, 12, 1)
(36, 20, 1)
(37, 7, 1)
(37, 10, 1)
(38, 5, 1)
(38, 7, 1)
(39, 3, 1)
