x-grades
-831137667790433703/80000000000000000
-407246831865924503/40000000000000000
-797849659673264309/80000000000000000
-195301413903669903/20000000000000000
-152912330311218983/16000000000000000
-373958823748755109/40000000000000000
-731273643438925521/80000000000000000
-89328704922542603/10000000000000000
-697985635321756127/80000000000000000
-68134163126317143/8000000000000000
-664697627204586733/80000000000000000
-162013405786500509/20000000000000000
-631409619087417339/80000000000000000
-307382807514416321/40000000000000000
-119624322194049589/16000000000000000
-36342350431978953/5000000000000000
-564833602853078551/80000000000000000
-274094799397246927/40000000000000000
-531545594735909157/80000000000000000
-25745079533866223/4000000000000000
-498257586618739763/80000000000000000
-240806791280077533/40000000000000000
-464969578501570369/80000000000000000
-56040696805373209/10000000000000000
-17267262815376039/3200000000000000
-207518783162908139/40000000000000000
-398393562267231581/80000000000000000
-95437389552161721/20000000000000000
-365105554150062187/80000000000000000
-34846155009147749/8000000000000000
-331817546032892793/80000000000000000
-1231146648337141/312500000000000
-298529537915723399/80000000000000000
-140942766928569351/40000000000000000
-53048305959710801/16000000000000000
-62149381434992327/20000000000000000
-231953521681384611/80000000000000000
-107654758811399957/40000000000000000
-198665513564215217/80000000000000000
-4550537737640763/2000000000000000

y-grades
9999931/4000000
9999931/2000000
29999793/4000000
9999931/1000000
9999931/800000
29999793/2000000
69999517/4000000
9999931/500000
89999379/4000000
9999931/400000
109999241/4000000
29999793/1000000
129999103/4000000
69999517/2000000
29999793/800000
9999931/250000
169998827/4000000
89999379/2000000
189998689/4000000
9999931/200000
209998551/4000000
109999241/2000000
229998413/4000000
29999793/500000
9999931/160000
129999103/2000000
269998137/4000000
69999517/1000000
289997999/4000000
29999793/400000
309997861/4000000
9999931/125000
329997723/4000000
169998827/2000000
69999517/800000
89999379/1000000
369997447/4000000
189998689/2000000
389997309/4000000
9999931/100000

Dimensions > 0:
(0, 0, 2)
(0, 1, 2)
(0, 2, 1)
(0, 3, 1)
(0, 4, 1)
(0, 5, 1)
(0, 6, 1)
(0, 7, 1)
(0, 8, 1)
(0, 9, 1)
(0, 10, 1)
(0, 11, 1)
(0, 12, 1)
(0, 13, 1)
(0, 14, 1)
(0, 15, 1)
(0, 16, 1)
(0, 17, 1)
(0, 18, 1)
(0, 19, 1)
(0, 20, 1)
(0, 21, 1)
(0, 22, 1)
(0, 23, 1)
(0, 24, 1)
(0, 25, 1)
(0, 26, 1)
(0, 27, 1)
(0, 28, 1)
(0, 29, 1)
(0, 30, 1)
(0, 31, 1)
(0, 32, 1)
(0, 33, 1)
(0, 34, 1)
(0, 35, 1)
(0, 36, 1)
(0, 37, 1)
(0, 38, 1)
(0, 39, 1)

(1, 0, 2)
(1, 1, 2)
(1, 2, 1)
(1, 3, 1)
(1, 4, 1)
(1, 5, 1)
(1, 6, 1)
(1, 7, 1)
(1, 8, 1)
(1, 9, 1)
(1, 10, 1)
(1, 11, 1)
(1, 12, 1)
(1, 13, 1)
(1, 14, 1)
(1, 15, 1)
(1, 16, 1)
(1, 17, 1)
(1, 18, 1)
(1, 19, 1)
(1, 20, 1)
(1, 21, 1)
(1, 22, 1)
(1, 23, 1)
(1, 24, 1)
(1, 25, 1)
(1, 26, 1)
(1, 27, 1)
(1, 28, 1)
(1, 29, 1)
(1, 30, 1)
(1, 31, 1)
(1, 32, 1)
(1, 33, 1)
(1, 34, 1)
(1, 35, 1)
(1, 36, 1)
(1, 37, 1)
(1, 38, 1)
(1, 39, 1)

(2, 0, 5)
(2, 1, 3)
(2, 2, 2)
(2, 3, 2)
(2, 4, 2)
(2, 5, 2)
(2, 6, 2)
(2, 7, 1)
(2, 8, 1)
(2, 9, 1)
(2, 10, 1)
(2, 11, 1)
(2, 12, 1)
(2, 13, 1)
(2, 14, 1)
(2, 15, 1)
(2, 16, 1)
(2, 17, 1)
(2, 18, 1)
(2, 19, 1)
(2, 20, 1)
(2, 21, 1)
(2, 22, 1)
(2, 23, 1)
(2, 24, 1)
(2, 25, 1)
(2, 26, 1)
(2, 27, 1)
(2, 28, 1)
(2, 29, 1)
(2, 30, 1)
(2, 31, 1)
(2, 32, 1)
(2, 33, 1)
(2, 34, 1)
(2, 35, 1)
(2, 36, 1)
(2, 37, 1)
(2, 38, 1)
(2, 39, 1)

(3, 0, 5)
(3, 1, 3)
(3, 2, 2)
(3, 3, 2)
(3, 4, 2)
(3, 5, 2)
(3, 6, 2)
(3, 7, 1)
(3, 8, 1)
(3, 9, 1)
(3, 10, 1)
(3, 11, 1)
(3, 12, 1)
(3, 13, 1)
(3, 14, 1)
(3, 15, 1)
(3, 16, 1)
(3, 17, 1)
(3, 18, 1)
(3, 19, 1)
(3, 20, 1)
(3, 21, 1)
(3, 22, 1)
(3, 23, 1)
(3, 24, 1)
(3, 25, 1)
(3, 26, 1)
(3, 27, 1)
(3, 28, 1)
(3, 29, 1)
(3, 30, 1)
(3, 31, 1)
(3, 32, 1)
(3, 33, 1)
(3, 34, 1)
(3, 35, 1)
(3, 36, 1)
(3, 37, 1)
(3, 38, 1)
(3, 39, 1)

(4, 0, 7)
(4, 1, 5)
(4, 2, 3)
(4, 3, 3)
(4, 4, 3)
(4, 5, 3)
(4, 6, 3)
(4, 7, 2)
(4, 8, 2)
(4, 9, 2)
(4, 10, 2)
(4, 11, 2)
(4, 12, 2)
(4, 13, 2)
(4, 14, 2)
(4, 15, 2)
(4, 16, 2)
(4, 17, 2)
(4, 18, 2)
(4, 19, 2)
(4, 20, 2)
(4, 21, 2)
(4, 22, 2)
(4, 23, 2)
(4, 24, 2)
(4, 25, 2)
(4, 26, 2)
(4, 27, 2)
(4, 28, 2)
(4, 29, 2)
(4, 30, 2)
(4, 31, 2)
(4, 32, 2)
(4, 33, 2)
(4, 34, 2)
(4, 35, 2)
(4, 36, 2)
(4, 37, 2)
(4, 38, 2)
(4, 39, 2)

(5, 0, 7)
(5, 1, 5)
(5, 2, 3)
(5, 3, 3)
(5, 4, 3)
(5, 5, 3)
(5, 6, 3)
(5, 7, 2)
(5, 8, 2)
(5, 9, 2)
(5, 10, 2)
(5, 11, 2)
(5, 12, 2)
(5, 13, 2)
(5, 14, 2)
(5, 15, 2)
(5, 16, 2)
(5, 17, 2)
(5, 18, 2)
(5, 19, 2)
(5, 20, 2)
(5, 21, 2)
(5, 22, 2)
(5, 23, 2)
(5, 24, 2)
(5, 25, 2)
(5, 26, 2)
(5, 27, 2)
(5, 28, 2)
(5, 29, 2)
(5, 30, 2)
(5, 31, 2)
(5, 32, 2)
(5, 33, 2)
(5, 34, 2)
(5, 35, 2)
(5, 36, 2)
(5, 37, 2)
(5, 38, 2)
(5, 39, 2)

(6, 0, 9)
(6, 1, 6)
(6, 2, 4)
(6, 3, 4)
(6, 4, 4)
(6, 5, 4)
(6, 6, 4)
(6, 7, 2)
(6, 8, 2)
(6, 9, 2)
(6, 10, 2)
(6, 11, 2)
(6, 12, 2)
(6, 13, 2)
(6, 14, 2)
(6, 15, 2)
(6, 16, 2)
(6, 17, 2)
(6, 18, 2)
(6, 19, 2)
(6, 20, 2)
(6, 21, 2)
(6, 22, 2)
(6, 23, 2)
(6, 24, 2)
(6, 25, 2)
(6, 26, 2)
(6, 27, 2)
(6, 28, 2)
(6, 29, 2)
(6, 30, 2)
(6, 31, 2)
(6, 32, 2)
(6, 33, 2)
(6, 34, 2)
(6, 35, 2)
(6, 36, 2)
(6, 37, 2)
(6, 38, 2)
(6, 39, 2)

(7, 0, 10)
(7, 1, 6)
(7, 2, 4)
(7, 3, 4)
(7, 4, 4)
(7, 5, 4)
(7, 6, 4)
(7, 7, 2)
(7, 8, 2)
(7, 9, 2)
(7, 10, 2)
(7, 11, 2)
(7, 12, 2)
(7, 13, 2)
(7, 14, 2)
(7, 15, 2)
(7, 16, 2)
(7, 17, 2)
(7, 18, 2)
(7, 19, 2)
(7, 20, 2)
(7, 21, 2)
(7, 22, 2)
(7, 23, 2)
(7, 24, 2)
(7, 25, 2)
(7, 26, 2)
(7, 27, 2)
(7, 28, 2)
(7, 29, 2)
(7, 30, 2)
(7, 31, 2)
(7, 32, 2)
(7, 33, 2)
(7, 34, 2)
(7, 35, 2)
(7, 36, 2)
(7, 37, 2)
(7, 38, 2)
(7, 39, 2)

(8, 0, 11)
(8, 1, 7)
(8, 2, 5)
(8, 3, 5)
(8, 4, 5)
(8, 5, 5)
(8, 6, 5)
(8, 7, 3)
(8, 8, 3)
(8, 9, 3)
(8, 10, 3)
(8, 11, 3)
(8, 12, 3)
(8, 13, 3)
(8, 14, 3)
(8, 15, 3)
(8, 16, 3)
(8, 17, 3)
(8, 18, 3)
(8, 19, 3)
(8, 20, 3)
(8, 21, 3)
(8, 22, 2)
(8, 23, 2)
(8, 24, 2)
(8, 25, 2)
(8, 26, 2)
(8, 27, 2)
(8, 28, 2)
(8, 29, 2)
(8, 30, 2)
(8, 31, 2)
(8, 32, 2)
(8, 33, 2)
(8, 34, 2)
(8, 35, 2)
(8, 36, 2)
(8, 37, 2)
(8, 38, 2)
(8, 39, 2)

(9, 0, 15)
(9, 1, 9)
(9, 2, 6)
(9, 3, 6)
(9, 4, 6)
(9, 5, 6)
(9, 6, 6)
(9, 7, 4)
(9, 8, 4)
(9, 9, 4)
(9, 10, 4)
(9, 11, 4)
(9, 12, 4)
(9, 13, 4)
(9, 14, 4)
(9, 15, 4)
(9, 16, 4)
(9, 17, 4)
(9, 18, 4)
(9, 19, 4)
(9, 20, 3)
(9, 21, 3)
(9, 22, 2)
(9, 23, 2)
(9, 24, 2)
(9, 25, 2)
(9, 26, 2)
(9, 27, 2)
(9, 28, 2)
(9, 29, 2)
(9, 30, 2)
(9, 31, 2)
(9, 32, 2)
(9, 33, 2)
(9, 34, 2)
(9, 35, 2)
(9, 36, 2)
(9, 37, 2)
(9, 38, 2)
(9, 39, 2)

(10, 0, 17)
(10, 1, 11)
(10, 2, 6)
(10, 3, 6)
(10, 4, 6)
(10, 5, 6)
(10, 6, 6)
(10, 7, 4)
(10, 8, 4)
(10, 9, 4)
(10, 10, 4)
(10, 11, 4)
(10, 12, 4)
(10, 13, 4)
(10, 14, 4)
(10, 15, 4)
(10, 16, 4)
(10, 17, 4)
(10, 18, 4)
(10, 19, 4)
(10, 20, 3)
(10, 21, 3)
(10, 22, 2)
(10, 23, 2)
(10, 24, 2)
(10, 25, 2)
(10, 26, 2)
(10, 27, 2)
(10, 28, 2)
(10, 29, 2)
(10, 30, 2)
(10, 31, 2)
(10, 32, 2)
(10, 33, 2)
(10, 34, 2)
(10, 35, 2)
(10, 36, 2)
(10, 37, 2)
(10, 38, 2)
(10, 39, 2)

(11, 0, 19)
(11, 1, 13)
(11, 2, 6)
(11, 3, 6)
(11, 4, 6)
(11, 5, 6)
(11, 6, 6)
(11, 7, 4)
(11, 8, 4)
(11, 9, 4)
(11, 10, 4)
(11, 11, 4)
(11, 12, 4)
(11, 13, 4)
(11, 14, 4)
(11, 15, 4)
(11, 16, 4)
(11, 17, 4)
(11, 18, 4)
(11, 19, 4)
(11, 20, 3)
(11, 21, 3)
(11, 22, 2)
(11, 23, 2)
(11, 24, 2)
(11, 25, 2)
(11, 26, 2)
(11, 27, 2)
(11, 28, 2)
(11, 29, 2)
(11, 30, 2)
(11, 31, 2)
(11, 32, 2)
(11, 33, 2)
(11, 34, 2)
(11, 35, 2)
(11, 36, 2)
(11, 37, 2)
(11, 38, 2)
(11, 39, 2)

(12, 0, 22)
(12, 1, 15)
(12, 2, 6)
(12, 3, 6)
(12, 4, 6)
(12, 5, 6)
(12, 6, 6)
(12, 7, 4)
(12, 8, 4)
(12, 9, 4)
(12, 10, 4)
(12, 11, 4)
(12, 12, 4)
(12, 13, 4)
(12, 14, 4)
(12, 15, 4)
(12, 16, 4)
(12, 17, 4)
(12, 18, 4)
(12, 19, 4)
(12, 20, 3)
(12, 21, 3)
(12, 22, 2)
(12, 23, 2)
(12, 24, 2)
(12, 25, 2)
(12, 26, 2)
(12, 27, 2)
(12, 28, 2)
(12, 29, 2)
(12, 30, 2)
(12, 31, 2)
(12, 32, 2)
(12, 33, 2)
(12, 34, 2)
(12, 35, 2)
(12, 36, 2)
(12, 37, 2)
(12, 38, 2)
(12, 39, 2)

(13, 0, 27)
(13, 1, 19)
(13, 2, 8)
(13, 3, 8)
(13, 4, 8)
(13, 5, 8)
(13, 6, 8)
(13, 7, 6)
(13, 8, 6)
(13, 9, 6)
(13, 10, 6)
(13, 11, 6)
(13, 12, 6)
(13, 13, 6)
(13, 14, 6)
(13, 15, 6)
(13, 16, 6)
(13, 17, 6)
(13, 18, 6)
(13, 19, 6)
(13, 20, 5)
(13, 21, 5)
(13, 22, 4)
(13, 23, 4)
(13, 24, 4)
(13, 25, 3)
(13, 26, 3)
(13, 27, 3)
(13, 28, 3)
(13, 29, 3)
(13, 30, 2)
(13, 31, 2)
(13, 32, 2)
(13, 33, 2)
(13, 34, 2)
(13, 35, 2)
(13, 36, 2)
(13, 37, 2)
(13, 38, 2)
(13, 39, 2)

(14, 0, 41)
(14, 1, 30)
(14, 2, 12)
(14, 3, 12)
(14, 4, 12)
(14, 5, 12)
(14, 6, 12)
(14, 7, 9)
(14, 8, 9)
(14, 9, 9)
(14, 10, 9)
(14, 11, 9)
(14, 12, 9)
(14, 13, 9)
(14, 14, 9)
(14, 15, 9)
(14, 16, 9)
(14, 17, 9)
(14, 18, 9)
(14, 19, 8)
(14, 20, 7)
(14, 21, 7)
(14, 22, 4)
(14, 23, 4)
(14, 24, 4)
(14, 25, 4)
(14, 26, 4)
(14, 27, 4)
(14, 28, 4)
(14, 29, 4)
(14, 30, 3)
(14, 31, 2)
(14, 32, 2)
(14, 33, 2)
(14, 34, 1)
(14, 35, 1)
(14, 36, 1)
(14, 37, 1)
(14, 38, 1)
(14, 39, 1)

(15, 0, 54)
(15, 1, 40)
(15, 2, 13)
(15, 3, 13)
(15, 4, 12)
(15, 5, 12)
(15, 6, 12)
(15, 7, 9)
(15, 8, 9)
(15, 9, 9)
(15, 10, 9)
(15, 11, 9)
(15, 12, 9)
(15, 13, 9)
(15, 14, 9)
(15, 15, 9)
(15, 16, 9)
(15, 17, 9)
(15, 18, 9)
(15, 19, 8)
(15, 20, 7)
(15, 21, 7)
(15, 22, 3)
(15, 23, 3)
(15, 24, 3)
(15, 25, 3)
(15, 26, 3)
(15, 27, 3)
(15, 28, 3)
(15, 29, 2)
(15, 30, 1)
(15, 31, 1)
(15, 32, 1)
(15, 33, 1)
(15, 34, 1)
(15, 35, 1)
(15, 36, 1)
(15, 37, 1)
(15, 38, 1)
(15, 39, 1)

(16, 0, 64)
(16, 1, 49)
(16, 2, 14)
(16, 3, 14)
(16, 4, 12)
(16, 5, 12)
(16, 6, 12)
(16, 7, 9)
(16, 8, 9)
(16, 9, 9)
(16, 10, 9)
(16, 11, 9)
(16, 12, 9)
(16, 13, 9)
(16, 14, 9)
(16, 15, 9)
(16, 16, 9)
(16, 17, 9)
(16, 18, 9)
(16, 19, 8)
(16, 20, 7)
(16, 21, 7)
(16, 22, 3)
(16, 23, 3)
(16, 24, 3)
(16, 25, 3)
(16, 26, 2)
(16, 27, 2)
(16, 28, 2)
(16, 29, 2)
(16, 30, 1)
(16, 31, 1)
(16, 32, 1)
(16, 33, 1)
(16, 34, 1)
(16, 35, 1)
(16, 36, 1)
(16, 37, 1)
(16, 38, 1)
(16, 39, 1)

(17, 0, 70)
(17, 1, 55)
(17, 2, 15)
(17, 3, 15)
(17, 4, 13)
(17, 5, 13)
(17, 6, 13)
(17, 7, 10)
(17, 8, 10)
(17, 9, 10)
(17, 10, 10)
(17, 11, 10)
(17, 12, 10)
(17, 13, 10)
(17, 14, 10)
(17, 15, 10)
(17, 16, 10)
(17, 17, 10)
(17, 18, 9)
(17, 19, 8)
(17, 20, 7)
(17, 21, 7)
(17, 22, 3)
(17, 23, 3)
(17, 24, 3)
(17, 25, 3)
(17, 26, 2)
(17, 27, 2)
(17, 28, 2)
(17, 29, 2)
(17, 30, 1)
(17, 31, 1)
(17, 32, 1)
(17, 33, 1)
(17, 34, 1)
(17, 35, 1)
(17, 36, 1)
(17, 37, 1)
(17, 38, 1)
(17, 39, 1)

(18, 0, 85)
(18, 1, 70)
(18, 2, 17)
(18, 3, 16)
(18, 4, 14)
(18, 5, 14)
(18, 6, 14)
(18, 7, 11)
(18, 8, 11)
(18, 9, 11)
(18, 10, 11)
(18, 11, 11)
(18, 12, 11)
(18, 13, 11)
(18, 14, 11)
(18, 15, 11)
(18, 16, 11)
(18, 17, 11)
(18, 18, 9)
(18, 19, 8)
(18, 20, 7)
(18, 21, 7)
(18, 22, 4)
(18, 23, 4)
(18, 24, 4)
(18, 25, 4)
(18, 26, 3)
(18, 27, 3)
(18, 28, 3)
(18, 29, 3)
(18, 30, 2)
(18, 31, 2)
(18, 32, 2)
(18, 33, 2)
(18, 34, 2)
(18, 35, 2)
(18, 36, 2)
(18, 37, 2)
(18, 38, 2)
(18, 39, 2)

(19, 0, 91)
(19, 1, 75)
(19, 2, 18)
(19, 3, 18)
(19, 4, 16)
(19, 5, 16)
(19, 6, 16)
(19, 7, 13)
(19, 8, 12)
(19, 9, 12)
(19, 10, 12)
(19, 11, 12)
(19, 12, 12)
(19, 13, 12)
(19, 14, 12)
(19, 15, 12)
(19, 16, 12)
(19, 17, 11)
(19, 18, 9)
(19, 19, 8)
(19, 20, 7)
(19, 21, 7)
(19, 22, 4)
(19, 23, 4)
(19, 24, 4)
(19, 25, 4)
(19, 26, 3)
(19, 27, 3)
(19, 28, 3)
(19, 29, 2)
(19, 30, 2)
(19, 31, 2)
(19, 32, 2)
(19, 33, 2)
(19, 34, 2)
(19, 35, 2)
(19, 36, 2)
(19, 37, 2)
(19, 38, 2)
(19, 39, 2)

(20, 0, 102)
(20, 1, 85)
(20, 2, 22)
(20, 3, 22)
(20, 4, 20)
(20, 5, 20)
(20, 6, 20)
(20, 7, 16)
(20, 8, 14)
(20, 9, 14)
(20, 10, 14)
(20, 11, 14)
(20, 12, 14)
(20, 13, 14)
(20, 14, 14)
(20, 15, 14)
(20, 16, 14)
(20, 17, 12)
(20, 18, 10)
(20, 19, 9)
(20, 20, 8)
(20, 21, 8)
(20, 22, 5)
(20, 23, 5)
(20, 24, 5)
(20, 25, 4)
(20, 26, 4)
(20, 27, 4)
(20, 28, 4)
(20, 29, 3)
(20, 30, 3)
(20, 31, 3)
(20, 32, 3)
(20, 33, 2)
(20, 34, 2)
(20, 35, 2)
(20, 36, 2)
(20, 37, 2)
(20, 38, 2)
(20, 39, 2)

(21, 0, 121)
(21, 1, 97)
(21, 2, 26)
(21, 3, 26)
(21, 4, 23)
(21, 5, 22)
(21, 6, 22)
(21, 7, 18)
(21, 8, 15)
(21, 9, 15)
(21, 10, 15)
(21, 11, 13)
(21, 12, 13)
(21, 13, 13)
(21, 14, 13)
(21, 15, 13)
(21, 16, 13)
(21, 17, 11)
(21, 18, 10)
(21, 19, 9)
(21, 20, 8)
(21, 21, 8)
(21, 22, 5)
(21, 23, 5)
(21, 24, 4)
(21, 25, 3)
(21, 26, 3)
(21, 27, 3)
(21, 28, 3)
(21, 29, 2)
(21, 30, 2)
(21, 31, 2)
(21, 32, 2)
(21, 33, 2)
(21, 34, 2)
(21, 35, 2)
(21, 36, 2)
(21, 37, 2)
(21, 38, 2)
(21, 39, 2)

(22, 0, 138)
(22, 1, 104)
(22, 2, 30)
(22, 3, 29)
(22, 4, 27)
(22, 5, 25)
(22, 6, 24)
(22, 7, 20)
(22, 8, 15)
(22, 9, 15)
(22, 10, 15)
(22, 11, 13)
(22, 12, 13)
(22, 13, 13)
(22, 14, 13)
(22, 15, 13)
(22, 16, 13)
(22, 17, 10)
(22, 18, 10)
(22, 19, 9)
(22, 20, 8)
(22, 21, 8)
(22, 22, 5)
(22, 23, 5)
(22, 24, 4)
(22, 25, 3)
(22, 26, 3)
(22, 27, 3)
(22, 28, 3)
(22, 29, 2)
(22, 30, 2)
(22, 31, 2)
(22, 32, 2)
(22, 33, 2)
(22, 34, 2)
(22, 35, 2)
(22, 36, 2)
(22, 37, 2)
(22, 38, 2)
(22, 39, 1)

(23, 0, 158)
(23, 1, 115)
(23, 2, 35)
(23, 3, 33)
(23, 4, 31)
(23, 5, 29)
(23, 6, 28)
(23, 7, 24)
(23, 8, 16)
(23, 9, 16)
(23, 10, 16)
(23, 11, 14)
(23, 12, 14)
(23, 13, 14)
(23, 14, 14)
(23, 15, 14)
(23, 16, 14)
(23, 17, 11)
(23, 18, 11)
(23, 19, 10)
(23, 20, 9)
(23, 21, 9)
(23, 22, 6)
(23, 23, 6)
(23, 24, 5)
(23, 25, 4)
(23, 26, 4)
(23, 27, 4)
(23, 28, 4)
(23, 29, 3)
(23, 30, 3)
(23, 31, 3)
(23, 32, 2)
(23, 33, 2)
(23, 34, 2)
(23, 35, 2)
(23, 36, 2)
(23, 37, 2)
(23, 38, 2)
(23, 39, 1)

(24, 0, 166)
(24, 1, 123)
(24, 2, 38)
(24, 3, 36)
(24, 4, 34)
(24, 5, 32)
(24, 6, 32)
(24, 7, 28)
(24, 8, 16)
(24, 9, 16)
(24, 10, 16)
(24, 11, 14)
(24, 12, 14)
(24, 13, 14)
(24, 14, 14)
(24, 15, 14)
(24, 16, 14)
(24, 17, 11)
(24, 18, 11)
(24, 19, 9)
(24, 20, 8)
(24, 21, 8)
(24, 22, 5)
(24, 23, 4)
(24, 24, 3)
(24, 25, 2)
(24, 26, 2)
(24, 27, 2)
(24, 28, 2)
(24, 29, 1)
(24, 30, 1)
(24, 31, 1)
(24, 32, 1)
(24, 33, 1)
(24, 34, 1)
(24, 35, 1)
(24, 36, 1)
(24, 37, 1)
(24, 38, 1)
(24, 39, 1)

(25, 0, 176)
(25, 1, 124)
(25, 2, 39)
(25, 3, 37)
(25, 4, 35)
(25, 5, 33)
(25, 6, 33)
(25, 7, 28)
(25, 8, 16)
(25, 9, 16)
(25, 10, 16)
(25, 11, 14)
(25, 12, 14)
(25, 13, 14)
(25, 14, 14)
(25, 15, 14)
(25, 16, 14)
(25, 17, 10)
(25, 18, 10)
(25, 19, 8)
(25, 20, 7)
(25, 21, 7)
(25, 22, 4)
(25, 23, 4)
(25, 24, 3)
(25, 25, 2)
(25, 26, 2)
(25, 27, 2)
(25, 28, 2)
(25, 29, 1)
(25, 30, 1)
(25, 31, 1)
(25, 32, 1)
(25, 33, 1)
(25, 34, 1)
(25, 35, 1)
(25, 36, 1)
(25, 37, 1)
(25, 38, 1)
(25, 39, 1)

(26, 0, 175)
(26, 1, 124)
(26, 2, 39)
(26, 3, 37)
(26, 4, 35)
(26, 5, 33)
(26, 6, 33)
(26, 7, 28)
(26, 8, 16)
(26, 9, 16)
(26, 10, 16)
(26, 11, 14)
(26, 12, 14)
(26, 13, 14)
(26, 14, 14)
(26, 15, 14)
(26, 16, 14)
(26, 17, 10)
(26, 18, 10)
(26, 19, 8)
(26, 20, 7)
(26, 21, 7)
(26, 22, 4)
(26, 23, 4)
(26, 24, 3)
(26, 25, 2)
(26, 26, 2)
(26, 27, 2)
(26, 28, 2)
(26, 29, 1)
(26, 30, 1)
(26, 31, 1)
(26, 32, 1)
(26, 33, 1)
(26, 34, 1)
(26, 35, 1)
(26, 36, 1)
(26, 37, 1)
(26, 38, 1)
(26, 39, 1)

(27, 0, 175)
(27, 1, 124)
(27, 2, 39)
(27, 3, 37)
(27, 4, 35)
(27, 5, 33)
(27, 6, 33)
(27, 7, 28)
(27, 8, 16)
(27, 9, 16)
(27, 10, 16)
(27, 11, 14)
(27, 12, 14)
(27, 13, 14)
(27, 14, 14)
(27, 15, 14)
(27, 16, 14)
(27, 17, 10)
(27, 18, 10)
(27, 19, 8)
(27, 20, 7)
(27, 21, 7)
(27, 22, 4)
(27, 23, 4)
(27, 24, 3)
(27, 25, 2)
(27, 26, 2)
(27, 27, 2)
(27, 28, 2)
(27, 29, 1)
(27, 30, 1)
(27, 31, 1)
(27, 32, 1)
(27, 33, 1)
(27, 34, 1)
(27, 35, 1)
(27, 36, 1)
(27, 37, 1)
(27, 38, 1)
(27, 39, 1)

(28, 0, 175)
(28, 1, 124)
(28, 2, 39)
(28, 3, 37)
(28, 4, 35)
(28, 5, 33)
(28, 6, 33)
(28, 7, 28)
(28, 8, 16)
(28, 9, 16)
(28, 10, 16)
(28, 11, 14)
(28, 12, 14)
(28, 13, 14)
(28, 14, 14)
(28, 15, 14)
(28, 16, 14)
(28, 17, 10)
(28, 18, 10)
(28, 19, 8)
(28, 20, 7)
(28, 21, 7)
(28, 22, 4)
(28, 23, 4)
(28, 24, 3)
(28, 25, 2)
(28, 26, 2)
(28, 27, 2)
(28, 28, 2)
(28, 29, 1)
(28, 30, 1)
(28, 31, 1)
(28, 32, 1)
(28, 33, 1)
(28, 34, 1)
(28, 35, 1)
(28, 36, 1)
(28, 37, 1)
(28, 38, 1)
(28, 39, 1)

(29, 0, 175)
(29, 1, 124)
(29, 2, 39)
(29, 3, 37)
(29, 4, 35)
(29, 5, 33)
(29, 6, 33)
(29, 7, 28)
(29, 8, 16)
(29, 9, 16)
(29, 10, 16)
(29, 11, 14)
(29, 12, 14)
(29, 13, 14)
(29, 14, 14)
(29, 15, 14)
(29, 16, 14)
(29, 17, 10)
(29, 18, 10)
(29, 19, 8)
(29, 20, 7)
(29, 21, 7)
(29, 22, 4)
(29, 23, 4)
(29, 24, 3)
(29, 25, 2)
(29, 26, 2)
(29, 27, 2)
(29, 28, 2)
(29, 29, 1)
(29, 30, 1)
(29, 31, 1)
(29, 32, 1)
(29, 33, 1)
(29, 34, 1)
(29, 35, 1)
(29, 36, 1)
(29, 37, 1)
(29, 38, 1)
(29, 39, 1)

(30, 0, 183)
(30, 1, 127)
(30, 2, 42)
(30, 3, 40)
(30, 4, 38)
(30, 5, 36)
(30, 6, 36)
(30, 7, 31)
(30, 8, 18)
(30, 9, 18)
(30, 10, 18)
(30, 11, 16)
(30, 12, 16)
(30, 13, 16)
(30, 14, 16)
(30, 15, 16)
(30, 16, 16)
(30, 17, 12)
(30, 18, 12)
(30, 19, 10)
(30, 20, 9)
(30, 21, 9)
(30, 22, 6)
(30, 23, 6)
(30, 24, 5)
(30, 25, 4)
(30, 26, 4)
(30, 27, 4)
(30, 28, 4)
(30, 29, 3)
(30, 30, 2)
(30, 31, 2)
(30, 32, 2)
(30, 33, 2)
(30, 34, 2)
(30, 35, 2)
(30, 36, 2)
(30, 37, 2)
(30, 38, 2)
(30, 39, 2)

(31, 0, 190)
(31, 1, 128)
(31, 2, 43)
(31, 3, 41)
(31, 4, 39)
(31, 5, 37)
(31, 6, 37)
(31, 7, 32)
(31, 8, 18)
(31, 9, 18)
(31, 10, 18)
(31, 11, 16)
(31, 12, 16)
(31, 13, 16)
(31, 14, 16)
(31, 15, 16)
(31, 16, 16)
(31, 17, 12)
(31, 18, 12)
(31, 19, 10)
(31, 20, 9)
(31, 21, 9)
(31, 22, 6)
(31, 23, 6)
(31, 24, 5)
(31, 25, 4)
(31, 26, 4)
(31, 27, 4)
(31, 28, 4)
(31, 29, 3)
(31, 30, 2)
(31, 31, 2)
(31, 32, 2)
(31, 33, 2)
(31, 34, 2)
(31, 35, 2)
(31, 36, 2)
(31, 37, 2)
(31, 38, 2)
(31, 39, 1)

(32, 0, 199)
(32, 1, 130)
(32, 2, 45)
(32, 3, 43)
(32, 4, 41)
(32, 5, 39)
(32, 6, 39)
(32, 7, 34)
(32, 8, 18)
(32, 9, 18)
(32, 10, 18)
(32, 11, 16)
(32, 12, 16)
(32, 13, 16)
(32, 14, 16)
(32, 15, 16)
(32, 16, 16)
(32, 17, 12)
(32, 18, 12)
(32, 19, 10)
(32, 20, 9)
(32, 21, 9)
(32, 22, 6)
(32, 23, 6)
(32, 24, 5)
(32, 25, 4)
(32, 26, 4)
(32, 27, 4)
(32, 28, 4)
(32, 29, 3)
(32, 30, 2)
(32, 31, 2)
(32, 32, 1)
(32, 33, 1)
(32, 34, 1)
(32, 35, 1)
(32, 36, 1)
(32, 37, 1)
(32, 38, 1)
(32, 39, 1)

(33, 0, 205)
(33, 1, 131)
(33, 2, 46)
(33, 3, 44)
(33, 4, 42)
(33, 5, 40)
(33, 6, 40)
(33, 7, 35)
(33, 8, 18)
(33, 9, 18)
(33, 10, 18)
(33, 11, 16)
(33, 12, 16)
(33, 13, 16)
(33, 14, 16)
(33, 15, 16)
(33, 16, 16)
(33, 17, 12)
(33, 18, 12)
(33, 19, 10)
(33, 20, 9)
(33, 21, 9)
(33, 22, 6)
(33, 23, 6)
(33, 24, 5)
(33, 25, 4)
(33, 26, 4)
(33, 27, 4)
(33, 28, 4)
(33, 29, 3)
(33, 30, 1)
(33, 31, 1)
(33, 32, 1)
(33, 33, 1)
(33, 34, 1)
(33, 35, 1)
(33, 36, 1)
(33, 37, 1)
(33, 38, 1)
(33, 39, 1)

(34, 0, 206)
(34, 1, 132)
(34, 2, 47)
(34, 3, 45)
(34, 4, 43)
(34, 5, 41)
(34, 6, 41)
(34, 7, 36)
(34, 8, 18)
(34, 9, 18)
(34, 10, 18)
(34, 11, 16)
(34, 12, 16)
(34, 13, 16)
(34, 14, 16)
(34, 15, 16)
(34, 16, 16)
(34, 17, 12)
(34, 18, 12)
(34, 19, 10)
(34, 20, 9)
(34, 21, 9)
(34, 22, 6)
(34, 23, 6)
(34, 24, 5)
(34, 25, 4)
(34, 26, 4)
(34, 27, 4)
(34, 28, 4)
(34, 29, 3)
(34, 30, 1)
(34, 31, 1)
(34, 32, 1)
(34, 33, 1)
(34, 34, 1)
(34, 35, 1)
(34, 36, 1)
(34, 37, 1)
(34, 38, 1)
(34, 39, 1)

(35, 0, 207)
(35, 1, 133)
(35, 2, 48)
(35, 3, 46)
(35, 4, 44)
(35, 5, 42)
(35, 6, 42)
(35, 7, 37)
(35, 8, 18)
(35, 9, 18)
(35, 10, 18)
(35, 11, 16)
(35, 12, 16)
(35, 13, 16)
(35, 14, 16)
(35, 15, 16)
(35, 16, 16)
(35, 17, 12)
(35, 18, 12)
(35, 19, 10)
(35, 20, 9)
(35, 21, 9)
(35, 22, 6)
(35, 23, 6)
(35, 24, 5)
(35, 25, 4)
(35, 26, 4)
(35, 27, 4)
(35, 28, 4)
(35, 29, 3)
(35, 30, 1)
(35, 31, 1)
(35, 32, 1)
(35, 33, 1)
(35, 34, 1)
(35, 35, 1)
(35, 36, 1)
(35, 37, 1)
(35, 38, 1)
(35, 39, 1)

(36, 0, 208)
(36, 1, 134)
(36, 2, 49)
(36, 3, 47)
(36, 4, 45)
(36, 5, 43)
(36, 6, 43)
(36, 7, 38)
(36, 8, 18)
(36, 9, 18)
(36, 10, 18)
(36, 11, 16)
(36, 12, 16)
(36, 13, 16)
(36, 14, 16)
(36, 15, 16)
(36, 16, 16)
(36, 17, 12)
(36, 18, 12)
(36, 19, 10)
(36, 20, 9)
(36, 21, 9)
(36, 22, 6)
(36, 23, 6)
(36, 24, 5)
(36, 25, 4)
(36, 26, 4)
(36, 27, 4)
(36, 28, 4)
(36, 29, 3)
(36, 30, 1)
(36, 31, 1)
(36, 32, 1)
(36, 33, 1)
(36, 34, 1)
(36, 35, 1)
(36, 36, 1)
(36, 37, 1)
(36, 38, 1)
(36, 39, 1)

(37, 0, 209)
(37, 1, 135)
(37, 2, 50)
(37, 3, 48)
(37, 4, 46)
(37, 5, 44)
(37, 6, 44)
(37, 7, 39)
(37, 8, 18)
(37, 9, 18)
(37, 10, 18)
(37, 11, 16)
(37, 12, 16)
(37, 13, 16)
(37, 14, 16)
(37, 15, 16)
(37, 16, 16)
(37, 17, 12)
(37, 18, 12)
(37, 19, 10)
(37, 20, 9)
(37, 21, 9)
(37, 22, 6)
(37, 23, 6)
(37, 24, 5)
(37, 25, 4)
(37, 26, 4)
(37, 27, 4)
(37, 28, 4)
(37, 29, 3)
(37, 30, 1)
(37, 31, 1)
(37, 32, 1)
(37, 33, 1)
(37, 34, 1)
(37, 35, 1)
(37, 36, 1)
(37, 37, 1)
(37, 38, 1)
(37, 39, 1)

(38, 0, 210)
(38, 1, 136)
(38, 2, 51)
(38, 3, 49)
(38, 4, 47)
(38, 5, 45)
(38, 6, 45)
(38, 7, 40)
(38, 8, 18)
(38, 9, 18)
(38, 10, 18)
(38, 11, 16)
(38, 12, 16)
(38, 13, 16)
(38, 14, 16)
(38, 15, 16)
(38, 16, 16)
(38, 17, 12)
(38, 18, 12)
(38, 19, 10)
(38, 20, 9)
(38, 21, 9)
(38, 22, 6)
(38, 23, 6)
(38, 24, 5)
(38, 25, 4)
(38, 26, 4)
(38, 27, 4)
(38, 28, 4)
(38, 29, 3)
(38, 30, 1)
(38, 31, 1)
(38, 32, 1)
(38, 33, 1)
(38, 34, 1)
(38, 35, 1)
(38, 36, 1)
(38, 37, 1)
(38, 38, 1)
(38, 39, 1)

(39, 0, 212)
(39, 1, 138)
(39, 2, 53)
(39, 3, 51)
(39, 4, 49)
(39, 5, 47)
(39, 6, 47)
(39, 7, 42)
(39, 8, 18)
(39, 9, 18)
(39, 10, 18)
(39, 11, 16)
(39, 12, 16)
(39, 13, 16)
(39, 14, 16)
(39, 15, 16)
(39, 16, 16)
(39, 17, 12)
(39, 18, 12)
(39, 19, 10)
(39, 20, 9)
(39, 21, 9)
(39, 22, 6)
(39, 23, 6)
(39, 24, 5)
(39, 25, 4)
(39, 26, 4)
(39, 27, 4)
(39, 28, 4)
(39, 29, 3)
(39, 30, 1)
(39, 31, 1)
(39, 32, 1)
(39, 33, 1)
(39, 34, 1)
(39, 35, 1)
(39, 36, 1)
(39, 37, 1)
(39, 38, 1)
(39, 39, 1)


Betti numbers:
xi_0:
(0, 0, 2)
(2, 0, 3)
(4, 0, 2)
(6, 0, 2)
(7, 0, 1)
(8, 0, 1)
(9, 0, 4)
(10, 0, 2)
(11, 0, 2)
(12, 0, 3)
(13, 0, 5)
(14, 0, 14)
(15, 0, 13)
(16, 0, 10)
(17, 0, 6)
(18, 0, 15)
(19, 0, 6)
(20, 0, 11)
(21, 0, 19)
(22, 0, 17)
(23, 0, 20)
(24, 0, 8)
(25, 0, 10)
(30, 0, 8)
(31, 0, 7)
(32, 0, 9)
(33, 0, 6)
(34, 0, 1)
(35, 0, 1)
(36, 0, 1)
(37, 0, 1)
(38, 0, 1)
(39, 0, 2)
xi_1:
(0, 2, 1)
(2, 1, 2)
(2, 7, 1)
(4, 2, 1)
(6, 1, 1)
(6, 7, 1)
(7, 1, 1)
(8, 22, 1)
(9, 1, 2)
(9, 2, 1)
(9, 20, 1)
(10, 2, 2)
(11, 2, 2)
(12, 1, 1)
(12, 2, 2)
(13, 1, 1)
(13, 2, 2)
(13, 25, 1)
(13, 30, 1)
(14, 1, 3)
(14, 2, 7)
(14, 7, 1)
(14, 19, 1)
(14, 22, 2)
(14, 31, 1)
(14, 34, 1)
(15, 1, 3)
(15, 2, 9)
(15, 4, 1)
(15, 22, 1)
(15, 29, 1)
(16, 1, 1)
(16, 2, 8)
(16, 4, 1)
(16, 26, 1)
(17, 2, 5)
(17, 18, 1)
(18, 2, 13)
(18, 3, 1)
(18, 18, 1)
(19, 1, 1)
(19, 2, 4)
(19, 8, 1)
(19, 17, 1)
(19, 29, 1)
(20, 1, 1)
(20, 2, 6)
(20, 7, 1)
(20, 8, 1)
(20, 17, 1)
(20, 25, 1)
(20, 33, 1)
(21, 1, 7)
(21, 2, 8)
(21, 4, 1)
(21, 5, 1)
(21, 8, 1)
(21, 11, 2)
(21, 24, 1)
(22, 1, 10)
(22, 2, 3)
(22, 3, 1)
(22, 5, 1)
(22, 6, 1)
(22, 8, 2)
(22, 17, 1)
(22, 39, 1)
(23, 1, 9)
(23, 2, 6)
(23, 3, 1)
(23, 6, 1)
(23, 8, 3)
(23, 32, 1)
(24, 2, 5)
(24, 8, 4)
(24, 19, 1)
(24, 23, 1)
(25, 1, 9)
(25, 7, 1)
(25, 17, 1)
(25, 19, 1)
(26, 0, 1)
(30, 1, 5)
(30, 8, 1)
(30, 30, 1)
(31, 1, 6)
(31, 8, 1)
(31, 39, 1)
(32, 1, 7)
(32, 8, 2)
(32, 32, 1)
(33, 1, 5)
(33, 8, 1)
(33, 30, 1)
(34, 8, 1)
(35, 8, 1)
(36, 8, 1)
(37, 8, 1)
(38, 8, 1)
(39, 8, 2)
xi_2:
(14, 25, 1)
(15, 31, 1)
(15, 34, 1)
(16, 29, 1)
(18, 22, 1)
(19, 3, 1)
(19, 30, 1)
(20, 26, 1)
(21, 18, 1)
(21, 33, 1)
(22, 4, 1)
(22, 18, 1)
(23, 6, 1)
(24, 6, 1)
(24, 32, 1)
(24, 39, 1)
(25, 19, 1)
(25, 23, 1)
(26, 1, 1)
(32, 39, 1)
(33, 32, 1)
