x-grades
-7013261142145331581/800000000000000000
-3420280166686187181/400000000000000000
-6667859524599417143/800000000000000000
-1623789678956614981/200000000000000000
-1264491581410700541/160000000000000000
-3074878549140272743/400000000000000000
-5977056289507588267/800000000000000000
-725544435091828881/100000000000000000
-5631654671961673829/800000000000000000
-545895386318871661/80000000000000000
-5286253054415759391/800000000000000000
-1278388061410700543/200000000000000000
-4940851436869844953/800000000000000000
-2384075314048443867/400000000000000000
-919089963864786103/160000000000000000
-276421813159435831/50000000000000000
-4250048201778016077/800000000000000000
-2038673696502529429/400000000000000000
-3904646584232101639/800000000000000000
-186597288772957221/40000000000000000
-3559244966686187201/800000000000000000
-1693272078956614991/400000000000000000
-3213843349140272763/800000000000000000
-380142817545914443/100000000000000000
-114737669263774333/32000000000000000
-1347870461410700553/400000000000000000
-2523040114048443887/800000000000000000
-587584826318871667/200000000000000000
-2177638496502529449/800000000000000000
-200493768772957223/80000000000000000
-1832236878956615011/800000000000000000
-25930251096619653/12500000000000000
-1486835261410700573/800000000000000000
-657067226318871677/400000000000000000
-228286728772957227/160000000000000000
-242183208772957229/200000000000000000
-796032026318871697/800000000000000000
-311665608772957239/400000000000000000
-450630408772957259/800000000000000000
-6948240000000001/20000000000000000

y-grades
9990461/4000000
9990461/2000000
29971383/4000000
9990461/1000000
9990461/800000
29971383/2000000
69933227/4000000
9990461/500000
89914149/4000000
9990461/400000
109895071/4000000
29971383/1000000
129875993/4000000
69933227/2000000
29971383/800000
9990461/250000
169837837/4000000
89914149/2000000
189818759/4000000
9990461/200000
209799681/4000000
109895071/2000000
229780603/4000000
29971383/500000
9990461/160000
129875993/2000000
269742447/4000000
69933227/1000000
289723369/4000000
29971383/400000
309704291/4000000
9990461/125000
329685213/4000000
169837837/2000000
69933227/800000
89914149/1000000
369647057/4000000
189818759/2000000
389627979/4000000
9990461/100000

Dimensions > 0:
(0, 0, 4)
(0, 1, 2)
(0, 2, 2)
(0, 3, 2)
(0, 4, 2)
(0, 5, 2)
(0, 6, 2)
(0, 7, 2)
(0, 8, 2)
(0, 9, 2)
(0, 10, 2)
(0, 11, 2)
(0, 12, 2)
(0, 13, 2)
(0, 14, 2)
(0, 15, 2)
(0, 16, 2)
(0, 17, 2)
(0, 18, 2)
(0, 19, 2)
(0, 20, 2)
(0, 21, 2)
(0, 22, 2)
(0, 23, 2)
(0, 24, 2)
(0, 25, 2)
(0, 26, 2)
(0, 27, 2)
(0, 28, 2)
(0, 29, 2)
(0, 30, 2)
(0, 31, 1)
(0, 32, 1)
(0, 33, 1)
(0, 34, 1)
(0, 35, 1)
(0, 36, 1)
(0, 37, 1)
(0, 38, 1)
(0, 39, 1)

(1, 0, 6)
(1, 1, 2)
(1, 2, 2)
(1, 3, 2)
(1, 4, 2)
(1, 5, 2)
(1, 6, 2)
(1, 7, 2)
(1, 8, 2)
(1, 9, 2)
(1, 10, 2)
(1, 11, 2)
(1, 12, 2)
(1, 13, 2)
(1, 14, 2)
(1, 15, 2)
(1, 16, 2)
(1, 17, 2)
(1, 18, 2)
(1, 19, 2)
(1, 20, 2)
(1, 21, 2)
(1, 22, 2)
(1, 23, 2)
(1, 24, 2)
(1, 25, 2)
(1, 26, 2)
(1, 27, 2)
(1, 28, 2)
(1, 29, 2)
(1, 30, 2)
(1, 31, 1)
(1, 32, 1)
(1, 33, 1)
(1, 34, 1)
(1, 35, 1)
(1, 36, 1)
(1, 37, 1)
(1, 38, 1)
(1, 39, 1)

(2, 0, 13)
(2, 1, 4)
(2, 2, 4)
(2, 3, 4)
(2, 4, 4)
(2, 5, 4)
(2, 6, 4)
(2, 7, 4)
(2, 8, 4)
(2, 9, 4)
(2, 10, 4)
(2, 11, 4)
(2, 12, 4)
(2, 13, 4)
(2, 14, 4)
(2, 15, 4)
(2, 16, 4)
(2, 17, 4)
(2, 18, 4)
(2, 19, 4)
(2, 20, 4)
(2, 21, 4)
(2, 22, 4)
(2, 23, 4)
(2, 24, 4)
(2, 25, 4)
(2, 26, 4)
(2, 27, 4)
(2, 28, 4)
(2, 29, 4)
(2, 30, 4)
(2, 31, 2)
(2, 32, 2)
(2, 33, 2)
(2, 34, 2)
(2, 35, 2)
(2, 36, 2)
(2, 37, 2)
(2, 38, 2)
(2, 39, 2)

(3, 0, 19)
(3, 1, 4)
(3, 2, 4)
(3, 3, 4)
(3, 4, 4)
(3, 5, 4)
(3, 6, 4)
(3, 7, 4)
(3, 8, 4)
(3, 9, 4)
(3, 10, 4)
(3, 11, 4)
(3, 12, 4)
(3, 13, 4)
(3, 14, 4)
(3, 15, 4)
(3, 16, 4)
(3, 17, 4)
(3, 18, 4)
(3, 19, 4)
(3, 20, 4)
(3, 21, 4)
(3, 22, 4)
(3, 23, 4)
(3, 24, 4)
(3, 25, 4)
(3, 26, 4)
(3, 27, 4)
(3, 28, 4)
(3, 29, 4)
(3, 30, 3)
(3, 31, 2)
(3, 32, 2)
(3, 33, 2)
(3, 34, 2)
(3, 35, 2)
(3, 36, 2)
(3, 37, 2)
(3, 38, 2)
(3, 39, 2)

(4, 0, 23)
(4, 1, 6)
(4, 2, 6)
(4, 3, 6)
(4, 4, 6)
(4, 5, 6)
(4, 6, 6)
(4, 7, 6)
(4, 8, 6)
(4, 9, 6)
(4, 10, 6)
(4, 11, 6)
(4, 12, 5)
(4, 13, 3)
(4, 14, 3)
(4, 15, 3)
(4, 16, 3)
(4, 17, 3)
(4, 18, 3)
(4, 19, 3)
(4, 20, 3)
(4, 21, 3)
(4, 22, 3)
(4, 23, 3)
(4, 24, 3)
(4, 25, 3)
(4, 26, 3)
(4, 27, 3)
(4, 28, 3)
(4, 29, 3)
(4, 30, 3)
(4, 31, 2)
(4, 32, 2)
(4, 33, 2)
(4, 34, 2)
(4, 35, 2)
(4, 36, 2)
(4, 37, 2)
(4, 38, 2)
(4, 39, 2)

(5, 0, 34)
(5, 1, 14)
(5, 2, 9)
(5, 3, 8)
(5, 4, 7)
(5, 5, 7)
(5, 6, 7)
(5, 7, 7)
(5, 8, 7)
(5, 9, 7)
(5, 10, 7)
(5, 11, 7)
(5, 12, 6)
(5, 13, 4)
(5, 14, 4)
(5, 15, 4)
(5, 16, 3)
(5, 17, 3)
(5, 18, 3)
(5, 19, 3)
(5, 20, 3)
(5, 21, 3)
(5, 22, 3)
(5, 23, 3)
(5, 24, 3)
(5, 25, 3)
(5, 26, 3)
(5, 27, 3)
(5, 28, 3)
(5, 29, 3)
(5, 30, 3)
(5, 31, 2)
(5, 32, 2)
(5, 33, 2)
(5, 34, 2)
(5, 35, 2)
(5, 36, 2)
(5, 37, 2)
(5, 38, 2)
(5, 39, 2)

(6, 0, 48)
(6, 1, 26)
(6, 2, 13)
(6, 3, 10)
(6, 4, 9)
(6, 5, 9)
(6, 6, 9)
(6, 7, 9)
(6, 8, 9)
(6, 9, 9)
(6, 10, 9)
(6, 11, 8)
(6, 12, 6)
(6, 13, 3)
(6, 14, 3)
(6, 15, 3)
(6, 16, 3)
(6, 17, 3)
(6, 18, 3)
(6, 19, 3)
(6, 20, 3)
(6, 21, 3)
(6, 22, 3)
(6, 23, 3)
(6, 24, 2)
(6, 25, 2)
(6, 26, 2)
(6, 27, 2)
(6, 28, 2)
(6, 29, 2)
(6, 30, 2)
(6, 31, 2)
(6, 32, 2)
(6, 33, 2)
(6, 34, 1)
(6, 35, 1)
(6, 36, 1)
(6, 37, 1)
(6, 38, 1)
(6, 39, 1)

(7, 0, 54)
(7, 1, 29)
(7, 2, 16)
(7, 3, 13)
(7, 4, 11)
(7, 5, 11)
(7, 6, 11)
(7, 7, 11)
(7, 8, 11)
(7, 9, 11)
(7, 10, 11)
(7, 11, 6)
(7, 12, 4)
(7, 13, 2)
(7, 14, 2)
(7, 15, 2)
(7, 16, 2)
(7, 17, 2)
(7, 18, 2)
(7, 19, 2)
(7, 20, 2)
(7, 21, 2)
(7, 22, 2)
(7, 23, 2)
(7, 24, 2)
(7, 25, 2)
(7, 26, 2)
(7, 27, 2)
(7, 28, 2)
(7, 29, 2)
(7, 30, 2)
(7, 31, 2)
(7, 32, 2)
(7, 33, 2)
(7, 34, 1)
(7, 35, 1)
(7, 36, 1)
(7, 37, 1)
(7, 38, 1)
(7, 39, 1)

(8, 0, 56)
(8, 1, 31)
(8, 2, 18)
(8, 3, 15)
(8, 4, 11)
(8, 5, 11)
(8, 6, 11)
(8, 7, 11)
(8, 8, 11)
(8, 9, 11)
(8, 10, 11)
(8, 11, 6)
(8, 12, 4)
(8, 13, 2)
(8, 14, 2)
(8, 15, 2)
(8, 16, 2)
(8, 17, 2)
(8, 18, 2)
(8, 19, 2)
(8, 20, 2)
(8, 21, 2)
(8, 22, 2)
(8, 23, 2)
(8, 24, 2)
(8, 25, 2)
(8, 26, 2)
(8, 27, 2)
(8, 28, 2)
(8, 29, 2)
(8, 30, 2)
(8, 31, 2)
(8, 32, 2)
(8, 33, 2)
(8, 34, 1)
(8, 35, 1)
(8, 36, 1)
(8, 37, 1)
(8, 38, 1)
(8, 39, 1)

(9, 0, 58)
(9, 1, 33)
(9, 2, 20)
(9, 3, 17)
(9, 4, 11)
(9, 5, 11)
(9, 6, 11)
(9, 7, 11)
(9, 8, 11)
(9, 9, 11)
(9, 10, 11)
(9, 11, 6)
(9, 12, 4)
(9, 13, 2)
(9, 14, 2)
(9, 15, 2)
(9, 16, 2)
(9, 17, 2)
(9, 18, 2)
(9, 19, 2)
(9, 20, 2)
(9, 21, 2)
(9, 22, 2)
(9, 23, 2)
(9, 24, 2)
(9, 25, 2)
(9, 26, 2)
(9, 27, 2)
(9, 28, 2)
(9, 29, 2)
(9, 30, 2)
(9, 31, 2)
(9, 32, 2)
(9, 33, 2)
(9, 34, 1)
(9, 35, 1)
(9, 36, 1)
(9, 37, 1)
(9, 38, 1)
(9, 39, 1)

(10, 0, 59)
(10, 1, 34)
(10, 2, 21)
(10, 3, 18)
(10, 4, 11)
(10, 5, 11)
(10, 6, 11)
(10, 7, 11)
(10, 8, 11)
(10, 9, 11)
(10, 10, 11)
(10, 11, 6)
(10, 12, 4)
(10, 13, 2)
(10, 14, 2)
(10, 15, 2)
(10, 16, 2)
(10, 17, 2)
(10, 18, 2)
(10, 19, 2)
(10, 20, 2)
(10, 21, 2)
(10, 22, 2)
(10, 23, 2)
(10, 24, 2)
(10, 25, 2)
(10, 26, 2)
(10, 27, 2)
(10, 28, 2)
(10, 29, 2)
(10, 30, 2)
(10, 31, 2)
(10, 32, 2)
(10, 33, 2)
(10, 34, 1)
(10, 35, 1)
(10, 36, 1)
(10, 37, 1)
(10, 38, 1)
(10, 39, 1)

(11, 0, 60)
(11, 1, 35)
(11, 2, 22)
(11, 3, 19)
(11, 4, 11)
(11, 5, 11)
(11, 6, 11)
(11, 7, 11)
(11, 8, 11)
(11, 9, 11)
(11, 10, 11)
(11, 11, 6)
(11, 12, 4)
(11, 13, 2)
(11, 14, 2)
(11, 15, 2)
(11, 16, 2)
(11, 17, 2)
(11, 18, 2)
(11, 19, 2)
(11, 20, 2)
(11, 21, 2)
(11, 22, 2)
(11, 23, 2)
(11, 24, 2)
(11, 25, 2)
(11, 26, 2)
(11, 27, 2)
(11, 28, 2)
(11, 29, 2)
(11, 30, 2)
(11, 31, 2)
(11, 32, 2)
(11, 33, 2)
(11, 34, 1)
(11, 35, 1)
(11, 36, 1)
(11, 37, 1)
(11, 38, 1)
(11, 39, 1)

(12, 0, 62)
(12, 1, 37)
(12, 2, 24)
(12, 3, 21)
(12, 4, 11)
(12, 5, 11)
(12, 6, 11)
(12, 7, 11)
(12, 8, 11)
(12, 9, 11)
(12, 10, 11)
(12, 11, 6)
(12, 12, 4)
(12, 13, 2)
(12, 14, 2)
(12, 15, 2)
(12, 16, 2)
(12, 17, 2)
(12, 18, 2)
(12, 19, 2)
(12, 20, 2)
(12, 21, 2)
(12, 22, 2)
(12, 23, 2)
(12, 24, 2)
(12, 25, 2)
(12, 26, 2)
(12, 27, 2)
(12, 28, 2)
(12, 29, 2)
(12, 30, 2)
(12, 31, 2)
(12, 32, 2)
(12, 33, 2)
(12, 34, 1)
(12, 35, 1)
(12, 36, 1)
(12, 37, 1)
(12, 38, 1)
(12, 39, 1)

(13, 0, 63)
(13, 1, 38)
(13, 2, 25)
(13, 3, 22)
(13, 4, 11)
(13, 5, 11)
(13, 6, 11)
(13, 7, 11)
(13, 8, 11)
(13, 9, 11)
(13, 10, 11)
(13, 11, 6)
(13, 12, 4)
(13, 13, 2)
(13, 14, 2)
(13, 15, 2)
(13, 16, 2)
(13, 17, 2)
(13, 18, 2)
(13, 19, 2)
(13, 20, 2)
(13, 21, 2)
(13, 22, 2)
(13, 23, 2)
(13, 24, 2)
(13, 25, 2)
(13, 26, 2)
(13, 27, 2)
(13, 28, 2)
(13, 29, 2)
(13, 30, 2)
(13, 31, 2)
(13, 32, 2)
(13, 33, 2)
(13, 34, 1)
(13, 35, 1)
(13, 36, 1)
(13, 37, 1)
(13, 38, 1)
(13, 39, 1)

(14, 0, 65)
(14, 1, 40)
(14, 2, 27)
(14, 3, 24)
(14, 4, 11)
(14, 5, 11)
(14, 6, 11)
(14, 7, 11)
(14, 8, 11)
(14, 9, 11)
(14, 10, 11)
(14, 11, 6)
(14, 12, 4)
(14, 13, 2)
(14, 14, 2)
(14, 15, 2)
(14, 16, 2)
(14, 17, 2)
(14, 18, 2)
(14, 19, 2)
(14, 20, 2)
(14, 21, 2)
(14, 22, 2)
(14, 23, 2)
(14, 24, 2)
(14, 25, 2)
(14, 26, 2)
(14, 27, 2)
(14, 28, 2)
(14, 29, 2)
(14, 30, 2)
(14, 31, 2)
(14, 32, 2)
(14, 33, 2)
(14, 34, 1)
(14, 35, 1)
(14, 36, 1)
(14, 37, 1)
(14, 38, 1)
(14, 39, 1)

(15, 0, 67)
(15, 1, 42)
(15, 2, 29)
(15, 3, 26)
(15, 4, 11)
(15, 5, 11)
(15, 6, 11)
(15, 7, 11)
(15, 8, 11)
(15, 9, 11)
(15, 10, 11)
(15, 11, 6)
(15, 12, 4)
(15, 13, 2)
(15, 14, 2)
(15, 15, 2)
(15, 16, 2)
(15, 17, 2)
(15, 18, 2)
(15, 19, 2)
(15, 20, 2)
(15, 21, 2)
(15, 22, 2)
(15, 23, 2)
(15, 24, 2)
(15, 25, 2)
(15, 26, 2)
(15, 27, 2)
(15, 28, 2)
(15, 29, 2)
(15, 30, 2)
(15, 31, 2)
(15, 32, 2)
(15, 33, 2)
(15, 34, 1)
(15, 35, 1)
(15, 36, 1)
(15, 37, 1)
(15, 38, 1)
(15, 39, 1)

(16, 0, 67)
(16, 1, 42)
(16, 2, 29)
(16, 3, 26)
(16, 4, 11)
(16, 5, 11)
(16, 6, 11)
(16, 7, 11)
(16, 8, 11)
(16, 9, 11)
(16, 10, 11)
(16, 11, 6)
(16, 12, 4)
(16, 13, 2)
(16, 14, 2)
(16, 15, 2)
(16, 16, 2)
(16, 17, 2)
(16, 18, 2)
(16, 19, 2)
(16, 20, 2)
(16, 21, 2)
(16, 22, 2)
(16, 23, 2)
(16, 24, 2)
(16, 25, 2)
(16, 26, 2)
(16, 27, 2)
(16, 28, 2)
(16, 29, 2)
(16, 30, 2)
(16, 31, 2)
(16, 32, 2)
(16, 33, 2)
(16, 34, 1)
(16, 35, 1)
(16, 36, 1)
(16, 37, 1)
(16, 38, 1)
(16, 39, 1)

(17, 0, 69)
(17, 1, 44)
(17, 2, 31)
(17, 3, 28)
(17, 4, 11)
(17, 5, 11)
(17, 6, 11)
(17, 7, 11)
(17, 8, 11)
(17, 9, 11)
(17, 10, 11)
(17, 11, 6)
(17, 12, 4)
(17, 13, 2)
(17, 14, 2)
(17, 15, 2)
(17, 16, 2)
(17, 17, 2)
(17, 18, 2)
(17, 19, 2)
(17, 20, 2)
(17, 21, 2)
(17, 22, 2)
(17, 23, 2)
(17, 24, 2)
(17, 25, 2)
(17, 26, 2)
(17, 27, 2)
(17, 28, 2)
(17, 29, 2)
(17, 30, 2)
(17, 31, 2)
(17, 32, 2)
(17, 33, 2)
(17, 34, 1)
(17, 35, 1)
(17, 36, 1)
(17, 37, 1)
(17, 38, 1)
(17, 39, 1)

(18, 0, 71)
(18, 1, 46)
(18, 2, 33)
(18, 3, 30)
(18, 4, 11)
(18, 5, 11)
(18, 6, 11)
(18, 7, 11)
(18, 8, 11)
(18, 9, 11)
(18, 10, 11)
(18, 11, 6)
(18, 12, 4)
(18, 13, 2)
(18, 14, 2)
(18, 15, 2)
(18, 16, 2)
(18, 17, 2)
(18, 18, 2)
(18, 19, 2)
(18, 20, 2)
(18, 21, 2)
(18, 22, 2)
(18, 23, 2)
(18, 24, 2)
(18, 25, 2)
(18, 26, 2)
(18, 27, 2)
(18, 28, 2)
(18, 29, 2)
(18, 30, 2)
(18, 31, 2)
(18, 32, 2)
(18, 33, 2)
(18, 34, 1)
(18, 35, 1)
(18, 36, 1)
(18, 37, 1)
(18, 38, 1)
(18, 39, 1)

(19, 0, 73)
(19, 1, 48)
(19, 2, 35)
(19, 3, 32)
(19, 4, 11)
(19, 5, 11)
(19, 6, 11)
(19, 7, 11)
(19, 8, 11)
(19, 9, 11)
(19, 10, 11)
(19, 11, 6)
(19, 12, 4)
(19, 13, 2)
(19, 14, 2)
(19, 15, 2)
(19, 16, 2)
(19, 17, 2)
(19, 18, 2)
(19, 19, 2)
(19, 20, 2)
(19, 21, 2)
(19, 22, 2)
(19, 23, 2)
(19, 24, 2)
(19, 25, 2)
(19, 26, 2)
(19, 27, 2)
(19, 28, 2)
(19, 29, 2)
(19, 30, 2)
(19, 31, 2)
(19, 32, 2)
(19, 33, 2)
(19, 34, 1)
(19, 35, 1)
(19, 36, 1)
(19, 37, 1)
(19, 38, 1)
(19, 39, 1)

(20, 0, 74)
(20, 1, 49)
(20, 2, 36)
(20, 3, 33)
(20, 4, 11)
(20, 5, 11)
(20, 6, 11)
(20, 7, 11)
(20, 8, 11)
(20, 9, 11)
(20, 10, 11)
(20, 11, 6)
(20, 12, 4)
(20, 13, 2)
(20, 14, 2)
(20, 15, 2)
(20, 16, 2)
(20, 17, 2)
(20, 18, 2)
(20, 19, 2)
(20, 20, 2)
(20, 21, 2)
(20, 22, 2)
(20, 23, 2)
(20, 24, 2)
(20, 25, 2)
(20, 26, 2)
(20, 27, 2)
(20, 28, 2)
(20, 29, 2)
(20, 30, 2)
(20, 31, 2)
(20, 32, 2)
(20, 33, 2)
(20, 34, 1)
(20, 35, 1)
(20, 36, 1)
(20, 37, 1)
(20, 38, 1)
(20, 39, 1)

(21, 0, 76)
(21, 1, 51)
(21, 2, 38)
(21, 3, 35)
(21, 4, 11)
(21, 5, 11)
(21, 6, 11)
(21, 7, 11)
(21, 8, 11)
(21, 9, 11)
(21, 10, 11)
(21, 11, 6)
(21, 12, 4)
(21, 13, 2)
(21, 14, 2)
(21, 15, 2)
(21, 16, 2)
(21, 17, 2)
(21, 18, 2)
(21, 19, 2)
(21, 20, 2)
(21, 21, 2)
(21, 22, 2)
(21, 23, 2)
(21, 24, 2)
(21, 25, 2)
(21, 26, 2)
(21, 27, 2)
(21, 28, 2)
(21, 29, 2)
(21, 30, 2)
(21, 31, 2)
(21, 32, 2)
(21, 33, 2)
(21, 34, 1)
(21, 35, 1)
(21, 36, 1)
(21, 37, 1)
(21, 38, 1)
(21, 39, 1)

(22, 0, 78)
(22, 1, 53)
(22, 2, 40)
(22, 3, 37)
(22, 4, 11)
(22, 5, 11)
(22, 6, 11)
(22, 7, 11)
(22, 8, 11)
(22, 9, 11)
(22, 10, 11)
(22, 11, 6)
(22, 12, 4)
(22, 13, 2)
(22, 14, 2)
(22, 15, 2)
(22, 16, 2)
(22, 17, 2)
(22, 18, 2)
(22, 19, 2)
(22, 20, 2)
(22, 21, 2)
(22, 22, 2)
(22, 23, 2)
(22, 24, 2)
(22, 25, 2)
(22, 26, 2)
(22, 27, 2)
(22, 28, 2)
(22, 29, 2)
(22, 30, 2)
(22, 31, 2)
(22, 32, 2)
(22, 33, 2)
(22, 34, 1)
(22, 35, 1)
(22, 36, 1)
(22, 37, 1)
(22, 38, 1)
(22, 39, 1)

(23, 0, 79)
(23, 1, 54)
(23, 2, 41)
(23, 3, 38)
(23, 4, 11)
(23, 5, 11)
(23, 6, 11)
(23, 7, 11)
(23, 8, 11)
(23, 9, 11)
(23, 10, 11)
(23, 11, 6)
(23, 12, 4)
(23, 13, 2)
(23, 14, 2)
(23, 15, 2)
(23, 16, 2)
(23, 17, 2)
(23, 18, 2)
(23, 19, 2)
(23, 20, 2)
(23, 21, 2)
(23, 22, 2)
(23, 23, 2)
(23, 24, 2)
(23, 25, 2)
(23, 26, 2)
(23, 27, 2)
(23, 28, 2)
(23, 29, 2)
(23, 30, 2)
(23, 31, 2)
(23, 32, 2)
(23, 33, 2)
(23, 34, 1)
(23, 35, 1)
(23, 36, 1)
(23, 37, 1)
(23, 38, 1)
(23, 39, 1)

(24, 0, 81)
(24, 1, 56)
(24, 2, 43)
(24, 3, 40)
(24, 4, 11)
(24, 5, 11)
(24, 6, 11)
(24, 7, 11)
(24, 8, 11)
(24, 9, 11)
(24, 10, 11)
(24, 11, 6)
(24, 12, 4)
(24, 13, 2)
(24, 14, 2)
(24, 15, 2)
(24, 16, 2)
(24, 17, 2)
(24, 18, 2)
(24, 19, 2)
(24, 20, 2)
(24, 21, 2)
(24, 22, 2)
(24, 23, 2)
(24, 24, 2)
(24, 25, 2)
(24, 26, 2)
(24, 27, 2)
(24, 28, 2)
(24, 29, 2)
(24, 30, 2)
(24, 31, 2)
(24, 32, 2)
(24, 33, 2)
(24, 34, 1)
(24, 35, 1)
(24, 36, 1)
(24, 37, 1)
(24, 38, 1)
(24, 39, 1)

(25, 0, 84)
(25, 1, 59)
(25, 2, 46)
(25, 3, 43)
(25, 4, 12)
(25, 5, 12)
(25, 6, 12)
(25, 7, 12)
(25, 8, 12)
(25, 9, 12)
(25, 10, 12)
(25, 11, 7)
(25, 12, 5)
(25, 13, 3)
(25, 14, 3)
(25, 15, 3)
(25, 16, 3)
(25, 17, 3)
(25, 18, 3)
(25, 19, 3)
(25, 20, 3)
(25, 21, 3)
(25, 22, 3)
(25, 23, 3)
(25, 24, 3)
(25, 25, 3)
(25, 26, 3)
(25, 27, 3)
(25, 28, 3)
(25, 29, 3)
(25, 30, 3)
(25, 31, 3)
(25, 32, 3)
(25, 33, 3)
(25, 34, 2)
(25, 35, 2)
(25, 36, 2)
(25, 37, 2)
(25, 38, 2)
(25, 39, 2)

(26, 0, 98)
(26, 1, 63)
(26, 2, 50)
(26, 3, 47)
(26, 4, 14)
(26, 5, 14)
(26, 6, 14)
(26, 7, 14)
(26, 8, 14)
(26, 9, 14)
(26, 10, 14)
(26, 11, 9)
(26, 12, 6)
(26, 13, 4)
(26, 14, 4)
(26, 15, 4)
(26, 16, 4)
(26, 17, 4)
(26, 18, 4)
(26, 19, 4)
(26, 20, 4)
(26, 21, 4)
(26, 22, 2)
(26, 23, 2)
(26, 24, 2)
(26, 25, 2)
(26, 26, 2)
(26, 27, 2)
(26, 28, 2)
(26, 29, 2)
(26, 30, 2)
(26, 31, 2)
(26, 32, 2)
(26, 33, 2)
(26, 34, 1)
(26, 35, 1)
(26, 36, 1)
(26, 37, 1)
(26, 38, 1)
(26, 39, 1)

(27, 0, 105)
(27, 1, 68)
(27, 2, 55)
(27, 3, 52)
(27, 4, 14)
(27, 5, 14)
(27, 6, 14)
(27, 7, 14)
(27, 8, 14)
(27, 9, 14)
(27, 10, 14)
(27, 11, 9)
(27, 12, 6)
(27, 13, 2)
(27, 14, 2)
(27, 15, 2)
(27, 16, 2)
(27, 17, 2)
(27, 18, 2)
(27, 19, 2)
(27, 20, 2)
(27, 21, 2)
(27, 22, 2)
(27, 23, 2)
(27, 24, 2)
(27, 25, 2)
(27, 26, 2)
(27, 27, 2)
(27, 28, 2)
(27, 29, 2)
(27, 30, 2)
(27, 31, 2)
(27, 32, 2)
(27, 33, 2)
(27, 34, 1)
(27, 35, 1)
(27, 36, 1)
(27, 37, 1)
(27, 38, 1)
(27, 39, 1)

(28, 0, 106)
(28, 1, 69)
(28, 2, 56)
(28, 3, 53)
(28, 4, 14)
(28, 5, 14)
(28, 6, 14)
(28, 7, 14)
(28, 8, 14)
(28, 9, 14)
(28, 10, 14)
(28, 11, 9)
(28, 12, 6)
(28, 13, 2)
(28, 14, 2)
(28, 15, 2)
(28, 16, 2)
(28, 17, 2)
(28, 18, 2)
(28, 19, 2)
(28, 20, 2)
(28, 21, 2)
(28, 22, 2)
(28, 23, 2)
(28, 24, 2)
(28, 25, 2)
(28, 26, 2)
(28, 27, 2)
(28, 28, 2)
(28, 29, 2)
(28, 30, 2)
(28, 31, 2)
(28, 32, 2)
(28, 33, 2)
(28, 34, 1)
(28, 35, 1)
(28, 36, 1)
(28, 37, 1)
(28, 38, 1)
(28, 39, 1)

(29, 0, 109)
(29, 1, 72)
(29, 2, 59)
(29, 3, 55)
(29, 4, 15)
(29, 5, 15)
(29, 6, 15)
(29, 7, 15)
(29, 8, 15)
(29, 9, 15)
(29, 10, 15)
(29, 11, 10)
(29, 12, 7)
(29, 13, 3)
(29, 14, 3)
(29, 15, 3)
(29, 16, 3)
(29, 17, 3)
(29, 18, 3)
(29, 19, 3)
(29, 20, 3)
(29, 21, 3)
(29, 22, 3)
(29, 23, 3)
(29, 24, 3)
(29, 25, 3)
(29, 26, 3)
(29, 27, 3)
(29, 28, 3)
(29, 29, 3)
(29, 30, 3)
(29, 31, 3)
(29, 32, 3)
(29, 33, 3)
(29, 34, 2)
(29, 35, 2)
(29, 36, 2)
(29, 37, 2)
(29, 38, 2)
(29, 39, 2)

(30, 0, 111)
(30, 1, 74)
(30, 2, 59)
(30, 3, 55)
(30, 4, 15)
(30, 5, 15)
(30, 6, 15)
(30, 7, 15)
(30, 8, 15)
(30, 9, 15)
(30, 10, 15)
(30, 11, 10)
(30, 12, 7)
(30, 13, 3)
(30, 14, 3)
(30, 15, 3)
(30, 16, 3)
(30, 17, 3)
(30, 18, 3)
(30, 19, 3)
(30, 20, 3)
(30, 21, 3)
(30, 22, 3)
(30, 23, 3)
(30, 24, 3)
(30, 25, 3)
(30, 26, 3)
(30, 27, 3)
(30, 28, 3)
(30, 29, 3)
(30, 30, 3)
(30, 31, 3)
(30, 32, 3)
(30, 33, 3)
(30, 34, 2)
(30, 35, 2)
(30, 36, 2)
(30, 37, 2)
(30, 38, 2)
(30, 39, 2)

(31, 0, 114)
(31, 1, 77)
(31, 2, 60)
(31, 3, 56)
(31, 4, 15)
(31, 5, 15)
(31, 6, 15)
(31, 7, 15)
(31, 8, 15)
(31, 9, 15)
(31, 10, 15)
(31, 11, 10)
(31, 12, 7)
(31, 13, 3)
(31, 14, 3)
(31, 15, 3)
(31, 16, 3)
(31, 17, 3)
(31, 18, 3)
(31, 19, 3)
(31, 20, 3)
(31, 21, 3)
(31, 22, 3)
(31, 23, 3)
(31, 24, 3)
(31, 25, 3)
(31, 26, 3)
(31, 27, 3)
(31, 28, 3)
(31, 29, 3)
(31, 30, 3)
(31, 31, 3)
(31, 32, 3)
(31, 33, 3)
(31, 34, 2)
(31, 35, 2)
(31, 36, 2)
(31, 37, 2)
(31, 38, 2)
(31, 39, 1)

(32, 0, 117)
(32, 1, 80)
(32, 2, 61)
(32, 3, 57)
(32, 4, 15)
(32, 5, 15)
(32, 6, 15)
(32, 7, 15)
(32, 8, 15)
(32, 9, 15)
(32, 10, 15)
(32, 11, 10)
(32, 12, 7)
(32, 13, 3)
(32, 14, 3)
(32, 15, 3)
(32, 16, 3)
(32, 17, 3)
(32, 18, 3)
(32, 19, 3)
(32, 20, 3)
(32, 21, 3)
(32, 22, 3)
(32, 23, 3)
(32, 24, 3)
(32, 25, 3)
(32, 26, 3)
(32, 27, 3)
(32, 28, 3)
(32, 29, 3)
(32, 30, 3)
(32, 31, 3)
(32, 32, 3)
(32, 33, 3)
(32, 34, 1)
(32, 35, 1)
(32, 36, 1)
(32, 37, 1)
(32, 38, 1)
(32, 39, 1)

(33, 0, 125)
(33, 1, 84)
(33, 2, 63)
(33, 3, 59)
(33, 4, 17)
(33, 5, 17)
(33, 6, 17)
(33, 7, 17)
(33, 8, 17)
(33, 9, 17)
(33, 10, 17)
(33, 11, 12)
(33, 12, 9)
(33, 13, 5)
(33, 14, 5)
(33, 15, 5)
(33, 16, 5)
(33, 17, 4)
(33, 18, 4)
(33, 19, 4)
(33, 20, 4)
(33, 21, 4)
(33, 22, 4)
(33, 23, 4)
(33, 24, 4)
(33, 25, 4)
(33, 26, 4)
(33, 27, 4)
(33, 28, 4)
(33, 29, 4)
(33, 30, 3)
(33, 31, 2)
(33, 32, 2)
(33, 33, 2)
(33, 34, 1)
(33, 35, 1)
(33, 36, 1)
(33, 37, 1)
(33, 38, 1)
(33, 39, 1)

(34, 0, 133)
(34, 1, 87)
(34, 2, 65)
(34, 3, 61)
(34, 4, 18)
(34, 5, 18)
(34, 6, 18)
(34, 7, 18)
(34, 8, 18)
(34, 9, 18)
(34, 10, 18)
(34, 11, 13)
(34, 12, 9)
(34, 13, 5)
(34, 14, 5)
(34, 15, 5)
(34, 16, 5)
(34, 17, 4)
(34, 18, 4)
(34, 19, 4)
(34, 20, 4)
(34, 21, 4)
(34, 22, 4)
(34, 23, 4)
(34, 24, 4)
(34, 25, 4)
(34, 26, 4)
(34, 27, 3)
(34, 28, 2)
(34, 29, 2)
(34, 30, 2)
(34, 31, 2)
(34, 32, 2)
(34, 33, 2)
(34, 34, 1)
(34, 35, 1)
(34, 36, 1)
(34, 37, 1)
(34, 38, 1)
(34, 39, 1)

(35, 0, 140)
(35, 1, 91)
(35, 2, 67)
(35, 3, 62)
(35, 4, 18)
(35, 5, 18)
(35, 6, 18)
(35, 7, 18)
(35, 8, 18)
(35, 9, 18)
(35, 10, 18)
(35, 11, 13)
(35, 12, 9)
(35, 13, 5)
(35, 14, 5)
(35, 15, 5)
(35, 16, 5)
(35, 17, 4)
(35, 18, 4)
(35, 19, 4)
(35, 20, 4)
(35, 21, 3)
(35, 22, 3)
(35, 23, 3)
(35, 24, 3)
(35, 25, 2)
(35, 26, 2)
(35, 27, 2)
(35, 28, 2)
(35, 29, 2)
(35, 30, 2)
(35, 31, 2)
(35, 32, 2)
(35, 33, 2)
(35, 34, 1)
(35, 35, 1)
(35, 36, 1)
(35, 37, 1)
(35, 38, 1)
(35, 39, 1)

(36, 0, 144)
(36, 1, 95)
(36, 2, 70)
(36, 3, 64)
(36, 4, 19)
(36, 5, 19)
(36, 6, 19)
(36, 7, 19)
(36, 8, 19)
(36, 9, 19)
(36, 10, 19)
(36, 11, 13)
(36, 12, 9)
(36, 13, 4)
(36, 14, 4)
(36, 15, 4)
(36, 16, 4)
(36, 17, 3)
(36, 18, 3)
(36, 19, 2)
(36, 20, 2)
(36, 21, 2)
(36, 22, 2)
(36, 23, 2)
(36, 24, 2)
(36, 25, 2)
(36, 26, 2)
(36, 27, 2)
(36, 28, 2)
(36, 29, 2)
(36, 30, 2)
(36, 31, 2)
(36, 32, 2)
(36, 33, 2)
(36, 34, 1)
(36, 35, 1)
(36, 36, 1)
(36, 37, 1)
(36, 38, 1)
(36, 39, 1)

(37, 0, 145)
(37, 1, 96)
(37, 2, 71)
(37, 3, 65)
(37, 4, 19)
(37, 5, 19)
(37, 6, 19)
(37, 7, 19)
(37, 8, 19)
(37, 9, 19)
(37, 10, 19)
(37, 11, 13)
(37, 12, 9)
(37, 13, 4)
(37, 14, 4)
(37, 15, 4)
(37, 16, 3)
(37, 17, 2)
(37, 18, 2)
(37, 19, 2)
(37, 20, 2)
(37, 21, 2)
(37, 22, 2)
(37, 23, 2)
(37, 24, 2)
(37, 25, 2)
(37, 26, 2)
(37, 27, 2)
(37, 28, 2)
(37, 29, 2)
(37, 30, 2)
(37, 31, 2)
(37, 32, 2)
(37, 33, 2)
(37, 34, 1)
(37, 35, 1)
(37, 36, 1)
(37, 37, 1)
(37, 38, 1)
(37, 39, 1)

(38, 0, 148)
(38, 1, 98)
(38, 2, 73)
(38, 3, 67)
(38, 4, 20)
(38, 5, 20)
(38, 6, 20)
(38, 7, 20)
(38, 8, 20)
(38, 9, 20)
(38, 10, 20)
(38, 11, 13)
(38, 12, 9)
(38, 13, 2)
(38, 14, 2)
(38, 15, 2)
(38, 16, 2)
(38, 17, 2)
(38, 18, 2)
(38, 19, 2)
(38, 20, 2)
(38, 21, 2)
(38, 22, 2)
(38, 23, 2)
(38, 24, 2)
(38, 25, 2)
(38, 26, 2)
(38, 27, 2)
(38, 28, 2)
(38, 29, 2)
(38, 30, 2)
(38, 31, 2)
(38, 32, 2)
(38, 33, 2)
(38, 34, 1)
(38, 35, 1)
(38, 36, 1)
(38, 37, 1)
(38, 38, 1)
(38, 39, 1)

(39, 0, 152)
(39, 1, 100)
(39, 2, 75)
(39, 3, 69)
(39, 4, 20)
(39, 5, 20)
(39, 6, 20)
(39, 7, 20)
(39, 8, 20)
(39, 9, 19)
(39, 10, 19)
(39, 11, 10)
(39, 12, 6)
(39, 13, 2)
(39, 14, 2)
(39, 15, 2)
(39, 16, 2)
(39, 17, 2)
(39, 18, 2)
(39, 19, 2)
(39, 20, 2)
(39, 21, 2)
(39, 22, 2)
(39, 23, 2)
(39, 24, 2)
(39, 25, 2)
(39, 26, 2)
(39, 27, 2)
(39, 28, 2)
(39, 29, 2)
(39, 30, 2)
(39, 31, 2)
(39, 32, 2)
(39, 33, 2)
(39, 34, 1)
(39, 35, 1)
(39, 36, 1)
(39, 37, 1)
(39, 38, 1)
(39, 39, 1)


Betti numbers:
xi_0:
(0, 0, 4)
(1, 0, 2)
(2, 0, 7)
(3, 0, 6)
(4, 0, 4)
(5, 0, 11)
(6, 0, 14)
(7, 0, 6)
(8, 0, 2)
(9, 0, 2)
(10, 0, 1)
(11, 0, 1)
(12, 0, 2)
(13, 0, 1)
(14, 0, 2)
(15, 0, 2)
(17, 0, 2)
(18, 0, 2)
(19, 0, 2)
(20, 0, 1)
(21, 0, 2)
(22, 0, 2)
(23, 0, 1)
(24, 0, 2)
(25, 0, 3)
(26, 0, 14)
(27, 0, 7)
(28, 0, 1)
(29, 0, 3)
(30, 0, 2)
(31, 0, 3)
(32, 0, 3)
(33, 0, 8)
(34, 0, 8)
(35, 0, 7)
(36, 0, 4)
(37, 0, 1)
(38, 0, 3)
(39, 0, 4)
xi_1:
(0, 1, 2)
(0, 31, 1)
(1, 1, 2)
(2, 1, 5)
(2, 31, 1)
(3, 1, 6)
(3, 30, 1)
(4, 1, 2)
(4, 12, 1)
(4, 13, 2)
(5, 1, 3)
(5, 2, 5)
(5, 3, 1)
(5, 4, 1)
(5, 16, 1)
(6, 1, 2)
(6, 2, 8)
(6, 3, 2)
(6, 11, 1)
(6, 12, 1)
(6, 13, 1)
(6, 24, 1)
(6, 34, 1)
(7, 1, 3)
(7, 4, 1)
(7, 11, 4)
(8, 4, 2)
(9, 4, 2)
(10, 4, 1)
(11, 4, 1)
(12, 4, 2)
(13, 4, 1)
(14, 4, 2)
(15, 4, 2)
(17, 4, 2)
(18, 4, 2)
(19, 4, 2)
(20, 4, 1)
(21, 4, 2)
(22, 4, 2)
(23, 4, 1)
(24, 4, 2)
(25, 4, 2)
(26, 1, 10)
(26, 4, 2)
(26, 12, 1)
(26, 22, 2)
(27, 1, 2)
(27, 4, 5)
(27, 13, 2)
(28, 4, 1)
(29, 3, 1)
(29, 4, 1)
(30, 2, 2)
(31, 2, 2)
(31, 4, 1)
(31, 39, 1)
(32, 2, 2)
(32, 4, 1)
(32, 34, 1)
(33, 1, 4)
(33, 2, 2)
(33, 17, 1)
(33, 30, 1)
(33, 31, 1)
(34, 1, 5)
(34, 2, 1)
(34, 4, 1)
(34, 12, 1)
(34, 27, 1)
(34, 28, 1)
(35, 1, 3)
(35, 2, 2)
(35, 3, 1)
(35, 4, 1)
(35, 21, 1)
(35, 25, 1)
(36, 2, 1)
(36, 3, 1)
(36, 4, 1)
(36, 11, 1)
(36, 13, 1)
(36, 17, 1)
(36, 19, 1)
(37, 4, 1)
(37, 16, 1)
(38, 1, 1)
(38, 4, 1)
(38, 11, 1)
(38, 13, 2)
(39, 1, 2)
(39, 4, 2)
(39, 9, 1)
(39, 11, 2)
xi_2:
(3, 31, 1)
(4, 30, 1)
(6, 16, 1)
(6, 31, 1)
(7, 13, 1)
(7, 24, 1)
(27, 22, 2)
(32, 39, 1)
(33, 34, 1)
(34, 30, 1)
(34, 31, 1)
(35, 27, 1)
(35, 28, 1)
(36, 17, 1)
(36, 21, 1)
(36, 25, 1)
(37, 19, 1)
(38, 16, 1)
(38, 17, 1)
(39, 13, 3)
