x-grades
-523325778277839363/50000000000000000
-256726580891560363/25000000000000000
-503580545288402089/50000000000000000
-123426982198420863/12500000000000000
-96767062459792963/10000000000000000
-236981347902123089/25000000000000000
-464090079309527541/50000000000000000
-56777182851851113/6250000000000000
-444344846320090267/50000000000000000
-43447222982537163/5000000000000000
-424599613330652993/50000000000000000
-103681749208983589/12500000000000000
-404854380341215719/50000000000000000
-197490881923248541/25000000000000000
-77021829470355689/10000000000000000
-11726141589283119/1562500000000000
-365363914362341171/50000000000000000
-177745648933811267/25000000000000000
-345618681372903897/50000000000000000
-16787303243909263/2500000000000000
-325873448383466623/50000000000000000
-158000415944373993/25000000000000000
-306128215394029349/50000000000000000
-37031949862413839/6250000000000000
-11455319296183683/2000000000000000
-138255182954936719/25000000000000000
-266637749415154801/50000000000000000
-64191283230109041/12500000000000000
-246892516425717527/50000000000000000
-23701989993099889/5000000000000000
-227147283436280253/50000000000000000
-13579666683847601/3125000000000000
-207402050446842979/50000000000000000
-98764716976062171/25000000000000000
-37531363491481141/10000000000000000
-44446050240671767/12500000000000000
-167911584467968431/50000000000000000
-79019483986624897/25000000000000000
-148166351478531157/50000000000000000
-3457343374595313/1250000000000000

y-grades
9999243/4000000
9999243/2000000
29997729/4000000
9999243/1000000
9999243/800000
29997729/2000000
69994701/4000000
9999243/500000
89993187/4000000
9999243/400000
109991673/4000000
29997729/1000000
129990159/4000000
69994701/2000000
29997729/800000
9999243/250000
169987131/4000000
89993187/2000000
189985617/4000000
9999243/200000
209984103/4000000
109991673/2000000
229982589/4000000
29997729/500000
9999243/160000
129990159/2000000
269979561/4000000
69994701/1000000
289978047/4000000
29997729/400000
309976533/4000000
9999243/125000
329975019/4000000
169987131/2000000
69994701/800000
89993187/1000000
369971991/4000000
189985617/2000000
389970477/4000000
9999243/100000

Dimensions > 0:
(0, 0, 3)
(0, 1, 3)
(0, 2, 3)
(0, 3, 3)
(0, 4, 3)
(0, 5, 3)
(0, 6, 3)
(0, 7, 3)
(0, 8, 3)
(0, 9, 3)
(0, 10, 3)
(0, 11, 3)
(0, 12, 3)
(0, 13, 3)
(0, 14, 3)
(0, 15, 3)
(0, 16, 3)
(0, 17, 3)
(0, 18, 3)
(0, 19, 3)
(0, 20, 3)
(0, 21, 3)
(0, 22, 2)
(0, 23, 2)
(0, 24, 2)
(0, 25, 2)
(0, 26, 2)
(0, 27, 2)
(0, 28, 2)
(0, 29, 2)
(0, 30, 2)
(0, 31, 2)
(0, 32, 2)
(0, 33, 2)
(0, 34, 2)
(0, 35, 2)
(0, 36, 2)
(0, 37, 2)
(0, 38, 2)
(0, 39, 2)

(1, 0, 4)
(1, 1, 4)
(1, 2, 4)
(1, 3, 4)
(1, 4, 4)
(1, 5, 4)
(1, 6, 4)
(1, 7, 4)
(1, 8, 4)
(1, 9, 4)
(1, 10, 4)
(1, 11, 4)
(1, 12, 4)
(1, 13, 4)
(1, 14, 4)
(1, 15, 4)
(1, 16, 4)
(1, 17, 4)
(1, 18, 4)
(1, 19, 4)
(1, 20, 4)
(1, 21, 4)
(1, 22, 3)
(1, 23, 2)
(1, 24, 2)
(1, 25, 2)
(1, 26, 2)
(1, 27, 2)
(1, 28, 2)
(1, 29, 2)
(1, 30, 2)
(1, 31, 2)
(1, 32, 2)
(1, 33, 2)
(1, 34, 2)
(1, 35, 2)
(1, 36, 2)
(1, 37, 2)
(1, 38, 2)
(1, 39, 2)

(2, 0, 4)
(2, 1, 4)
(2, 2, 4)
(2, 3, 4)
(2, 4, 4)
(2, 5, 4)
(2, 6, 4)
(2, 7, 4)
(2, 8, 4)
(2, 9, 4)
(2, 10, 4)
(2, 11, 4)
(2, 12, 4)
(2, 13, 4)
(2, 14, 4)
(2, 15, 4)
(2, 16, 4)
(2, 17, 4)
(2, 18, 4)
(2, 19, 4)
(2, 20, 4)
(2, 21, 4)
(2, 22, 3)
(2, 23, 2)
(2, 24, 2)
(2, 25, 2)
(2, 26, 2)
(2, 27, 2)
(2, 28, 2)
(2, 29, 2)
(2, 30, 2)
(2, 31, 2)
(2, 32, 2)
(2, 33, 2)
(2, 34, 2)
(2, 35, 2)
(2, 36, 2)
(2, 37, 2)
(2, 38, 2)
(2, 39, 2)

(3, 0, 6)
(3, 1, 6)
(3, 2, 6)
(3, 3, 6)
(3, 4, 6)
(3, 5, 6)
(3, 6, 6)
(3, 7, 6)
(3, 8, 6)
(3, 9, 6)
(3, 10, 6)
(3, 11, 6)
(3, 12, 6)
(3, 13, 6)
(3, 14, 6)
(3, 15, 6)
(3, 16, 6)
(3, 17, 6)
(3, 18, 6)
(3, 19, 6)
(3, 20, 6)
(3, 21, 4)
(3, 22, 3)
(3, 23, 2)
(3, 24, 2)
(3, 25, 2)
(3, 26, 2)
(3, 27, 2)
(3, 28, 2)
(3, 29, 2)
(3, 30, 2)
(3, 31, 2)
(3, 32, 2)
(3, 33, 2)
(3, 34, 2)
(3, 35, 2)
(3, 36, 2)
(3, 37, 2)
(3, 38, 2)
(3, 39, 2)

(4, 0, 9)
(4, 1, 9)
(4, 2, 9)
(4, 3, 9)
(4, 4, 9)
(4, 5, 8)
(4, 6, 8)
(4, 7, 8)
(4, 8, 8)
(4, 9, 8)
(4, 10, 8)
(4, 11, 8)
(4, 12, 7)
(4, 13, 7)
(4, 14, 6)
(4, 15, 6)
(4, 16, 6)
(4, 17, 6)
(4, 18, 6)
(4, 19, 6)
(4, 20, 6)
(4, 21, 4)
(4, 22, 3)
(4, 23, 2)
(4, 24, 2)
(4, 25, 2)
(4, 26, 2)
(4, 27, 2)
(4, 28, 2)
(4, 29, 2)
(4, 30, 2)
(4, 31, 2)
(4, 32, 2)
(4, 33, 2)
(4, 34, 2)
(4, 35, 2)
(4, 36, 2)
(4, 37, 2)
(4, 38, 2)
(4, 39, 2)

(5, 0, 12)
(5, 1, 12)
(5, 2, 12)
(5, 3, 11)
(5, 4, 11)
(5, 5, 9)
(5, 6, 9)
(5, 7, 9)
(5, 8, 9)
(5, 9, 9)
(5, 10, 9)
(5, 11, 9)
(5, 12, 8)
(5, 13, 7)
(5, 14, 5)
(5, 15, 5)
(5, 16, 5)
(5, 17, 5)
(5, 18, 5)
(5, 19, 5)
(5, 20, 5)
(5, 21, 4)
(5, 22, 3)
(5, 23, 2)
(5, 24, 2)
(5, 25, 2)
(5, 26, 2)
(5, 27, 2)
(5, 28, 2)
(5, 29, 2)
(5, 30, 2)
(5, 31, 2)
(5, 32, 2)
(5, 33, 2)
(5, 34, 2)
(5, 35, 2)
(5, 36, 2)
(5, 37, 2)
(5, 38, 2)
(5, 39, 2)

(6, 0, 15)
(6, 1, 15)
(6, 2, 15)
(6, 3, 14)
(6, 4, 13)
(6, 5, 11)
(6, 6, 11)
(6, 7, 11)
(6, 8, 11)
(6, 9, 11)
(6, 10, 11)
(6, 11, 11)
(6, 12, 9)
(6, 13, 9)
(6, 14, 7)
(6, 15, 7)
(6, 16, 7)
(6, 17, 7)
(6, 18, 7)
(6, 19, 7)
(6, 20, 7)
(6, 21, 6)
(6, 22, 4)
(6, 23, 3)
(6, 24, 3)
(6, 25, 3)
(6, 26, 3)
(6, 27, 3)
(6, 28, 3)
(6, 29, 3)
(6, 30, 3)
(6, 31, 3)
(6, 32, 3)
(6, 33, 3)
(6, 34, 3)
(6, 35, 3)
(6, 36, 3)
(6, 37, 3)
(6, 38, 3)
(6, 39, 3)

(7, 0, 17)
(7, 1, 17)
(7, 2, 17)
(7, 3, 16)
(7, 4, 15)
(7, 5, 13)
(7, 6, 13)
(7, 7, 13)
(7, 8, 13)
(7, 9, 13)
(7, 10, 13)
(7, 11, 13)
(7, 12, 11)
(7, 13, 11)
(7, 14, 9)
(7, 15, 9)
(7, 16, 9)
(7, 17, 9)
(7, 18, 9)
(7, 19, 9)
(7, 20, 9)
(7, 21, 8)
(7, 22, 6)
(7, 23, 5)
(7, 24, 5)
(7, 25, 5)
(7, 26, 5)
(7, 27, 5)
(7, 28, 5)
(7, 29, 5)
(7, 30, 5)
(7, 31, 5)
(7, 32, 5)
(7, 33, 5)
(7, 34, 5)
(7, 35, 5)
(7, 36, 5)
(7, 37, 5)
(7, 38, 5)
(7, 39, 5)

(8, 0, 20)
(8, 1, 20)
(8, 2, 20)
(8, 3, 19)
(8, 4, 18)
(8, 5, 16)
(8, 6, 16)
(8, 7, 16)
(8, 8, 16)
(8, 9, 16)
(8, 10, 16)
(8, 11, 16)
(8, 12, 14)
(8, 13, 14)
(8, 14, 12)
(8, 15, 12)
(8, 16, 12)
(8, 17, 12)
(8, 18, 12)
(8, 19, 12)
(8, 20, 12)
(8, 21, 11)
(8, 22, 9)
(8, 23, 6)
(8, 24, 6)
(8, 25, 6)
(8, 26, 6)
(8, 27, 6)
(8, 28, 6)
(8, 29, 6)
(8, 30, 6)
(8, 31, 5)
(8, 32, 5)
(8, 33, 5)
(8, 34, 5)
(8, 35, 5)
(8, 36, 5)
(8, 37, 5)
(8, 38, 5)
(8, 39, 4)

(9, 0, 24)
(9, 1, 24)
(9, 2, 24)
(9, 3, 23)
(9, 4, 22)
(9, 5, 19)
(9, 6, 19)
(9, 7, 19)
(9, 8, 19)
(9, 9, 19)
(9, 10, 19)
(9, 11, 19)
(9, 12, 17)
(9, 13, 17)
(9, 14, 15)
(9, 15, 15)
(9, 16, 15)
(9, 17, 15)
(9, 18, 15)
(9, 19, 15)
(9, 20, 15)
(9, 21, 12)
(9, 22, 10)
(9, 23, 6)
(9, 24, 6)
(9, 25, 5)
(9, 26, 5)
(9, 27, 5)
(9, 28, 5)
(9, 29, 5)
(9, 30, 5)
(9, 31, 5)
(9, 32, 5)
(9, 33, 5)
(9, 34, 5)
(9, 35, 4)
(9, 36, 4)
(9, 37, 4)
(9, 38, 4)
(9, 39, 4)

(10, 0, 28)
(10, 1, 28)
(10, 2, 28)
(10, 3, 27)
(10, 4, 26)
(10, 5, 22)
(10, 6, 22)
(10, 7, 22)
(10, 8, 22)
(10, 9, 22)
(10, 10, 22)
(10, 11, 22)
(10, 12, 19)
(10, 13, 19)
(10, 14, 16)
(10, 15, 16)
(10, 16, 16)
(10, 17, 16)
(10, 18, 16)
(10, 19, 16)
(10, 20, 16)
(10, 21, 13)
(10, 22, 11)
(10, 23, 6)
(10, 24, 6)
(10, 25, 4)
(10, 26, 4)
(10, 27, 4)
(10, 28, 4)
(10, 29, 4)
(10, 30, 4)
(10, 31, 4)
(10, 32, 4)
(10, 33, 4)
(10, 34, 4)
(10, 35, 4)
(10, 36, 4)
(10, 37, 4)
(10, 38, 4)
(10, 39, 4)

(11, 0, 31)
(11, 1, 31)
(11, 2, 31)
(11, 3, 29)
(11, 4, 28)
(11, 5, 23)
(11, 6, 23)
(11, 7, 23)
(11, 8, 23)
(11, 9, 23)
(11, 10, 23)
(11, 11, 23)
(11, 12, 20)
(11, 13, 20)
(11, 14, 17)
(11, 15, 17)
(11, 16, 17)
(11, 17, 17)
(11, 18, 17)
(11, 19, 16)
(11, 20, 16)
(11, 21, 14)
(11, 22, 12)
(11, 23, 7)
(11, 24, 7)
(11, 25, 5)
(11, 26, 5)
(11, 27, 5)
(11, 28, 5)
(11, 29, 5)
(11, 30, 5)
(11, 31, 4)
(11, 32, 4)
(11, 33, 4)
(11, 34, 4)
(11, 35, 4)
(11, 36, 4)
(11, 37, 4)
(11, 38, 4)
(11, 39, 4)

(12, 0, 34)
(12, 1, 34)
(12, 2, 34)
(12, 3, 32)
(12, 4, 31)
(12, 5, 26)
(12, 6, 26)
(12, 7, 26)
(12, 8, 26)
(12, 9, 26)
(12, 10, 26)
(12, 11, 26)
(12, 12, 23)
(12, 13, 22)
(12, 14, 18)
(12, 15, 18)
(12, 16, 18)
(12, 17, 18)
(12, 18, 18)
(12, 19, 18)
(12, 20, 18)
(12, 21, 15)
(12, 22, 13)
(12, 23, 6)
(12, 24, 6)
(12, 25, 4)
(12, 26, 4)
(12, 27, 4)
(12, 28, 4)
(12, 29, 4)
(12, 30, 4)
(12, 31, 4)
(12, 32, 4)
(12, 33, 4)
(12, 34, 4)
(12, 35, 4)
(12, 36, 4)
(12, 37, 4)
(12, 38, 4)
(12, 39, 4)

(13, 0, 36)
(13, 1, 36)
(13, 2, 36)
(13, 3, 34)
(13, 4, 32)
(13, 5, 27)
(13, 6, 27)
(13, 7, 27)
(13, 8, 27)
(13, 9, 27)
(13, 10, 27)
(13, 11, 27)
(13, 12, 23)
(13, 13, 23)
(13, 14, 19)
(13, 15, 19)
(13, 16, 19)
(13, 17, 19)
(13, 18, 19)
(13, 19, 19)
(13, 20, 19)
(13, 21, 16)
(13, 22, 14)
(13, 23, 6)
(13, 24, 6)
(13, 25, 4)
(13, 26, 4)
(13, 27, 4)
(13, 28, 4)
(13, 29, 4)
(13, 30, 4)
(13, 31, 4)
(13, 32, 4)
(13, 33, 4)
(13, 34, 4)
(13, 35, 4)
(13, 36, 4)
(13, 37, 4)
(13, 38, 4)
(13, 39, 4)

(14, 0, 37)
(14, 1, 37)
(14, 2, 37)
(14, 3, 35)
(14, 4, 33)
(14, 5, 28)
(14, 6, 28)
(14, 7, 28)
(14, 8, 28)
(14, 9, 28)
(14, 10, 28)
(14, 11, 28)
(14, 12, 24)
(14, 13, 24)
(14, 14, 20)
(14, 15, 20)
(14, 16, 20)
(14, 17, 20)
(14, 18, 20)
(14, 19, 20)
(14, 20, 20)
(14, 21, 17)
(14, 22, 15)
(14, 23, 7)
(14, 24, 7)
(14, 25, 5)
(14, 26, 5)
(14, 27, 5)
(14, 28, 5)
(14, 29, 5)
(14, 30, 5)
(14, 31, 5)
(14, 32, 5)
(14, 33, 5)
(14, 34, 5)
(14, 35, 5)
(14, 36, 5)
(14, 37, 5)
(14, 38, 5)
(14, 39, 5)

(15, 0, 38)
(15, 1, 38)
(15, 2, 38)
(15, 3, 36)
(15, 4, 34)
(15, 5, 29)
(15, 6, 29)
(15, 7, 29)
(15, 8, 29)
(15, 9, 29)
(15, 10, 29)
(15, 11, 29)
(15, 12, 25)
(15, 13, 25)
(15, 14, 21)
(15, 15, 21)
(15, 16, 21)
(15, 17, 21)
(15, 18, 21)
(15, 19, 21)
(15, 20, 21)
(15, 21, 18)
(15, 22, 16)
(15, 23, 8)
(15, 24, 8)
(15, 25, 5)
(15, 26, 5)
(15, 27, 5)
(15, 28, 5)
(15, 29, 5)
(15, 30, 5)
(15, 31, 5)
(15, 32, 5)
(15, 33, 5)
(15, 34, 5)
(15, 35, 5)
(15, 36, 5)
(15, 37, 5)
(15, 38, 5)
(15, 39, 5)

(16, 0, 39)
(16, 1, 39)
(16, 2, 39)
(16, 3, 37)
(16, 4, 35)
(16, 5, 30)
(16, 6, 30)
(16, 7, 30)
(16, 8, 30)
(16, 9, 30)
(16, 10, 30)
(16, 11, 30)
(16, 12, 26)
(16, 13, 26)
(16, 14, 22)
(16, 15, 22)
(16, 16, 22)
(16, 17, 22)
(16, 18, 22)
(16, 19, 22)
(16, 20, 22)
(16, 21, 19)
(16, 22, 17)
(16, 23, 9)
(16, 24, 9)
(16, 25, 6)
(16, 26, 5)
(16, 27, 5)
(16, 28, 5)
(16, 29, 5)
(16, 30, 5)
(16, 31, 4)
(16, 32, 4)
(16, 33, 4)
(16, 34, 4)
(16, 35, 4)
(16, 36, 4)
(16, 37, 4)
(16, 38, 4)
(16, 39, 4)

(17, 0, 41)
(17, 1, 41)
(17, 2, 41)
(17, 3, 39)
(17, 4, 37)
(17, 5, 32)
(17, 6, 32)
(17, 7, 32)
(17, 8, 32)
(17, 9, 32)
(17, 10, 32)
(17, 11, 32)
(17, 12, 28)
(17, 13, 28)
(17, 14, 24)
(17, 15, 24)
(17, 16, 24)
(17, 17, 24)
(17, 18, 24)
(17, 19, 24)
(17, 20, 24)
(17, 21, 21)
(17, 22, 19)
(17, 23, 10)
(17, 24, 10)
(17, 25, 6)
(17, 26, 5)
(17, 27, 5)
(17, 28, 5)
(17, 29, 5)
(17, 30, 5)
(17, 31, 4)
(17, 32, 4)
(17, 33, 4)
(17, 34, 4)
(17, 35, 4)
(17, 36, 4)
(17, 37, 4)
(17, 38, 4)
(17, 39, 4)

(18, 0, 42)
(18, 1, 42)
(18, 2, 42)
(18, 3, 40)
(18, 4, 38)
(18, 5, 33)
(18, 6, 33)
(18, 7, 33)
(18, 8, 33)
(18, 9, 33)
(18, 10, 33)
(18, 11, 33)
(18, 12, 29)
(18, 13, 29)
(18, 14, 25)
(18, 15, 25)
(18, 16, 25)
(18, 17, 25)
(18, 18, 24)
(18, 19, 24)
(18, 20, 24)
(18, 21, 21)
(18, 22, 19)
(18, 23, 10)
(18, 24, 9)
(18, 25, 5)
(18, 26, 4)
(18, 27, 4)
(18, 28, 4)
(18, 29, 4)
(18, 30, 4)
(18, 31, 4)
(18, 32, 4)
(18, 33, 4)
(18, 34, 4)
(18, 35, 4)
(18, 36, 4)
(18, 37, 4)
(18, 38, 4)
(18, 39, 4)

(19, 0, 52)
(19, 1, 48)
(19, 2, 47)
(19, 3, 44)
(19, 4, 42)
(19, 5, 36)
(19, 6, 35)
(19, 7, 35)
(19, 8, 35)
(19, 9, 34)
(19, 10, 34)
(19, 11, 34)
(19, 12, 29)
(19, 13, 29)
(19, 14, 25)
(19, 15, 25)
(19, 16, 24)
(19, 17, 24)
(19, 18, 24)
(19, 19, 24)
(19, 20, 24)
(19, 21, 20)
(19, 22, 18)
(19, 23, 8)
(19, 24, 8)
(19, 25, 4)
(19, 26, 4)
(19, 27, 4)
(19, 28, 4)
(19, 29, 4)
(19, 30, 4)
(19, 31, 4)
(19, 32, 4)
(19, 33, 4)
(19, 34, 4)
(19, 35, 4)
(19, 36, 4)
(19, 37, 4)
(19, 38, 4)
(19, 39, 4)

(20, 0, 59)
(20, 1, 52)
(20, 2, 50)
(20, 3, 47)
(20, 4, 45)
(20, 5, 38)
(20, 6, 38)
(20, 7, 38)
(20, 8, 37)
(20, 9, 37)
(20, 10, 37)
(20, 11, 37)
(20, 12, 32)
(20, 13, 32)
(20, 14, 28)
(20, 15, 28)
(20, 16, 27)
(20, 17, 27)
(20, 18, 27)
(20, 19, 27)
(20, 20, 25)
(20, 21, 21)
(20, 22, 19)
(20, 23, 8)
(20, 24, 8)
(20, 25, 4)
(20, 26, 4)
(20, 27, 4)
(20, 28, 4)
(20, 29, 4)
(20, 30, 4)
(20, 31, 4)
(20, 32, 4)
(20, 33, 4)
(20, 34, 4)
(20, 35, 4)
(20, 36, 4)
(20, 37, 4)
(20, 38, 4)
(20, 39, 4)

(21, 0, 60)
(21, 1, 53)
(21, 2, 51)
(21, 3, 48)
(21, 4, 46)
(21, 5, 39)
(21, 6, 39)
(21, 7, 39)
(21, 8, 38)
(21, 9, 38)
(21, 10, 38)
(21, 11, 38)
(21, 12, 33)
(21, 13, 33)
(21, 14, 29)
(21, 15, 29)
(21, 16, 28)
(21, 17, 28)
(21, 18, 28)
(21, 19, 28)
(21, 20, 26)
(21, 21, 22)
(21, 22, 19)
(21, 23, 7)
(21, 24, 7)
(21, 25, 3)
(21, 26, 3)
(21, 27, 3)
(21, 28, 3)
(21, 29, 3)
(21, 30, 3)
(21, 31, 3)
(21, 32, 3)
(21, 33, 3)
(21, 34, 3)
(21, 35, 3)
(21, 36, 3)
(21, 37, 3)
(21, 38, 3)
(21, 39, 3)

(22, 0, 63)
(22, 1, 55)
(22, 2, 53)
(22, 3, 50)
(22, 4, 48)
(22, 5, 41)
(22, 6, 41)
(22, 7, 41)
(22, 8, 40)
(22, 9, 40)
(22, 10, 40)
(22, 11, 40)
(22, 12, 35)
(22, 13, 35)
(22, 14, 31)
(22, 15, 31)
(22, 16, 30)
(22, 17, 29)
(22, 18, 28)
(22, 19, 28)
(22, 20, 26)
(22, 21, 22)
(22, 22, 19)
(22, 23, 6)
(22, 24, 6)
(22, 25, 2)
(22, 26, 2)
(22, 27, 2)
(22, 28, 2)
(22, 29, 2)
(22, 30, 2)
(22, 31, 2)
(22, 32, 2)
(22, 33, 2)
(22, 34, 2)
(22, 35, 2)
(22, 36, 2)
(22, 37, 2)
(22, 38, 2)
(22, 39, 2)

(23, 0, 64)
(23, 1, 56)
(23, 2, 54)
(23, 3, 51)
(23, 4, 49)
(23, 5, 42)
(23, 6, 42)
(23, 7, 42)
(23, 8, 41)
(23, 9, 41)
(23, 10, 41)
(23, 11, 41)
(23, 12, 36)
(23, 13, 36)
(23, 14, 32)
(23, 15, 32)
(23, 16, 30)
(23, 17, 30)
(23, 18, 29)
(23, 19, 29)
(23, 20, 27)
(23, 21, 23)
(23, 22, 20)
(23, 23, 7)
(23, 24, 7)
(23, 25, 3)
(23, 26, 3)
(23, 27, 3)
(23, 28, 2)
(23, 29, 2)
(23, 30, 2)
(23, 31, 2)
(23, 32, 2)
(23, 33, 2)
(23, 34, 2)
(23, 35, 2)
(23, 36, 2)
(23, 37, 2)
(23, 38, 2)
(23, 39, 2)

(24, 0, 63)
(24, 1, 56)
(24, 2, 54)
(24, 3, 51)
(24, 4, 49)
(24, 5, 42)
(24, 6, 42)
(24, 7, 42)
(24, 8, 41)
(24, 9, 41)
(24, 10, 41)
(24, 11, 41)
(24, 12, 36)
(24, 13, 36)
(24, 14, 32)
(24, 15, 32)
(24, 16, 30)
(24, 17, 30)
(24, 18, 29)
(24, 19, 29)
(24, 20, 27)
(24, 21, 23)
(24, 22, 20)
(24, 23, 7)
(24, 24, 7)
(24, 25, 3)
(24, 26, 3)
(24, 27, 3)
(24, 28, 2)
(24, 29, 2)
(24, 30, 2)
(24, 31, 2)
(24, 32, 2)
(24, 33, 2)
(24, 34, 2)
(24, 35, 2)
(24, 36, 2)
(24, 37, 2)
(24, 38, 2)
(24, 39, 2)

(25, 0, 64)
(25, 1, 57)
(25, 2, 55)
(25, 3, 52)
(25, 4, 50)
(25, 5, 43)
(25, 6, 43)
(25, 7, 43)
(25, 8, 42)
(25, 9, 42)
(25, 10, 42)
(25, 11, 42)
(25, 12, 37)
(25, 13, 37)
(25, 14, 33)
(25, 15, 33)
(25, 16, 31)
(25, 17, 31)
(25, 18, 30)
(25, 19, 29)
(25, 20, 26)
(25, 21, 22)
(25, 22, 19)
(25, 23, 7)
(25, 24, 7)
(25, 25, 3)
(25, 26, 3)
(25, 27, 3)
(25, 28, 2)
(25, 29, 2)
(25, 30, 2)
(25, 31, 2)
(25, 32, 2)
(25, 33, 2)
(25, 34, 2)
(25, 35, 2)
(25, 36, 2)
(25, 37, 2)
(25, 38, 2)
(25, 39, 2)

(26, 0, 67)
(26, 1, 59)
(26, 2, 57)
(26, 3, 54)
(26, 4, 52)
(26, 5, 45)
(26, 6, 45)
(26, 7, 45)
(26, 8, 44)
(26, 9, 44)
(26, 10, 44)
(26, 11, 44)
(26, 12, 39)
(26, 13, 39)
(26, 14, 35)
(26, 15, 35)
(26, 16, 33)
(26, 17, 33)
(26, 18, 31)
(26, 19, 31)
(26, 20, 28)
(26, 21, 24)
(26, 22, 21)
(26, 23, 8)
(26, 24, 8)
(26, 25, 4)
(26, 26, 3)
(26, 27, 3)
(26, 28, 2)
(26, 29, 2)
(26, 30, 2)
(26, 31, 2)
(26, 32, 2)
(26, 33, 2)
(26, 34, 2)
(26, 35, 2)
(26, 36, 2)
(26, 37, 2)
(26, 38, 2)
(26, 39, 2)

(27, 0, 74)
(27, 1, 65)
(27, 2, 63)
(27, 3, 60)
(27, 4, 58)
(27, 5, 50)
(27, 6, 50)
(27, 7, 50)
(27, 8, 49)
(27, 9, 49)
(27, 10, 49)
(27, 11, 49)
(27, 12, 44)
(27, 13, 44)
(27, 14, 40)
(27, 15, 40)
(27, 16, 37)
(27, 17, 37)
(27, 18, 33)
(27, 19, 33)
(27, 20, 29)
(27, 21, 25)
(27, 22, 22)
(27, 23, 8)
(27, 24, 8)
(27, 25, 4)
(27, 26, 4)
(27, 27, 4)
(27, 28, 4)
(27, 29, 4)
(27, 30, 4)
(27, 31, 4)
(27, 32, 3)
(27, 33, 3)
(27, 34, 3)
(27, 35, 3)
(27, 36, 3)
(27, 37, 3)
(27, 38, 3)
(27, 39, 3)

(28, 0, 78)
(28, 1, 68)
(28, 2, 65)
(28, 3, 62)
(28, 4, 60)
(28, 5, 52)
(28, 6, 52)
(28, 7, 52)
(28, 8, 51)
(28, 9, 51)
(28, 10, 51)
(28, 11, 51)
(28, 12, 46)
(28, 13, 46)
(28, 14, 42)
(28, 15, 42)
(28, 16, 39)
(28, 17, 38)
(28, 18, 33)
(28, 19, 32)
(28, 20, 27)
(28, 21, 23)
(28, 22, 21)
(28, 23, 8)
(28, 24, 8)
(28, 25, 4)
(28, 26, 4)
(28, 27, 4)
(28, 28, 4)
(28, 29, 4)
(28, 30, 4)
(28, 31, 4)
(28, 32, 3)
(28, 33, 3)
(28, 34, 3)
(28, 35, 3)
(28, 36, 3)
(28, 37, 3)
(28, 38, 3)
(28, 39, 3)

(29, 0, 84)
(29, 1, 71)
(29, 2, 68)
(29, 3, 65)
(29, 4, 63)
(29, 5, 55)
(29, 6, 55)
(29, 7, 55)
(29, 8, 54)
(29, 9, 54)
(29, 10, 54)
(29, 11, 54)
(29, 12, 49)
(29, 13, 49)
(29, 14, 45)
(29, 15, 45)
(29, 16, 42)
(29, 17, 41)
(29, 18, 35)
(29, 19, 35)
(29, 20, 30)
(29, 21, 26)
(29, 22, 22)
(29, 23, 6)
(29, 24, 6)
(29, 25, 2)
(29, 26, 2)
(29, 27, 2)
(29, 28, 2)
(29, 29, 2)
(29, 30, 2)
(29, 31, 2)
(29, 32, 2)
(29, 33, 2)
(29, 34, 2)
(29, 35, 2)
(29, 36, 2)
(29, 37, 2)
(29, 38, 2)
(29, 39, 2)

(30, 0, 87)
(30, 1, 74)
(30, 2, 71)
(30, 3, 68)
(30, 4, 66)
(30, 5, 57)
(30, 6, 57)
(30, 7, 57)
(30, 8, 56)
(30, 9, 56)
(30, 10, 56)
(30, 11, 56)
(30, 12, 51)
(30, 13, 51)
(30, 14, 47)
(30, 15, 47)
(30, 16, 44)
(30, 17, 43)
(30, 18, 36)
(30, 19, 36)
(30, 20, 31)
(30, 21, 27)
(30, 22, 23)
(30, 23, 7)
(30, 24, 7)
(30, 25, 3)
(30, 26, 3)
(30, 27, 3)
(30, 28, 3)
(30, 29, 3)
(30, 30, 3)
(30, 31, 3)
(30, 32, 3)
(30, 33, 3)
(30, 34, 3)
(30, 35, 3)
(30, 36, 3)
(30, 37, 3)
(30, 38, 3)
(30, 39, 3)

(31, 0, 90)
(31, 1, 76)
(31, 2, 73)
(31, 3, 70)
(31, 4, 68)
(31, 5, 59)
(31, 6, 59)
(31, 7, 59)
(31, 8, 58)
(31, 9, 58)
(31, 10, 58)
(31, 11, 58)
(31, 12, 53)
(31, 13, 53)
(31, 14, 49)
(31, 15, 48)
(31, 16, 45)
(31, 17, 41)
(31, 18, 34)
(31, 19, 34)
(31, 20, 29)
(31, 21, 25)
(31, 22, 22)
(31, 23, 7)
(31, 24, 7)
(31, 25, 3)
(31, 26, 3)
(31, 27, 3)
(31, 28, 3)
(31, 29, 3)
(31, 30, 3)
(31, 31, 3)
(31, 32, 3)
(31, 33, 3)
(31, 34, 3)
(31, 35, 3)
(31, 36, 3)
(31, 37, 3)
(31, 38, 3)
(31, 39, 3)

(32, 0, 97)
(32, 1, 80)
(32, 2, 76)
(32, 3, 72)
(32, 4, 70)
(32, 5, 61)
(32, 6, 61)
(32, 7, 61)
(32, 8, 60)
(32, 9, 60)
(32, 10, 60)
(32, 11, 60)
(32, 12, 55)
(32, 13, 55)
(32, 14, 51)
(32, 15, 50)
(32, 16, 46)
(32, 17, 41)
(32, 18, 34)
(32, 19, 34)
(32, 20, 29)
(32, 21, 25)
(32, 22, 21)
(32, 23, 7)
(32, 24, 6)
(32, 25, 2)
(32, 26, 2)
(32, 27, 2)
(32, 28, 2)
(32, 29, 2)
(32, 30, 2)
(32, 31, 2)
(32, 32, 2)
(32, 33, 2)
(32, 34, 2)
(32, 35, 2)
(32, 36, 2)
(32, 37, 2)
(32, 38, 2)
(32, 39, 2)

(33, 0, 108)
(33, 1, 85)
(33, 2, 81)
(33, 3, 77)
(33, 4, 75)
(33, 5, 65)
(33, 6, 65)
(33, 7, 64)
(33, 8, 62)
(33, 9, 62)
(33, 10, 62)
(33, 11, 62)
(33, 12, 56)
(33, 13, 56)
(33, 14, 52)
(33, 15, 51)
(33, 16, 48)
(33, 17, 43)
(33, 18, 33)
(33, 19, 33)
(33, 20, 28)
(33, 21, 24)
(33, 22, 20)
(33, 23, 7)
(33, 24, 6)
(33, 25, 2)
(33, 26, 2)
(33, 27, 2)
(33, 28, 2)
(33, 29, 2)
(33, 30, 2)
(33, 31, 2)
(33, 32, 2)
(33, 33, 2)
(33, 34, 2)
(33, 35, 1)
(33, 36, 1)
(33, 37, 1)
(33, 38, 1)
(33, 39, 1)

(34, 0, 113)
(34, 1, 88)
(34, 2, 84)
(34, 3, 80)
(34, 4, 78)
(34, 5, 66)
(34, 6, 66)
(34, 7, 66)
(34, 8, 64)
(34, 9, 64)
(34, 10, 64)
(34, 11, 64)
(34, 12, 58)
(34, 13, 58)
(34, 14, 54)
(34, 15, 53)
(34, 16, 50)
(34, 17, 43)
(34, 18, 31)
(34, 19, 31)
(34, 20, 26)
(34, 21, 22)
(34, 22, 18)
(34, 23, 7)
(34, 24, 6)
(34, 25, 2)
(34, 26, 2)
(34, 27, 2)
(34, 28, 2)
(34, 29, 2)
(34, 30, 1)
(34, 31, 1)
(34, 32, 1)
(34, 33, 1)
(34, 34, 1)
(34, 35, 1)
(34, 36, 1)
(34, 37, 1)
(34, 38, 1)
(34, 39, 1)

(35, 0, 114)
(35, 1, 89)
(35, 2, 85)
(35, 3, 81)
(35, 4, 79)
(35, 5, 67)
(35, 6, 67)
(35, 7, 67)
(35, 8, 65)
(35, 9, 65)
(35, 10, 65)
(35, 11, 65)
(35, 12, 59)
(35, 13, 59)
(35, 14, 55)
(35, 15, 54)
(35, 16, 51)
(35, 17, 43)
(35, 18, 31)
(35, 19, 31)
(35, 20, 26)
(35, 21, 22)
(35, 22, 18)
(35, 23, 7)
(35, 24, 6)
(35, 25, 2)
(35, 26, 2)
(35, 27, 2)
(35, 28, 2)
(35, 29, 2)
(35, 30, 1)
(35, 31, 1)
(35, 32, 1)
(35, 33, 1)
(35, 34, 1)
(35, 35, 1)
(35, 36, 1)
(35, 37, 1)
(35, 38, 1)
(35, 39, 1)

(36, 0, 116)
(36, 1, 91)
(36, 2, 87)
(36, 3, 83)
(36, 4, 80)
(36, 5, 68)
(36, 6, 68)
(36, 7, 68)
(36, 8, 66)
(36, 9, 66)
(36, 10, 66)
(36, 11, 66)
(36, 12, 60)
(36, 13, 60)
(36, 14, 56)
(36, 15, 55)
(36, 16, 52)
(36, 17, 43)
(36, 18, 31)
(36, 19, 31)
(36, 20, 26)
(36, 21, 21)
(36, 22, 17)
(36, 23, 6)
(36, 24, 5)
(36, 25, 1)
(36, 26, 1)
(36, 27, 1)
(36, 28, 1)
(36, 29, 1)
(36, 30, 1)
(36, 31, 1)
(36, 32, 1)
(36, 33, 1)
(36, 34, 1)
(36, 35, 1)
(36, 36, 1)
(36, 37, 1)
(36, 38, 1)
(36, 39, 1)

(37, 0, 119)
(37, 1, 94)
(37, 2, 88)
(37, 3, 84)
(37, 4, 82)
(37, 5, 70)
(37, 6, 70)
(37, 7, 70)
(37, 8, 68)
(37, 9, 68)
(37, 10, 68)
(37, 11, 68)
(37, 12, 62)
(37, 13, 62)
(37, 14, 58)
(37, 15, 57)
(37, 16, 52)
(37, 17, 42)
(37, 18, 31)
(37, 19, 31)
(37, 20, 26)
(37, 21, 21)
(37, 22, 17)
(37, 23, 5)
(37, 24, 5)
(37, 25, 1)
(37, 26, 1)
(37, 27, 1)
(37, 28, 1)
(37, 29, 1)
(37, 30, 1)
(37, 31, 1)
(37, 32, 1)
(37, 33, 1)
(37, 34, 1)
(37, 35, 1)
(37, 36, 1)
(37, 37, 1)
(37, 38, 1)
(37, 39, 1)

(38, 0, 120)
(38, 1, 95)
(38, 2, 89)
(38, 3, 85)
(38, 4, 83)
(38, 5, 71)
(38, 6, 71)
(38, 7, 71)
(38, 8, 69)
(38, 9, 69)
(38, 10, 69)
(38, 11, 69)
(38, 12, 63)
(38, 13, 63)
(38, 14, 59)
(38, 15, 58)
(38, 16, 52)
(38, 17, 42)
(38, 18, 31)
(38, 19, 31)
(38, 20, 26)
(38, 21, 21)
(38, 22, 17)
(38, 23, 5)
(38, 24, 5)
(38, 25, 1)
(38, 26, 1)
(38, 27, 1)
(38, 28, 1)
(38, 29, 1)
(38, 30, 1)
(38, 31, 1)
(38, 32, 1)
(38, 33, 1)
(38, 34, 1)
(38, 35, 1)
(38, 36, 1)
(38, 37, 1)
(38, 38, 1)
(38, 39, 1)

(39, 0, 122)
(39, 1, 96)
(39, 2, 90)
(39, 3, 86)
(39, 4, 84)
(39, 5, 72)
(39, 6, 72)
(39, 7, 72)
(39, 8, 70)
(39, 9, 70)
(39, 10, 70)
(39, 11, 70)
(39, 12, 64)
(39, 13, 64)
(39, 14, 60)
(39, 15, 59)
(39, 16, 53)
(39, 17, 40)
(39, 18, 31)
(39, 19, 31)
(39, 20, 26)
(39, 21, 21)
(39, 22, 17)
(39, 23, 5)
(39, 24, 5)
(39, 25, 1)
(39, 26, 1)
(39, 27, 1)
(39, 28, 1)
(39, 29, 1)
(39, 30, 1)
(39, 31, 1)
(39, 32, 1)
(39, 33, 1)
(39, 34, 1)
(39, 35, 1)
(39, 36, 1)
(39, 37, 1)
(39, 38, 1)
(39, 39, 1)


Betti numbers:
xi_0:
(0, 0, 3)
(1, 0, 1)
(3, 0, 2)
(4, 0, 3)
(5, 0, 3)
(6, 0, 3)
(7, 0, 2)
(8, 0, 3)
(9, 0, 4)
(10, 0, 4)
(11, 0, 3)
(12, 0, 3)
(13, 0, 2)
(14, 0, 1)
(15, 0, 1)
(16, 0, 1)
(17, 0, 2)
(18, 0, 1)
(19, 0, 10)
(20, 0, 7)
(21, 0, 1)
(22, 0, 3)
(23, 0, 1)
(25, 0, 1)
(26, 0, 3)
(27, 0, 7)
(28, 0, 4)
(29, 0, 6)
(30, 0, 3)
(31, 0, 3)
(32, 0, 7)
(33, 0, 11)
(34, 0, 5)
(35, 0, 1)
(36, 0, 2)
(37, 0, 3)
(38, 0, 1)
(39, 0, 2)
xi_1:
(0, 22, 1)
(1, 23, 1)
(3, 21, 2)
(4, 5, 1)
(4, 12, 1)
(4, 14, 1)
(4, 21, 1)
(5, 3, 1)
(5, 5, 1)
(5, 13, 1)
(5, 14, 1)
(6, 4, 1)
(6, 12, 1)
(6, 22, 1)
(8, 23, 2)
(8, 31, 1)
(8, 39, 1)
(9, 5, 1)
(9, 21, 2)
(9, 23, 1)
(9, 25, 1)
(9, 35, 1)
(10, 5, 1)
(10, 12, 1)
(10, 14, 1)
(10, 21, 1)
(10, 23, 1)
(10, 25, 1)
(11, 3, 1)
(11, 5, 1)
(11, 19, 1)
(11, 31, 1)
(12, 13, 1)
(12, 14, 1)
(12, 21, 1)
(12, 23, 2)
(13, 4, 1)
(13, 12, 1)
(13, 23, 1)
(15, 25, 1)
(16, 26, 1)
(16, 31, 1)
(17, 23, 1)
(17, 25, 1)
(17, 26, 1)
(18, 18, 1)
(18, 24, 1)
(19, 1, 4)
(19, 2, 1)
(19, 3, 1)
(19, 5, 1)
(19, 6, 1)
(19, 9, 1)
(19, 12, 1)
(19, 16, 1)
(19, 21, 1)
(19, 23, 1)
(20, 1, 3)
(20, 2, 1)
(20, 5, 1)
(20, 8, 1)
(20, 20, 2)
(20, 23, 1)
(21, 22, 1)
(21, 23, 1)
(22, 1, 1)
(22, 17, 1)
(22, 18, 1)
(22, 23, 1)
(23, 16, 1)
(23, 28, 1)
(24, 0, 1)
(25, 19, 1)
(25, 20, 1)
(26, 1, 1)
(26, 18, 1)
(26, 23, 1)
(26, 26, 1)
(27, 1, 1)
(27, 5, 1)
(27, 16, 1)
(27, 18, 2)
(27, 20, 1)
(27, 23, 1)
(27, 32, 1)
(28, 1, 1)
(28, 2, 1)
(28, 17, 1)
(28, 18, 1)
(28, 19, 1)
(28, 20, 1)
(29, 1, 3)
(29, 18, 1)
(29, 22, 2)
(29, 23, 3)
(30, 5, 1)
(30, 18, 1)
(31, 1, 1)
(31, 15, 1)
(31, 17, 3)
(31, 18, 1)
(32, 1, 3)
(32, 2, 1)
(32, 3, 1)
(32, 16, 1)
(32, 17, 1)
(32, 18, 1)
(32, 22, 1)
(32, 24, 1)
(33, 1, 6)
(33, 5, 1)
(33, 7, 1)
(33, 8, 1)
(33, 12, 1)
(33, 18, 3)
(33, 35, 1)
(34, 1, 2)
(34, 5, 2)
(34, 17, 2)
(34, 18, 2)
(34, 30, 1)
(35, 17, 1)
(36, 4, 1)
(36, 17, 1)
(36, 21, 1)
(37, 2, 2)
(37, 16, 2)
(37, 17, 1)
(37, 23, 1)
(38, 16, 1)
(39, 1, 1)
(39, 17, 3)
xi_2:
(4, 21, 1)
(5, 21, 1)
(6, 13, 1)
(9, 31, 1)
(9, 39, 1)
(10, 21, 1)
(10, 35, 1)
(11, 21, 1)
(12, 19, 1)
(12, 31, 1)
(13, 13, 1)
(17, 26, 1)
(18, 31, 1)
(19, 18, 1)
(19, 24, 1)
(19, 26, 1)
(20, 6, 1)
(20, 9, 1)
(23, 17, 1)
(24, 1, 1)
(25, 23, 1)
(26, 19, 1)
(27, 26, 1)
(27, 28, 1)
(28, 22, 1)
(28, 23, 1)
(29, 19, 1)
(29, 32, 1)
(31, 18, 1)
(31, 22, 1)
(31, 23, 1)
(32, 18, 1)
(32, 23, 1)
(33, 16, 1)
(33, 23, 1)
(34, 7, 1)
(34, 23, 2)
(34, 35, 1)
(36, 30, 1)
(37, 4, 1)
(37, 18, 1)
(37, 24, 1)
(39, 18, 2)
