x-grades
-5423945399666961/250000000000000
-5342448795252427/250000000000000
-5260952190837893/250000000000000
-5179455586423359/250000000000000
-203918359280353/10000000000000
-5016462377594291/250000000000000
-4934965773179757/250000000000000
-4853469168765223/250000000000000
-4771972564350689/250000000000000
-938095191987231/50000000000000
-4608979355521621/250000000000000
-4527482751107087/250000000000000
-4445986146692553/250000000000000
-4364489542278019/250000000000000
-856598587572697/50000000000000
-4201496333448951/250000000000000
-4119999729034417/250000000000000
-4038503124619883/250000000000000
-3957006520205349/250000000000000
-775101983158163/50000000000000
-3794013311376281/250000000000000
-3712516706961747/250000000000000
-3631020102547213/250000000000000
-3549523498132679/250000000000000
-693605378743629/50000000000000
-3386530289303611/250000000000000
-3305033684889077/250000000000000
-3223537080474543/250000000000000
-3142040476060009/250000000000000
-122421754865819/10000000000000
-2979047267230941/250000000000000
-2897550662816407/250000000000000
-2816054058401873/250000000000000
-2734557453987339/250000000000000
-530612169914561/50000000000000
-2571564245158271/250000000000000
-2490067640743737/250000000000000
-2408571036329203/250000000000000
-2327074431914669/250000000000000
-449115565500027/50000000000000

y-grades
624991/250000
624991/125000
1874973/250000
624991/62500
624991/50000
1874973/125000
4374937/250000
624991/31250
5624919/250000
624991/25000
6874901/250000
1874973/62500
8124883/250000
4374937/125000
1874973/50000
624991/15625
10624847/250000
5624919/125000
11874829/250000
624991/12500
13124811/250000
6874901/125000
14374793/250000
1874973/31250
624991/10000
8124883/125000
16874757/250000
4374937/62500
18124739/250000
1874973/25000
19374721/250000
1249982/15625
20624703/250000
10624847/125000
4374937/50000
5624919/62500
23124667/250000
11874829/125000
24374649/250000
624991/6250

Dimensions > 0:
(0, 0, 6)
(0, 1, 3)
(0, 2, 2)
(0, 3, 2)
(0, 4, 2)
(0, 5, 2)
(0, 6, 2)
(0, 7, 2)
(0, 8, 2)
(0, 9, 2)
(0, 10, 2)
(0, 11, 2)
(0, 12, 2)
(0, 13, 2)
(0, 14, 2)
(0, 15, 2)
(0, 16, 2)
(0, 17, 2)
(0, 18, 2)
(0, 19, 2)
(0, 20, 2)
(0, 21, 2)
(0, 22, 2)
(0, 23, 2)
(0, 24, 2)
(0, 25, 2)
(0, 26, 2)
(0, 27, 2)
(0, 28, 2)
(0, 29, 2)
(0, 30, 2)
(0, 31, 2)
(0, 32, 2)
(0, 33, 2)
(0, 34, 2)
(0, 35, 2)
(0, 36, 2)
(0, 37, 2)
(0, 38, 2)
(0, 39, 2)

(1, 0, 26)
(1, 1, 7)
(1, 2, 6)
(1, 3, 5)
(1, 4, 4)
(1, 5, 4)
(1, 6, 4)
(1, 7, 4)
(1, 8, 4)
(1, 9, 3)
(1, 10, 3)
(1, 11, 3)
(1, 12, 3)
(1, 13, 3)
(1, 14, 3)
(1, 15, 3)
(1, 16, 3)
(1, 17, 3)
(1, 18, 3)
(1, 19, 3)
(1, 20, 2)
(1, 21, 2)
(1, 22, 2)
(1, 23, 2)
(1, 24, 2)
(1, 25, 2)
(1, 26, 2)
(1, 27, 2)
(1, 28, 2)
(1, 29, 2)
(1, 30, 2)
(1, 31, 2)
(1, 32, 2)
(1, 33, 2)
(1, 34, 2)
(1, 35, 2)
(1, 36, 2)
(1, 37, 2)
(1, 38, 2)
(1, 39, 2)

(2, 0, 57)
(2, 1, 19)
(2, 2, 10)
(2, 3, 7)
(2, 4, 7)
(2, 5, 7)
(2, 6, 7)
(2, 7, 7)
(2, 8, 4)
(2, 9, 3)
(2, 10, 3)
(2, 11, 3)
(2, 12, 3)
(2, 13, 3)
(2, 14, 3)
(2, 15, 3)
(2, 16, 3)
(2, 17, 3)
(2, 18, 2)
(2, 19, 2)
(2, 20, 2)
(2, 21, 2)
(2, 22, 2)
(2, 23, 2)
(2, 24, 2)
(2, 25, 2)
(2, 26, 2)
(2, 27, 2)
(2, 28, 2)
(2, 29, 2)
(2, 30, 2)
(2, 31, 2)
(2, 32, 2)
(2, 33, 2)
(2, 34, 2)
(2, 35, 2)
(2, 36, 2)
(2, 37, 2)
(2, 38, 2)
(2, 39, 2)

(3, 0, 81)
(3, 1, 30)
(3, 2, 11)
(3, 3, 8)
(3, 4, 8)
(3, 5, 7)
(3, 6, 6)
(3, 7, 6)
(3, 8, 4)
(3, 9, 3)
(3, 10, 3)
(3, 11, 3)
(3, 12, 3)
(3, 13, 3)
(3, 14, 3)
(3, 15, 3)
(3, 16, 3)
(3, 17, 3)
(3, 18, 2)
(3, 19, 2)
(3, 20, 2)
(3, 21, 2)
(3, 22, 2)
(3, 23, 2)
(3, 24, 2)
(3, 25, 2)
(3, 26, 2)
(3, 27, 2)
(3, 28, 2)
(3, 29, 2)
(3, 30, 2)
(3, 31, 2)
(3, 32, 2)
(3, 33, 2)
(3, 34, 2)
(3, 35, 2)
(3, 36, 2)
(3, 37, 2)
(3, 38, 2)
(3, 39, 2)

(4, 0, 95)
(4, 1, 35)
(4, 2, 14)
(4, 3, 9)
(4, 4, 9)
(4, 5, 8)
(4, 6, 7)
(4, 7, 7)
(4, 8, 5)
(4, 9, 4)
(4, 10, 4)
(4, 11, 4)
(4, 12, 4)
(4, 13, 4)
(4, 14, 4)
(4, 15, 4)
(4, 16, 4)
(4, 17, 4)
(4, 18, 3)
(4, 19, 3)
(4, 20, 3)
(4, 21, 3)
(4, 22, 3)
(4, 23, 3)
(4, 24, 3)
(4, 25, 3)
(4, 26, 3)
(4, 27, 3)
(4, 28, 3)
(4, 29, 3)
(4, 30, 3)
(4, 31, 3)
(4, 32, 3)
(4, 33, 3)
(4, 34, 3)
(4, 35, 3)
(4, 36, 2)
(4, 37, 2)
(4, 38, 2)
(4, 39, 2)

(5, 0, 110)
(5, 1, 41)
(5, 2, 16)
(5, 3, 11)
(5, 4, 9)
(5, 5, 8)
(5, 6, 7)
(5, 7, 7)
(5, 8, 5)
(5, 9, 4)
(5, 10, 4)
(5, 11, 4)
(5, 12, 4)
(5, 13, 4)
(5, 14, 4)
(5, 15, 4)
(5, 16, 4)
(5, 17, 4)
(5, 18, 3)
(5, 19, 3)
(5, 20, 3)
(5, 21, 3)
(5, 22, 3)
(5, 23, 3)
(5, 24, 3)
(5, 25, 3)
(5, 26, 3)
(5, 27, 3)
(5, 28, 3)
(5, 29, 3)
(5, 30, 3)
(5, 31, 3)
(5, 32, 3)
(5, 33, 3)
(5, 34, 3)
(5, 35, 3)
(5, 36, 2)
(5, 37, 2)
(5, 38, 2)
(5, 39, 2)

(6, 0, 138)
(6, 1, 50)
(6, 2, 18)
(6, 3, 11)
(6, 4, 11)
(6, 5, 10)
(6, 6, 9)
(6, 7, 9)
(6, 8, 7)
(6, 9, 6)
(6, 10, 6)
(6, 11, 6)
(6, 12, 6)
(6, 13, 6)
(6, 14, 6)
(6, 15, 6)
(6, 16, 6)
(6, 17, 6)
(6, 18, 5)
(6, 19, 5)
(6, 20, 5)
(6, 21, 5)
(6, 22, 5)
(6, 23, 5)
(6, 24, 5)
(6, 25, 5)
(6, 26, 5)
(6, 27, 5)
(6, 28, 5)
(6, 29, 5)
(6, 30, 5)
(6, 31, 5)
(6, 32, 5)
(6, 33, 5)
(6, 34, 5)
(6, 35, 5)
(6, 36, 4)
(6, 37, 4)
(6, 38, 4)
(6, 39, 4)

(7, 0, 168)
(7, 1, 56)
(7, 2, 17)
(7, 3, 11)
(7, 4, 11)
(7, 5, 10)
(7, 6, 9)
(7, 7, 9)
(7, 8, 7)
(7, 9, 6)
(7, 10, 6)
(7, 11, 6)
(7, 12, 6)
(7, 13, 6)
(7, 14, 6)
(7, 15, 6)
(7, 16, 6)
(7, 17, 6)
(7, 18, 5)
(7, 19, 5)
(7, 20, 5)
(7, 21, 5)
(7, 22, 5)
(7, 23, 5)
(7, 24, 5)
(7, 25, 5)
(7, 26, 5)
(7, 27, 5)
(7, 28, 5)
(7, 29, 5)
(7, 30, 5)
(7, 31, 5)
(7, 32, 5)
(7, 33, 5)
(7, 34, 5)
(7, 35, 5)
(7, 36, 4)
(7, 37, 4)
(7, 38, 4)
(7, 39, 4)

(8, 0, 188)
(8, 1, 64)
(8, 2, 22)
(8, 3, 14)
(8, 4, 14)
(8, 5, 12)
(8, 6, 11)
(8, 7, 11)
(8, 8, 9)
(8, 9, 8)
(8, 10, 7)
(8, 11, 6)
(8, 12, 6)
(8, 13, 6)
(8, 14, 6)
(8, 15, 6)
(8, 16, 6)
(8, 17, 6)
(8, 18, 5)
(8, 19, 5)
(8, 20, 5)
(8, 21, 5)
(8, 22, 5)
(8, 23, 5)
(8, 24, 5)
(8, 25, 4)
(8, 26, 4)
(8, 27, 4)
(8, 28, 4)
(8, 29, 4)
(8, 30, 4)
(8, 31, 4)
(8, 32, 4)
(8, 33, 4)
(8, 34, 4)
(8, 35, 4)
(8, 36, 3)
(8, 37, 3)
(8, 38, 3)
(8, 39, 3)

(9, 0, 221)
(9, 1, 81)
(9, 2, 23)
(9, 3, 14)
(9, 4, 13)
(9, 5, 11)
(9, 6, 10)
(9, 7, 10)
(9, 8, 8)
(9, 9, 7)
(9, 10, 7)
(9, 11, 7)
(9, 12, 7)
(9, 13, 7)
(9, 14, 7)
(9, 15, 7)
(9, 16, 7)
(9, 17, 7)
(9, 18, 6)
(9, 19, 6)
(9, 20, 6)
(9, 21, 6)
(9, 22, 6)
(9, 23, 6)
(9, 24, 6)
(9, 25, 4)
(9, 26, 4)
(9, 27, 4)
(9, 28, 4)
(9, 29, 4)
(9, 30, 4)
(9, 31, 4)
(9, 32, 4)
(9, 33, 4)
(9, 34, 4)
(9, 35, 4)
(9, 36, 3)
(9, 37, 3)
(9, 38, 3)
(9, 39, 3)

(10, 0, 263)
(10, 1, 100)
(10, 2, 29)
(10, 3, 16)
(10, 4, 14)
(10, 5, 12)
(10, 6, 11)
(10, 7, 11)
(10, 8, 9)
(10, 9, 8)
(10, 10, 8)
(10, 11, 8)
(10, 12, 8)
(10, 13, 8)
(10, 14, 8)
(10, 15, 8)
(10, 16, 8)
(10, 17, 8)
(10, 18, 7)
(10, 19, 7)
(10, 20, 6)
(10, 21, 6)
(10, 22, 6)
(10, 23, 6)
(10, 24, 6)
(10, 25, 4)
(10, 26, 4)
(10, 27, 4)
(10, 28, 4)
(10, 29, 4)
(10, 30, 4)
(10, 31, 4)
(10, 32, 4)
(10, 33, 4)
(10, 34, 4)
(10, 35, 4)
(10, 36, 3)
(10, 37, 3)
(10, 38, 3)
(10, 39, 3)

(11, 0, 319)
(11, 1, 118)
(11, 2, 28)
(11, 3, 16)
(11, 4, 14)
(11, 5, 12)
(11, 6, 11)
(11, 7, 11)
(11, 8, 8)
(11, 9, 7)
(11, 10, 7)
(11, 11, 7)
(11, 12, 7)
(11, 13, 7)
(11, 14, 7)
(11, 15, 7)
(11, 16, 7)
(11, 17, 7)
(11, 18, 6)
(11, 19, 6)
(11, 20, 6)
(11, 21, 6)
(11, 22, 6)
(11, 23, 6)
(11, 24, 6)
(11, 25, 4)
(11, 26, 4)
(11, 27, 4)
(11, 28, 4)
(11, 29, 4)
(11, 30, 4)
(11, 31, 4)
(11, 32, 4)
(11, 33, 4)
(11, 34, 4)
(11, 35, 4)
(11, 36, 3)
(11, 37, 3)
(11, 38, 3)
(11, 39, 3)

(12, 0, 374)
(12, 1, 138)
(12, 2, 34)
(12, 3, 19)
(12, 4, 15)
(12, 5, 13)
(12, 6, 12)
(12, 7, 12)
(12, 8, 10)
(12, 9, 9)
(12, 10, 9)
(12, 11, 9)
(12, 12, 9)
(12, 13, 9)
(12, 14, 9)
(12, 15, 9)
(12, 16, 9)
(12, 17, 9)
(12, 18, 8)
(12, 19, 8)
(12, 20, 8)
(12, 21, 8)
(12, 22, 8)
(12, 23, 8)
(12, 24, 8)
(12, 25, 6)
(12, 26, 6)
(12, 27, 6)
(12, 28, 6)
(12, 29, 6)
(12, 30, 6)
(12, 31, 6)
(12, 32, 6)
(12, 33, 6)
(12, 34, 6)
(12, 35, 6)
(12, 36, 5)
(12, 37, 5)
(12, 38, 5)
(12, 39, 5)

(13, 0, 418)
(13, 1, 151)
(13, 2, 39)
(13, 3, 21)
(13, 4, 18)
(13, 5, 16)
(13, 6, 15)
(13, 7, 15)
(13, 8, 13)
(13, 9, 11)
(13, 10, 11)
(13, 11, 10)
(13, 12, 10)
(13, 13, 10)
(13, 14, 10)
(13, 15, 10)
(13, 16, 10)
(13, 17, 10)
(13, 18, 9)
(13, 19, 9)
(13, 20, 9)
(13, 21, 9)
(13, 22, 9)
(13, 23, 9)
(13, 24, 9)
(13, 25, 7)
(13, 26, 7)
(13, 27, 7)
(13, 28, 6)
(13, 29, 6)
(13, 30, 6)
(13, 31, 6)
(13, 32, 6)
(13, 33, 6)
(13, 34, 6)
(13, 35, 6)
(13, 36, 5)
(13, 37, 5)
(13, 38, 5)
(13, 39, 5)

(14, 0, 449)
(14, 1, 163)
(14, 2, 47)
(14, 3, 26)
(14, 4, 21)
(14, 5, 19)
(14, 6, 18)
(14, 7, 18)
(14, 8, 16)
(14, 9, 14)
(14, 10, 14)
(14, 11, 12)
(14, 12, 11)
(14, 13, 11)
(14, 14, 11)
(14, 15, 11)
(14, 16, 11)
(14, 17, 11)
(14, 18, 10)
(14, 19, 10)
(14, 20, 9)
(14, 21, 9)
(14, 22, 9)
(14, 23, 9)
(14, 24, 9)
(14, 25, 7)
(14, 26, 7)
(14, 27, 7)
(14, 28, 6)
(14, 29, 6)
(14, 30, 6)
(14, 31, 6)
(14, 32, 6)
(14, 33, 6)
(14, 34, 6)
(14, 35, 6)
(14, 36, 5)
(14, 37, 5)
(14, 38, 5)
(14, 39, 5)

(15, 0, 503)
(15, 1, 176)
(15, 2, 52)
(15, 3, 30)
(15, 4, 27)
(15, 5, 25)
(15, 6, 24)
(15, 7, 24)
(15, 8, 20)
(15, 9, 18)
(15, 10, 18)
(15, 11, 17)
(15, 12, 16)
(15, 13, 16)
(15, 14, 16)
(15, 15, 16)
(15, 16, 16)
(15, 17, 15)
(15, 18, 14)
(15, 19, 13)
(15, 20, 12)
(15, 21, 11)
(15, 22, 11)
(15, 23, 11)
(15, 24, 11)
(15, 25, 9)
(15, 26, 8)
(15, 27, 8)
(15, 28, 8)
(15, 29, 8)
(15, 30, 8)
(15, 31, 8)
(15, 32, 8)
(15, 33, 8)
(15, 34, 8)
(15, 35, 8)
(15, 36, 7)
(15, 37, 7)
(15, 38, 7)
(15, 39, 7)

(16, 0, 534)
(16, 1, 186)
(16, 2, 61)
(16, 3, 37)
(16, 4, 34)
(16, 5, 30)
(16, 6, 29)
(16, 7, 29)
(16, 8, 25)
(16, 9, 23)
(16, 10, 23)
(16, 11, 22)
(16, 12, 21)
(16, 13, 21)
(16, 14, 20)
(16, 15, 20)
(16, 16, 20)
(16, 17, 19)
(16, 18, 18)
(16, 19, 17)
(16, 20, 16)
(16, 21, 15)
(16, 22, 14)
(16, 23, 14)
(16, 24, 13)
(16, 25, 11)
(16, 26, 9)
(16, 27, 9)
(16, 28, 9)
(16, 29, 9)
(16, 30, 9)
(16, 31, 8)
(16, 32, 8)
(16, 33, 8)
(16, 34, 8)
(16, 35, 8)
(16, 36, 7)
(16, 37, 7)
(16, 38, 7)
(16, 39, 7)

(17, 0, 544)
(17, 1, 191)
(17, 2, 65)
(17, 3, 41)
(17, 4, 38)
(17, 5, 34)
(17, 6, 33)
(17, 7, 33)
(17, 8, 29)
(17, 9, 27)
(17, 10, 27)
(17, 11, 26)
(17, 12, 25)
(17, 13, 25)
(17, 14, 24)
(17, 15, 24)
(17, 16, 24)
(17, 17, 22)
(17, 18, 21)
(17, 19, 20)
(17, 20, 19)
(17, 21, 18)
(17, 22, 17)
(17, 23, 17)
(17, 24, 16)
(17, 25, 14)
(17, 26, 11)
(17, 27, 11)
(17, 28, 11)
(17, 29, 11)
(17, 30, 10)
(17, 31, 9)
(17, 32, 9)
(17, 33, 9)
(17, 34, 9)
(17, 35, 9)
(17, 36, 8)
(17, 37, 8)
(17, 38, 8)
(17, 39, 8)

(18, 0, 557)
(18, 1, 197)
(18, 2, 70)
(18, 3, 46)
(18, 4, 43)
(18, 5, 39)
(18, 6, 38)
(18, 7, 38)
(18, 8, 34)
(18, 9, 32)
(18, 10, 32)
(18, 11, 31)
(18, 12, 30)
(18, 13, 30)
(18, 14, 29)
(18, 15, 29)
(18, 16, 29)
(18, 17, 27)
(18, 18, 26)
(18, 19, 25)
(18, 20, 24)
(18, 21, 23)
(18, 22, 22)
(18, 23, 21)
(18, 24, 18)
(18, 25, 16)
(18, 26, 13)
(18, 27, 13)
(18, 28, 13)
(18, 29, 13)
(18, 30, 12)
(18, 31, 11)
(18, 32, 11)
(18, 33, 11)
(18, 34, 11)
(18, 35, 10)
(18, 36, 9)
(18, 37, 9)
(18, 38, 9)
(18, 39, 8)

(19, 0, 569)
(19, 1, 203)
(19, 2, 72)
(19, 3, 48)
(19, 4, 45)
(19, 5, 40)
(19, 6, 39)
(19, 7, 39)
(19, 8, 35)
(19, 9, 33)
(19, 10, 33)
(19, 11, 32)
(19, 12, 31)
(19, 13, 31)
(19, 14, 30)
(19, 15, 30)
(19, 16, 30)
(19, 17, 28)
(19, 18, 27)
(19, 19, 26)
(19, 20, 25)
(19, 21, 24)
(19, 22, 23)
(19, 23, 21)
(19, 24, 18)
(19, 25, 16)
(19, 26, 13)
(19, 27, 13)
(19, 28, 13)
(19, 29, 13)
(19, 30, 12)
(19, 31, 11)
(19, 32, 10)
(19, 33, 10)
(19, 34, 10)
(19, 35, 10)
(19, 36, 9)
(19, 37, 9)
(19, 38, 9)
(19, 39, 8)

(20, 0, 603)
(20, 1, 216)
(20, 2, 77)
(20, 3, 51)
(20, 4, 46)
(20, 5, 41)
(20, 6, 40)
(20, 7, 40)
(20, 8, 35)
(20, 9, 33)
(20, 10, 33)
(20, 11, 32)
(20, 12, 31)
(20, 13, 31)
(20, 14, 30)
(20, 15, 30)
(20, 16, 30)
(20, 17, 28)
(20, 18, 27)
(20, 19, 26)
(20, 20, 25)
(20, 21, 24)
(20, 22, 23)
(20, 23, 21)
(20, 24, 18)
(20, 25, 15)
(20, 26, 12)
(20, 27, 12)
(20, 28, 12)
(20, 29, 12)
(20, 30, 11)
(20, 31, 10)
(20, 32, 9)
(20, 33, 9)
(20, 34, 9)
(20, 35, 9)
(20, 36, 8)
(20, 37, 8)
(20, 38, 8)
(20, 39, 7)

(21, 0, 643)
(21, 1, 229)
(21, 2, 78)
(21, 3, 50)
(21, 4, 45)
(21, 5, 40)
(21, 6, 39)
(21, 7, 39)
(21, 8, 35)
(21, 9, 33)
(21, 10, 33)
(21, 11, 32)
(21, 12, 31)
(21, 13, 31)
(21, 14, 30)
(21, 15, 30)
(21, 16, 30)
(21, 17, 28)
(21, 18, 27)
(21, 19, 26)
(21, 20, 25)
(21, 21, 24)
(21, 22, 23)
(21, 23, 21)
(21, 24, 18)
(21, 25, 15)
(21, 26, 12)
(21, 27, 12)
(21, 28, 12)
(21, 29, 12)
(21, 30, 11)
(21, 31, 10)
(21, 32, 9)
(21, 33, 9)
(21, 34, 9)
(21, 35, 9)
(21, 36, 8)
(21, 37, 8)
(21, 38, 8)
(21, 39, 7)

(22, 0, 677)
(22, 1, 243)
(22, 2, 82)
(22, 3, 50)
(22, 4, 45)
(22, 5, 40)
(22, 6, 39)
(22, 7, 39)
(22, 8, 35)
(22, 9, 33)
(22, 10, 33)
(22, 11, 32)
(22, 12, 31)
(22, 13, 31)
(22, 14, 30)
(22, 15, 30)
(22, 16, 30)
(22, 17, 28)
(22, 18, 27)
(22, 19, 26)
(22, 20, 25)
(22, 21, 24)
(22, 22, 23)
(22, 23, 21)
(22, 24, 18)
(22, 25, 15)
(22, 26, 12)
(22, 27, 12)
(22, 28, 12)
(22, 29, 12)
(22, 30, 11)
(22, 31, 10)
(22, 32, 9)
(22, 33, 9)
(22, 34, 9)
(22, 35, 9)
(22, 36, 8)
(22, 37, 8)
(22, 38, 8)
(22, 39, 7)

(23, 0, 705)
(23, 1, 256)
(23, 2, 87)
(23, 3, 54)
(23, 4, 49)
(23, 5, 43)
(23, 6, 42)
(23, 7, 42)
(23, 8, 38)
(23, 9, 36)
(23, 10, 36)
(23, 11, 35)
(23, 12, 34)
(23, 13, 34)
(23, 14, 32)
(23, 15, 31)
(23, 16, 31)
(23, 17, 29)
(23, 18, 28)
(23, 19, 27)
(23, 20, 26)
(23, 21, 25)
(23, 22, 24)
(23, 23, 22)
(23, 24, 19)
(23, 25, 16)
(23, 26, 13)
(23, 27, 13)
(23, 28, 13)
(23, 29, 13)
(23, 30, 12)
(23, 31, 11)
(23, 32, 10)
(23, 33, 10)
(23, 34, 10)
(23, 35, 10)
(23, 36, 9)
(23, 37, 9)
(23, 38, 9)
(23, 39, 8)

(24, 0, 721)
(24, 1, 261)
(24, 2, 90)
(24, 3, 56)
(24, 4, 49)
(24, 5, 44)
(24, 6, 43)
(24, 7, 43)
(24, 8, 37)
(24, 9, 35)
(24, 10, 35)
(24, 11, 34)
(24, 12, 33)
(24, 13, 33)
(24, 14, 31)
(24, 15, 31)
(24, 16, 31)
(24, 17, 29)
(24, 18, 28)
(24, 19, 27)
(24, 20, 26)
(24, 21, 25)
(24, 22, 24)
(24, 23, 22)
(24, 24, 19)
(24, 25, 16)
(24, 26, 13)
(24, 27, 13)
(24, 28, 13)
(24, 29, 13)
(24, 30, 12)
(24, 31, 11)
(24, 32, 10)
(24, 33, 10)
(24, 34, 10)
(24, 35, 10)
(24, 36, 9)
(24, 37, 9)
(24, 38, 9)
(24, 39, 8)

(25, 0, 732)
(25, 1, 266)
(25, 2, 94)
(25, 3, 58)
(25, 4, 51)
(25, 5, 45)
(25, 6, 44)
(25, 7, 43)
(25, 8, 38)
(25, 9, 36)
(25, 10, 36)
(25, 11, 35)
(25, 12, 34)
(25, 13, 34)
(25, 14, 32)
(25, 15, 32)
(25, 16, 32)
(25, 17, 30)
(25, 18, 29)
(25, 19, 28)
(25, 20, 27)
(25, 21, 26)
(25, 22, 25)
(25, 23, 22)
(25, 24, 19)
(25, 25, 16)
(25, 26, 13)
(25, 27, 13)
(25, 28, 13)
(25, 29, 13)
(25, 30, 12)
(25, 31, 11)
(25, 32, 10)
(25, 33, 10)
(25, 34, 10)
(25, 35, 10)
(25, 36, 9)
(25, 37, 9)
(25, 38, 9)
(25, 39, 8)

(26, 0, 732)
(26, 1, 266)
(26, 2, 94)
(26, 3, 58)
(26, 4, 51)
(26, 5, 45)
(26, 6, 44)
(26, 7, 43)
(26, 8, 38)
(26, 9, 36)
(26, 10, 36)
(26, 11, 35)
(26, 12, 34)
(26, 13, 34)
(26, 14, 32)
(26, 15, 32)
(26, 16, 32)
(26, 17, 30)
(26, 18, 29)
(26, 19, 28)
(26, 20, 27)
(26, 21, 26)
(26, 22, 25)
(26, 23, 22)
(26, 24, 19)
(26, 25, 16)
(26, 26, 13)
(26, 27, 13)
(26, 28, 13)
(26, 29, 13)
(26, 30, 12)
(26, 31, 11)
(26, 32, 10)
(26, 33, 10)
(26, 34, 10)
(26, 35, 10)
(26, 36, 9)
(26, 37, 9)
(26, 38, 9)
(26, 39, 8)

(27, 0, 733)
(27, 1, 267)
(27, 2, 95)
(27, 3, 59)
(27, 4, 52)
(27, 5, 46)
(27, 6, 45)
(27, 7, 44)
(27, 8, 39)
(27, 9, 37)
(27, 10, 37)
(27, 11, 36)
(27, 12, 35)
(27, 13, 35)
(27, 14, 33)
(27, 15, 33)
(27, 16, 33)
(27, 17, 31)
(27, 18, 30)
(27, 19, 29)
(27, 20, 28)
(27, 21, 27)
(27, 22, 26)
(27, 23, 23)
(27, 24, 20)
(27, 25, 17)
(27, 26, 14)
(27, 27, 14)
(27, 28, 14)
(27, 29, 14)
(27, 30, 13)
(27, 31, 12)
(27, 32, 11)
(27, 33, 10)
(27, 34, 10)
(27, 35, 10)
(27, 36, 9)
(27, 37, 9)
(27, 38, 9)
(27, 39, 8)

(28, 0, 733)
(28, 1, 267)
(28, 2, 95)
(28, 3, 59)
(28, 4, 52)
(28, 5, 46)
(28, 6, 45)
(28, 7, 44)
(28, 8, 39)
(28, 9, 37)
(28, 10, 37)
(28, 11, 36)
(28, 12, 35)
(28, 13, 35)
(28, 14, 33)
(28, 15, 33)
(28, 16, 33)
(28, 17, 31)
(28, 18, 30)
(28, 19, 29)
(28, 20, 28)
(28, 21, 27)
(28, 22, 26)
(28, 23, 23)
(28, 24, 20)
(28, 25, 17)
(28, 26, 14)
(28, 27, 14)
(28, 28, 14)
(28, 29, 14)
(28, 30, 13)
(28, 31, 12)
(28, 32, 11)
(28, 33, 10)
(28, 34, 10)
(28, 35, 10)
(28, 36, 9)
(28, 37, 9)
(28, 38, 9)
(28, 39, 8)

(29, 0, 733)
(29, 1, 267)
(29, 2, 95)
(29, 3, 59)
(29, 4, 52)
(29, 5, 46)
(29, 6, 45)
(29, 7, 44)
(29, 8, 39)
(29, 9, 37)
(29, 10, 37)
(29, 11, 36)
(29, 12, 35)
(29, 13, 35)
(29, 14, 33)
(29, 15, 33)
(29, 16, 33)
(29, 17, 31)
(29, 18, 30)
(29, 19, 29)
(29, 20, 28)
(29, 21, 27)
(29, 22, 26)
(29, 23, 23)
(29, 24, 20)
(29, 25, 17)
(29, 26, 14)
(29, 27, 14)
(29, 28, 14)
(29, 29, 14)
(29, 30, 13)
(29, 31, 12)
(29, 32, 11)
(29, 33, 10)
(29, 34, 10)
(29, 35, 10)
(29, 36, 9)
(29, 37, 9)
(29, 38, 9)
(29, 39, 8)

(30, 0, 752)
(30, 1, 270)
(30, 2, 97)
(30, 3, 61)
(30, 4, 54)
(30, 5, 48)
(30, 6, 47)
(30, 7, 46)
(30, 8, 40)
(30, 9, 38)
(30, 10, 38)
(30, 11, 37)
(30, 12, 36)
(30, 13, 36)
(30, 14, 34)
(30, 15, 34)
(30, 16, 34)
(30, 17, 32)
(30, 18, 31)
(30, 19, 30)
(30, 20, 29)
(30, 21, 28)
(30, 22, 27)
(30, 23, 24)
(30, 24, 21)
(30, 25, 18)
(30, 26, 15)
(30, 27, 15)
(30, 28, 15)
(30, 29, 15)
(30, 30, 14)
(30, 31, 13)
(30, 32, 12)
(30, 33, 11)
(30, 34, 11)
(30, 35, 11)
(30, 36, 9)
(30, 37, 9)
(30, 38, 9)
(30, 39, 8)

(31, 0, 776)
(31, 1, 277)
(31, 2, 99)
(31, 3, 63)
(31, 4, 56)
(31, 5, 50)
(31, 6, 49)
(31, 7, 47)
(31, 8, 42)
(31, 9, 40)
(31, 10, 40)
(31, 11, 39)
(31, 12, 38)
(31, 13, 38)
(31, 14, 36)
(31, 15, 36)
(31, 16, 36)
(31, 17, 34)
(31, 18, 33)
(31, 19, 32)
(31, 20, 31)
(31, 21, 30)
(31, 22, 29)
(31, 23, 26)
(31, 24, 22)
(31, 25, 19)
(31, 26, 16)
(31, 27, 16)
(31, 28, 16)
(31, 29, 16)
(31, 30, 15)
(31, 31, 14)
(31, 32, 13)
(31, 33, 12)
(31, 34, 12)
(31, 35, 12)
(31, 36, 10)
(31, 37, 10)
(31, 38, 10)
(31, 39, 9)

(32, 0, 825)
(32, 1, 285)
(32, 2, 103)
(32, 3, 66)
(32, 4, 59)
(32, 5, 53)
(32, 6, 52)
(32, 7, 50)
(32, 8, 45)
(32, 9, 42)
(32, 10, 42)
(32, 11, 41)
(32, 12, 40)
(32, 13, 40)
(32, 14, 38)
(32, 15, 38)
(32, 16, 38)
(32, 17, 36)
(32, 18, 35)
(32, 19, 33)
(32, 20, 32)
(32, 21, 31)
(32, 22, 30)
(32, 23, 27)
(32, 24, 23)
(32, 25, 20)
(32, 26, 17)
(32, 27, 17)
(32, 28, 17)
(32, 29, 17)
(32, 30, 16)
(32, 31, 15)
(32, 32, 14)
(32, 33, 13)
(32, 34, 13)
(32, 35, 13)
(32, 36, 11)
(32, 37, 11)
(32, 38, 11)
(32, 39, 10)

(33, 0, 864)
(33, 1, 287)
(33, 2, 106)
(33, 3, 68)
(33, 4, 61)
(33, 5, 55)
(33, 6, 53)
(33, 7, 51)
(33, 8, 46)
(33, 9, 43)
(33, 10, 43)
(33, 11, 42)
(33, 12, 41)
(33, 13, 41)
(33, 14, 39)
(33, 15, 39)
(33, 16, 39)
(33, 17, 37)
(33, 18, 36)
(33, 19, 34)
(33, 20, 33)
(33, 21, 32)
(33, 22, 31)
(33, 23, 28)
(33, 24, 24)
(33, 25, 21)
(33, 26, 18)
(33, 27, 18)
(33, 28, 18)
(33, 29, 18)
(33, 30, 17)
(33, 31, 16)
(33, 32, 15)
(33, 33, 14)
(33, 34, 14)
(33, 35, 14)
(33, 36, 12)
(33, 37, 12)
(33, 38, 12)
(33, 39, 11)

(34, 0, 887)
(34, 1, 297)
(34, 2, 110)
(34, 3, 70)
(34, 4, 63)
(34, 5, 57)
(34, 6, 54)
(34, 7, 52)
(34, 8, 47)
(34, 9, 44)
(34, 10, 44)
(34, 11, 43)
(34, 12, 42)
(34, 13, 42)
(34, 14, 40)
(34, 15, 40)
(34, 16, 39)
(34, 17, 37)
(34, 18, 36)
(34, 19, 34)
(34, 20, 33)
(34, 21, 32)
(34, 22, 30)
(34, 23, 27)
(34, 24, 23)
(34, 25, 20)
(34, 26, 17)
(34, 27, 17)
(34, 28, 17)
(34, 29, 17)
(34, 30, 16)
(34, 31, 15)
(34, 32, 14)
(34, 33, 13)
(34, 34, 13)
(34, 35, 13)
(34, 36, 11)
(34, 37, 11)
(34, 38, 11)
(34, 39, 10)

(35, 0, 909)
(35, 1, 302)
(35, 2, 110)
(35, 3, 71)
(35, 4, 63)
(35, 5, 57)
(35, 6, 54)
(35, 7, 52)
(35, 8, 47)
(35, 9, 44)
(35, 10, 44)
(35, 11, 43)
(35, 12, 41)
(35, 13, 41)
(35, 14, 39)
(35, 15, 39)
(35, 16, 39)
(35, 17, 37)
(35, 18, 36)
(35, 19, 34)
(35, 20, 33)
(35, 21, 32)
(35, 22, 30)
(35, 23, 27)
(35, 24, 23)
(35, 25, 20)
(35, 26, 17)
(35, 27, 17)
(35, 28, 17)
(35, 29, 17)
(35, 30, 16)
(35, 31, 15)
(35, 32, 14)
(35, 33, 13)
(35, 34, 13)
(35, 35, 13)
(35, 36, 11)
(35, 37, 11)
(35, 38, 11)
(35, 39, 10)

(36, 0, 923)
(36, 1, 311)
(36, 2, 114)
(36, 3, 73)
(36, 4, 66)
(36, 5, 60)
(36, 6, 57)
(36, 7, 55)
(36, 8, 50)
(36, 9, 47)
(36, 10, 47)
(36, 11, 46)
(36, 12, 44)
(36, 13, 44)
(36, 14, 42)
(36, 15, 42)
(36, 16, 42)
(36, 17, 40)
(36, 18, 39)
(36, 19, 37)
(36, 20, 36)
(36, 21, 34)
(36, 22, 32)
(36, 23, 29)
(36, 24, 25)
(36, 25, 22)
(36, 26, 19)
(36, 27, 19)
(36, 28, 19)
(36, 29, 19)
(36, 30, 18)
(36, 31, 17)
(36, 32, 16)
(36, 33, 14)
(36, 34, 14)
(36, 35, 14)
(36, 36, 12)
(36, 37, 12)
(36, 38, 12)
(36, 39, 11)

(37, 0, 940)
(37, 1, 320)
(37, 2, 118)
(37, 3, 75)
(37, 4, 68)
(37, 5, 62)
(37, 6, 59)
(37, 7, 57)
(37, 8, 52)
(37, 9, 48)
(37, 10, 48)
(37, 11, 47)
(37, 12, 45)
(37, 13, 45)
(37, 14, 43)
(37, 15, 43)
(37, 16, 43)
(37, 17, 41)
(37, 18, 40)
(37, 19, 37)
(37, 20, 36)
(37, 21, 34)
(37, 22, 31)
(37, 23, 27)
(37, 24, 23)
(37, 25, 20)
(37, 26, 17)
(37, 27, 17)
(37, 28, 17)
(37, 29, 17)
(37, 30, 15)
(37, 31, 14)
(37, 32, 13)
(37, 33, 12)
(37, 34, 12)
(37, 35, 12)
(37, 36, 10)
(37, 37, 10)
(37, 38, 10)
(37, 39, 9)

(38, 0, 959)
(38, 1, 331)
(38, 2, 121)
(38, 3, 76)
(38, 4, 69)
(38, 5, 62)
(38, 6, 59)
(38, 7, 57)
(38, 8, 52)
(38, 9, 49)
(38, 10, 49)
(38, 11, 48)
(38, 12, 46)
(38, 13, 46)
(38, 14, 44)
(38, 15, 43)
(38, 16, 43)
(38, 17, 40)
(38, 18, 39)
(38, 19, 37)
(38, 20, 36)
(38, 21, 34)
(38, 22, 31)
(38, 23, 27)
(38, 24, 23)
(38, 25, 20)
(38, 26, 17)
(38, 27, 17)
(38, 28, 17)
(38, 29, 16)
(38, 30, 15)
(38, 31, 14)
(38, 32, 13)
(38, 33, 12)
(38, 34, 12)
(38, 35, 12)
(38, 36, 10)
(38, 37, 10)
(38, 38, 10)
(38, 39, 9)

(39, 0, 981)
(39, 1, 344)
(39, 2, 122)
(39, 3, 76)
(39, 4, 68)
(39, 5, 62)
(39, 6, 59)
(39, 7, 57)
(39, 8, 52)
(39, 9, 49)
(39, 10, 49)
(39, 11, 48)
(39, 12, 46)
(39, 13, 46)
(39, 14, 44)
(39, 15, 43)
(39, 16, 43)
(39, 17, 40)
(39, 18, 39)
(39, 19, 37)
(39, 20, 36)
(39, 21, 34)
(39, 22, 31)
(39, 23, 27)
(39, 24, 23)
(39, 25, 20)
(39, 26, 17)
(39, 27, 17)
(39, 28, 17)
(39, 29, 16)
(39, 30, 15)
(39, 31, 14)
(39, 32, 13)
(39, 33, 12)
(39, 34, 12)
(39, 35, 12)
(39, 36, 10)
(39, 37, 10)
(39, 38, 10)
(39, 39, 9)


Betti numbers:
xi_0:
(0, 0, 6)
(1, 0, 20)
(2, 0, 31)
(3, 0, 24)
(4, 0, 14)
(5, 0, 15)
(6, 0, 28)
(7, 0, 32)
(8, 0, 20)
(9, 0, 33)
(10, 0, 42)
(11, 0, 56)
(12, 0, 55)
(13, 0, 44)
(14, 0, 31)
(15, 0, 54)
(16, 0, 31)
(17, 0, 10)
(18, 0, 13)
(19, 0, 12)
(20, 0, 34)
(21, 0, 40)
(22, 0, 34)
(23, 0, 28)
(24, 0, 16)
(25, 0, 11)
(27, 0, 1)
(30, 0, 19)
(31, 0, 24)
(32, 0, 49)
(33, 0, 39)
(34, 0, 23)
(35, 0, 22)
(36, 0, 14)
(37, 0, 17)
(38, 0, 20)
(39, 0, 22)
xi_1:
(0, 1, 3)
(0, 2, 1)
(1, 1, 16)
(1, 3, 1)
(1, 4, 1)
(1, 9, 1)
(1, 20, 1)
(2, 1, 19)
(2, 2, 8)
(2, 3, 2)
(2, 8, 3)
(2, 18, 1)
(3, 1, 13)
(3, 2, 10)
(3, 5, 1)
(3, 6, 1)
(4, 1, 9)
(4, 2, 2)
(4, 3, 2)
(4, 36, 1)
(5, 1, 9)
(5, 2, 4)
(5, 4, 2)
(6, 1, 19)
(6, 2, 8)
(6, 3, 2)
(7, 0, 2)
(7, 1, 26)
(7, 2, 7)
(8, 1, 12)
(8, 2, 3)
(8, 3, 2)
(8, 5, 1)
(8, 10, 1)
(8, 11, 1)
(8, 25, 1)
(9, 1, 16)
(9, 2, 16)
(9, 3, 2)
(9, 4, 1)
(9, 5, 1)
(9, 25, 1)
(10, 1, 23)
(10, 2, 13)
(10, 3, 4)
(10, 4, 1)
(10, 20, 1)
(11, 1, 38)
(11, 2, 19)
(11, 3, 2)
(11, 8, 1)
(12, 1, 35)
(12, 2, 14)
(12, 3, 3)
(12, 4, 2)
(13, 1, 31)
(13, 2, 8)
(13, 3, 3)
(13, 9, 1)
(13, 11, 1)
(13, 28, 1)
(14, 1, 19)
(14, 2, 4)
(14, 3, 4)
(14, 4, 2)
(14, 11, 1)
(14, 12, 1)
(14, 20, 1)
(15, 1, 41)
(15, 2, 8)
(15, 3, 2)
(15, 8, 2)
(15, 17, 1)
(15, 19, 1)
(15, 21, 1)
(15, 26, 1)
(16, 1, 21)
(16, 2, 3)
(16, 3, 2)
(16, 5, 2)
(16, 14, 1)
(16, 22, 1)
(16, 24, 1)
(16, 26, 1)
(16, 31, 1)
(17, 1, 5)
(17, 2, 1)
(17, 17, 1)
(17, 26, 1)
(17, 30, 1)
(18, 1, 7)
(18, 2, 1)
(18, 23, 1)
(18, 24, 2)
(18, 35, 1)
(18, 39, 1)
(19, 1, 6)
(19, 2, 4)
(19, 5, 1)
(19, 23, 1)
(19, 32, 1)
(20, 1, 21)
(20, 2, 8)
(20, 3, 2)
(20, 4, 2)
(20, 8, 1)
(20, 25, 1)
(21, 1, 27)
(21, 2, 12)
(21, 3, 2)
(22, 1, 20)
(22, 2, 10)
(22, 3, 4)
(23, 1, 15)
(23, 2, 8)
(23, 3, 1)
(23, 5, 1)
(23, 14, 1)
(23, 15, 1)
(24, 1, 11)
(24, 2, 2)
(24, 3, 1)
(24, 4, 2)
(24, 8, 2)
(25, 1, 6)
(25, 2, 1)
(25, 3, 2)
(25, 5, 1)
(25, 7, 1)
(25, 23, 1)
(27, 33, 1)
(30, 1, 16)
(30, 2, 1)
(30, 8, 1)
(30, 36, 1)
(31, 1, 17)
(31, 2, 5)
(31, 7, 1)
(31, 24, 1)
(32, 1, 41)
(32, 2, 5)
(32, 3, 1)
(32, 9, 1)
(32, 19, 1)
(33, 1, 37)
(33, 2, 1)
(33, 3, 1)
(33, 6, 1)
(34, 1, 13)
(34, 2, 6)
(34, 3, 2)
(34, 6, 1)
(34, 16, 1)
(34, 22, 1)
(35, 1, 17)
(35, 2, 6)
(35, 4, 1)
(35, 12, 1)
(36, 1, 5)
(36, 2, 5)
(36, 3, 2)
(36, 21, 1)
(36, 33, 1)
(37, 1, 8)
(37, 2, 5)
(37, 3, 2)
(37, 9, 1)
(37, 19, 1)
(37, 22, 1)
(37, 23, 1)
(37, 30, 1)
(38, 0, 1)
(38, 1, 9)
(38, 2, 8)
(38, 3, 2)
(38, 5, 1)
(38, 15, 1)
(38, 17, 1)
(38, 29, 1)
(39, 1, 9)
(39, 2, 12)
(39, 3, 1)
(39, 4, 1)
xi_2:
(2, 4, 1)
(2, 20, 1)
(3, 8, 1)
(6, 2, 1)
(6, 4, 2)
(7, 1, 2)
(7, 3, 1)
(9, 3, 1)
(9, 5, 1)
(9, 10, 1)
(9, 11, 1)
(11, 3, 3)
(11, 20, 1)
(12, 8, 1)
(13, 4, 1)
(14, 3, 1)
(15, 3, 1)
(15, 4, 2)
(15, 11, 1)
(15, 28, 1)
(16, 2, 2)
(19, 35, 1)
(21, 8, 1)
(24, 5, 1)
(24, 15, 1)
(25, 8, 1)
(31, 8, 1)
(32, 2, 1)
(33, 2, 2)
(35, 2, 1)
(35, 3, 1)
(35, 16, 1)
(36, 4, 1)
(37, 33, 1)
(38, 1, 1)
(38, 9, 1)
(38, 19, 1)
(38, 30, 1)
(39, 5, 1)
