x-grades
-530086300860000563/40000000000000000
-260737784008718223/20000000000000000
-512864835174872329/40000000000000000
-126063525583077053/10000000000000000
-99128673897948819/8000000000000000
-243516318323589989/20000000000000000
-478421903804615861/40000000000000000
-14681599092564117/1250000000000000
-461200438119487627/40000000000000000
-45258970527692351/4000000000000000
-443978972434359393/40000000000000000
-108842059897948819/10000000000000000
-426757506749231159/40000000000000000
-209073386953333521/20000000000000000
-16381441642564117/1600000000000000
-50115663527692351/5000000000000000
-392314575378974691/40000000000000000
-191851921268205287/20000000000000000
-375093109693846457/40000000000000000
-18324118842564117/2000000000000000
-357871644008718223/40000000000000000
-174630455583077053/20000000000000000
-340650178323589989/40000000000000000
-20752465342564117/2500000000000000
-64685742527692351/8000000000000000
-157408989897948819/20000000000000000
-306207246953333521/40000000000000000
-74399128527692351/10000000000000000
-288985781268205287/40000000000000000
-28037504842564117/4000000000000000
-271764315583077053/40000000000000000
-32894197842564117/5000000000000000
-254542849897948819/40000000000000000
-122966058527692351/20000000000000000
-47464276842564117/8000000000000000
-57177662842564117/10000000000000000
-220099918527692351/40000000000000000
-105744592842564117/20000000000000000
-202878452842564117/40000000000000000
-4856693/1000000

y-grades
4999957/2000000
4999957/1000000
14999871/2000000
4999957/500000
4999957/400000
14999871/1000000
34999699/2000000
4999957/250000
44999613/2000000
4999957/200000
54999527/2000000
14999871/500000
64999441/2000000
34999699/1000000
14999871/400000
4999957/125000
84999269/2000000
44999613/1000000
94999183/2000000
4999957/100000
104999097/2000000
54999527/1000000
114999011/2000000
14999871/250000
4999957/80000
64999441/1000000
134998839/2000000
34999699/500000
144998753/2000000
14999871/200000
154998667/2000000
4999957/62500
164998581/2000000
84999269/1000000
34999699/400000
44999613/500000
184998409/2000000
94999183/1000000
194998323/2000000
4999957/50000

Dimensions > 0:
(0, 0, 2)
(0, 1, 2)
(0, 2, 2)
(0, 3, 2)
(0, 4, 2)
(0, 5, 2)
(0, 6, 2)
(0, 7, 2)
(0, 8, 2)
(0, 9, 2)
(0, 10, 2)
(0, 11, 2)
(0, 12, 2)
(0, 13, 2)
(0, 14, 2)
(0, 15, 1)
(0, 16, 1)
(0, 17, 1)
(0, 18, 1)
(0, 19, 1)
(0, 20, 1)
(0, 21, 1)
(0, 22, 1)
(0, 23, 1)
(0, 24, 1)
(0, 25, 1)
(0, 26, 1)
(0, 27, 1)
(0, 28, 1)
(0, 29, 1)
(0, 30, 1)
(0, 31, 1)
(0, 32, 1)
(0, 33, 1)
(0, 34, 1)
(0, 35, 1)
(0, 36, 1)
(0, 37, 1)
(0, 38, 1)
(0, 39, 1)

(1, 0, 3)
(1, 1, 3)
(1, 2, 3)
(1, 3, 3)
(1, 4, 3)
(1, 5, 3)
(1, 6, 2)
(1, 7, 2)
(1, 8, 2)
(1, 9, 2)
(1, 10, 2)
(1, 11, 2)
(1, 12, 2)
(1, 13, 2)
(1, 14, 1)
(1, 15, 1)
(1, 16, 1)
(1, 17, 1)
(1, 18, 1)
(1, 19, 1)
(1, 20, 1)
(1, 21, 1)
(1, 22, 1)
(1, 23, 1)
(1, 24, 1)
(1, 25, 1)
(1, 26, 1)
(1, 27, 1)
(1, 28, 1)
(1, 29, 1)
(1, 30, 1)
(1, 31, 1)
(1, 32, 1)
(1, 33, 1)
(1, 34, 1)
(1, 35, 1)
(1, 36, 1)
(1, 37, 1)
(1, 38, 1)
(1, 39, 1)

(2, 0, 3)
(2, 1, 3)
(2, 2, 3)
(2, 3, 3)
(2, 4, 3)
(2, 5, 3)
(2, 6, 2)
(2, 7, 2)
(2, 8, 2)
(2, 9, 2)
(2, 10, 2)
(2, 11, 2)
(2, 12, 2)
(2, 13, 2)
(2, 14, 1)
(2, 15, 1)
(2, 16, 1)
(2, 17, 1)
(2, 18, 1)
(2, 19, 1)
(2, 20, 1)
(2, 21, 1)
(2, 22, 1)
(2, 23, 1)
(2, 24, 1)
(2, 25, 1)
(2, 26, 1)
(2, 27, 1)
(2, 28, 1)
(2, 29, 1)
(2, 30, 1)
(2, 31, 1)
(2, 32, 1)
(2, 33, 1)
(2, 34, 1)
(2, 35, 1)
(2, 36, 1)
(2, 37, 1)
(2, 38, 1)
(2, 39, 1)

(3, 0, 3)
(3, 1, 3)
(3, 2, 3)
(3, 3, 3)
(3, 4, 3)
(3, 5, 3)
(3, 6, 2)
(3, 7, 2)
(3, 8, 2)
(3, 9, 2)
(3, 10, 2)
(3, 11, 2)
(3, 12, 2)
(3, 13, 2)
(3, 14, 1)
(3, 15, 1)
(3, 16, 1)
(3, 17, 1)
(3, 18, 1)
(3, 19, 1)
(3, 20, 1)
(3, 21, 1)
(3, 22, 1)
(3, 23, 1)
(3, 24, 1)
(3, 25, 1)
(3, 26, 1)
(3, 27, 1)
(3, 28, 1)
(3, 29, 1)
(3, 30, 1)
(3, 31, 1)
(3, 32, 1)
(3, 33, 1)
(3, 34, 1)
(3, 35, 1)
(3, 36, 1)
(3, 37, 1)
(3, 38, 1)
(3, 39, 1)

(4, 0, 3)
(4, 1, 3)
(4, 2, 3)
(4, 3, 3)
(4, 4, 3)
(4, 5, 3)
(4, 6, 2)
(4, 7, 2)
(4, 8, 2)
(4, 9, 2)
(4, 10, 2)
(4, 11, 2)
(4, 12, 2)
(4, 13, 2)
(4, 14, 1)
(4, 15, 1)
(4, 16, 1)
(4, 17, 1)
(4, 18, 1)
(4, 19, 1)
(4, 20, 1)
(4, 21, 1)
(4, 22, 1)
(4, 23, 1)
(4, 24, 1)
(4, 25, 1)
(4, 26, 1)
(4, 27, 1)
(4, 28, 1)
(4, 29, 1)
(4, 30, 1)
(4, 31, 1)
(4, 32, 1)
(4, 33, 1)
(4, 34, 1)
(4, 35, 1)
(4, 36, 1)
(4, 37, 1)
(4, 38, 1)
(4, 39, 1)

(5, 0, 3)
(5, 1, 3)
(5, 2, 3)
(5, 3, 3)
(5, 4, 3)
(5, 5, 3)
(5, 6, 2)
(5, 7, 2)
(5, 8, 2)
(5, 9, 2)
(5, 10, 2)
(5, 11, 2)
(5, 12, 2)
(5, 13, 2)
(5, 14, 1)
(5, 15, 1)
(5, 16, 1)
(5, 17, 1)
(5, 18, 1)
(5, 19, 1)
(5, 20, 1)
(5, 21, 1)
(5, 22, 1)
(5, 23, 1)
(5, 24, 1)
(5, 25, 1)
(5, 26, 1)
(5, 27, 1)
(5, 28, 1)
(5, 29, 1)
(5, 30, 1)
(5, 31, 1)
(5, 32, 1)
(5, 33, 1)
(5, 34, 1)
(5, 35, 1)
(5, 36, 1)
(5, 37, 1)
(5, 38, 1)
(5, 39, 1)

(6, 0, 3)
(6, 1, 3)
(6, 2, 3)
(6, 3, 3)
(6, 4, 3)
(6, 5, 3)
(6, 6, 2)
(6, 7, 2)
(6, 8, 2)
(6, 9, 2)
(6, 10, 2)
(6, 11, 2)
(6, 12, 2)
(6, 13, 2)
(6, 14, 1)
(6, 15, 1)
(6, 16, 1)
(6, 17, 1)
(6, 18, 1)
(6, 19, 1)
(6, 20, 1)
(6, 21, 1)
(6, 22, 1)
(6, 23, 1)
(6, 24, 1)
(6, 25, 1)
(6, 26, 1)
(6, 27, 1)
(6, 28, 1)
(6, 29, 1)
(6, 30, 1)
(6, 31, 1)
(6, 32, 1)
(6, 33, 1)
(6, 34, 1)
(6, 35, 1)
(6, 36, 1)
(6, 37, 1)
(6, 38, 1)
(6, 39, 1)

(7, 0, 3)
(7, 1, 3)
(7, 2, 3)
(7, 3, 3)
(7, 4, 3)
(7, 5, 3)
(7, 6, 2)
(7, 7, 2)
(7, 8, 2)
(7, 9, 2)
(7, 10, 2)
(7, 11, 2)
(7, 12, 2)
(7, 13, 2)
(7, 14, 1)
(7, 15, 1)
(7, 16, 1)
(7, 17, 1)
(7, 18, 1)
(7, 19, 1)
(7, 20, 1)
(7, 21, 1)
(7, 22, 1)
(7, 23, 1)
(7, 24, 1)
(7, 25, 1)
(7, 26, 1)
(7, 27, 1)
(7, 28, 1)
(7, 29, 1)
(7, 30, 1)
(7, 31, 1)
(7, 32, 1)
(7, 33, 1)
(7, 34, 1)
(7, 35, 1)
(7, 36, 1)
(7, 37, 1)
(7, 38, 1)
(7, 39, 1)

(8, 0, 3)
(8, 1, 3)
(8, 2, 3)
(8, 3, 3)
(8, 4, 3)
(8, 5, 3)
(8, 6, 2)
(8, 7, 2)
(8, 8, 2)
(8, 9, 2)
(8, 10, 2)
(8, 11, 2)
(8, 12, 2)
(8, 13, 2)
(8, 14, 1)
(8, 15, 1)
(8, 16, 1)
(8, 17, 1)
(8, 18, 1)
(8, 19, 1)
(8, 20, 1)
(8, 21, 1)
(8, 22, 1)
(8, 23, 1)
(8, 24, 1)
(8, 25, 1)
(8, 26, 1)
(8, 27, 1)
(8, 28, 1)
(8, 29, 1)
(8, 30, 1)
(8, 31, 1)
(8, 32, 1)
(8, 33, 1)
(8, 34, 1)
(8, 35, 1)
(8, 36, 1)
(8, 37, 1)
(8, 38, 1)
(8, 39, 1)

(9, 0, 3)
(9, 1, 3)
(9, 2, 3)
(9, 3, 3)
(9, 4, 3)
(9, 5, 3)
(9, 6, 2)
(9, 7, 2)
(9, 8, 2)
(9, 9, 2)
(9, 10, 2)
(9, 11, 2)
(9, 12, 2)
(9, 13, 2)
(9, 14, 1)
(9, 15, 1)
(9, 16, 1)
(9, 17, 1)
(9, 18, 1)
(9, 19, 1)
(9, 20, 1)
(9, 21, 1)
(9, 22, 1)
(9, 23, 1)
(9, 24, 1)
(9, 25, 1)
(9, 26, 1)
(9, 27, 1)
(9, 28, 1)
(9, 29, 1)
(9, 30, 1)
(9, 31, 1)
(9, 32, 1)
(9, 33, 1)
(9, 34, 1)
(9, 35, 1)
(9, 36, 1)
(9, 37, 1)
(9, 38, 1)
(9, 39, 1)

(10, 0, 4)
(10, 1, 4)
(10, 2, 4)
(10, 3, 4)
(10, 4, 4)
(10, 5, 4)
(10, 6, 3)
(10, 7, 3)
(10, 8, 3)
(10, 9, 3)
(10, 10, 3)
(10, 11, 3)
(10, 12, 3)
(10, 13, 3)
(10, 14, 2)
(10, 15, 2)
(10, 16, 2)
(10, 17, 2)
(10, 18, 2)
(10, 19, 2)
(10, 20, 2)
(10, 21, 2)
(10, 22, 2)
(10, 23, 2)
(10, 24, 2)
(10, 25, 2)
(10, 26, 2)
(10, 27, 2)
(10, 28, 2)
(10, 29, 2)
(10, 30, 2)
(10, 31, 2)
(10, 32, 2)
(10, 33, 2)
(10, 34, 2)
(10, 35, 2)
(10, 36, 2)
(10, 37, 2)
(10, 38, 2)
(10, 39, 1)

(11, 0, 6)
(11, 1, 6)
(11, 2, 6)
(11, 3, 6)
(11, 4, 6)
(11, 5, 6)
(11, 6, 5)
(11, 7, 5)
(11, 8, 5)
(11, 9, 5)
(11, 10, 5)
(11, 11, 5)
(11, 12, 5)
(11, 13, 5)
(11, 14, 4)
(11, 15, 3)
(11, 16, 3)
(11, 17, 3)
(11, 18, 3)
(11, 19, 3)
(11, 20, 3)
(11, 21, 3)
(11, 22, 3)
(11, 23, 3)
(11, 24, 3)
(11, 25, 3)
(11, 26, 3)
(11, 27, 3)
(11, 28, 3)
(11, 29, 3)
(11, 30, 3)
(11, 31, 3)
(11, 32, 3)
(11, 33, 3)
(11, 34, 3)
(11, 35, 3)
(11, 36, 3)
(11, 37, 3)
(11, 38, 3)
(11, 39, 2)

(12, 0, 6)
(12, 1, 6)
(12, 2, 6)
(12, 3, 6)
(12, 4, 6)
(12, 5, 6)
(12, 6, 5)
(12, 7, 5)
(12, 8, 5)
(12, 9, 5)
(12, 10, 5)
(12, 11, 5)
(12, 12, 5)
(12, 13, 5)
(12, 14, 4)
(12, 15, 3)
(12, 16, 3)
(12, 17, 3)
(12, 18, 3)
(12, 19, 3)
(12, 20, 3)
(12, 21, 3)
(12, 22, 3)
(12, 23, 3)
(12, 24, 3)
(12, 25, 3)
(12, 26, 3)
(12, 27, 3)
(12, 28, 3)
(12, 29, 3)
(12, 30, 3)
(12, 31, 3)
(12, 32, 3)
(12, 33, 3)
(12, 34, 3)
(12, 35, 3)
(12, 36, 3)
(12, 37, 3)
(12, 38, 3)
(12, 39, 2)

(13, 0, 7)
(13, 1, 7)
(13, 2, 7)
(13, 3, 7)
(13, 4, 7)
(13, 5, 7)
(13, 6, 5)
(13, 7, 5)
(13, 8, 5)
(13, 9, 5)
(13, 10, 5)
(13, 11, 5)
(13, 12, 5)
(13, 13, 5)
(13, 14, 3)
(13, 15, 3)
(13, 16, 3)
(13, 17, 3)
(13, 18, 3)
(13, 19, 3)
(13, 20, 3)
(13, 21, 3)
(13, 22, 3)
(13, 23, 3)
(13, 24, 3)
(13, 25, 3)
(13, 26, 3)
(13, 27, 3)
(13, 28, 3)
(13, 29, 3)
(13, 30, 3)
(13, 31, 3)
(13, 32, 3)
(13, 33, 3)
(13, 34, 3)
(13, 35, 3)
(13, 36, 3)
(13, 37, 3)
(13, 38, 3)
(13, 39, 2)

(14, 0, 7)
(14, 1, 7)
(14, 2, 7)
(14, 3, 7)
(14, 4, 7)
(14, 5, 7)
(14, 6, 5)
(14, 7, 5)
(14, 8, 5)
(14, 9, 5)
(14, 10, 5)
(14, 11, 5)
(14, 12, 5)
(14, 13, 5)
(14, 14, 3)
(14, 15, 3)
(14, 16, 3)
(14, 17, 3)
(14, 18, 3)
(14, 19, 3)
(14, 20, 3)
(14, 21, 3)
(14, 22, 3)
(14, 23, 3)
(14, 24, 3)
(14, 25, 3)
(14, 26, 3)
(14, 27, 3)
(14, 28, 3)
(14, 29, 3)
(14, 30, 3)
(14, 31, 3)
(14, 32, 3)
(14, 33, 3)
(14, 34, 3)
(14, 35, 3)
(14, 36, 3)
(14, 37, 3)
(14, 38, 3)
(14, 39, 2)

(15, 0, 7)
(15, 1, 7)
(15, 2, 7)
(15, 3, 7)
(15, 4, 7)
(15, 5, 7)
(15, 6, 5)
(15, 7, 5)
(15, 8, 5)
(15, 9, 5)
(15, 10, 5)
(15, 11, 5)
(15, 12, 5)
(15, 13, 5)
(15, 14, 3)
(15, 15, 3)
(15, 16, 3)
(15, 17, 3)
(15, 18, 3)
(15, 19, 3)
(15, 20, 3)
(15, 21, 3)
(15, 22, 3)
(15, 23, 3)
(15, 24, 3)
(15, 25, 3)
(15, 26, 3)
(15, 27, 3)
(15, 28, 3)
(15, 29, 3)
(15, 30, 3)
(15, 31, 3)
(15, 32, 3)
(15, 33, 3)
(15, 34, 3)
(15, 35, 3)
(15, 36, 3)
(15, 37, 3)
(15, 38, 3)
(15, 39, 2)

(16, 0, 7)
(16, 1, 7)
(16, 2, 7)
(16, 3, 7)
(16, 4, 7)
(16, 5, 7)
(16, 6, 5)
(16, 7, 5)
(16, 8, 5)
(16, 9, 5)
(16, 10, 5)
(16, 11, 5)
(16, 12, 5)
(16, 13, 5)
(16, 14, 3)
(16, 15, 3)
(16, 16, 3)
(16, 17, 3)
(16, 18, 3)
(16, 19, 3)
(16, 20, 3)
(16, 21, 3)
(16, 22, 3)
(16, 23, 3)
(16, 24, 3)
(16, 25, 3)
(16, 26, 3)
(16, 27, 3)
(16, 28, 3)
(16, 29, 3)
(16, 30, 3)
(16, 31, 3)
(16, 32, 3)
(16, 33, 3)
(16, 34, 3)
(16, 35, 3)
(16, 36, 3)
(16, 37, 3)
(16, 38, 3)
(16, 39, 2)

(17, 0, 7)
(17, 1, 7)
(17, 2, 7)
(17, 3, 7)
(17, 4, 7)
(17, 5, 7)
(17, 6, 5)
(17, 7, 5)
(17, 8, 5)
(17, 9, 5)
(17, 10, 5)
(17, 11, 5)
(17, 12, 5)
(17, 13, 5)
(17, 14, 3)
(17, 15, 3)
(17, 16, 3)
(17, 17, 3)
(17, 18, 3)
(17, 19, 3)
(17, 20, 3)
(17, 21, 3)
(17, 22, 3)
(17, 23, 3)
(17, 24, 3)
(17, 25, 3)
(17, 26, 3)
(17, 27, 3)
(17, 28, 3)
(17, 29, 3)
(17, 30, 3)
(17, 31, 3)
(17, 32, 3)
(17, 33, 3)
(17, 34, 3)
(17, 35, 3)
(17, 36, 3)
(17, 37, 3)
(17, 38, 3)
(17, 39, 2)

(18, 0, 9)
(18, 1, 9)
(18, 2, 9)
(18, 3, 9)
(18, 4, 9)
(18, 5, 9)
(18, 6, 7)
(18, 7, 6)
(18, 8, 6)
(18, 9, 6)
(18, 10, 6)
(18, 11, 6)
(18, 12, 6)
(18, 13, 6)
(18, 14, 4)
(18, 15, 4)
(18, 16, 4)
(18, 17, 4)
(18, 18, 4)
(18, 19, 4)
(18, 20, 4)
(18, 21, 4)
(18, 22, 4)
(18, 23, 4)
(18, 24, 4)
(18, 25, 4)
(18, 26, 4)
(18, 27, 4)
(18, 28, 4)
(18, 29, 4)
(18, 30, 4)
(18, 31, 4)
(18, 32, 4)
(18, 33, 4)
(18, 34, 4)
(18, 35, 4)
(18, 36, 4)
(18, 37, 4)
(18, 38, 4)
(18, 39, 3)

(19, 0, 11)
(19, 1, 11)
(19, 2, 11)
(19, 3, 11)
(19, 4, 11)
(19, 5, 11)
(19, 6, 9)
(19, 7, 8)
(19, 8, 8)
(19, 9, 7)
(19, 10, 7)
(19, 11, 7)
(19, 12, 7)
(19, 13, 7)
(19, 14, 5)
(19, 15, 5)
(19, 16, 5)
(19, 17, 5)
(19, 18, 5)
(19, 19, 5)
(19, 20, 5)
(19, 21, 5)
(19, 22, 5)
(19, 23, 5)
(19, 24, 5)
(19, 25, 5)
(19, 26, 5)
(19, 27, 5)
(19, 28, 5)
(19, 29, 5)
(19, 30, 5)
(19, 31, 5)
(19, 32, 5)
(19, 33, 5)
(19, 34, 5)
(19, 35, 5)
(19, 36, 5)
(19, 37, 5)
(19, 38, 5)
(19, 39, 4)

(20, 0, 18)
(20, 1, 16)
(20, 2, 16)
(20, 3, 15)
(20, 4, 15)
(20, 5, 14)
(20, 6, 12)
(20, 7, 11)
(20, 8, 11)
(20, 9, 10)
(20, 10, 10)
(20, 11, 10)
(20, 12, 10)
(20, 13, 10)
(20, 14, 8)
(20, 15, 7)
(20, 16, 7)
(20, 17, 7)
(20, 18, 7)
(20, 19, 7)
(20, 20, 7)
(20, 21, 7)
(20, 22, 7)
(20, 23, 7)
(20, 24, 7)
(20, 25, 7)
(20, 26, 7)
(20, 27, 7)
(20, 28, 7)
(20, 29, 7)
(20, 30, 7)
(20, 31, 7)
(20, 32, 7)
(20, 33, 7)
(20, 34, 7)
(20, 35, 7)
(20, 36, 7)
(20, 37, 7)
(20, 38, 7)
(20, 39, 5)

(21, 0, 28)
(21, 1, 18)
(21, 2, 18)
(21, 3, 18)
(21, 4, 18)
(21, 5, 17)
(21, 6, 15)
(21, 7, 13)
(21, 8, 13)
(21, 9, 12)
(21, 10, 12)
(21, 11, 12)
(21, 12, 12)
(21, 13, 12)
(21, 14, 10)
(21, 15, 9)
(21, 16, 9)
(21, 17, 9)
(21, 18, 9)
(21, 19, 9)
(21, 20, 9)
(21, 21, 9)
(21, 22, 9)
(21, 23, 9)
(21, 24, 9)
(21, 25, 9)
(21, 26, 9)
(21, 27, 9)
(21, 28, 9)
(21, 29, 9)
(21, 30, 9)
(21, 31, 9)
(21, 32, 9)
(21, 33, 9)
(21, 34, 9)
(21, 35, 9)
(21, 36, 8)
(21, 37, 8)
(21, 38, 8)
(21, 39, 5)

(22, 0, 37)
(22, 1, 19)
(22, 2, 18)
(22, 3, 18)
(22, 4, 18)
(22, 5, 17)
(22, 6, 15)
(22, 7, 13)
(22, 8, 13)
(22, 9, 12)
(22, 10, 12)
(22, 11, 12)
(22, 12, 12)
(22, 13, 12)
(22, 14, 10)
(22, 15, 9)
(22, 16, 9)
(22, 17, 9)
(22, 18, 9)
(22, 19, 9)
(22, 20, 9)
(22, 21, 9)
(22, 22, 9)
(22, 23, 9)
(22, 24, 9)
(22, 25, 9)
(22, 26, 9)
(22, 27, 9)
(22, 28, 9)
(22, 29, 9)
(22, 30, 9)
(22, 31, 9)
(22, 32, 9)
(22, 33, 9)
(22, 34, 9)
(22, 35, 8)
(22, 36, 8)
(22, 37, 8)
(22, 38, 8)
(22, 39, 5)

(23, 0, 41)
(23, 1, 20)
(23, 2, 19)
(23, 3, 19)
(23, 4, 19)
(23, 5, 18)
(23, 6, 16)
(23, 7, 14)
(23, 8, 14)
(23, 9, 13)
(23, 10, 13)
(23, 11, 13)
(23, 12, 13)
(23, 13, 13)
(23, 14, 11)
(23, 15, 10)
(23, 16, 10)
(23, 17, 10)
(23, 18, 10)
(23, 19, 10)
(23, 20, 10)
(23, 21, 10)
(23, 22, 10)
(23, 23, 10)
(23, 24, 10)
(23, 25, 10)
(23, 26, 10)
(23, 27, 10)
(23, 28, 10)
(23, 29, 10)
(23, 30, 10)
(23, 31, 10)
(23, 32, 10)
(23, 33, 10)
(23, 34, 10)
(23, 35, 9)
(23, 36, 9)
(23, 37, 9)
(23, 38, 9)
(23, 39, 6)

(24, 0, 47)
(24, 1, 20)
(24, 2, 19)
(24, 3, 19)
(24, 4, 19)
(24, 5, 18)
(24, 6, 16)
(24, 7, 14)
(24, 8, 14)
(24, 9, 13)
(24, 10, 13)
(24, 11, 13)
(24, 12, 13)
(24, 13, 13)
(24, 14, 11)
(24, 15, 10)
(24, 16, 10)
(24, 17, 10)
(24, 18, 10)
(24, 19, 10)
(24, 20, 10)
(24, 21, 10)
(24, 22, 10)
(24, 23, 10)
(24, 24, 10)
(24, 25, 10)
(24, 26, 10)
(24, 27, 10)
(24, 28, 10)
(24, 29, 10)
(24, 30, 10)
(24, 31, 10)
(24, 32, 10)
(24, 33, 10)
(24, 34, 10)
(24, 35, 9)
(24, 36, 9)
(24, 37, 9)
(24, 38, 9)
(24, 39, 6)

(25, 0, 54)
(25, 1, 22)
(25, 2, 21)
(25, 3, 21)
(25, 4, 21)
(25, 5, 20)
(25, 6, 18)
(25, 7, 16)
(25, 8, 16)
(25, 9, 15)
(25, 10, 15)
(25, 11, 15)
(25, 12, 15)
(25, 13, 15)
(25, 14, 13)
(25, 15, 12)
(25, 16, 12)
(25, 17, 12)
(25, 18, 12)
(25, 19, 12)
(25, 20, 11)
(25, 21, 11)
(25, 22, 11)
(25, 23, 11)
(25, 24, 11)
(25, 25, 11)
(25, 26, 10)
(25, 27, 10)
(25, 28, 10)
(25, 29, 10)
(25, 30, 10)
(25, 31, 10)
(25, 32, 10)
(25, 33, 10)
(25, 34, 10)
(25, 35, 9)
(25, 36, 9)
(25, 37, 9)
(25, 38, 9)
(25, 39, 6)

(26, 0, 59)
(26, 1, 27)
(26, 2, 26)
(26, 3, 26)
(26, 4, 26)
(26, 5, 25)
(26, 6, 20)
(26, 7, 16)
(26, 8, 16)
(26, 9, 15)
(26, 10, 15)
(26, 11, 15)
(26, 12, 15)
(26, 13, 15)
(26, 14, 13)
(26, 15, 12)
(26, 16, 12)
(26, 17, 12)
(26, 18, 12)
(26, 19, 10)
(26, 20, 10)
(26, 21, 10)
(26, 22, 10)
(26, 23, 10)
(26, 24, 10)
(26, 25, 10)
(26, 26, 10)
(26, 27, 10)
(26, 28, 10)
(26, 29, 10)
(26, 30, 10)
(26, 31, 10)
(26, 32, 10)
(26, 33, 10)
(26, 34, 10)
(26, 35, 9)
(26, 36, 9)
(26, 37, 9)
(26, 38, 9)
(26, 39, 6)

(27, 0, 62)
(27, 1, 30)
(27, 2, 29)
(27, 3, 29)
(27, 4, 29)
(27, 5, 28)
(27, 6, 22)
(27, 7, 17)
(27, 8, 17)
(27, 9, 16)
(27, 10, 16)
(27, 11, 16)
(27, 12, 16)
(27, 13, 16)
(27, 14, 14)
(27, 15, 13)
(27, 16, 13)
(27, 17, 13)
(27, 18, 13)
(27, 19, 11)
(27, 20, 11)
(27, 21, 11)
(27, 22, 11)
(27, 23, 11)
(27, 24, 11)
(27, 25, 11)
(27, 26, 11)
(27, 27, 11)
(27, 28, 11)
(27, 29, 11)
(27, 30, 11)
(27, 31, 11)
(27, 32, 11)
(27, 33, 11)
(27, 34, 11)
(27, 35, 10)
(27, 36, 10)
(27, 37, 10)
(27, 38, 10)
(27, 39, 7)

(28, 0, 70)
(28, 1, 32)
(28, 2, 31)
(28, 3, 31)
(28, 4, 31)
(28, 5, 30)
(28, 6, 24)
(28, 7, 18)
(28, 8, 18)
(28, 9, 17)
(28, 10, 17)
(28, 11, 17)
(28, 12, 17)
(28, 13, 17)
(28, 14, 15)
(28, 15, 14)
(28, 16, 14)
(28, 17, 14)
(28, 18, 14)
(28, 19, 12)
(28, 20, 12)
(28, 21, 12)
(28, 22, 12)
(28, 23, 12)
(28, 24, 12)
(28, 25, 12)
(28, 26, 12)
(28, 27, 12)
(28, 28, 12)
(28, 29, 12)
(28, 30, 12)
(28, 31, 12)
(28, 32, 12)
(28, 33, 11)
(28, 34, 11)
(28, 35, 10)
(28, 36, 10)
(28, 37, 10)
(28, 38, 10)
(28, 39, 7)

(29, 0, 80)
(29, 1, 36)
(29, 2, 35)
(29, 3, 34)
(29, 4, 33)
(29, 5, 32)
(29, 6, 26)
(29, 7, 20)
(29, 8, 20)
(29, 9, 19)
(29, 10, 19)
(29, 11, 19)
(29, 12, 19)
(29, 13, 19)
(29, 14, 17)
(29, 15, 16)
(29, 16, 16)
(29, 17, 16)
(29, 18, 16)
(29, 19, 14)
(29, 20, 13)
(29, 21, 13)
(29, 22, 13)
(29, 23, 13)
(29, 24, 13)
(29, 25, 13)
(29, 26, 13)
(29, 27, 13)
(29, 28, 13)
(29, 29, 13)
(29, 30, 13)
(29, 31, 13)
(29, 32, 13)
(29, 33, 12)
(29, 34, 12)
(29, 35, 11)
(29, 36, 11)
(29, 37, 11)
(29, 38, 11)
(29, 39, 6)

(30, 0, 84)
(30, 1, 40)
(30, 2, 39)
(30, 3, 38)
(30, 4, 37)
(30, 5, 36)
(30, 6, 29)
(30, 7, 21)
(30, 8, 21)
(30, 9, 20)
(30, 10, 19)
(30, 11, 19)
(30, 12, 19)
(30, 13, 19)
(30, 14, 17)
(30, 15, 16)
(30, 16, 16)
(30, 17, 16)
(30, 18, 16)
(30, 19, 13)
(30, 20, 13)
(30, 21, 13)
(30, 22, 13)
(30, 23, 13)
(30, 24, 13)
(30, 25, 13)
(30, 26, 13)
(30, 27, 13)
(30, 28, 13)
(30, 29, 13)
(30, 30, 13)
(30, 31, 13)
(30, 32, 13)
(30, 33, 12)
(30, 34, 12)
(30, 35, 11)
(30, 36, 11)
(30, 37, 11)
(30, 38, 11)
(30, 39, 6)

(31, 0, 91)
(31, 1, 47)
(31, 2, 46)
(31, 3, 42)
(31, 4, 41)
(31, 5, 40)
(31, 6, 30)
(31, 7, 21)
(31, 8, 21)
(31, 9, 20)
(31, 10, 19)
(31, 11, 19)
(31, 12, 19)
(31, 13, 19)
(31, 14, 17)
(31, 15, 16)
(31, 16, 16)
(31, 17, 16)
(31, 18, 16)
(31, 19, 13)
(31, 20, 13)
(31, 21, 13)
(31, 22, 13)
(31, 23, 13)
(31, 24, 13)
(31, 25, 13)
(31, 26, 13)
(31, 27, 13)
(31, 28, 13)
(31, 29, 13)
(31, 30, 13)
(31, 31, 13)
(31, 32, 13)
(31, 33, 12)
(31, 34, 12)
(31, 35, 11)
(31, 36, 11)
(31, 37, 11)
(31, 38, 11)
(31, 39, 6)

(32, 0, 100)
(32, 1, 52)
(32, 2, 51)
(32, 3, 46)
(32, 4, 45)
(32, 5, 44)
(32, 6, 34)
(32, 7, 24)
(32, 8, 24)
(32, 9, 22)
(32, 10, 21)
(32, 11, 20)
(32, 12, 20)
(32, 13, 20)
(32, 14, 18)
(32, 15, 17)
(32, 16, 17)
(32, 17, 17)
(32, 18, 17)
(32, 19, 13)
(32, 20, 13)
(32, 21, 13)
(32, 22, 13)
(32, 23, 13)
(32, 24, 13)
(32, 25, 13)
(32, 26, 13)
(32, 27, 13)
(32, 28, 13)
(32, 29, 13)
(32, 30, 13)
(32, 31, 13)
(32, 32, 13)
(32, 33, 12)
(32, 34, 11)
(32, 35, 10)
(32, 36, 10)
(32, 37, 10)
(32, 38, 10)
(32, 39, 6)

(33, 0, 108)
(33, 1, 52)
(33, 2, 51)
(33, 3, 46)
(33, 4, 45)
(33, 5, 44)
(33, 6, 33)
(33, 7, 23)
(33, 8, 23)
(33, 9, 22)
(33, 10, 21)
(33, 11, 20)
(33, 12, 20)
(33, 13, 20)
(33, 14, 18)
(33, 15, 17)
(33, 16, 17)
(33, 17, 17)
(33, 18, 17)
(33, 19, 13)
(33, 20, 13)
(33, 21, 13)
(33, 22, 13)
(33, 23, 13)
(33, 24, 13)
(33, 25, 13)
(33, 26, 13)
(33, 27, 13)
(33, 28, 13)
(33, 29, 13)
(33, 30, 13)
(33, 31, 13)
(33, 32, 13)
(33, 33, 11)
(33, 34, 11)
(33, 35, 10)
(33, 36, 10)
(33, 37, 10)
(33, 38, 10)
(33, 39, 6)

(34, 0, 109)
(34, 1, 53)
(34, 2, 52)
(34, 3, 47)
(34, 4, 46)
(34, 5, 45)
(34, 6, 34)
(34, 7, 24)
(34, 8, 24)
(34, 9, 23)
(34, 10, 22)
(34, 11, 21)
(34, 12, 21)
(34, 13, 21)
(34, 14, 19)
(34, 15, 18)
(34, 16, 18)
(34, 17, 18)
(34, 18, 18)
(34, 19, 14)
(34, 20, 14)
(34, 21, 14)
(34, 22, 14)
(34, 23, 14)
(34, 24, 14)
(34, 25, 14)
(34, 26, 14)
(34, 27, 14)
(34, 28, 14)
(34, 29, 14)
(34, 30, 14)
(34, 31, 14)
(34, 32, 14)
(34, 33, 12)
(34, 34, 12)
(34, 35, 11)
(34, 36, 11)
(34, 37, 11)
(34, 38, 11)
(34, 39, 7)

(35, 0, 109)
(35, 1, 53)
(35, 2, 52)
(35, 3, 47)
(35, 4, 46)
(35, 5, 45)
(35, 6, 34)
(35, 7, 24)
(35, 8, 24)
(35, 9, 23)
(35, 10, 22)
(35, 11, 21)
(35, 12, 21)
(35, 13, 21)
(35, 14, 19)
(35, 15, 18)
(35, 16, 18)
(35, 17, 18)
(35, 18, 18)
(35, 19, 14)
(35, 20, 14)
(35, 21, 14)
(35, 22, 14)
(35, 23, 14)
(35, 24, 14)
(35, 25, 14)
(35, 26, 14)
(35, 27, 14)
(35, 28, 14)
(35, 29, 14)
(35, 30, 14)
(35, 31, 14)
(35, 32, 14)
(35, 33, 12)
(35, 34, 12)
(35, 35, 11)
(35, 36, 11)
(35, 37, 11)
(35, 38, 11)
(35, 39, 7)

(36, 0, 109)
(36, 1, 53)
(36, 2, 52)
(36, 3, 47)
(36, 4, 46)
(36, 5, 45)
(36, 6, 34)
(36, 7, 24)
(36, 8, 24)
(36, 9, 23)
(36, 10, 22)
(36, 11, 21)
(36, 12, 21)
(36, 13, 21)
(36, 14, 19)
(36, 15, 18)
(36, 16, 18)
(36, 17, 18)
(36, 18, 18)
(36, 19, 14)
(36, 20, 14)
(36, 21, 14)
(36, 22, 14)
(36, 23, 14)
(36, 24, 14)
(36, 25, 14)
(36, 26, 14)
(36, 27, 14)
(36, 28, 14)
(36, 29, 14)
(36, 30, 14)
(36, 31, 14)
(36, 32, 14)
(36, 33, 12)
(36, 34, 12)
(36, 35, 11)
(36, 36, 11)
(36, 37, 11)
(36, 38, 11)
(36, 39, 7)

(37, 0, 109)
(37, 1, 53)
(37, 2, 52)
(37, 3, 47)
(37, 4, 46)
(37, 5, 45)
(37, 6, 34)
(37, 7, 24)
(37, 8, 24)
(37, 9, 23)
(37, 10, 22)
(37, 11, 21)
(37, 12, 21)
(37, 13, 21)
(37, 14, 19)
(37, 15, 18)
(37, 16, 18)
(37, 17, 18)
(37, 18, 18)
(37, 19, 14)
(37, 20, 14)
(37, 21, 14)
(37, 22, 14)
(37, 23, 14)
(37, 24, 14)
(37, 25, 14)
(37, 26, 14)
(37, 27, 14)
(37, 28, 14)
(37, 29, 14)
(37, 30, 14)
(37, 31, 14)
(37, 32, 14)
(37, 33, 12)
(37, 34, 12)
(37, 35, 11)
(37, 36, 11)
(37, 37, 11)
(37, 38, 11)
(37, 39, 7)

(38, 0, 109)
(38, 1, 53)
(38, 2, 52)
(38, 3, 47)
(38, 4, 46)
(38, 5, 45)
(38, 6, 34)
(38, 7, 24)
(38, 8, 24)
(38, 9, 23)
(38, 10, 22)
(38, 11, 21)
(38, 12, 21)
(38, 13, 21)
(38, 14, 19)
(38, 15, 18)
(38, 16, 18)
(38, 17, 18)
(38, 18, 18)
(38, 19, 14)
(38, 20, 14)
(38, 21, 14)
(38, 22, 14)
(38, 23, 14)
(38, 24, 14)
(38, 25, 14)
(38, 26, 14)
(38, 27, 14)
(38, 28, 14)
(38, 29, 14)
(38, 30, 14)
(38, 31, 14)
(38, 32, 14)
(38, 33, 12)
(38, 34, 12)
(38, 35, 11)
(38, 36, 11)
(38, 37, 11)
(38, 38, 11)
(38, 39, 7)

(39, 0, 112)
(39, 1, 56)
(39, 2, 55)
(39, 3, 50)
(39, 4, 49)
(39, 5, 48)
(39, 6, 37)
(39, 7, 27)
(39, 8, 27)
(39, 9, 25)
(39, 10, 24)
(39, 11, 23)
(39, 12, 23)
(39, 13, 23)
(39, 14, 21)
(39, 15, 19)
(39, 16, 19)
(39, 17, 19)
(39, 18, 19)
(39, 19, 15)
(39, 20, 15)
(39, 21, 15)
(39, 22, 15)
(39, 23, 15)
(39, 24, 15)
(39, 25, 15)
(39, 26, 15)
(39, 27, 15)
(39, 28, 15)
(39, 29, 15)
(39, 30, 15)
(39, 31, 15)
(39, 32, 15)
(39, 33, 13)
(39, 34, 13)
(39, 35, 12)
(39, 36, 12)
(39, 37, 12)
(39, 38, 12)
(39, 39, 7)


Betti numbers:
xi_0:
(0, 0, 2)
(1, 0, 1)
(10, 0, 1)
(11, 0, 2)
(13, 0, 1)
(18, 0, 2)
(19, 0, 2)
(20, 0, 7)
(21, 0, 10)
(22, 0, 9)
(23, 0, 4)
(24, 0, 6)
(25, 0, 7)
(26, 0, 5)
(27, 0, 3)
(28, 0, 8)
(29, 0, 10)
(30, 0, 4)
(31, 0, 7)
(32, 0, 9)
(33, 0, 8)
(34, 0, 1)
(39, 0, 3)
xi_1:
(0, 15, 1)
(1, 6, 1)
(1, 14, 1)
(10, 39, 1)
(11, 15, 1)
(13, 6, 1)
(13, 14, 1)
(18, 7, 1)
(19, 9, 1)
(20, 1, 2)
(20, 3, 1)
(20, 5, 1)
(20, 15, 1)
(20, 39, 1)
(21, 1, 8)
(21, 7, 1)
(21, 36, 1)
(21, 39, 1)
(22, 1, 8)
(22, 2, 1)
(22, 35, 1)
(23, 1, 3)
(24, 1, 6)
(25, 1, 5)
(25, 20, 1)
(25, 26, 1)
(26, 6, 3)
(26, 7, 2)
(26, 19, 2)
(27, 6, 1)
(27, 7, 1)
(28, 1, 6)
(28, 7, 1)
(28, 33, 1)
(29, 1, 6)
(29, 3, 1)
(29, 4, 1)
(29, 20, 1)
(29, 39, 2)
(30, 6, 1)
(30, 7, 2)
(30, 10, 1)
(30, 19, 1)
(31, 3, 3)
(31, 6, 3)
(31, 7, 1)
(32, 1, 4)
(32, 3, 1)
(32, 7, 1)
(32, 9, 1)
(32, 11, 1)
(32, 19, 1)
(32, 34, 1)
(33, 1, 8)
(33, 6, 1)
(33, 33, 1)
(39, 9, 1)
(39, 15, 1)
(39, 39, 1)
xi_2:
(1, 15, 1)
(13, 15, 1)
(21, 3, 1)
(22, 36, 1)
(26, 20, 1)
(26, 26, 1)
(30, 20, 1)
(32, 39, 1)
(33, 9, 1)
(33, 34, 1)
