x-grades
-317075010491679321/2000000000000000
-154539748701074541/1000000000000000
-301083984312618843/2000000000000000
-73272117805772151/500000000000000
-57018591626711673/400000000000000
-138548722522014063/1000000000000000
-269101931954497887/2000000000000000
-8159575589530239/62500000000000
-253110905775437409/2000000000000000
-24511539268590717/200000000000000
-237119879596376931/2000000000000000
-57281091626711673/500000000000000
-221128853417316453/2000000000000000
-106566670163893107/1000000000000000
-8205513089530239/80000000000000
-24642789268590717/250000000000000
-189146801059195497/2000000000000000
-90575643984832629/1000000000000000
-173155774880135019/2000000000000000
-8258013089530239/100000000000000
-157164748701074541/2000000000000000
-74584617805772151/1000000000000000
-141173722522014063/2000000000000000
-8323638089530239/125000000000000
-25036539268590717/400000000000000
-58593591626711673/1000000000000000
-109191670163893107/2000000000000000
-25299039268590717/500000000000000
-93200643984832629/2000000000000000
-8520513089530239/200000000000000
-77209617805772151/2000000000000000
-8651763089530239/250000000000000
-61218591626711673/2000000000000000
-26611539268590717/1000000000000000
-9045513089530239/400000000000000
-9308013089530239/500000000000000
-29236539268590717/2000000000000000
-10620513089530239/1000000000000000
-13245513089530239/2000000000000000
-21/8

y-grades
9993013/4000000
9993013/2000000
29979039/4000000
9993013/1000000
9993013/800000
29979039/2000000
69951091/4000000
9993013/500000
89937117/4000000
9993013/400000
109923143/4000000
29979039/1000000
129909169/4000000
69951091/2000000
29979039/800000
9993013/250000
169881221/4000000
89937117/2000000
189867247/4000000
9993013/200000
209853273/4000000
109923143/2000000
229839299/4000000
29979039/500000
9993013/160000
129909169/2000000
269811351/4000000
69951091/1000000
289797377/4000000
29979039/400000
309783403/4000000
9993013/125000
329769429/4000000
169881221/2000000
69951091/800000
89937117/1000000
369741481/4000000
189867247/2000000
389727507/4000000
9993013/100000

Dimensions > 0:
(0, 0, 15)
(0, 1, 15)
(0, 2, 15)
(0, 3, 15)
(0, 4, 15)
(0, 5, 15)
(0, 6, 15)
(0, 7, 15)
(0, 8, 15)
(0, 9, 15)
(0, 10, 15)
(0, 11, 15)
(0, 12, 15)
(0, 13, 3)
(0, 14, 3)
(0, 15, 3)
(0, 16, 3)
(0, 17, 3)
(0, 18, 3)
(0, 19, 3)
(0, 20, 3)
(0, 21, 3)
(0, 22, 3)
(0, 23, 3)
(0, 24, 3)
(0, 25, 3)
(0, 26, 3)
(0, 27, 3)
(0, 28, 3)
(0, 29, 3)
(0, 30, 3)
(0, 31, 3)
(0, 32, 3)
(0, 33, 3)
(0, 34, 3)
(0, 35, 2)
(0, 36, 2)
(0, 37, 2)
(0, 38, 2)
(0, 39, 2)

(1, 0, 41)
(1, 1, 41)
(1, 2, 41)
(1, 3, 41)
(1, 4, 41)
(1, 5, 41)
(1, 6, 41)
(1, 7, 41)
(1, 8, 41)
(1, 9, 41)
(1, 10, 35)
(1, 11, 35)
(1, 12, 35)
(1, 13, 13)
(1, 14, 13)
(1, 15, 13)
(1, 16, 13)
(1, 17, 13)
(1, 18, 13)
(1, 19, 13)
(1, 20, 13)
(1, 21, 13)
(1, 22, 13)
(1, 23, 12)
(1, 24, 12)
(1, 25, 12)
(1, 26, 10)
(1, 27, 10)
(1, 28, 10)
(1, 29, 9)
(1, 30, 9)
(1, 31, 8)
(1, 32, 8)
(1, 33, 7)
(1, 34, 7)
(1, 35, 5)
(1, 36, 5)
(1, 37, 5)
(1, 38, 5)
(1, 39, 5)

(2, 0, 64)
(2, 1, 64)
(2, 2, 64)
(2, 3, 64)
(2, 4, 63)
(2, 5, 63)
(2, 6, 63)
(2, 7, 63)
(2, 8, 63)
(2, 9, 63)
(2, 10, 51)
(2, 11, 51)
(2, 12, 51)
(2, 13, 27)
(2, 14, 27)
(2, 15, 27)
(2, 16, 27)
(2, 17, 27)
(2, 18, 27)
(2, 19, 27)
(2, 20, 27)
(2, 21, 27)
(2, 22, 27)
(2, 23, 25)
(2, 24, 25)
(2, 25, 25)
(2, 26, 22)
(2, 27, 21)
(2, 28, 20)
(2, 29, 18)
(2, 30, 17)
(2, 31, 15)
(2, 32, 14)
(2, 33, 12)
(2, 34, 12)
(2, 35, 9)
(2, 36, 9)
(2, 37, 9)
(2, 38, 9)
(2, 39, 9)

(3, 0, 82)
(3, 1, 82)
(3, 2, 82)
(3, 3, 82)
(3, 4, 81)
(3, 5, 81)
(3, 6, 81)
(3, 7, 81)
(3, 8, 81)
(3, 9, 81)
(3, 10, 69)
(3, 11, 69)
(3, 12, 69)
(3, 13, 45)
(3, 14, 45)
(3, 15, 45)
(3, 16, 45)
(3, 17, 45)
(3, 18, 45)
(3, 19, 45)
(3, 20, 45)
(3, 21, 45)
(3, 22, 45)
(3, 23, 43)
(3, 24, 43)
(3, 25, 41)
(3, 26, 37)
(3, 27, 35)
(3, 28, 33)
(3, 29, 31)
(3, 30, 29)
(3, 31, 27)
(3, 32, 25)
(3, 33, 23)
(3, 34, 23)
(3, 35, 19)
(3, 36, 19)
(3, 37, 19)
(3, 38, 19)
(3, 39, 16)

(4, 0, 106)
(4, 1, 106)
(4, 2, 106)
(4, 3, 104)
(4, 4, 103)
(4, 5, 103)
(4, 6, 103)
(4, 7, 103)
(4, 8, 103)
(4, 9, 103)
(4, 10, 91)
(4, 11, 91)
(4, 12, 91)
(4, 13, 67)
(4, 14, 67)
(4, 15, 67)
(4, 16, 67)
(4, 17, 67)
(4, 18, 67)
(4, 19, 67)
(4, 20, 67)
(4, 21, 67)
(4, 22, 67)
(4, 23, 65)
(4, 24, 65)
(4, 25, 59)
(4, 26, 52)
(4, 27, 49)
(4, 28, 46)
(4, 29, 43)
(4, 30, 41)
(4, 31, 39)
(4, 32, 37)
(4, 33, 35)
(4, 34, 33)
(4, 35, 29)
(4, 36, 29)
(4, 37, 29)
(4, 38, 29)
(4, 39, 24)

(5, 0, 129)
(5, 1, 129)
(5, 2, 129)
(5, 3, 127)
(5, 4, 126)
(5, 5, 126)
(5, 6, 126)
(5, 7, 126)
(5, 8, 126)
(5, 9, 126)
(5, 10, 114)
(5, 11, 114)
(5, 12, 114)
(5, 13, 90)
(5, 14, 90)
(5, 15, 90)
(5, 16, 90)
(5, 17, 90)
(5, 18, 90)
(5, 19, 90)
(5, 20, 90)
(5, 21, 90)
(5, 22, 90)
(5, 23, 88)
(5, 24, 88)
(5, 25, 80)
(5, 26, 72)
(5, 27, 68)
(5, 28, 64)
(5, 29, 61)
(5, 30, 59)
(5, 31, 56)
(5, 32, 54)
(5, 33, 51)
(5, 34, 41)
(5, 35, 36)
(5, 36, 36)
(5, 37, 35)
(5, 38, 35)
(5, 39, 30)

(6, 0, 161)
(6, 1, 161)
(6, 2, 160)
(6, 3, 157)
(6, 4, 156)
(6, 5, 145)
(6, 6, 145)
(6, 7, 145)
(6, 8, 145)
(6, 9, 144)
(6, 10, 132)
(6, 11, 132)
(6, 12, 132)
(6, 13, 108)
(6, 14, 108)
(6, 15, 107)
(6, 16, 107)
(6, 17, 107)
(6, 18, 107)
(6, 19, 107)
(6, 20, 107)
(6, 21, 107)
(6, 22, 107)
(6, 23, 105)
(6, 24, 105)
(6, 25, 97)
(6, 26, 89)
(6, 27, 85)
(6, 28, 81)
(6, 29, 77)
(6, 30, 75)
(6, 31, 71)
(6, 32, 69)
(6, 33, 65)
(6, 34, 46)
(6, 35, 40)
(6, 36, 40)
(6, 37, 39)
(6, 38, 39)
(6, 39, 33)

(7, 0, 216)
(7, 1, 214)
(7, 2, 211)
(7, 3, 207)
(7, 4, 203)
(7, 5, 181)
(7, 6, 160)
(7, 7, 160)
(7, 8, 160)
(7, 9, 158)
(7, 10, 146)
(7, 11, 146)
(7, 12, 146)
(7, 13, 122)
(7, 14, 122)
(7, 15, 120)
(7, 16, 120)
(7, 17, 119)
(7, 18, 119)
(7, 19, 118)
(7, 20, 118)
(7, 21, 118)
(7, 22, 118)
(7, 23, 116)
(7, 24, 116)
(7, 25, 108)
(7, 26, 100)
(7, 27, 96)
(7, 28, 92)
(7, 29, 88)
(7, 30, 86)
(7, 31, 82)
(7, 32, 80)
(7, 33, 76)
(7, 34, 54)
(7, 35, 48)
(7, 36, 48)
(7, 37, 46)
(7, 38, 46)
(7, 39, 39)

(8, 0, 221)
(8, 1, 219)
(8, 2, 216)
(8, 3, 212)
(8, 4, 208)
(8, 5, 186)
(8, 6, 165)
(8, 7, 165)
(8, 8, 165)
(8, 9, 163)
(8, 10, 151)
(8, 11, 151)
(8, 12, 151)
(8, 13, 127)
(8, 14, 127)
(8, 15, 125)
(8, 16, 125)
(8, 17, 124)
(8, 18, 124)
(8, 19, 123)
(8, 20, 123)
(8, 21, 123)
(8, 22, 123)
(8, 23, 121)
(8, 24, 121)
(8, 25, 113)
(8, 26, 105)
(8, 27, 101)
(8, 28, 97)
(8, 29, 93)
(8, 30, 90)
(8, 31, 86)
(8, 32, 84)
(8, 33, 80)
(8, 34, 58)
(8, 35, 52)
(8, 36, 52)
(8, 37, 50)
(8, 38, 50)
(8, 39, 43)

(9, 0, 221)
(9, 1, 219)
(9, 2, 216)
(9, 3, 212)
(9, 4, 208)
(9, 5, 186)
(9, 6, 165)
(9, 7, 165)
(9, 8, 165)
(9, 9, 163)
(9, 10, 151)
(9, 11, 151)
(9, 12, 151)
(9, 13, 127)
(9, 14, 127)
(9, 15, 125)
(9, 16, 125)
(9, 17, 124)
(9, 18, 124)
(9, 19, 123)
(9, 20, 123)
(9, 21, 123)
(9, 22, 123)
(9, 23, 121)
(9, 24, 121)
(9, 25, 113)
(9, 26, 105)
(9, 27, 101)
(9, 28, 97)
(9, 29, 93)
(9, 30, 90)
(9, 31, 86)
(9, 32, 84)
(9, 33, 80)
(9, 34, 58)
(9, 35, 52)
(9, 36, 52)
(9, 37, 50)
(9, 38, 50)
(9, 39, 43)

(10, 0, 221)
(10, 1, 219)
(10, 2, 216)
(10, 3, 212)
(10, 4, 208)
(10, 5, 186)
(10, 6, 165)
(10, 7, 165)
(10, 8, 165)
(10, 9, 163)
(10, 10, 151)
(10, 11, 151)
(10, 12, 151)
(10, 13, 127)
(10, 14, 127)
(10, 15, 125)
(10, 16, 125)
(10, 17, 124)
(10, 18, 124)
(10, 19, 123)
(10, 20, 123)
(10, 21, 123)
(10, 22, 123)
(10, 23, 121)
(10, 24, 121)
(10, 25, 113)
(10, 26, 105)
(10, 27, 101)
(10, 28, 97)
(10, 29, 93)
(10, 30, 90)
(10, 31, 86)
(10, 32, 84)
(10, 33, 80)
(10, 34, 58)
(10, 35, 52)
(10, 36, 52)
(10, 37, 50)
(10, 38, 50)
(10, 39, 43)

(11, 0, 221)
(11, 1, 219)
(11, 2, 216)
(11, 3, 212)
(11, 4, 208)
(11, 5, 186)
(11, 6, 165)
(11, 7, 165)
(11, 8, 165)
(11, 9, 163)
(11, 10, 151)
(11, 11, 151)
(11, 12, 151)
(11, 13, 127)
(11, 14, 127)
(11, 15, 125)
(11, 16, 125)
(11, 17, 124)
(11, 18, 124)
(11, 19, 123)
(11, 20, 123)
(11, 21, 123)
(11, 22, 123)
(11, 23, 121)
(11, 24, 121)
(11, 25, 113)
(11, 26, 105)
(11, 27, 101)
(11, 28, 97)
(11, 29, 93)
(11, 30, 90)
(11, 31, 86)
(11, 32, 84)
(11, 33, 80)
(11, 34, 58)
(11, 35, 52)
(11, 36, 52)
(11, 37, 50)
(11, 38, 50)
(11, 39, 43)

(12, 0, 221)
(12, 1, 219)
(12, 2, 216)
(12, 3, 212)
(12, 4, 208)
(12, 5, 186)
(12, 6, 165)
(12, 7, 165)
(12, 8, 165)
(12, 9, 163)
(12, 10, 151)
(12, 11, 151)
(12, 12, 151)
(12, 13, 127)
(12, 14, 127)
(12, 15, 125)
(12, 16, 125)
(12, 17, 124)
(12, 18, 124)
(12, 19, 123)
(12, 20, 123)
(12, 21, 123)
(12, 22, 123)
(12, 23, 121)
(12, 24, 121)
(12, 25, 113)
(12, 26, 105)
(12, 27, 101)
(12, 28, 97)
(12, 29, 93)
(12, 30, 90)
(12, 31, 86)
(12, 32, 84)
(12, 33, 80)
(12, 34, 58)
(12, 35, 52)
(12, 36, 52)
(12, 37, 50)
(12, 38, 50)
(12, 39, 43)

(13, 0, 221)
(13, 1, 219)
(13, 2, 216)
(13, 3, 212)
(13, 4, 208)
(13, 5, 186)
(13, 6, 165)
(13, 7, 165)
(13, 8, 165)
(13, 9, 163)
(13, 10, 151)
(13, 11, 151)
(13, 12, 151)
(13, 13, 127)
(13, 14, 127)
(13, 15, 125)
(13, 16, 125)
(13, 17, 124)
(13, 18, 124)
(13, 19, 123)
(13, 20, 123)
(13, 21, 123)
(13, 22, 123)
(13, 23, 121)
(13, 24, 121)
(13, 25, 113)
(13, 26, 105)
(13, 27, 101)
(13, 28, 97)
(13, 29, 93)
(13, 30, 90)
(13, 31, 86)
(13, 32, 84)
(13, 33, 80)
(13, 34, 58)
(13, 35, 52)
(13, 36, 52)
(13, 37, 50)
(13, 38, 50)
(13, 39, 43)

(14, 0, 226)
(14, 1, 224)
(14, 2, 221)
(14, 3, 217)
(14, 4, 213)
(14, 5, 191)
(14, 6, 170)
(14, 7, 170)
(14, 8, 170)
(14, 9, 168)
(14, 10, 156)
(14, 11, 156)
(14, 12, 156)
(14, 13, 129)
(14, 14, 129)
(14, 15, 127)
(14, 16, 127)
(14, 17, 126)
(14, 18, 126)
(14, 19, 125)
(14, 20, 125)
(14, 21, 125)
(14, 22, 125)
(14, 23, 123)
(14, 24, 123)
(14, 25, 115)
(14, 26, 107)
(14, 27, 103)
(14, 28, 99)
(14, 29, 95)
(14, 30, 92)
(14, 31, 88)
(14, 32, 86)
(14, 33, 82)
(14, 34, 60)
(14, 35, 54)
(14, 36, 54)
(14, 37, 52)
(14, 38, 52)
(14, 39, 45)

(15, 0, 234)
(15, 1, 232)
(15, 2, 229)
(15, 3, 225)
(15, 4, 221)
(15, 5, 199)
(15, 6, 178)
(15, 7, 178)
(15, 8, 178)
(15, 9, 176)
(15, 10, 164)
(15, 11, 164)
(15, 12, 164)
(15, 13, 129)
(15, 14, 129)
(15, 15, 127)
(15, 16, 127)
(15, 17, 126)
(15, 18, 126)
(15, 19, 125)
(15, 20, 125)
(15, 21, 125)
(15, 22, 125)
(15, 23, 123)
(15, 24, 123)
(15, 25, 115)
(15, 26, 107)
(15, 27, 103)
(15, 28, 99)
(15, 29, 95)
(15, 30, 92)
(15, 31, 88)
(15, 32, 86)
(15, 33, 82)
(15, 34, 60)
(15, 35, 54)
(15, 36, 54)
(15, 37, 52)
(15, 38, 52)
(15, 39, 45)

(16, 0, 240)
(16, 1, 238)
(16, 2, 234)
(16, 3, 230)
(16, 4, 226)
(16, 5, 204)
(16, 6, 183)
(16, 7, 183)
(16, 8, 183)
(16, 9, 181)
(16, 10, 169)
(16, 11, 169)
(16, 12, 169)
(16, 13, 131)
(16, 14, 131)
(16, 15, 129)
(16, 16, 129)
(16, 17, 128)
(16, 18, 128)
(16, 19, 127)
(16, 20, 127)
(16, 21, 127)
(16, 22, 127)
(16, 23, 125)
(16, 24, 125)
(16, 25, 117)
(16, 26, 109)
(16, 27, 105)
(16, 28, 101)
(16, 29, 97)
(16, 30, 94)
(16, 31, 90)
(16, 32, 88)
(16, 33, 84)
(16, 34, 62)
(16, 35, 56)
(16, 36, 56)
(16, 37, 54)
(16, 38, 54)
(16, 39, 47)

(17, 0, 247)
(17, 1, 245)
(17, 2, 241)
(17, 3, 237)
(17, 4, 233)
(17, 5, 211)
(17, 6, 190)
(17, 7, 190)
(17, 8, 190)
(17, 9, 188)
(17, 10, 176)
(17, 11, 176)
(17, 12, 176)
(17, 13, 131)
(17, 14, 131)
(17, 15, 129)
(17, 16, 129)
(17, 17, 128)
(17, 18, 128)
(17, 19, 127)
(17, 20, 127)
(17, 21, 127)
(17, 22, 127)
(17, 23, 125)
(17, 24, 125)
(17, 25, 117)
(17, 26, 109)
(17, 27, 105)
(17, 28, 101)
(17, 29, 97)
(17, 30, 94)
(17, 31, 90)
(17, 32, 88)
(17, 33, 84)
(17, 34, 62)
(17, 35, 56)
(17, 36, 56)
(17, 37, 54)
(17, 38, 54)
(17, 39, 47)

(18, 0, 263)
(18, 1, 260)
(18, 2, 255)
(18, 3, 251)
(18, 4, 247)
(18, 5, 225)
(18, 6, 204)
(18, 7, 204)
(18, 8, 204)
(18, 9, 202)
(18, 10, 182)
(18, 11, 182)
(18, 12, 182)
(18, 13, 134)
(18, 14, 134)
(18, 15, 132)
(18, 16, 132)
(18, 17, 131)
(18, 18, 131)
(18, 19, 130)
(18, 20, 130)
(18, 21, 130)
(18, 22, 130)
(18, 23, 128)
(18, 24, 128)
(18, 25, 120)
(18, 26, 112)
(18, 27, 108)
(18, 28, 104)
(18, 29, 100)
(18, 30, 97)
(18, 31, 93)
(18, 32, 91)
(18, 33, 87)
(18, 34, 65)
(18, 35, 58)
(18, 36, 58)
(18, 37, 56)
(18, 38, 56)
(18, 39, 49)

(19, 0, 274)
(19, 1, 270)
(19, 2, 265)
(19, 3, 261)
(19, 4, 257)
(19, 5, 235)
(19, 6, 214)
(19, 7, 214)
(19, 8, 214)
(19, 9, 212)
(19, 10, 188)
(19, 11, 188)
(19, 12, 188)
(19, 13, 140)
(19, 14, 140)
(19, 15, 138)
(19, 16, 138)
(19, 17, 137)
(19, 18, 137)
(19, 19, 136)
(19, 20, 136)
(19, 21, 136)
(19, 22, 136)
(19, 23, 134)
(19, 24, 132)
(19, 25, 124)
(19, 26, 116)
(19, 27, 112)
(19, 28, 108)
(19, 29, 104)
(19, 30, 101)
(19, 31, 97)
(19, 32, 95)
(19, 33, 91)
(19, 34, 69)
(19, 35, 62)
(19, 36, 62)
(19, 37, 60)
(19, 38, 60)
(19, 39, 53)

(20, 0, 285)
(20, 1, 281)
(20, 2, 276)
(20, 3, 272)
(20, 4, 268)
(20, 5, 246)
(20, 6, 225)
(20, 7, 225)
(20, 8, 225)
(20, 9, 223)
(20, 10, 199)
(20, 11, 199)
(20, 12, 199)
(20, 13, 151)
(20, 14, 151)
(20, 15, 149)
(20, 16, 149)
(20, 17, 148)
(20, 18, 148)
(20, 19, 147)
(20, 20, 147)
(20, 21, 147)
(20, 22, 147)
(20, 23, 145)
(20, 24, 143)
(20, 25, 135)
(20, 26, 127)
(20, 27, 123)
(20, 28, 117)
(20, 29, 113)
(20, 30, 110)
(20, 31, 106)
(20, 32, 102)
(20, 33, 98)
(20, 34, 76)
(20, 35, 69)
(20, 36, 69)
(20, 37, 67)
(20, 38, 67)
(20, 39, 58)

(21, 0, 294)
(21, 1, 290)
(21, 2, 285)
(21, 3, 281)
(21, 4, 277)
(21, 5, 255)
(21, 6, 234)
(21, 7, 234)
(21, 8, 234)
(21, 9, 232)
(21, 10, 208)
(21, 11, 208)
(21, 12, 208)
(21, 13, 160)
(21, 14, 160)
(21, 15, 158)
(21, 16, 158)
(21, 17, 157)
(21, 18, 157)
(21, 19, 156)
(21, 20, 156)
(21, 21, 156)
(21, 22, 156)
(21, 23, 154)
(21, 24, 152)
(21, 25, 144)
(21, 26, 136)
(21, 27, 132)
(21, 28, 126)
(21, 29, 122)
(21, 30, 119)
(21, 31, 115)
(21, 32, 111)
(21, 33, 107)
(21, 34, 85)
(21, 35, 76)
(21, 36, 76)
(21, 37, 74)
(21, 38, 72)
(21, 39, 63)

(22, 0, 300)
(22, 1, 296)
(22, 2, 291)
(22, 3, 287)
(22, 4, 283)
(22, 5, 261)
(22, 6, 240)
(22, 7, 240)
(22, 8, 240)
(22, 9, 238)
(22, 10, 214)
(22, 11, 214)
(22, 12, 214)
(22, 13, 166)
(22, 14, 166)
(22, 15, 164)
(22, 16, 164)
(22, 17, 163)
(22, 18, 163)
(22, 19, 162)
(22, 20, 162)
(22, 21, 162)
(22, 22, 162)
(22, 23, 160)
(22, 24, 158)
(22, 25, 150)
(22, 26, 142)
(22, 27, 138)
(22, 28, 132)
(22, 29, 128)
(22, 30, 125)
(22, 31, 121)
(22, 32, 117)
(22, 33, 113)
(22, 34, 91)
(22, 35, 80)
(22, 36, 80)
(22, 37, 76)
(22, 38, 74)
(22, 39, 63)

(23, 0, 310)
(23, 1, 306)
(23, 2, 301)
(23, 3, 296)
(23, 4, 292)
(23, 5, 270)
(23, 6, 249)
(23, 7, 249)
(23, 8, 249)
(23, 9, 247)
(23, 10, 223)
(23, 11, 223)
(23, 12, 223)
(23, 13, 175)
(23, 14, 175)
(23, 15, 173)
(23, 16, 173)
(23, 17, 172)
(23, 18, 172)
(23, 19, 171)
(23, 20, 171)
(23, 21, 171)
(23, 22, 171)
(23, 23, 169)
(23, 24, 167)
(23, 25, 159)
(23, 26, 151)
(23, 27, 147)
(23, 28, 141)
(23, 29, 137)
(23, 30, 134)
(23, 31, 130)
(23, 32, 126)
(23, 33, 122)
(23, 34, 98)
(23, 35, 87)
(23, 36, 87)
(23, 37, 83)
(23, 38, 81)
(23, 39, 70)

(24, 0, 321)
(24, 1, 317)
(24, 2, 312)
(24, 3, 307)
(24, 4, 303)
(24, 5, 281)
(24, 6, 260)
(24, 7, 260)
(24, 8, 260)
(24, 9, 258)
(24, 10, 234)
(24, 11, 234)
(24, 12, 234)
(24, 13, 186)
(24, 14, 186)
(24, 15, 184)
(24, 16, 184)
(24, 17, 183)
(24, 18, 183)
(24, 19, 182)
(24, 20, 182)
(24, 21, 182)
(24, 22, 182)
(24, 23, 180)
(24, 24, 178)
(24, 25, 170)
(24, 26, 162)
(24, 27, 158)
(24, 28, 152)
(24, 29, 148)
(24, 30, 145)
(24, 31, 141)
(24, 32, 137)
(24, 33, 131)
(24, 34, 107)
(24, 35, 96)
(24, 36, 96)
(24, 37, 92)
(24, 38, 90)
(24, 39, 79)

(25, 0, 327)
(25, 1, 323)
(25, 2, 318)
(25, 3, 313)
(25, 4, 309)
(25, 5, 287)
(25, 6, 266)
(25, 7, 266)
(25, 8, 266)
(25, 9, 264)
(25, 10, 240)
(25, 11, 240)
(25, 12, 240)
(25, 13, 192)
(25, 14, 192)
(25, 15, 190)
(25, 16, 190)
(25, 17, 189)
(25, 18, 189)
(25, 19, 188)
(25, 20, 188)
(25, 21, 188)
(25, 22, 188)
(25, 23, 186)
(25, 24, 184)
(25, 25, 176)
(25, 26, 168)
(25, 27, 164)
(25, 28, 158)
(25, 29, 154)
(25, 30, 149)
(25, 31, 143)
(25, 32, 139)
(25, 33, 133)
(25, 34, 109)
(25, 35, 98)
(25, 36, 98)
(25, 37, 94)
(25, 38, 92)
(25, 39, 81)

(26, 0, 337)
(26, 1, 333)
(26, 2, 328)
(26, 3, 323)
(26, 4, 319)
(26, 5, 297)
(26, 6, 276)
(26, 7, 276)
(26, 8, 276)
(26, 9, 274)
(26, 10, 250)
(26, 11, 250)
(26, 12, 250)
(26, 13, 202)
(26, 14, 202)
(26, 15, 200)
(26, 16, 200)
(26, 17, 199)
(26, 18, 199)
(26, 19, 198)
(26, 20, 198)
(26, 21, 198)
(26, 22, 198)
(26, 23, 196)
(26, 24, 194)
(26, 25, 186)
(26, 26, 178)
(26, 27, 174)
(26, 28, 166)
(26, 29, 160)
(26, 30, 155)
(26, 31, 149)
(26, 32, 145)
(26, 33, 139)
(26, 34, 115)
(26, 35, 104)
(26, 36, 104)
(26, 37, 100)
(26, 38, 98)
(26, 39, 87)

(27, 0, 345)
(27, 1, 341)
(27, 2, 336)
(27, 3, 331)
(27, 4, 327)
(27, 5, 305)
(27, 6, 284)
(27, 7, 284)
(27, 8, 284)
(27, 9, 282)
(27, 10, 258)
(27, 11, 258)
(27, 12, 258)
(27, 13, 210)
(27, 14, 210)
(27, 15, 208)
(27, 16, 208)
(27, 17, 207)
(27, 18, 207)
(27, 19, 206)
(27, 20, 206)
(27, 21, 206)
(27, 22, 206)
(27, 23, 204)
(27, 24, 202)
(27, 25, 194)
(27, 26, 186)
(27, 27, 180)
(27, 28, 172)
(27, 29, 166)
(27, 30, 159)
(27, 31, 153)
(27, 32, 149)
(27, 33, 143)
(27, 34, 119)
(27, 35, 108)
(27, 36, 108)
(27, 37, 104)
(27, 38, 100)
(27, 39, 89)

(28, 0, 355)
(28, 1, 351)
(28, 2, 346)
(28, 3, 341)
(28, 4, 337)
(28, 5, 315)
(28, 6, 294)
(28, 7, 294)
(28, 8, 294)
(28, 9, 292)
(28, 10, 268)
(28, 11, 268)
(28, 12, 268)
(28, 13, 220)
(28, 14, 220)
(28, 15, 218)
(28, 16, 218)
(28, 17, 217)
(28, 18, 217)
(28, 19, 216)
(28, 20, 216)
(28, 21, 216)
(28, 22, 216)
(28, 23, 214)
(28, 24, 212)
(28, 25, 204)
(28, 26, 196)
(28, 27, 190)
(28, 28, 182)
(28, 29, 176)
(28, 30, 169)
(28, 31, 163)
(28, 32, 159)
(28, 33, 151)
(28, 34, 127)
(28, 35, 116)
(28, 36, 114)
(28, 37, 110)
(28, 38, 100)
(28, 39, 87)

(29, 0, 362)
(29, 1, 358)
(29, 2, 353)
(29, 3, 348)
(29, 4, 344)
(29, 5, 322)
(29, 6, 301)
(29, 7, 301)
(29, 8, 301)
(29, 9, 299)
(29, 10, 275)
(29, 11, 275)
(29, 12, 275)
(29, 13, 227)
(29, 14, 227)
(29, 15, 225)
(29, 16, 225)
(29, 17, 224)
(29, 18, 224)
(29, 19, 223)
(29, 20, 223)
(29, 21, 223)
(29, 22, 223)
(29, 23, 221)
(29, 24, 219)
(29, 25, 211)
(29, 26, 203)
(29, 27, 197)
(29, 28, 189)
(29, 29, 183)
(29, 30, 176)
(29, 31, 170)
(29, 32, 166)
(29, 33, 158)
(29, 34, 134)
(29, 35, 123)
(29, 36, 121)
(29, 37, 117)
(29, 38, 104)
(29, 39, 91)

(30, 0, 367)
(30, 1, 363)
(30, 2, 358)
(30, 3, 353)
(30, 4, 349)
(30, 5, 327)
(30, 6, 306)
(30, 7, 306)
(30, 8, 306)
(30, 9, 304)
(30, 10, 280)
(30, 11, 280)
(30, 12, 280)
(30, 13, 232)
(30, 14, 232)
(30, 15, 230)
(30, 16, 230)
(30, 17, 229)
(30, 18, 229)
(30, 19, 228)
(30, 20, 228)
(30, 21, 228)
(30, 22, 228)
(30, 23, 226)
(30, 24, 224)
(30, 25, 216)
(30, 26, 208)
(30, 27, 202)
(30, 28, 194)
(30, 29, 188)
(30, 30, 181)
(30, 31, 175)
(30, 32, 171)
(30, 33, 163)
(30, 34, 139)
(30, 35, 128)
(30, 36, 126)
(30, 37, 122)
(30, 38, 106)
(30, 39, 93)

(31, 0, 375)
(31, 1, 371)
(31, 2, 366)
(31, 3, 361)
(31, 4, 357)
(31, 5, 335)
(31, 6, 314)
(31, 7, 314)
(31, 8, 314)
(31, 9, 312)
(31, 10, 288)
(31, 11, 288)
(31, 12, 288)
(31, 13, 240)
(31, 14, 240)
(31, 15, 238)
(31, 16, 238)
(31, 17, 237)
(31, 18, 237)
(31, 19, 236)
(31, 20, 236)
(31, 21, 236)
(31, 22, 236)
(31, 23, 234)
(31, 24, 232)
(31, 25, 224)
(31, 26, 216)
(31, 27, 210)
(31, 28, 202)
(31, 29, 196)
(31, 30, 189)
(31, 31, 183)
(31, 32, 179)
(31, 33, 171)
(31, 34, 147)
(31, 35, 136)
(31, 36, 134)
(31, 37, 130)
(31, 38, 110)
(31, 39, 97)

(32, 0, 388)
(32, 1, 384)
(32, 2, 379)
(32, 3, 374)
(32, 4, 370)
(32, 5, 341)
(32, 6, 320)
(32, 7, 320)
(32, 8, 320)
(32, 9, 318)
(32, 10, 294)
(32, 11, 294)
(32, 12, 294)
(32, 13, 246)
(32, 14, 246)
(32, 15, 242)
(32, 16, 242)
(32, 17, 241)
(32, 18, 241)
(32, 19, 240)
(32, 20, 240)
(32, 21, 240)
(32, 22, 240)
(32, 23, 238)
(32, 24, 236)
(32, 25, 228)
(32, 26, 220)
(32, 27, 214)
(32, 28, 206)
(32, 29, 200)
(32, 30, 193)
(32, 31, 187)
(32, 32, 183)
(32, 33, 175)
(32, 34, 151)
(32, 35, 140)
(32, 36, 138)
(32, 37, 134)
(32, 38, 112)
(32, 39, 99)

(33, 0, 418)
(33, 1, 414)
(33, 2, 408)
(33, 3, 402)
(33, 4, 397)
(33, 5, 350)
(33, 6, 325)
(33, 7, 325)
(33, 8, 325)
(33, 9, 323)
(33, 10, 299)
(33, 11, 299)
(33, 12, 299)
(33, 13, 251)
(33, 14, 251)
(33, 15, 247)
(33, 16, 247)
(33, 17, 246)
(33, 18, 246)
(33, 19, 244)
(33, 20, 243)
(33, 21, 243)
(33, 22, 243)
(33, 23, 241)
(33, 24, 239)
(33, 25, 231)
(33, 26, 223)
(33, 27, 217)
(33, 28, 209)
(33, 29, 203)
(33, 30, 196)
(33, 31, 190)
(33, 32, 186)
(33, 33, 178)
(33, 34, 154)
(33, 35, 143)
(33, 36, 141)
(33, 37, 137)
(33, 38, 115)
(33, 39, 102)

(34, 0, 438)
(34, 1, 434)
(34, 2, 426)
(34, 3, 420)
(34, 4, 415)
(34, 5, 367)
(34, 6, 328)
(34, 7, 328)
(34, 8, 328)
(34, 9, 326)
(34, 10, 302)
(34, 11, 302)
(34, 12, 302)
(34, 13, 254)
(34, 14, 254)
(34, 15, 250)
(34, 16, 250)
(34, 17, 249)
(34, 18, 249)
(34, 19, 247)
(34, 20, 246)
(34, 21, 246)
(34, 22, 246)
(34, 23, 244)
(34, 24, 242)
(34, 25, 234)
(34, 26, 226)
(34, 27, 220)
(34, 28, 212)
(34, 29, 206)
(34, 30, 199)
(34, 31, 193)
(34, 32, 189)
(34, 33, 181)
(34, 34, 157)
(34, 35, 146)
(34, 36, 144)
(34, 37, 140)
(34, 38, 118)
(34, 39, 105)

(35, 0, 441)
(35, 1, 437)
(35, 2, 429)
(35, 3, 423)
(35, 4, 418)
(35, 5, 370)
(35, 6, 328)
(35, 7, 328)
(35, 8, 328)
(35, 9, 326)
(35, 10, 302)
(35, 11, 302)
(35, 12, 302)
(35, 13, 254)
(35, 14, 254)
(35, 15, 250)
(35, 16, 250)
(35, 17, 249)
(35, 18, 249)
(35, 19, 247)
(35, 20, 246)
(35, 21, 246)
(35, 22, 246)
(35, 23, 244)
(35, 24, 242)
(35, 25, 234)
(35, 26, 226)
(35, 27, 220)
(35, 28, 212)
(35, 29, 206)
(35, 30, 199)
(35, 31, 193)
(35, 32, 189)
(35, 33, 181)
(35, 34, 157)
(35, 35, 146)
(35, 36, 144)
(35, 37, 140)
(35, 38, 118)
(35, 39, 105)

(36, 0, 441)
(36, 1, 437)
(36, 2, 429)
(36, 3, 423)
(36, 4, 418)
(36, 5, 370)
(36, 6, 328)
(36, 7, 328)
(36, 8, 328)
(36, 9, 326)
(36, 10, 302)
(36, 11, 302)
(36, 12, 302)
(36, 13, 254)
(36, 14, 254)
(36, 15, 250)
(36, 16, 250)
(36, 17, 249)
(36, 18, 249)
(36, 19, 247)
(36, 20, 246)
(36, 21, 246)
(36, 22, 246)
(36, 23, 244)
(36, 24, 242)
(36, 25, 234)
(36, 26, 226)
(36, 27, 220)
(36, 28, 212)
(36, 29, 206)
(36, 30, 199)
(36, 31, 193)
(36, 32, 189)
(36, 33, 181)
(36, 34, 157)
(36, 35, 146)
(36, 36, 144)
(36, 37, 140)
(36, 38, 118)
(36, 39, 105)

(37, 0, 441)
(37, 1, 437)
(37, 2, 429)
(37, 3, 423)
(37, 4, 418)
(37, 5, 370)
(37, 6, 328)
(37, 7, 328)
(37, 8, 328)
(37, 9, 326)
(37, 10, 302)
(37, 11, 302)
(37, 12, 302)
(37, 13, 254)
(37, 14, 254)
(37, 15, 250)
(37, 16, 250)
(37, 17, 249)
(37, 18, 249)
(37, 19, 247)
(37, 20, 246)
(37, 21, 246)
(37, 22, 246)
(37, 23, 244)
(37, 24, 242)
(37, 25, 234)
(37, 26, 226)
(37, 27, 220)
(37, 28, 212)
(37, 29, 206)
(37, 30, 199)
(37, 31, 193)
(37, 32, 189)
(37, 33, 181)
(37, 34, 157)
(37, 35, 146)
(37, 36, 144)
(37, 37, 140)
(37, 38, 118)
(37, 39, 105)

(38, 0, 441)
(38, 1, 437)
(38, 2, 429)
(38, 3, 423)
(38, 4, 418)
(38, 5, 370)
(38, 6, 328)
(38, 7, 328)
(38, 8, 328)
(38, 9, 326)
(38, 10, 302)
(38, 11, 302)
(38, 12, 302)
(38, 13, 254)
(38, 14, 254)
(38, 15, 250)
(38, 16, 250)
(38, 17, 249)
(38, 18, 249)
(38, 19, 247)
(38, 20, 246)
(38, 21, 246)
(38, 22, 246)
(38, 23, 244)
(38, 24, 242)
(38, 25, 234)
(38, 26, 226)
(38, 27, 220)
(38, 28, 212)
(38, 29, 206)
(38, 30, 199)
(38, 31, 193)
(38, 32, 189)
(38, 33, 181)
(38, 34, 157)
(38, 35, 146)
(38, 36, 144)
(38, 37, 140)
(38, 38, 118)
(38, 39, 105)

(39, 0, 449)
(39, 1, 445)
(39, 2, 437)
(39, 3, 431)
(39, 4, 426)
(39, 5, 378)
(39, 6, 336)
(39, 7, 336)
(39, 8, 336)
(39, 9, 334)
(39, 10, 310)
(39, 11, 310)
(39, 12, 310)
(39, 13, 262)
(39, 14, 262)
(39, 15, 258)
(39, 16, 258)
(39, 17, 257)
(39, 18, 257)
(39, 19, 255)
(39, 20, 254)
(39, 21, 254)
(39, 22, 254)
(39, 23, 252)
(39, 24, 250)
(39, 25, 241)
(39, 26, 233)
(39, 27, 227)
(39, 28, 219)
(39, 29, 213)
(39, 30, 206)
(39, 31, 200)
(39, 32, 196)
(39, 33, 188)
(39, 34, 164)
(39, 35, 153)
(39, 36, 151)
(39, 37, 147)
(39, 38, 125)
(39, 39, 112)


Betti numbers:
xi_0:
(0, 0, 15)
(1, 0, 26)
(2, 0, 23)
(3, 0, 18)
(4, 0, 24)
(5, 0, 23)
(6, 0, 32)
(7, 0, 55)
(8, 0, 5)
(14, 0, 5)
(15, 0, 8)
(16, 0, 6)
(17, 0, 7)
(18, 0, 16)
(19, 0, 11)
(20, 0, 11)
(21, 0, 9)
(22, 0, 6)
(23, 0, 10)
(24, 0, 11)
(25, 0, 6)
(26, 0, 10)
(27, 0, 8)
(28, 0, 10)
(29, 0, 7)
(30, 0, 5)
(31, 0, 8)
(32, 0, 13)
(33, 0, 30)
(34, 0, 20)
(35, 0, 3)
(39, 0, 8)
xi_1:
(0, 13, 12)
(0, 35, 1)
(1, 10, 6)
(1, 13, 10)
(1, 23, 1)
(1, 26, 2)
(1, 29, 1)
(1, 31, 1)
(1, 33, 1)
(1, 35, 1)
(2, 4, 1)
(2, 10, 6)
(2, 13, 2)
(2, 23, 1)
(2, 26, 1)
(2, 27, 1)
(2, 28, 1)
(2, 29, 1)
(2, 30, 1)
(2, 31, 1)
(2, 32, 1)
(2, 33, 1)
(2, 35, 1)
(3, 25, 2)
(3, 26, 1)
(3, 27, 1)
(3, 28, 1)
(3, 30, 1)
(3, 32, 1)
(3, 35, 1)
(3, 39, 3)
(4, 3, 2)
(4, 25, 4)
(4, 26, 3)
(4, 27, 1)
(4, 28, 1)
(4, 29, 1)
(4, 34, 2)
(4, 39, 2)
(5, 25, 2)
(5, 26, 1)
(5, 27, 1)
(5, 28, 1)
(5, 31, 1)
(5, 33, 1)
(5, 34, 8)
(5, 35, 1)
(5, 37, 1)
(6, 2, 1)
(6, 3, 1)
(6, 5, 11)
(6, 9, 1)
(6, 15, 1)
(6, 29, 1)
(6, 31, 1)
(6, 33, 1)
(6, 34, 9)
(6, 35, 1)
(6, 39, 1)
(7, 1, 2)
(7, 2, 2)
(7, 3, 1)
(7, 4, 3)
(7, 5, 11)
(7, 6, 21)
(7, 9, 1)
(7, 15, 1)
(7, 17, 1)
(7, 19, 1)
(7, 34, 3)
(7, 37, 1)
(7, 39, 1)
(8, 30, 1)
(14, 13, 3)
(15, 13, 8)
(16, 2, 1)
(16, 13, 3)
(17, 13, 7)
(18, 1, 1)
(18, 2, 1)
(18, 10, 8)
(18, 13, 3)
(18, 35, 1)
(19, 1, 1)
(19, 10, 4)
(19, 24, 2)
(20, 28, 2)
(20, 32, 2)
(20, 39, 2)
(21, 35, 2)
(21, 38, 2)
(22, 35, 2)
(22, 37, 2)
(22, 39, 2)
(23, 3, 1)
(23, 34, 2)
(24, 33, 2)
(25, 30, 2)
(25, 31, 2)
(26, 28, 2)
(26, 29, 2)
(27, 27, 2)
(27, 30, 2)
(27, 38, 2)
(28, 33, 2)
(28, 36, 2)
(28, 38, 6)
(28, 39, 2)
(29, 38, 3)
(30, 38, 3)
(31, 38, 4)
(32, 5, 7)
(32, 15, 2)
(32, 38, 2)
(33, 2, 1)
(33, 3, 1)
(33, 4, 1)
(33, 5, 18)
(33, 6, 4)
(33, 19, 1)
(33, 20, 1)
(34, 2, 2)
(34, 5, 1)
(34, 6, 14)
(35, 6, 3)
(39, 25, 1)
xi_2:
