x-grades
-648047315557875963/80000000000000000
-316625487984712203/40000000000000000
-618454636380972849/80000000000000000
-150914574198130323/20000000000000000
-117772391440813947/16000000000000000
-287032808807809089/40000000000000000
-559269278027166621/80000000000000000
-68059117304839383/10000000000000000
-529676598850263507/80000000000000000
-10297605185236239/1600000000000000
-500083919673360393/80000000000000000
-121321895021227209/20000000000000000
-470491240496457279/80000000000000000
-227847450454002861/40000000000000000
-88179712263910833/16000000000000000
-26631388858193913/5000000000000000
-411305882142651051/80000000000000000
-198254771277099747/40000000000000000
-381713202965747937/80000000000000000
-18345843168864819/4000000000000000
-352120523788844823/80000000000000000
-168662092100196633/40000000000000000
-322527844611941709/80000000000000000
-38466438127936269/10000000000000000
-58587033087007719/16000000000000000
-139069412923293519/40000000000000000
-263342486258135481/80000000000000000
-62136536667420981/20000000000000000
-233749807081232367/80000000000000000
-21895346749278081/8000000000000000
-204157127904329253/80000000000000000
-2958762317435589/1250000000000000
-174564448727426139/80000000000000000
-79884054569487291/40000000000000000
-5798870782020921/3200000000000000
-32543857490517867/20000000000000000
-115379090373619911/80000000000000000
-50291375392584177/40000000000000000
-85786411196716797/80000000000000000
-1774751790206631/2000000000000000

y-grades
2499989/1000000
2499989/500000
7499967/1000000
2499989/250000
2499989/200000
7499967/500000
17499923/1000000
2499989/125000
22499901/1000000
2499989/100000
27499879/1000000
7499967/250000
32499857/1000000
17499923/500000
7499967/200000
2499989/62500
42499813/1000000
22499901/500000
47499791/1000000
2499989/50000
52499769/1000000
27499879/500000
57499747/1000000
7499967/125000
2499989/40000
32499857/500000
67499703/1000000
17499923/250000
72499681/1000000
7499967/100000
77499659/1000000
2499989/31250
82499637/1000000
42499813/500000
17499923/200000
22499901/250000
92499593/1000000
47499791/500000
97499571/1000000
2499989/25000

Dimensions > 0:
(0, 0, 3)
(0, 1, 3)
(0, 2, 3)
(0, 3, 3)
(0, 4, 3)
(0, 5, 3)
(0, 6, 3)
(0, 7, 3)
(0, 8, 3)
(0, 9, 3)
(0, 10, 3)
(0, 11, 3)
(0, 12, 3)
(0, 13, 3)
(0, 14, 3)
(0, 15, 3)
(0, 16, 3)
(0, 17, 3)
(0, 18, 2)
(0, 19, 2)
(0, 20, 2)
(0, 21, 2)
(0, 22, 2)
(0, 23, 2)
(0, 24, 2)
(0, 25, 2)
(0, 26, 2)
(0, 27, 2)
(0, 28, 2)
(0, 29, 2)
(0, 30, 2)
(0, 31, 2)
(0, 32, 2)
(0, 33, 2)
(0, 34, 2)
(0, 35, 2)
(0, 36, 2)
(0, 37, 2)
(0, 38, 2)
(0, 39, 1)

(1, 0, 4)
(1, 1, 4)
(1, 2, 4)
(1, 3, 4)
(1, 4, 4)
(1, 5, 4)
(1, 6, 4)
(1, 7, 4)
(1, 8, 4)
(1, 9, 4)
(1, 10, 4)
(1, 11, 4)
(1, 12, 4)
(1, 13, 4)
(1, 14, 4)
(1, 15, 4)
(1, 16, 4)
(1, 17, 4)
(1, 18, 2)
(1, 19, 2)
(1, 20, 2)
(1, 21, 2)
(1, 22, 2)
(1, 23, 2)
(1, 24, 2)
(1, 25, 2)
(1, 26, 2)
(1, 27, 2)
(1, 28, 2)
(1, 29, 2)
(1, 30, 2)
(1, 31, 2)
(1, 32, 2)
(1, 33, 2)
(1, 34, 2)
(1, 35, 2)
(1, 36, 2)
(1, 37, 2)
(1, 38, 2)
(1, 39, 1)

(2, 0, 7)
(2, 1, 7)
(2, 2, 6)
(2, 3, 6)
(2, 4, 5)
(2, 5, 5)
(2, 6, 4)
(2, 7, 3)
(2, 8, 3)
(2, 9, 3)
(2, 10, 3)
(2, 11, 3)
(2, 12, 3)
(2, 13, 3)
(2, 14, 3)
(2, 15, 3)
(2, 16, 3)
(2, 17, 3)
(2, 18, 2)
(2, 19, 2)
(2, 20, 2)
(2, 21, 2)
(2, 22, 2)
(2, 23, 2)
(2, 24, 2)
(2, 25, 2)
(2, 26, 2)
(2, 27, 2)
(2, 28, 2)
(2, 29, 2)
(2, 30, 2)
(2, 31, 2)
(2, 32, 2)
(2, 33, 2)
(2, 34, 2)
(2, 35, 2)
(2, 36, 2)
(2, 37, 2)
(2, 38, 2)
(2, 39, 1)

(3, 0, 8)
(3, 1, 8)
(3, 2, 8)
(3, 3, 8)
(3, 4, 7)
(3, 5, 5)
(3, 6, 4)
(3, 7, 4)
(3, 8, 4)
(3, 9, 4)
(3, 10, 4)
(3, 11, 3)
(3, 12, 3)
(3, 13, 2)
(3, 14, 2)
(3, 15, 2)
(3, 16, 2)
(3, 17, 2)
(3, 18, 2)
(3, 19, 2)
(3, 20, 2)
(3, 21, 2)
(3, 22, 2)
(3, 23, 2)
(3, 24, 2)
(3, 25, 2)
(3, 26, 2)
(3, 27, 2)
(3, 28, 1)
(3, 29, 1)
(3, 30, 1)
(3, 31, 1)
(3, 32, 1)
(3, 33, 1)
(3, 34, 1)
(3, 35, 1)
(3, 36, 1)
(3, 37, 1)
(3, 38, 1)
(3, 39, 1)

(4, 0, 11)
(4, 1, 11)
(4, 2, 9)
(4, 3, 9)
(4, 4, 6)
(4, 5, 5)
(4, 6, 4)
(4, 7, 3)
(4, 8, 3)
(4, 9, 3)
(4, 10, 3)
(4, 11, 2)
(4, 12, 2)
(4, 13, 2)
(4, 14, 2)
(4, 15, 2)
(4, 16, 2)
(4, 17, 2)
(4, 18, 2)
(4, 19, 2)
(4, 20, 2)
(4, 21, 2)
(4, 22, 2)
(4, 23, 2)
(4, 24, 2)
(4, 25, 2)
(4, 26, 2)
(4, 27, 2)
(4, 28, 1)
(4, 29, 1)
(4, 30, 1)
(4, 31, 1)
(4, 32, 1)
(4, 33, 1)
(4, 34, 1)
(4, 35, 1)
(4, 36, 1)
(4, 37, 1)
(4, 38, 1)
(4, 39, 1)

(5, 0, 15)
(5, 1, 15)
(5, 2, 9)
(5, 3, 9)
(5, 4, 6)
(5, 5, 5)
(5, 6, 4)
(5, 7, 3)
(5, 8, 3)
(5, 9, 3)
(5, 10, 3)
(5, 11, 2)
(5, 12, 2)
(5, 13, 2)
(5, 14, 2)
(5, 15, 2)
(5, 16, 2)
(5, 17, 2)
(5, 18, 2)
(5, 19, 2)
(5, 20, 2)
(5, 21, 2)
(5, 22, 2)
(5, 23, 2)
(5, 24, 2)
(5, 25, 2)
(5, 26, 2)
(5, 27, 2)
(5, 28, 1)
(5, 29, 1)
(5, 30, 1)
(5, 31, 1)
(5, 32, 1)
(5, 33, 1)
(5, 34, 1)
(5, 35, 1)
(5, 36, 1)
(5, 37, 1)
(5, 38, 1)
(5, 39, 1)

(6, 0, 20)
(6, 1, 20)
(6, 2, 12)
(6, 3, 12)
(6, 4, 8)
(6, 5, 6)
(6, 6, 5)
(6, 7, 4)
(6, 8, 3)
(6, 9, 3)
(6, 10, 3)
(6, 11, 2)
(6, 12, 2)
(6, 13, 2)
(6, 14, 2)
(6, 15, 2)
(6, 16, 2)
(6, 17, 2)
(6, 18, 2)
(6, 19, 2)
(6, 20, 2)
(6, 21, 2)
(6, 22, 2)
(6, 23, 2)
(6, 24, 1)
(6, 25, 1)
(6, 26, 1)
(6, 27, 1)
(6, 28, 1)
(6, 29, 1)
(6, 30, 1)
(6, 31, 1)
(6, 32, 1)
(6, 33, 1)
(6, 34, 1)
(6, 35, 1)
(6, 36, 1)
(6, 37, 1)
(6, 38, 1)
(6, 39, 1)

(7, 0, 23)
(7, 1, 22)
(7, 2, 13)
(7, 3, 11)
(7, 4, 7)
(7, 5, 5)
(7, 6, 4)
(7, 7, 3)
(7, 8, 3)
(7, 9, 3)
(7, 10, 3)
(7, 11, 2)
(7, 12, 2)
(7, 13, 2)
(7, 14, 2)
(7, 15, 2)
(7, 16, 2)
(7, 17, 2)
(7, 18, 2)
(7, 19, 2)
(7, 20, 2)
(7, 21, 2)
(7, 22, 2)
(7, 23, 2)
(7, 24, 1)
(7, 25, 1)
(7, 26, 1)
(7, 27, 1)
(7, 28, 1)
(7, 29, 1)
(7, 30, 1)
(7, 31, 1)
(7, 32, 1)
(7, 33, 1)
(7, 34, 1)
(7, 35, 1)
(7, 36, 1)
(7, 37, 1)
(7, 38, 1)
(7, 39, 1)

(8, 0, 29)
(8, 1, 27)
(8, 2, 18)
(8, 3, 14)
(8, 4, 6)
(8, 5, 5)
(8, 6, 4)
(8, 7, 3)
(8, 8, 3)
(8, 9, 3)
(8, 10, 3)
(8, 11, 2)
(8, 12, 2)
(8, 13, 2)
(8, 14, 2)
(8, 15, 2)
(8, 16, 2)
(8, 17, 2)
(8, 18, 2)
(8, 19, 2)
(8, 20, 2)
(8, 21, 1)
(8, 22, 1)
(8, 23, 1)
(8, 24, 1)
(8, 25, 1)
(8, 26, 1)
(8, 27, 1)
(8, 28, 1)
(8, 29, 1)
(8, 30, 1)
(8, 31, 1)
(8, 32, 1)
(8, 33, 1)
(8, 34, 1)
(8, 35, 1)
(8, 36, 1)
(8, 37, 1)
(8, 38, 1)
(8, 39, 1)

(9, 0, 29)
(9, 1, 27)
(9, 2, 18)
(9, 3, 14)
(9, 4, 6)
(9, 5, 5)
(9, 6, 4)
(9, 7, 3)
(9, 8, 3)
(9, 9, 3)
(9, 10, 3)
(9, 11, 2)
(9, 12, 2)
(9, 13, 2)
(9, 14, 2)
(9, 15, 2)
(9, 16, 2)
(9, 17, 2)
(9, 18, 2)
(9, 19, 2)
(9, 20, 2)
(9, 21, 1)
(9, 22, 1)
(9, 23, 1)
(9, 24, 1)
(9, 25, 1)
(9, 26, 1)
(9, 27, 1)
(9, 28, 1)
(9, 29, 1)
(9, 30, 1)
(9, 31, 1)
(9, 32, 1)
(9, 33, 1)
(9, 34, 1)
(9, 35, 1)
(9, 36, 1)
(9, 37, 1)
(9, 38, 1)
(9, 39, 1)

(10, 0, 30)
(10, 1, 28)
(10, 2, 19)
(10, 3, 14)
(10, 4, 6)
(10, 5, 5)
(10, 6, 4)
(10, 7, 3)
(10, 8, 3)
(10, 9, 3)
(10, 10, 3)
(10, 11, 2)
(10, 12, 2)
(10, 13, 2)
(10, 14, 2)
(10, 15, 2)
(10, 16, 2)
(10, 17, 2)
(10, 18, 2)
(10, 19, 2)
(10, 20, 2)
(10, 21, 1)
(10, 22, 1)
(10, 23, 1)
(10, 24, 1)
(10, 25, 1)
(10, 26, 1)
(10, 27, 1)
(10, 28, 1)
(10, 29, 1)
(10, 30, 1)
(10, 31, 1)
(10, 32, 1)
(10, 33, 1)
(10, 34, 1)
(10, 35, 1)
(10, 36, 1)
(10, 37, 1)
(10, 38, 1)
(10, 39, 1)

(11, 0, 32)
(11, 1, 30)
(11, 2, 21)
(11, 3, 16)
(11, 4, 8)
(11, 5, 7)
(11, 6, 5)
(11, 7, 3)
(11, 8, 3)
(11, 9, 3)
(11, 10, 3)
(11, 11, 2)
(11, 12, 2)
(11, 13, 2)
(11, 14, 2)
(11, 15, 2)
(11, 16, 2)
(11, 17, 2)
(11, 18, 2)
(11, 19, 2)
(11, 20, 2)
(11, 21, 1)
(11, 22, 1)
(11, 23, 1)
(11, 24, 1)
(11, 25, 1)
(11, 26, 1)
(11, 27, 1)
(11, 28, 1)
(11, 29, 1)
(11, 30, 1)
(11, 31, 1)
(11, 32, 1)
(11, 33, 1)
(11, 34, 1)
(11, 35, 1)
(11, 36, 1)
(11, 37, 1)
(11, 38, 1)
(11, 39, 1)

(12, 0, 35)
(12, 1, 33)
(12, 2, 24)
(12, 3, 19)
(12, 4, 11)
(12, 5, 10)
(12, 6, 7)
(12, 7, 5)
(12, 8, 5)
(12, 9, 5)
(12, 10, 5)
(12, 11, 3)
(12, 12, 3)
(12, 13, 3)
(12, 14, 3)
(12, 15, 3)
(12, 16, 2)
(12, 17, 2)
(12, 18, 2)
(12, 19, 2)
(12, 20, 2)
(12, 21, 1)
(12, 22, 1)
(12, 23, 1)
(12, 24, 1)
(12, 25, 1)
(12, 26, 1)
(12, 27, 1)
(12, 28, 1)
(12, 29, 1)
(12, 30, 1)
(12, 31, 1)
(12, 32, 1)
(12, 33, 1)
(12, 34, 1)
(12, 35, 1)
(12, 36, 1)
(12, 37, 1)
(12, 38, 1)
(12, 39, 1)

(13, 0, 39)
(13, 1, 36)
(13, 2, 27)
(13, 3, 21)
(13, 4, 13)
(13, 5, 10)
(13, 6, 7)
(13, 7, 4)
(13, 8, 4)
(13, 9, 4)
(13, 10, 4)
(13, 11, 3)
(13, 12, 3)
(13, 13, 3)
(13, 14, 3)
(13, 15, 3)
(13, 16, 2)
(13, 17, 2)
(13, 18, 2)
(13, 19, 2)
(13, 20, 2)
(13, 21, 1)
(13, 22, 1)
(13, 23, 1)
(13, 24, 1)
(13, 25, 1)
(13, 26, 1)
(13, 27, 1)
(13, 28, 1)
(13, 29, 1)
(13, 30, 1)
(13, 31, 1)
(13, 32, 1)
(13, 33, 1)
(13, 34, 1)
(13, 35, 1)
(13, 36, 1)
(13, 37, 1)
(13, 38, 1)
(13, 39, 1)

(14, 0, 49)
(14, 1, 45)
(14, 2, 34)
(14, 3, 26)
(14, 4, 13)
(14, 5, 10)
(14, 6, 6)
(14, 7, 4)
(14, 8, 4)
(14, 9, 4)
(14, 10, 4)
(14, 11, 3)
(14, 12, 3)
(14, 13, 3)
(14, 14, 2)
(14, 15, 2)
(14, 16, 2)
(14, 17, 2)
(14, 18, 2)
(14, 19, 2)
(14, 20, 2)
(14, 21, 1)
(14, 22, 1)
(14, 23, 1)
(14, 24, 1)
(14, 25, 1)
(14, 26, 1)
(14, 27, 1)
(14, 28, 1)
(14, 29, 1)
(14, 30, 1)
(14, 31, 1)
(14, 32, 1)
(14, 33, 1)
(14, 34, 1)
(14, 35, 1)
(14, 36, 1)
(14, 37, 1)
(14, 38, 1)
(14, 39, 1)

(15, 0, 51)
(15, 1, 46)
(15, 2, 35)
(15, 3, 27)
(15, 4, 14)
(15, 5, 10)
(15, 6, 6)
(15, 7, 4)
(15, 8, 4)
(15, 9, 4)
(15, 10, 4)
(15, 11, 3)
(15, 12, 3)
(15, 13, 3)
(15, 14, 2)
(15, 15, 2)
(15, 16, 2)
(15, 17, 2)
(15, 18, 2)
(15, 19, 2)
(15, 20, 2)
(15, 21, 1)
(15, 22, 1)
(15, 23, 1)
(15, 24, 1)
(15, 25, 1)
(15, 26, 1)
(15, 27, 1)
(15, 28, 1)
(15, 29, 1)
(15, 30, 1)
(15, 31, 1)
(15, 32, 1)
(15, 33, 1)
(15, 34, 1)
(15, 35, 1)
(15, 36, 1)
(15, 37, 1)
(15, 38, 1)
(15, 39, 1)

(16, 0, 56)
(16, 1, 51)
(16, 2, 38)
(16, 3, 29)
(16, 4, 12)
(16, 5, 10)
(16, 6, 6)
(16, 7, 4)
(16, 8, 4)
(16, 9, 4)
(16, 10, 4)
(16, 11, 3)
(16, 12, 3)
(16, 13, 3)
(16, 14, 2)
(16, 15, 2)
(16, 16, 2)
(16, 17, 2)
(16, 18, 2)
(16, 19, 2)
(16, 20, 2)
(16, 21, 1)
(16, 22, 1)
(16, 23, 1)
(16, 24, 1)
(16, 25, 1)
(16, 26, 1)
(16, 27, 1)
(16, 28, 1)
(16, 29, 1)
(16, 30, 1)
(16, 31, 1)
(16, 32, 1)
(16, 33, 1)
(16, 34, 1)
(16, 35, 1)
(16, 36, 1)
(16, 37, 1)
(16, 38, 1)
(16, 39, 1)

(17, 0, 61)
(17, 1, 56)
(17, 2, 41)
(17, 3, 31)
(17, 4, 13)
(17, 5, 11)
(17, 6, 7)
(17, 7, 5)
(17, 8, 5)
(17, 9, 5)
(17, 10, 5)
(17, 11, 4)
(17, 12, 4)
(17, 13, 4)
(17, 14, 3)
(17, 15, 3)
(17, 16, 3)
(17, 17, 3)
(17, 18, 3)
(17, 19, 3)
(17, 20, 3)
(17, 21, 2)
(17, 22, 2)
(17, 23, 2)
(17, 24, 2)
(17, 25, 2)
(17, 26, 2)
(17, 27, 2)
(17, 28, 2)
(17, 29, 2)
(17, 30, 2)
(17, 31, 2)
(17, 32, 2)
(17, 33, 2)
(17, 34, 2)
(17, 35, 2)
(17, 36, 2)
(17, 37, 2)
(17, 38, 2)
(17, 39, 2)

(18, 0, 63)
(18, 1, 58)
(18, 2, 43)
(18, 3, 32)
(18, 4, 13)
(18, 5, 11)
(18, 6, 7)
(18, 7, 5)
(18, 8, 5)
(18, 9, 5)
(18, 10, 5)
(18, 11, 4)
(18, 12, 4)
(18, 13, 4)
(18, 14, 3)
(18, 15, 3)
(18, 16, 3)
(18, 17, 3)
(18, 18, 3)
(18, 19, 3)
(18, 20, 3)
(18, 21, 2)
(18, 22, 2)
(18, 23, 2)
(18, 24, 2)
(18, 25, 2)
(18, 26, 2)
(18, 27, 2)
(18, 28, 2)
(18, 29, 2)
(18, 30, 2)
(18, 31, 2)
(18, 32, 2)
(18, 33, 2)
(18, 34, 2)
(18, 35, 2)
(18, 36, 2)
(18, 37, 2)
(18, 38, 2)
(18, 39, 2)

(19, 0, 72)
(19, 1, 67)
(19, 2, 51)
(19, 3, 35)
(19, 4, 14)
(19, 5, 12)
(19, 6, 8)
(19, 7, 6)
(19, 8, 6)
(19, 9, 6)
(19, 10, 6)
(19, 11, 5)
(19, 12, 5)
(19, 13, 5)
(19, 14, 4)
(19, 15, 4)
(19, 16, 4)
(19, 17, 4)
(19, 18, 4)
(19, 19, 4)
(19, 20, 4)
(19, 21, 2)
(19, 22, 2)
(19, 23, 2)
(19, 24, 2)
(19, 25, 2)
(19, 26, 2)
(19, 27, 2)
(19, 28, 2)
(19, 29, 2)
(19, 30, 2)
(19, 31, 2)
(19, 32, 2)
(19, 33, 2)
(19, 34, 2)
(19, 35, 2)
(19, 36, 2)
(19, 37, 2)
(19, 38, 2)
(19, 39, 2)

(20, 0, 77)
(20, 1, 71)
(20, 2, 54)
(20, 3, 38)
(20, 4, 15)
(20, 5, 12)
(20, 6, 8)
(20, 7, 6)
(20, 8, 6)
(20, 9, 6)
(20, 10, 6)
(20, 11, 5)
(20, 12, 5)
(20, 13, 5)
(20, 14, 4)
(20, 15, 4)
(20, 16, 4)
(20, 17, 4)
(20, 18, 4)
(20, 19, 4)
(20, 20, 3)
(20, 21, 2)
(20, 22, 2)
(20, 23, 2)
(20, 24, 2)
(20, 25, 2)
(20, 26, 2)
(20, 27, 2)
(20, 28, 2)
(20, 29, 2)
(20, 30, 2)
(20, 31, 2)
(20, 32, 2)
(20, 33, 2)
(20, 34, 2)
(20, 35, 2)
(20, 36, 2)
(20, 37, 2)
(20, 38, 2)
(20, 39, 2)

(21, 0, 79)
(21, 1, 73)
(21, 2, 56)
(21, 3, 39)
(21, 4, 16)
(21, 5, 12)
(21, 6, 8)
(21, 7, 6)
(21, 8, 6)
(21, 9, 6)
(21, 10, 6)
(21, 11, 5)
(21, 12, 5)
(21, 13, 5)
(21, 14, 4)
(21, 15, 4)
(21, 16, 4)
(21, 17, 4)
(21, 18, 4)
(21, 19, 4)
(21, 20, 3)
(21, 21, 2)
(21, 22, 2)
(21, 23, 2)
(21, 24, 2)
(21, 25, 2)
(21, 26, 2)
(21, 27, 2)
(21, 28, 2)
(21, 29, 2)
(21, 30, 2)
(21, 31, 2)
(21, 32, 2)
(21, 33, 2)
(21, 34, 2)
(21, 35, 2)
(21, 36, 2)
(21, 37, 2)
(21, 38, 2)
(21, 39, 2)

(22, 0, 84)
(22, 1, 78)
(22, 2, 61)
(22, 3, 43)
(22, 4, 15)
(22, 5, 12)
(22, 6, 8)
(22, 7, 6)
(22, 8, 6)
(22, 9, 6)
(22, 10, 6)
(22, 11, 5)
(22, 12, 5)
(22, 13, 5)
(22, 14, 4)
(22, 15, 4)
(22, 16, 4)
(22, 17, 4)
(22, 18, 4)
(22, 19, 4)
(22, 20, 3)
(22, 21, 2)
(22, 22, 2)
(22, 23, 2)
(22, 24, 2)
(22, 25, 2)
(22, 26, 2)
(22, 27, 2)
(22, 28, 2)
(22, 29, 2)
(22, 30, 2)
(22, 31, 2)
(22, 32, 2)
(22, 33, 2)
(22, 34, 2)
(22, 35, 2)
(22, 36, 2)
(22, 37, 2)
(22, 38, 2)
(22, 39, 2)

(23, 0, 87)
(23, 1, 81)
(23, 2, 62)
(23, 3, 44)
(23, 4, 16)
(23, 5, 12)
(23, 6, 8)
(23, 7, 6)
(23, 8, 6)
(23, 9, 6)
(23, 10, 6)
(23, 11, 5)
(23, 12, 5)
(23, 13, 5)
(23, 14, 4)
(23, 15, 4)
(23, 16, 4)
(23, 17, 4)
(23, 18, 4)
(23, 19, 4)
(23, 20, 3)
(23, 21, 2)
(23, 22, 2)
(23, 23, 2)
(23, 24, 2)
(23, 25, 2)
(23, 26, 2)
(23, 27, 2)
(23, 28, 2)
(23, 29, 2)
(23, 30, 2)
(23, 31, 2)
(23, 32, 2)
(23, 33, 2)
(23, 34, 2)
(23, 35, 2)
(23, 36, 2)
(23, 37, 2)
(23, 38, 2)
(23, 39, 2)

(24, 0, 91)
(24, 1, 84)
(24, 2, 65)
(24, 3, 46)
(24, 4, 17)
(24, 5, 13)
(24, 6, 9)
(24, 7, 6)
(24, 8, 6)
(24, 9, 6)
(24, 10, 6)
(24, 11, 5)
(24, 12, 5)
(24, 13, 5)
(24, 14, 4)
(24, 15, 4)
(24, 16, 4)
(24, 17, 4)
(24, 18, 4)
(24, 19, 4)
(24, 20, 3)
(24, 21, 2)
(24, 22, 2)
(24, 23, 2)
(24, 24, 2)
(24, 25, 2)
(24, 26, 2)
(24, 27, 2)
(24, 28, 2)
(24, 29, 2)
(24, 30, 2)
(24, 31, 2)
(24, 32, 2)
(24, 33, 2)
(24, 34, 2)
(24, 35, 2)
(24, 36, 2)
(24, 37, 2)
(24, 38, 2)
(24, 39, 2)

(25, 0, 100)
(25, 1, 92)
(25, 2, 71)
(25, 3, 50)
(25, 4, 17)
(25, 5, 13)
(25, 6, 8)
(25, 7, 6)
(25, 8, 6)
(25, 9, 6)
(25, 10, 6)
(25, 11, 5)
(25, 12, 5)
(25, 13, 5)
(25, 14, 4)
(25, 15, 4)
(25, 16, 4)
(25, 17, 4)
(25, 18, 4)
(25, 19, 4)
(25, 20, 3)
(25, 21, 2)
(25, 22, 2)
(25, 23, 2)
(25, 24, 2)
(25, 25, 2)
(25, 26, 2)
(25, 27, 2)
(25, 28, 2)
(25, 29, 2)
(25, 30, 2)
(25, 31, 2)
(25, 32, 2)
(25, 33, 2)
(25, 34, 2)
(25, 35, 2)
(25, 36, 2)
(25, 37, 2)
(25, 38, 2)
(25, 39, 2)

(26, 0, 103)
(26, 1, 94)
(26, 2, 73)
(26, 3, 52)
(26, 4, 19)
(26, 5, 13)
(26, 6, 8)
(26, 7, 6)
(26, 8, 6)
(26, 9, 6)
(26, 10, 6)
(26, 11, 5)
(26, 12, 5)
(26, 13, 5)
(26, 14, 4)
(26, 15, 4)
(26, 16, 4)
(26, 17, 4)
(26, 18, 4)
(26, 19, 4)
(26, 20, 3)
(26, 21, 2)
(26, 22, 2)
(26, 23, 2)
(26, 24, 2)
(26, 25, 2)
(26, 26, 2)
(26, 27, 2)
(26, 28, 2)
(26, 29, 2)
(26, 30, 2)
(26, 31, 2)
(26, 32, 2)
(26, 33, 2)
(26, 34, 2)
(26, 35, 2)
(26, 36, 2)
(26, 37, 2)
(26, 38, 2)
(26, 39, 2)

(27, 0, 111)
(27, 1, 100)
(27, 2, 78)
(27, 3, 56)
(27, 4, 19)
(27, 5, 14)
(27, 6, 9)
(27, 7, 7)
(27, 8, 7)
(27, 9, 7)
(27, 10, 7)
(27, 11, 6)
(27, 12, 6)
(27, 13, 6)
(27, 14, 5)
(27, 15, 5)
(27, 16, 5)
(27, 17, 5)
(27, 18, 5)
(27, 19, 5)
(27, 20, 4)
(27, 21, 3)
(27, 22, 3)
(27, 23, 3)
(27, 24, 3)
(27, 25, 3)
(27, 26, 2)
(27, 27, 2)
(27, 28, 2)
(27, 29, 2)
(27, 30, 2)
(27, 31, 2)
(27, 32, 1)
(27, 33, 1)
(27, 34, 1)
(27, 35, 1)
(27, 36, 1)
(27, 37, 1)
(27, 38, 1)
(27, 39, 1)

(28, 0, 115)
(28, 1, 103)
(28, 2, 81)
(28, 3, 55)
(28, 4, 19)
(28, 5, 14)
(28, 6, 9)
(28, 7, 7)
(28, 8, 7)
(28, 9, 7)
(28, 10, 7)
(28, 11, 6)
(28, 12, 6)
(28, 13, 6)
(28, 14, 5)
(28, 15, 5)
(28, 16, 5)
(28, 17, 5)
(28, 18, 5)
(28, 19, 5)
(28, 20, 4)
(28, 21, 3)
(28, 22, 3)
(28, 23, 3)
(28, 24, 2)
(28, 25, 2)
(28, 26, 2)
(28, 27, 2)
(28, 28, 2)
(28, 29, 2)
(28, 30, 2)
(28, 31, 2)
(28, 32, 1)
(28, 33, 1)
(28, 34, 1)
(28, 35, 1)
(28, 36, 1)
(28, 37, 1)
(28, 38, 1)
(28, 39, 1)

(29, 0, 121)
(29, 1, 109)
(29, 2, 85)
(29, 3, 59)
(29, 4, 20)
(29, 5, 15)
(29, 6, 9)
(29, 7, 7)
(29, 8, 7)
(29, 9, 7)
(29, 10, 7)
(29, 11, 6)
(29, 12, 6)
(29, 13, 6)
(29, 14, 5)
(29, 15, 5)
(29, 16, 5)
(29, 17, 4)
(29, 18, 4)
(29, 19, 4)
(29, 20, 3)
(29, 21, 2)
(29, 22, 2)
(29, 23, 2)
(29, 24, 2)
(29, 25, 2)
(29, 26, 2)
(29, 27, 2)
(29, 28, 2)
(29, 29, 2)
(29, 30, 2)
(29, 31, 2)
(29, 32, 1)
(29, 33, 1)
(29, 34, 1)
(29, 35, 1)
(29, 36, 1)
(29, 37, 1)
(29, 38, 1)
(29, 39, 1)

(30, 0, 125)
(30, 1, 112)
(30, 2, 87)
(30, 3, 59)
(30, 4, 20)
(30, 5, 15)
(30, 6, 9)
(30, 7, 7)
(30, 8, 7)
(30, 9, 7)
(30, 10, 7)
(30, 11, 6)
(30, 12, 6)
(30, 13, 6)
(30, 14, 5)
(30, 15, 5)
(30, 16, 4)
(30, 17, 4)
(30, 18, 4)
(30, 19, 4)
(30, 20, 3)
(30, 21, 2)
(30, 22, 2)
(30, 23, 2)
(30, 24, 2)
(30, 25, 2)
(30, 26, 2)
(30, 27, 2)
(30, 28, 2)
(30, 29, 2)
(30, 30, 2)
(30, 31, 2)
(30, 32, 1)
(30, 33, 1)
(30, 34, 1)
(30, 35, 1)
(30, 36, 1)
(30, 37, 1)
(30, 38, 1)
(30, 39, 1)

(31, 0, 132)
(31, 1, 119)
(31, 2, 93)
(31, 3, 64)
(31, 4, 25)
(31, 5, 19)
(31, 6, 12)
(31, 7, 9)
(31, 8, 9)
(31, 9, 9)
(31, 10, 9)
(31, 11, 8)
(31, 12, 7)
(31, 13, 7)
(31, 14, 6)
(31, 15, 6)
(31, 16, 5)
(31, 17, 5)
(31, 18, 5)
(31, 19, 5)
(31, 20, 4)
(31, 21, 2)
(31, 22, 2)
(31, 23, 2)
(31, 24, 2)
(31, 25, 2)
(31, 26, 2)
(31, 27, 2)
(31, 28, 2)
(31, 29, 2)
(31, 30, 2)
(31, 31, 2)
(31, 32, 1)
(31, 33, 1)
(31, 34, 1)
(31, 35, 1)
(31, 36, 1)
(31, 37, 1)
(31, 38, 1)
(31, 39, 1)

(32, 0, 138)
(32, 1, 125)
(32, 2, 99)
(32, 3, 69)
(32, 4, 27)
(32, 5, 19)
(32, 6, 12)
(32, 7, 10)
(32, 8, 10)
(32, 9, 10)
(32, 10, 10)
(32, 11, 9)
(32, 12, 8)
(32, 13, 8)
(32, 14, 7)
(32, 15, 7)
(32, 16, 6)
(32, 17, 6)
(32, 18, 6)
(32, 19, 6)
(32, 20, 5)
(32, 21, 2)
(32, 22, 2)
(32, 23, 2)
(32, 24, 2)
(32, 25, 2)
(32, 26, 2)
(32, 27, 2)
(32, 28, 2)
(32, 29, 2)
(32, 30, 2)
(32, 31, 2)
(32, 32, 1)
(32, 33, 1)
(32, 34, 1)
(32, 35, 1)
(32, 36, 1)
(32, 37, 1)
(32, 38, 1)
(32, 39, 1)

(33, 0, 147)
(33, 1, 134)
(33, 2, 106)
(33, 3, 76)
(33, 4, 27)
(33, 5, 20)
(33, 6, 13)
(33, 7, 11)
(33, 8, 11)
(33, 9, 11)
(33, 10, 11)
(33, 11, 10)
(33, 12, 9)
(33, 13, 9)
(33, 14, 6)
(33, 15, 6)
(33, 16, 5)
(33, 17, 5)
(33, 18, 5)
(33, 19, 5)
(33, 20, 4)
(33, 21, 3)
(33, 22, 3)
(33, 23, 3)
(33, 24, 3)
(33, 25, 3)
(33, 26, 3)
(33, 27, 3)
(33, 28, 3)
(33, 29, 3)
(33, 30, 3)
(33, 31, 3)
(33, 32, 2)
(33, 33, 2)
(33, 34, 2)
(33, 35, 2)
(33, 36, 2)
(33, 37, 2)
(33, 38, 2)
(33, 39, 1)

(34, 0, 159)
(34, 1, 146)
(34, 2, 115)
(34, 3, 83)
(34, 4, 32)
(34, 5, 24)
(34, 6, 16)
(34, 7, 13)
(34, 8, 13)
(34, 9, 12)
(34, 10, 12)
(34, 11, 11)
(34, 12, 10)
(34, 13, 9)
(34, 14, 6)
(34, 15, 5)
(34, 16, 5)
(34, 17, 5)
(34, 18, 5)
(34, 19, 5)
(34, 20, 4)
(34, 21, 3)
(34, 22, 2)
(34, 23, 2)
(34, 24, 2)
(34, 25, 2)
(34, 26, 2)
(34, 27, 2)
(34, 28, 2)
(34, 29, 2)
(34, 30, 2)
(34, 31, 2)
(34, 32, 1)
(34, 33, 1)
(34, 34, 1)
(34, 35, 1)
(34, 36, 1)
(34, 37, 1)
(34, 38, 1)
(34, 39, 1)

(35, 0, 166)
(35, 1, 153)
(35, 2, 121)
(35, 3, 89)
(35, 4, 35)
(35, 5, 26)
(35, 6, 16)
(35, 7, 13)
(35, 8, 13)
(35, 9, 11)
(35, 10, 11)
(35, 11, 10)
(35, 12, 9)
(35, 13, 9)
(35, 14, 5)
(35, 15, 5)
(35, 16, 4)
(35, 17, 4)
(35, 18, 4)
(35, 19, 4)
(35, 20, 3)
(35, 21, 2)
(35, 22, 2)
(35, 23, 2)
(35, 24, 2)
(35, 25, 2)
(35, 26, 2)
(35, 27, 2)
(35, 28, 2)
(35, 29, 2)
(35, 30, 2)
(35, 31, 2)
(35, 32, 1)
(35, 33, 1)
(35, 34, 1)
(35, 35, 1)
(35, 36, 1)
(35, 37, 1)
(35, 38, 1)
(35, 39, 1)

(36, 0, 176)
(36, 1, 162)
(36, 2, 128)
(36, 3, 91)
(36, 4, 34)
(36, 5, 26)
(36, 6, 15)
(36, 7, 11)
(36, 8, 11)
(36, 9, 11)
(36, 10, 10)
(36, 11, 9)
(36, 12, 8)
(36, 13, 8)
(36, 14, 4)
(36, 15, 4)
(36, 16, 4)
(36, 17, 4)
(36, 18, 4)
(36, 19, 4)
(36, 20, 3)
(36, 21, 2)
(36, 22, 2)
(36, 23, 2)
(36, 24, 2)
(36, 25, 2)
(36, 26, 2)
(36, 27, 2)
(36, 28, 2)
(36, 29, 2)
(36, 30, 2)
(36, 31, 2)
(36, 32, 1)
(36, 33, 1)
(36, 34, 1)
(36, 35, 1)
(36, 36, 1)
(36, 37, 1)
(36, 38, 1)
(36, 39, 1)

(37, 0, 185)
(37, 1, 170)
(37, 2, 132)
(37, 3, 91)
(37, 4, 34)
(37, 5, 27)
(37, 6, 15)
(37, 7, 11)
(37, 8, 11)
(37, 9, 11)
(37, 10, 11)
(37, 11, 10)
(37, 12, 9)
(37, 13, 9)
(37, 14, 5)
(37, 15, 5)
(37, 16, 4)
(37, 17, 4)
(37, 18, 4)
(37, 19, 4)
(37, 20, 3)
(37, 21, 2)
(37, 22, 2)
(37, 23, 2)
(37, 24, 2)
(37, 25, 2)
(37, 26, 2)
(37, 27, 2)
(37, 28, 2)
(37, 29, 2)
(37, 30, 2)
(37, 31, 2)
(37, 32, 1)
(37, 33, 1)
(37, 34, 1)
(37, 35, 1)
(37, 36, 1)
(37, 37, 1)
(37, 38, 1)
(37, 39, 1)

(38, 0, 186)
(38, 1, 170)
(38, 2, 132)
(38, 3, 90)
(38, 4, 33)
(38, 5, 26)
(38, 6, 15)
(38, 7, 11)
(38, 8, 11)
(38, 9, 11)
(38, 10, 11)
(38, 11, 10)
(38, 12, 9)
(38, 13, 9)
(38, 14, 5)
(38, 15, 5)
(38, 16, 4)
(38, 17, 4)
(38, 18, 4)
(38, 19, 4)
(38, 20, 3)
(38, 21, 2)
(38, 22, 2)
(38, 23, 2)
(38, 24, 2)
(38, 25, 2)
(38, 26, 2)
(38, 27, 2)
(38, 28, 2)
(38, 29, 2)
(38, 30, 2)
(38, 31, 2)
(38, 32, 1)
(38, 33, 1)
(38, 34, 1)
(38, 35, 1)
(38, 36, 1)
(38, 37, 1)
(38, 38, 1)
(38, 39, 1)

(39, 0, 187)
(39, 1, 171)
(39, 2, 133)
(39, 3, 91)
(39, 4, 34)
(39, 5, 27)
(39, 6, 16)
(39, 7, 11)
(39, 8, 10)
(39, 9, 10)
(39, 10, 10)
(39, 11, 9)
(39, 12, 8)
(39, 13, 8)
(39, 14, 4)
(39, 15, 4)
(39, 16, 4)
(39, 17, 4)
(39, 18, 4)
(39, 19, 4)
(39, 20, 3)
(39, 21, 2)
(39, 22, 2)
(39, 23, 2)
(39, 24, 2)
(39, 25, 2)
(39, 26, 2)
(39, 27, 2)
(39, 28, 2)
(39, 29, 2)
(39, 30, 2)
(39, 31, 2)
(39, 32, 1)
(39, 33, 1)
(39, 34, 1)
(39, 35, 1)
(39, 36, 1)
(39, 37, 1)
(39, 38, 1)
(39, 39, 1)


Betti numbers:
xi_0:
(0, 0, 3)
(1, 0, 1)
(2, 0, 3)
(3, 0, 2)
(4, 0, 3)
(5, 0, 4)
(6, 0, 5)
(7, 0, 3)
(8, 0, 6)
(10, 0, 1)
(11, 0, 2)
(12, 0, 3)
(13, 0, 4)
(14, 0, 10)
(15, 0, 2)
(16, 0, 5)
(17, 0, 5)
(18, 0, 3)
(19, 0, 9)
(20, 0, 5)
(21, 0, 2)
(22, 0, 5)
(23, 0, 3)
(24, 0, 4)
(25, 0, 9)
(26, 0, 3)
(27, 0, 8)
(28, 0, 4)
(29, 0, 6)
(30, 0, 4)
(31, 0, 7)
(32, 0, 6)
(33, 0, 9)
(34, 0, 12)
(35, 0, 7)
(36, 0, 10)
(37, 0, 9)
(38, 0, 1)
(39, 0, 1)
xi_1:
(0, 18, 1)
(0, 39, 1)
(1, 18, 1)
(2, 2, 1)
(2, 4, 1)
(2, 6, 1)
(2, 7, 1)
(3, 0, 1)
(3, 5, 2)
(3, 11, 1)
(3, 13, 1)
(3, 28, 1)
(4, 2, 2)
(4, 4, 2)
(4, 7, 1)
(5, 2, 4)
(6, 2, 2)
(6, 4, 1)
(6, 5, 1)
(6, 8, 1)
(6, 24, 1)
(7, 1, 1)
(7, 2, 1)
(7, 3, 2)
(7, 5, 1)
(8, 1, 1)
(8, 3, 2)
(8, 4, 4)
(8, 21, 1)
(10, 3, 1)
(11, 6, 1)
(11, 7, 1)
(12, 6, 1)
(12, 11, 1)
(12, 16, 1)
(13, 1, 1)
(13, 3, 1)
(13, 5, 2)
(13, 7, 1)
(14, 1, 1)
(14, 2, 2)
(14, 3, 2)
(14, 4, 5)
(14, 5, 2)
(14, 6, 1)
(14, 14, 1)
(15, 1, 1)
(15, 5, 1)
(16, 2, 2)
(16, 3, 1)
(16, 4, 4)
(17, 2, 2)
(17, 3, 1)
(17, 4, 1)
(18, 0, 1)
(18, 2, 1)
(18, 3, 1)
(18, 4, 1)
(19, 2, 1)
(19, 3, 5)
(19, 4, 2)
(19, 21, 1)
(20, 1, 1)
(20, 2, 1)
(20, 4, 2)
(20, 5, 1)
(20, 20, 1)
(21, 3, 1)
(21, 5, 1)
(22, 3, 1)
(22, 4, 5)
(23, 2, 2)
(23, 5, 1)
(24, 1, 1)
(24, 3, 1)
(24, 4, 1)
(24, 7, 1)
(25, 1, 1)
(25, 2, 2)
(25, 3, 2)
(25, 4, 4)
(25, 5, 1)
(25, 6, 1)
(26, 1, 1)
(26, 5, 2)
(27, 1, 2)
(27, 2, 1)
(27, 3, 1)
(27, 4, 4)
(27, 5, 1)
(27, 26, 1)
(27, 32, 1)
(28, 1, 1)
(28, 3, 4)
(28, 24, 1)
(29, 2, 2)
(29, 4, 3)
(29, 6, 1)
(29, 17, 1)
(30, 1, 1)
(30, 2, 1)
(30, 3, 2)
(30, 4, 1)
(30, 16, 1)
(31, 2, 1)
(31, 3, 1)
(31, 5, 1)
(31, 6, 1)
(31, 7, 1)
(31, 12, 1)
(31, 21, 1)
(32, 3, 1)
(32, 4, 3)
(32, 5, 2)
(32, 6, 1)
(32, 21, 1)
(33, 2, 2)
(33, 4, 7)
(33, 14, 2)
(33, 39, 1)
(34, 2, 3)
(34, 3, 2)
(34, 4, 2)
(34, 5, 1)
(34, 6, 1)
(34, 7, 1)
(34, 9, 1)
(34, 13, 1)
(34, 15, 1)
(34, 22, 1)
(35, 2, 1)
(35, 4, 3)
(35, 5, 2)
(35, 6, 2)
(35, 7, 1)
(35, 9, 2)
(35, 14, 1)
(35, 16, 1)
(36, 1, 1)
(36, 2, 2)
(36, 3, 5)
(36, 4, 3)
(36, 5, 1)
(36, 6, 1)
(36, 7, 2)
(36, 10, 1)
(37, 1, 1)
(37, 2, 4)
(37, 3, 4)
(37, 4, 1)
(37, 6, 1)
(37, 16, 1)
(38, 1, 1)
(38, 3, 1)
(39, 7, 1)
(39, 8, 1)
xi_2:
(2, 18, 1)
(3, 2, 1)
(3, 7, 1)
(3, 18, 1)
(3, 39, 1)
(4, 5, 1)
(4, 13, 1)
(6, 28, 1)
(7, 5, 1)
(7, 8, 1)
(8, 5, 1)
(8, 24, 1)
(13, 11, 1)
(14, 5, 2)
(14, 7, 1)
(14, 16, 1)
(16, 5, 2)
(18, 2, 1)
(20, 21, 1)
(22, 5, 1)
(25, 5, 1)
(25, 7, 1)
(27, 5, 2)
(28, 4, 1)
(28, 26, 1)
(29, 24, 1)
(30, 4, 1)
(30, 17, 1)
(32, 6, 1)
(32, 7, 1)
(33, 5, 1)
(33, 21, 2)
(34, 16, 1)
(34, 39, 1)
(35, 5, 1)
(35, 7, 1)
(35, 9, 1)
(35, 13, 1)
(35, 15, 1)
(35, 22, 1)
(36, 5, 2)
(36, 7, 1)
(36, 9, 2)
(36, 16, 1)
(37, 4, 1)
(37, 5, 1)
(37, 10, 1)
(38, 6, 1)
(39, 16, 1)
