x-grades
-169280210931550869/80000000000000000
-83502859824340769/40000000000000000
-164731228365812207/80000000000000000
-40614184270735719/20000000000000000
-32036449160014709/16000000000000000
-78953877258602107/40000000000000000
-155633263234334883/80000000000000000
-9584923246966597/5000000000000000
-151084280668596221/80000000000000000
-14880978938572689/8000000000000000
-146535298102857559/80000000000000000
-36065201704997057/20000000000000000
-141986315537118897/80000000000000000
-69855912127124783/40000000000000000
-27487466594276047/16000000000000000
-16895355211063863/10000000000000000
-132888350405641573/80000000000000000
-65306929561386121/40000000000000000
-128339367839902911/80000000000000000
-6303243827851679/4000000000000000
-123790385274164249/80000000000000000
-60757946995647459/40000000000000000
-119241402708425587/80000000000000000
-3655215982048633/2500000000000000
-4587696805707477/3200000000000000
-56208964429908797/40000000000000000
-110143437576948263/80000000000000000
-26967236573519733/20000000000000000
-105594455011209601/80000000000000000
-10331996372834027/8000000000000000
-101045472445470939/80000000000000000
-12346372645325201/10000000000000000
-96496489879732277/80000000000000000
-47110999298431473/40000000000000000
-18389501462798723/16000000000000000
-22418254007781071/20000000000000000
-87398524748254953/80000000000000000
-42562016732692811/40000000000000000
-82849542182516291/80000000000000000
-1007188136245587/1000000000000000

y-grades
2499991/1000000
2499991/500000
7499973/1000000
2499991/250000
2499991/200000
7499973/500000
17499937/1000000
2499991/125000
22499919/1000000
2499991/100000
27499901/1000000
7499973/250000
32499883/1000000
17499937/500000
7499973/200000
2499991/62500
42499847/1000000
22499919/500000
47499829/1000000
2499991/50000
52499811/1000000
27499901/500000
57499793/1000000
7499973/125000
2499991/40000
32499883/500000
67499757/1000000
17499937/250000
72499739/1000000
7499973/100000
77499721/1000000
2499991/31250
82499703/1000000
42499847/500000
17499937/200000
22499919/250000
92499667/1000000
47499829/500000
97499649/1000000
2499991/25000

Dimensions > 0:
(0, 0, 1)
(0, 1, 1)
(0, 2, 1)
(0, 3, 1)
(0, 4, 1)
(0, 5, 1)
(0, 6, 1)
(0, 7, 1)
(0, 8, 1)
(0, 9, 1)
(0, 10, 1)
(0, 11, 1)
(0, 12, 1)
(0, 13, 1)
(0, 14, 1)
(0, 15, 1)
(0, 16, 1)
(0, 17, 1)
(0, 18, 1)
(0, 19, 1)
(0, 20, 1)
(0, 21, 1)
(0, 22, 1)
(0, 23, 1)
(0, 24, 1)
(0, 25, 1)
(0, 26, 1)
(0, 27, 1)
(0, 28, 1)
(0, 29, 1)
(0, 30, 1)
(0, 31, 1)
(0, 32, 1)
(0, 33, 1)
(0, 34, 1)
(0, 35, 1)
(0, 36, 1)
(0, 37, 1)
(0, 38, 1)
(0, 39, 1)

(1, 0, 2)
(1, 1, 2)
(1, 2, 2)
(1, 3, 2)
(1, 4, 2)
(1, 5, 2)
(1, 6, 2)
(1, 7, 2)
(1, 8, 2)
(1, 9, 2)
(1, 10, 2)
(1, 11, 2)
(1, 12, 2)
(1, 13, 1)
(1, 14, 1)
(1, 15, 1)
(1, 16, 1)
(1, 17, 1)
(1, 18, 1)
(1, 19, 1)
(1, 20, 1)
(1, 21, 1)
(1, 22, 1)
(1, 23, 1)
(1, 24, 1)
(1, 25, 1)
(1, 26, 1)
(1, 27, 1)
(1, 28, 1)
(1, 29, 1)
(1, 30, 1)
(1, 31, 1)
(1, 32, 1)
(1, 33, 1)
(1, 34, 1)
(1, 35, 1)
(1, 36, 1)
(1, 37, 1)
(1, 38, 1)
(1, 39, 1)

(2, 0, 4)
(2, 1, 2)
(2, 2, 2)
(2, 3, 2)
(2, 4, 2)
(2, 5, 2)
(2, 6, 2)
(2, 7, 2)
(2, 8, 2)
(2, 9, 2)
(2, 10, 2)
(2, 11, 2)
(2, 12, 1)
(2, 13, 1)
(2, 14, 1)
(2, 15, 1)
(2, 16, 1)
(2, 17, 1)
(2, 18, 1)
(2, 19, 1)
(2, 20, 1)
(2, 21, 1)
(2, 22, 1)
(2, 23, 1)
(2, 24, 1)
(2, 25, 1)
(2, 26, 1)
(2, 27, 1)
(2, 28, 1)
(2, 29, 1)
(2, 30, 1)
(2, 31, 1)
(2, 32, 1)
(2, 33, 1)
(2, 34, 1)
(2, 35, 1)
(2, 36, 1)
(2, 37, 1)
(2, 38, 1)
(2, 39, 1)

(3, 0, 4)
(3, 1, 2)
(3, 2, 2)
(3, 3, 2)
(3, 4, 2)
(3, 5, 2)
(3, 6, 2)
(3, 7, 2)
(3, 8, 2)
(3, 9, 2)
(3, 10, 2)
(3, 11, 1)
(3, 12, 1)
(3, 13, 1)
(3, 14, 1)
(3, 15, 1)
(3, 16, 1)
(3, 17, 1)
(3, 18, 1)
(3, 19, 1)
(3, 20, 1)
(3, 21, 1)
(3, 22, 1)
(3, 23, 1)
(3, 24, 1)
(3, 25, 1)
(3, 26, 1)
(3, 27, 1)
(3, 28, 1)
(3, 29, 1)
(3, 30, 1)
(3, 31, 1)
(3, 32, 1)
(3, 33, 1)
(3, 34, 1)
(3, 35, 1)
(3, 36, 1)
(3, 37, 1)
(3, 38, 1)
(3, 39, 1)

(4, 0, 5)
(4, 1, 2)
(4, 2, 2)
(4, 3, 2)
(4, 4, 2)
(4, 5, 2)
(4, 6, 2)
(4, 7, 2)
(4, 8, 2)
(4, 9, 2)
(4, 10, 1)
(4, 11, 1)
(4, 12, 1)
(4, 13, 1)
(4, 14, 1)
(4, 15, 1)
(4, 16, 1)
(4, 17, 1)
(4, 18, 1)
(4, 19, 1)
(4, 20, 1)
(4, 21, 1)
(4, 22, 1)
(4, 23, 1)
(4, 24, 1)
(4, 25, 1)
(4, 26, 1)
(4, 27, 1)
(4, 28, 1)
(4, 29, 1)
(4, 30, 1)
(4, 31, 1)
(4, 32, 1)
(4, 33, 1)
(4, 34, 1)
(4, 35, 1)
(4, 36, 1)
(4, 37, 1)
(4, 38, 1)
(4, 39, 1)

(5, 0, 6)
(5, 1, 2)
(5, 2, 2)
(5, 3, 2)
(5, 4, 2)
(5, 5, 2)
(5, 6, 2)
(5, 7, 2)
(5, 8, 1)
(5, 9, 1)
(5, 10, 1)
(5, 11, 1)
(5, 12, 1)
(5, 13, 1)
(5, 14, 1)
(5, 15, 1)
(5, 16, 1)
(5, 17, 1)
(5, 18, 1)
(5, 19, 1)
(5, 20, 1)
(5, 21, 1)
(5, 22, 1)
(5, 23, 1)
(5, 24, 1)
(5, 25, 1)
(5, 26, 1)
(5, 27, 1)
(5, 28, 1)
(5, 29, 1)
(5, 30, 1)
(5, 31, 1)
(5, 32, 1)
(5, 33, 1)
(5, 34, 1)
(5, 35, 1)
(5, 36, 1)
(5, 37, 1)
(5, 38, 1)
(5, 39, 1)

(6, 0, 9)
(6, 1, 4)
(6, 2, 4)
(6, 3, 4)
(6, 4, 4)
(6, 5, 4)
(6, 6, 4)
(6, 7, 3)
(6, 8, 2)
(6, 9, 2)
(6, 10, 2)
(6, 11, 2)
(6, 12, 2)
(6, 13, 2)
(6, 14, 2)
(6, 15, 2)
(6, 16, 2)
(6, 17, 2)
(6, 18, 2)
(6, 19, 2)
(6, 20, 2)
(6, 21, 2)
(6, 22, 2)
(6, 23, 2)
(6, 24, 2)
(6, 25, 2)
(6, 26, 2)
(6, 27, 2)
(6, 28, 2)
(6, 29, 2)
(6, 30, 2)
(6, 31, 2)
(6, 32, 2)
(6, 33, 2)
(6, 34, 2)
(6, 35, 2)
(6, 36, 1)
(6, 37, 1)
(6, 38, 1)
(6, 39, 1)

(7, 0, 10)
(7, 1, 4)
(7, 2, 4)
(7, 3, 4)
(7, 4, 4)
(7, 5, 4)
(7, 6, 4)
(7, 7, 3)
(7, 8, 2)
(7, 9, 2)
(7, 10, 2)
(7, 11, 2)
(7, 12, 2)
(7, 13, 2)
(7, 14, 2)
(7, 15, 2)
(7, 16, 2)
(7, 17, 2)
(7, 18, 2)
(7, 19, 2)
(7, 20, 2)
(7, 21, 2)
(7, 22, 2)
(7, 23, 2)
(7, 24, 2)
(7, 25, 2)
(7, 26, 2)
(7, 27, 2)
(7, 28, 2)
(7, 29, 2)
(7, 30, 2)
(7, 31, 2)
(7, 32, 2)
(7, 33, 2)
(7, 34, 2)
(7, 35, 2)
(7, 36, 1)
(7, 37, 1)
(7, 38, 1)
(7, 39, 1)

(8, 0, 11)
(8, 1, 4)
(8, 2, 4)
(8, 3, 4)
(8, 4, 4)
(8, 5, 4)
(8, 6, 4)
(8, 7, 3)
(8, 8, 2)
(8, 9, 2)
(8, 10, 2)
(8, 11, 2)
(8, 12, 2)
(8, 13, 2)
(8, 14, 2)
(8, 15, 2)
(8, 16, 2)
(8, 17, 2)
(8, 18, 2)
(8, 19, 2)
(8, 20, 2)
(8, 21, 2)
(8, 22, 2)
(8, 23, 2)
(8, 24, 2)
(8, 25, 2)
(8, 26, 2)
(8, 27, 2)
(8, 28, 2)
(8, 29, 2)
(8, 30, 2)
(8, 31, 2)
(8, 32, 2)
(8, 33, 2)
(8, 34, 2)
(8, 35, 1)
(8, 36, 1)
(8, 37, 1)
(8, 38, 1)
(8, 39, 1)

(9, 0, 13)
(9, 1, 5)
(9, 2, 5)
(9, 3, 5)
(9, 4, 5)
(9, 5, 5)
(9, 6, 4)
(9, 7, 4)
(9, 8, 2)
(9, 9, 2)
(9, 10, 2)
(9, 11, 2)
(9, 12, 2)
(9, 13, 2)
(9, 14, 2)
(9, 15, 2)
(9, 16, 2)
(9, 17, 2)
(9, 18, 2)
(9, 19, 2)
(9, 20, 2)
(9, 21, 2)
(9, 22, 2)
(9, 23, 2)
(9, 24, 2)
(9, 25, 2)
(9, 26, 2)
(9, 27, 2)
(9, 28, 2)
(9, 29, 2)
(9, 30, 2)
(9, 31, 2)
(9, 32, 2)
(9, 33, 2)
(9, 34, 2)
(9, 35, 1)
(9, 36, 1)
(9, 37, 1)
(9, 38, 1)
(9, 39, 1)

(10, 0, 17)
(10, 1, 7)
(10, 2, 5)
(10, 3, 5)
(10, 4, 5)
(10, 5, 5)
(10, 6, 4)
(10, 7, 4)
(10, 8, 2)
(10, 9, 2)
(10, 10, 2)
(10, 11, 2)
(10, 12, 2)
(10, 13, 2)
(10, 14, 2)
(10, 15, 2)
(10, 16, 2)
(10, 17, 2)
(10, 18, 2)
(10, 19, 2)
(10, 20, 2)
(10, 21, 2)
(10, 22, 2)
(10, 23, 2)
(10, 24, 2)
(10, 25, 2)
(10, 26, 2)
(10, 27, 2)
(10, 28, 2)
(10, 29, 2)
(10, 30, 2)
(10, 31, 2)
(10, 32, 2)
(10, 33, 1)
(10, 34, 1)
(10, 35, 1)
(10, 36, 1)
(10, 37, 1)
(10, 38, 1)
(10, 39, 1)

(11, 0, 21)
(11, 1, 9)
(11, 2, 5)
(11, 3, 5)
(11, 4, 5)
(11, 5, 5)
(11, 6, 5)
(11, 7, 5)
(11, 8, 3)
(11, 9, 3)
(11, 10, 3)
(11, 11, 2)
(11, 12, 2)
(11, 13, 2)
(11, 14, 2)
(11, 15, 2)
(11, 16, 2)
(11, 17, 2)
(11, 18, 2)
(11, 19, 2)
(11, 20, 2)
(11, 21, 2)
(11, 22, 2)
(11, 23, 1)
(11, 24, 1)
(11, 25, 1)
(11, 26, 1)
(11, 27, 1)
(11, 28, 1)
(11, 29, 1)
(11, 30, 1)
(11, 31, 1)
(11, 32, 1)
(11, 33, 1)
(11, 34, 1)
(11, 35, 1)
(11, 36, 1)
(11, 37, 1)
(11, 38, 1)
(11, 39, 1)

(12, 0, 19)
(12, 1, 9)
(12, 2, 5)
(12, 3, 5)
(12, 4, 5)
(12, 5, 5)
(12, 6, 5)
(12, 7, 5)
(12, 8, 3)
(12, 9, 3)
(12, 10, 3)
(12, 11, 2)
(12, 12, 2)
(12, 13, 2)
(12, 14, 2)
(12, 15, 2)
(12, 16, 2)
(12, 17, 2)
(12, 18, 2)
(12, 19, 2)
(12, 20, 2)
(12, 21, 2)
(12, 22, 2)
(12, 23, 1)
(12, 24, 1)
(12, 25, 1)
(12, 26, 1)
(12, 27, 1)
(12, 28, 1)
(12, 29, 1)
(12, 30, 1)
(12, 31, 1)
(12, 32, 1)
(12, 33, 1)
(12, 34, 1)
(12, 35, 1)
(12, 36, 1)
(12, 37, 1)
(12, 38, 1)
(12, 39, 1)

(13, 0, 20)
(13, 1, 9)
(13, 2, 5)
(13, 3, 5)
(13, 4, 5)
(13, 5, 5)
(13, 6, 5)
(13, 7, 4)
(13, 8, 3)
(13, 9, 3)
(13, 10, 3)
(13, 11, 2)
(13, 12, 2)
(13, 13, 2)
(13, 14, 2)
(13, 15, 2)
(13, 16, 2)
(13, 17, 2)
(13, 18, 2)
(13, 19, 2)
(13, 20, 2)
(13, 21, 2)
(13, 22, 1)
(13, 23, 1)
(13, 24, 1)
(13, 25, 1)
(13, 26, 1)
(13, 27, 1)
(13, 28, 1)
(13, 29, 1)
(13, 30, 1)
(13, 31, 1)
(13, 32, 1)
(13, 33, 1)
(13, 34, 1)
(13, 35, 1)
(13, 36, 1)
(13, 37, 1)
(13, 38, 1)
(13, 39, 1)

(14, 0, 21)
(14, 1, 9)
(14, 2, 5)
(14, 3, 5)
(14, 4, 5)
(14, 5, 5)
(14, 6, 4)
(14, 7, 3)
(14, 8, 2)
(14, 9, 2)
(14, 10, 2)
(14, 11, 2)
(14, 12, 2)
(14, 13, 2)
(14, 14, 2)
(14, 15, 2)
(14, 16, 2)
(14, 17, 2)
(14, 18, 2)
(14, 19, 2)
(14, 20, 2)
(14, 21, 2)
(14, 22, 1)
(14, 23, 1)
(14, 24, 1)
(14, 25, 1)
(14, 26, 1)
(14, 27, 1)
(14, 28, 1)
(14, 29, 1)
(14, 30, 1)
(14, 31, 1)
(14, 32, 1)
(14, 33, 1)
(14, 34, 1)
(14, 35, 1)
(14, 36, 1)
(14, 37, 1)
(14, 38, 1)
(14, 39, 1)

(15, 0, 23)
(15, 1, 9)
(15, 2, 5)
(15, 3, 5)
(15, 4, 5)
(15, 5, 4)
(15, 6, 4)
(15, 7, 3)
(15, 8, 2)
(15, 9, 2)
(15, 10, 2)
(15, 11, 2)
(15, 12, 2)
(15, 13, 2)
(15, 14, 2)
(15, 15, 2)
(15, 16, 2)
(15, 17, 2)
(15, 18, 2)
(15, 19, 2)
(15, 20, 2)
(15, 21, 1)
(15, 22, 1)
(15, 23, 1)
(15, 24, 1)
(15, 25, 1)
(15, 26, 1)
(15, 27, 1)
(15, 28, 1)
(15, 29, 1)
(15, 30, 1)
(15, 31, 1)
(15, 32, 1)
(15, 33, 1)
(15, 34, 1)
(15, 35, 1)
(15, 36, 1)
(15, 37, 1)
(15, 38, 1)
(15, 39, 1)

(16, 0, 26)
(16, 1, 11)
(16, 2, 6)
(16, 3, 4)
(16, 4, 3)
(16, 5, 3)
(16, 6, 2)
(16, 7, 2)
(16, 8, 2)
(16, 9, 2)
(16, 10, 2)
(16, 11, 2)
(16, 12, 2)
(16, 13, 2)
(16, 14, 2)
(16, 15, 2)
(16, 16, 2)
(16, 17, 2)
(16, 18, 2)
(16, 19, 2)
(16, 20, 2)
(16, 21, 1)
(16, 22, 1)
(16, 23, 1)
(16, 24, 1)
(16, 25, 1)
(16, 26, 1)
(16, 27, 1)
(16, 28, 1)
(16, 29, 1)
(16, 30, 1)
(16, 31, 1)
(16, 32, 1)
(16, 33, 1)
(16, 34, 1)
(16, 35, 1)
(16, 36, 1)
(16, 37, 1)
(16, 38, 1)
(16, 39, 1)

(17, 0, 28)
(17, 1, 13)
(17, 2, 6)
(17, 3, 4)
(17, 4, 3)
(17, 5, 3)
(17, 6, 2)
(17, 7, 2)
(17, 8, 2)
(17, 9, 2)
(17, 10, 2)
(17, 11, 2)
(17, 12, 2)
(17, 13, 2)
(17, 14, 2)
(17, 15, 2)
(17, 16, 2)
(17, 17, 2)
(17, 18, 1)
(17, 19, 1)
(17, 20, 1)
(17, 21, 1)
(17, 22, 1)
(17, 23, 1)
(17, 24, 1)
(17, 25, 1)
(17, 26, 1)
(17, 27, 1)
(17, 28, 1)
(17, 29, 1)
(17, 30, 1)
(17, 31, 1)
(17, 32, 1)
(17, 33, 1)
(17, 34, 1)
(17, 35, 1)
(17, 36, 1)
(17, 37, 1)
(17, 38, 1)
(17, 39, 1)

(18, 0, 29)
(18, 1, 14)
(18, 2, 7)
(18, 3, 5)
(18, 4, 4)
(18, 5, 4)
(18, 6, 3)
(18, 7, 3)
(18, 8, 3)
(18, 9, 3)
(18, 10, 3)
(18, 11, 3)
(18, 12, 3)
(18, 13, 3)
(18, 14, 3)
(18, 15, 3)
(18, 16, 3)
(18, 17, 3)
(18, 18, 2)
(18, 19, 2)
(18, 20, 2)
(18, 21, 1)
(18, 22, 1)
(18, 23, 1)
(18, 24, 1)
(18, 25, 1)
(18, 26, 1)
(18, 27, 1)
(18, 28, 1)
(18, 29, 1)
(18, 30, 1)
(18, 31, 1)
(18, 32, 1)
(18, 33, 1)
(18, 34, 1)
(18, 35, 1)
(18, 36, 1)
(18, 37, 1)
(18, 38, 1)
(18, 39, 1)

(19, 0, 30)
(19, 1, 14)
(19, 2, 7)
(19, 3, 5)
(19, 4, 4)
(19, 5, 4)
(19, 6, 3)
(19, 7, 3)
(19, 8, 3)
(19, 9, 3)
(19, 10, 3)
(19, 11, 3)
(19, 12, 3)
(19, 13, 3)
(19, 14, 3)
(19, 15, 3)
(19, 16, 3)
(19, 17, 3)
(19, 18, 2)
(19, 19, 2)
(19, 20, 2)
(19, 21, 1)
(19, 22, 1)
(19, 23, 1)
(19, 24, 1)
(19, 25, 1)
(19, 26, 1)
(19, 27, 1)
(19, 28, 1)
(19, 29, 1)
(19, 30, 1)
(19, 31, 1)
(19, 32, 1)
(19, 33, 1)
(19, 34, 1)
(19, 35, 1)
(19, 36, 1)
(19, 37, 1)
(19, 38, 1)
(19, 39, 1)

(20, 0, 32)
(20, 1, 15)
(20, 2, 8)
(20, 3, 4)
(20, 4, 4)
(20, 5, 4)
(20, 6, 3)
(20, 7, 3)
(20, 8, 3)
(20, 9, 3)
(20, 10, 3)
(20, 11, 3)
(20, 12, 3)
(20, 13, 3)
(20, 14, 3)
(20, 15, 3)
(20, 16, 3)
(20, 17, 3)
(20, 18, 2)
(20, 19, 2)
(20, 20, 2)
(20, 21, 1)
(20, 22, 1)
(20, 23, 1)
(20, 24, 1)
(20, 25, 1)
(20, 26, 1)
(20, 27, 1)
(20, 28, 1)
(20, 29, 1)
(20, 30, 1)
(20, 31, 1)
(20, 32, 1)
(20, 33, 1)
(20, 34, 1)
(20, 35, 1)
(20, 36, 1)
(20, 37, 1)
(20, 38, 1)
(20, 39, 1)

(21, 0, 32)
(21, 1, 15)
(21, 2, 8)
(21, 3, 4)
(21, 4, 4)
(21, 5, 4)
(21, 6, 3)
(21, 7, 3)
(21, 8, 3)
(21, 9, 3)
(21, 10, 3)
(21, 11, 3)
(21, 12, 3)
(21, 13, 3)
(21, 14, 3)
(21, 15, 3)
(21, 16, 3)
(21, 17, 3)
(21, 18, 2)
(21, 19, 2)
(21, 20, 1)
(21, 21, 1)
(21, 22, 1)
(21, 23, 1)
(21, 24, 1)
(21, 25, 1)
(21, 26, 1)
(21, 27, 1)
(21, 28, 1)
(21, 29, 1)
(21, 30, 1)
(21, 31, 1)
(21, 32, 1)
(21, 33, 1)
(21, 34, 1)
(21, 35, 1)
(21, 36, 1)
(21, 37, 1)
(21, 38, 1)
(21, 39, 1)

(22, 0, 34)
(22, 1, 16)
(22, 2, 9)
(22, 3, 4)
(22, 4, 4)
(22, 5, 4)
(22, 6, 3)
(22, 7, 3)
(22, 8, 3)
(22, 9, 3)
(22, 10, 3)
(22, 11, 3)
(22, 12, 3)
(22, 13, 3)
(22, 14, 2)
(22, 15, 2)
(22, 16, 2)
(22, 17, 2)
(22, 18, 2)
(22, 19, 2)
(22, 20, 1)
(22, 21, 1)
(22, 22, 1)
(22, 23, 1)
(22, 24, 1)
(22, 25, 1)
(22, 26, 1)
(22, 27, 1)
(22, 28, 1)
(22, 29, 1)
(22, 30, 1)
(22, 31, 1)
(22, 32, 1)
(22, 33, 1)
(22, 34, 1)
(22, 35, 1)
(22, 36, 1)
(22, 37, 1)
(22, 38, 1)
(22, 39, 1)

(23, 0, 37)
(23, 1, 17)
(23, 2, 10)
(23, 3, 5)
(23, 4, 5)
(23, 5, 5)
(23, 6, 4)
(23, 7, 3)
(23, 8, 3)
(23, 9, 3)
(23, 10, 3)
(23, 11, 2)
(23, 12, 2)
(23, 13, 1)
(23, 14, 1)
(23, 15, 1)
(23, 16, 1)
(23, 17, 1)
(23, 18, 1)
(23, 19, 1)
(23, 20, 1)
(23, 21, 1)
(23, 22, 1)
(23, 23, 1)
(23, 24, 1)
(23, 25, 1)
(23, 26, 1)
(23, 27, 1)
(23, 28, 1)
(23, 29, 1)
(23, 30, 1)
(23, 31, 1)
(23, 32, 1)
(23, 33, 1)
(23, 34, 1)
(23, 35, 1)
(23, 36, 1)
(23, 37, 1)
(23, 38, 1)
(23, 39, 1)

(24, 0, 41)
(24, 1, 20)
(24, 2, 11)
(24, 3, 6)
(24, 4, 6)
(24, 5, 6)
(24, 6, 4)
(24, 7, 4)
(24, 8, 4)
(24, 9, 4)
(24, 10, 3)
(24, 11, 2)
(24, 12, 2)
(24, 13, 1)
(24, 14, 1)
(24, 15, 1)
(24, 16, 1)
(24, 17, 1)
(24, 18, 1)
(24, 19, 1)
(24, 20, 1)
(24, 21, 1)
(24, 22, 1)
(24, 23, 1)
(24, 24, 1)
(24, 25, 1)
(24, 26, 1)
(24, 27, 1)
(24, 28, 1)
(24, 29, 1)
(24, 30, 1)
(24, 31, 1)
(24, 32, 1)
(24, 33, 1)
(24, 34, 1)
(24, 35, 1)
(24, 36, 1)
(24, 37, 1)
(24, 38, 1)
(24, 39, 1)

(25, 0, 43)
(25, 1, 21)
(25, 2, 12)
(25, 3, 6)
(25, 4, 6)
(25, 5, 6)
(25, 6, 4)
(25, 7, 4)
(25, 8, 4)
(25, 9, 4)
(25, 10, 3)
(25, 11, 1)
(25, 12, 1)
(25, 13, 1)
(25, 14, 1)
(25, 15, 1)
(25, 16, 1)
(25, 17, 1)
(25, 18, 1)
(25, 19, 1)
(25, 20, 1)
(25, 21, 1)
(25, 22, 1)
(25, 23, 1)
(25, 24, 1)
(25, 25, 1)
(25, 26, 1)
(25, 27, 1)
(25, 28, 1)
(25, 29, 1)
(25, 30, 1)
(25, 31, 1)
(25, 32, 1)
(25, 33, 1)
(25, 34, 1)
(25, 35, 1)
(25, 36, 1)
(25, 37, 1)
(25, 38, 1)
(25, 39, 1)

(26, 0, 48)
(26, 1, 23)
(26, 2, 14)
(26, 3, 8)
(26, 4, 8)
(26, 5, 8)
(26, 6, 6)
(26, 7, 6)
(26, 8, 3)
(26, 9, 3)
(26, 10, 1)
(26, 11, 1)
(26, 12, 1)
(26, 13, 1)
(26, 14, 1)
(26, 15, 1)
(26, 16, 1)
(26, 17, 1)
(26, 18, 1)
(26, 19, 1)
(26, 20, 1)
(26, 21, 1)
(26, 22, 1)
(26, 23, 1)
(26, 24, 1)
(26, 25, 1)
(26, 26, 1)
(26, 27, 1)
(26, 28, 1)
(26, 29, 1)
(26, 30, 1)
(26, 31, 1)
(26, 32, 1)
(26, 33, 1)
(26, 34, 1)
(26, 35, 1)
(26, 36, 1)
(26, 37, 1)
(26, 38, 1)
(26, 39, 1)

(27, 0, 51)
(27, 1, 24)
(27, 2, 13)
(27, 3, 8)
(27, 4, 8)
(27, 5, 8)
(27, 6, 6)
(27, 7, 6)
(27, 8, 3)
(27, 9, 3)
(27, 10, 1)
(27, 11, 1)
(27, 12, 1)
(27, 13, 1)
(27, 14, 1)
(27, 15, 1)
(27, 16, 1)
(27, 17, 1)
(27, 18, 1)
(27, 19, 1)
(27, 20, 1)
(27, 21, 1)
(27, 22, 1)
(27, 23, 1)
(27, 24, 1)
(27, 25, 1)
(27, 26, 1)
(27, 27, 1)
(27, 28, 1)
(27, 29, 1)
(27, 30, 1)
(27, 31, 1)
(27, 32, 1)
(27, 33, 1)
(27, 34, 1)
(27, 35, 1)
(27, 36, 1)
(27, 37, 1)
(27, 38, 1)
(27, 39, 1)

(28, 0, 56)
(28, 1, 27)
(28, 2, 14)
(28, 3, 8)
(28, 4, 7)
(28, 5, 7)
(28, 6, 5)
(28, 7, 5)
(28, 8, 1)
(28, 9, 1)
(28, 10, 1)
(28, 11, 1)
(28, 12, 1)
(28, 13, 1)
(28, 14, 1)
(28, 15, 1)
(28, 16, 1)
(28, 17, 1)
(28, 18, 1)
(28, 19, 1)
(28, 20, 1)
(28, 21, 1)
(28, 22, 1)
(28, 23, 1)
(28, 24, 1)
(28, 25, 1)
(28, 26, 1)
(28, 27, 1)
(28, 28, 1)
(28, 29, 1)
(28, 30, 1)
(28, 31, 1)
(28, 32, 1)
(28, 33, 1)
(28, 34, 1)
(28, 35, 1)
(28, 36, 1)
(28, 37, 1)
(28, 38, 1)
(28, 39, 1)

(29, 0, 57)
(29, 1, 28)
(29, 2, 15)
(29, 3, 8)
(29, 4, 7)
(29, 5, 7)
(29, 6, 5)
(29, 7, 3)
(29, 8, 1)
(29, 9, 1)
(29, 10, 1)
(29, 11, 1)
(29, 12, 1)
(29, 13, 1)
(29, 14, 1)
(29, 15, 1)
(29, 16, 1)
(29, 17, 1)
(29, 18, 1)
(29, 19, 1)
(29, 20, 1)
(29, 21, 1)
(29, 22, 1)
(29, 23, 1)
(29, 24, 1)
(29, 25, 1)
(29, 26, 1)
(29, 27, 1)
(29, 28, 1)
(29, 29, 1)
(29, 30, 1)
(29, 31, 1)
(29, 32, 1)
(29, 33, 1)
(29, 34, 1)
(29, 35, 1)
(29, 36, 1)
(29, 37, 1)
(29, 38, 1)
(29, 39, 1)

(30, 0, 58)
(30, 1, 29)
(30, 2, 15)
(30, 3, 8)
(30, 4, 7)
(30, 5, 7)
(30, 6, 3)
(30, 7, 3)
(30, 8, 1)
(30, 9, 1)
(30, 10, 1)
(30, 11, 1)
(30, 12, 1)
(30, 13, 1)
(30, 14, 1)
(30, 15, 1)
(30, 16, 1)
(30, 17, 1)
(30, 18, 1)
(30, 19, 1)
(30, 20, 1)
(30, 21, 1)
(30, 22, 1)
(30, 23, 1)
(30, 24, 1)
(30, 25, 1)
(30, 26, 1)
(30, 27, 1)
(30, 28, 1)
(30, 29, 1)
(30, 30, 1)
(30, 31, 1)
(30, 32, 1)
(30, 33, 1)
(30, 34, 1)
(30, 35, 1)
(30, 36, 1)
(30, 37, 1)
(30, 38, 1)
(30, 39, 1)

(31, 0, 64)
(31, 1, 29)
(31, 2, 15)
(31, 3, 8)
(31, 4, 7)
(31, 5, 7)
(31, 6, 3)
(31, 7, 2)
(31, 8, 1)
(31, 9, 1)
(31, 10, 1)
(31, 11, 1)
(31, 12, 1)
(31, 13, 1)
(31, 14, 1)
(31, 15, 1)
(31, 16, 1)
(31, 17, 1)
(31, 18, 1)
(31, 19, 1)
(31, 20, 1)
(31, 21, 1)
(31, 22, 1)
(31, 23, 1)
(31, 24, 1)
(31, 25, 1)
(31, 26, 1)
(31, 27, 1)
(31, 28, 1)
(31, 29, 1)
(31, 30, 1)
(31, 31, 1)
(31, 32, 1)
(31, 33, 1)
(31, 34, 1)
(31, 35, 1)
(31, 36, 1)
(31, 37, 1)
(31, 38, 1)
(31, 39, 1)

(32, 0, 68)
(32, 1, 31)
(32, 2, 16)
(32, 3, 7)
(32, 4, 6)
(32, 5, 6)
(32, 6, 3)
(32, 7, 2)
(32, 8, 1)
(32, 9, 1)
(32, 10, 1)
(32, 11, 1)
(32, 12, 1)
(32, 13, 1)
(32, 14, 1)
(32, 15, 1)
(32, 16, 1)
(32, 17, 1)
(32, 18, 1)
(32, 19, 1)
(32, 20, 1)
(32, 21, 1)
(32, 22, 1)
(32, 23, 1)
(32, 24, 1)
(32, 25, 1)
(32, 26, 1)
(32, 27, 1)
(32, 28, 1)
(32, 29, 1)
(32, 30, 1)
(32, 31, 1)
(32, 32, 1)
(32, 33, 1)
(32, 34, 1)
(32, 35, 1)
(32, 36, 1)
(32, 37, 1)
(32, 38, 1)
(32, 39, 1)

(33, 0, 73)
(33, 1, 35)
(33, 2, 15)
(33, 3, 8)
(33, 4, 6)
(33, 5, 6)
(33, 6, 3)
(33, 7, 1)
(33, 8, 1)
(33, 9, 1)
(33, 10, 1)
(33, 11, 1)
(33, 12, 1)
(33, 13, 1)
(33, 14, 1)
(33, 15, 1)
(33, 16, 1)
(33, 17, 1)
(33, 18, 1)
(33, 19, 1)
(33, 20, 1)
(33, 21, 1)
(33, 22, 1)
(33, 23, 1)
(33, 24, 1)
(33, 25, 1)
(33, 26, 1)
(33, 27, 1)
(33, 28, 1)
(33, 29, 1)
(33, 30, 1)
(33, 31, 1)
(33, 32, 1)
(33, 33, 1)
(33, 34, 1)
(33, 35, 1)
(33, 36, 1)
(33, 37, 1)
(33, 38, 1)
(33, 39, 1)

(34, 0, 77)
(34, 1, 37)
(34, 2, 16)
(34, 3, 8)
(34, 4, 4)
(34, 5, 4)
(34, 6, 2)
(34, 7, 1)
(34, 8, 1)
(34, 9, 1)
(34, 10, 1)
(34, 11, 1)
(34, 12, 1)
(34, 13, 1)
(34, 14, 1)
(34, 15, 1)
(34, 16, 1)
(34, 17, 1)
(34, 18, 1)
(34, 19, 1)
(34, 20, 1)
(34, 21, 1)
(34, 22, 1)
(34, 23, 1)
(34, 24, 1)
(34, 25, 1)
(34, 26, 1)
(34, 27, 1)
(34, 28, 1)
(34, 29, 1)
(34, 30, 1)
(34, 31, 1)
(34, 32, 1)
(34, 33, 1)
(34, 34, 1)
(34, 35, 1)
(34, 36, 1)
(34, 37, 1)
(34, 38, 1)
(34, 39, 1)

(35, 0, 78)
(35, 1, 36)
(35, 2, 15)
(35, 3, 7)
(35, 4, 3)
(35, 5, 3)
(35, 6, 1)
(35, 7, 1)
(35, 8, 1)
(35, 9, 1)
(35, 10, 1)
(35, 11, 1)
(35, 12, 1)
(35, 13, 1)
(35, 14, 1)
(35, 15, 1)
(35, 16, 1)
(35, 17, 1)
(35, 18, 1)
(35, 19, 1)
(35, 20, 1)
(35, 21, 1)
(35, 22, 1)
(35, 23, 1)
(35, 24, 1)
(35, 25, 1)
(35, 26, 1)
(35, 27, 1)
(35, 28, 1)
(35, 29, 1)
(35, 30, 1)
(35, 31, 1)
(35, 32, 1)
(35, 33, 1)
(35, 34, 1)
(35, 35, 1)
(35, 36, 1)
(35, 37, 1)
(35, 38, 1)
(35, 39, 1)

(36, 0, 73)
(36, 1, 33)
(36, 2, 12)
(36, 3, 5)
(36, 4, 3)
(36, 5, 3)
(36, 6, 1)
(36, 7, 1)
(36, 8, 1)
(36, 9, 1)
(36, 10, 1)
(36, 11, 1)
(36, 12, 1)
(36, 13, 1)
(36, 14, 1)
(36, 15, 1)
(36, 16, 1)
(36, 17, 1)
(36, 18, 1)
(36, 19, 1)
(36, 20, 1)
(36, 21, 1)
(36, 22, 1)
(36, 23, 1)
(36, 24, 1)
(36, 25, 1)
(36, 26, 1)
(36, 27, 1)
(36, 28, 1)
(36, 29, 1)
(36, 30, 1)
(36, 31, 1)
(36, 32, 1)
(36, 33, 1)
(36, 34, 1)
(36, 35, 1)
(36, 36, 1)
(36, 37, 1)
(36, 38, 1)
(36, 39, 1)

(37, 0, 73)
(37, 1, 33)
(37, 2, 12)
(37, 3, 5)
(37, 4, 3)
(37, 5, 3)
(37, 6, 1)
(37, 7, 1)
(37, 8, 1)
(37, 9, 1)
(37, 10, 1)
(37, 11, 1)
(37, 12, 1)
(37, 13, 1)
(37, 14, 1)
(37, 15, 1)
(37, 16, 1)
(37, 17, 1)
(37, 18, 1)
(37, 19, 1)
(37, 20, 1)
(37, 21, 1)
(37, 22, 1)
(37, 23, 1)
(37, 24, 1)
(37, 25, 1)
(37, 26, 1)
(37, 27, 1)
(37, 28, 1)
(37, 29, 1)
(37, 30, 1)
(37, 31, 1)
(37, 32, 1)
(37, 33, 1)
(37, 34, 1)
(37, 35, 1)
(37, 36, 1)
(37, 37, 1)
(37, 38, 1)
(37, 39, 1)

(38, 0, 75)
(38, 1, 33)
(38, 2, 12)
(38, 3, 5)
(38, 4, 3)
(38, 5, 3)
(38, 6, 1)
(38, 7, 1)
(38, 8, 1)
(38, 9, 1)
(38, 10, 1)
(38, 11, 1)
(38, 12, 1)
(38, 13, 1)
(38, 14, 1)
(38, 15, 1)
(38, 16, 1)
(38, 17, 1)
(38, 18, 1)
(38, 19, 1)
(38, 20, 1)
(38, 21, 1)
(38, 22, 1)
(38, 23, 1)
(38, 24, 1)
(38, 25, 1)
(38, 26, 1)
(38, 27, 1)
(38, 28, 1)
(38, 29, 1)
(38, 30, 1)
(38, 31, 1)
(38, 32, 1)
(38, 33, 1)
(38, 34, 1)
(38, 35, 1)
(38, 36, 1)
(38, 37, 1)
(38, 38, 1)
(38, 39, 1)

(39, 0, 74)
(39, 1, 33)
(39, 2, 12)
(39, 3, 5)
(39, 4, 3)
(39, 5, 3)
(39, 6, 1)
(39, 7, 1)
(39, 8, 1)
(39, 9, 1)
(39, 10, 1)
(39, 11, 1)
(39, 12, 1)
(39, 13, 1)
(39, 14, 1)
(39, 15, 1)
(39, 16, 1)
(39, 17, 1)
(39, 18, 1)
(39, 19, 1)
(39, 20, 1)
(39, 21, 1)
(39, 22, 1)
(39, 23, 1)
(39, 24, 1)
(39, 25, 1)
(39, 26, 1)
(39, 27, 1)
(39, 28, 1)
(39, 29, 1)
(39, 30, 1)
(39, 31, 1)
(39, 32, 1)
(39, 33, 1)
(39, 34, 1)
(39, 35, 1)
(39, 36, 1)
(39, 37, 1)
(39, 38, 1)
(39, 39, 1)


Betti numbers:
xi_0:
(0, 0, 1)
(1, 0, 1)
(2, 0, 2)
(4, 0, 1)
(5, 0, 1)
(6, 0, 3)
(7, 0, 1)
(8, 0, 1)
(9, 0, 3)
(10, 0, 4)
(11, 0, 4)
(13, 0, 1)
(14, 0, 1)
(15, 0, 2)
(16, 0, 3)
(17, 0, 3)
(18, 0, 3)
(19, 0, 1)
(20, 0, 2)
(22, 0, 2)
(23, 0, 3)
(24, 0, 4)
(25, 0, 2)
(26, 0, 6)
(27, 0, 3)
(28, 0, 6)
(29, 0, 1)
(30, 0, 1)
(31, 0, 6)
(32, 0, 4)
(33, 0, 6)
(34, 0, 4)
(35, 0, 1)
(38, 0, 2)
xi_1:
(1, 13, 1)
(2, 1, 2)
(2, 12, 1)
(3, 11, 1)
(4, 1, 1)
(4, 10, 1)
(5, 1, 1)
(5, 8, 1)
(6, 1, 1)
(6, 7, 1)
(6, 36, 1)
(7, 1, 1)
(8, 1, 1)
(8, 35, 1)
(9, 0, 1)
(9, 1, 2)
(9, 6, 1)
(9, 8, 1)
(10, 1, 2)
(10, 2, 2)
(10, 33, 1)
(11, 1, 2)
(11, 2, 2)
(11, 11, 1)
(11, 23, 1)
(12, 0, 2)
(13, 1, 1)
(13, 7, 1)
(13, 22, 1)
(14, 1, 1)
(14, 6, 1)
(14, 8, 1)
(15, 1, 2)
(15, 5, 1)
(15, 21, 1)
(16, 1, 1)
(16, 2, 1)
(16, 3, 2)
(16, 4, 1)
(16, 6, 1)
(17, 0, 1)
(17, 1, 1)
(17, 2, 2)
(17, 4, 1)
(17, 18, 1)
(18, 0, 2)
(18, 1, 1)
(18, 2, 1)
(18, 21, 1)
(19, 1, 1)
(20, 1, 1)
(20, 3, 2)
(21, 20, 1)
(22, 1, 1)
(22, 3, 1)
(22, 14, 1)
(23, 1, 2)
(23, 7, 1)
(23, 11, 1)
(23, 13, 1)
(24, 1, 1)
(24, 2, 2)
(24, 6, 1)
(24, 10, 1)
(24, 11, 1)
(25, 1, 1)
(25, 3, 1)
(25, 11, 1)
(26, 0, 1)
(26, 1, 4)
(26, 2, 1)
(26, 3, 1)
(26, 8, 3)
(26, 10, 1)
(27, 1, 2)
(27, 2, 2)
(28, 0, 1)
(28, 1, 3)
(28, 2, 2)
(28, 3, 1)
(28, 4, 1)
(28, 8, 1)
(29, 3, 1)
(29, 7, 2)
(30, 2, 1)
(30, 6, 2)
(31, 1, 6)
(31, 2, 1)
(31, 7, 1)
(32, 1, 2)
(32, 2, 1)
(32, 3, 2)
(33, 0, 1)
(33, 1, 2)
(33, 2, 5)
(33, 4, 1)
(33, 7, 1)
(34, 1, 2)
(34, 2, 2)
(34, 3, 1)
(34, 4, 3)
(35, 1, 2)
(35, 3, 1)
(35, 4, 1)
(36, 0, 5)
(38, 1, 2)
(39, 0, 1)
xi_2:
(2, 13, 1)
(3, 12, 1)
(4, 11, 1)
(5, 10, 1)
(8, 36, 1)
(9, 1, 1)
(9, 7, 1)
(10, 35, 1)
(11, 6, 1)
(11, 33, 1)
(12, 1, 2)
(13, 8, 1)
(13, 23, 1)
(14, 8, 1)
(14, 11, 1)
(15, 6, 1)
(15, 22, 1)
(16, 5, 1)
(16, 7, 1)
(16, 8, 1)
(17, 1, 1)
(17, 4, 1)
(17, 21, 1)
(18, 1, 1)
(18, 2, 1)
(20, 4, 1)
(21, 21, 1)
(22, 18, 1)
(23, 14, 1)
(23, 20, 1)
(24, 7, 1)
(24, 11, 1)
(25, 13, 1)
(26, 1, 1)
(26, 2, 1)
(26, 3, 1)
(26, 11, 2)
(27, 3, 1)
(28, 1, 1)
(28, 10, 2)
(29, 8, 2)
(30, 7, 2)
(31, 2, 1)
(31, 8, 1)
(32, 6, 1)
(33, 1, 1)
(33, 3, 2)
(33, 8, 1)
(34, 2, 1)
(34, 4, 1)
(34, 6, 1)
(34, 7, 1)
(35, 3, 1)
(35, 4, 1)
(35, 7, 1)
(36, 1, 2)
(36, 3, 1)
(36, 4, 2)
(39, 1, 1)
