x-grades
-1030159974877490573/20000000000000000
-505296995453136433/10000000000000000
-991028006935055159/20000000000000000
-242865505740959363/5000000000000000
-190379207798523949/4000000000000000
-466165027510701019/10000000000000000
-912764071050184331/20000000000000000
-27912440221217707/625000000000000
-873632103107748917/20000000000000000
-85406611913653121/2000000000000000
-834500135165313503/20000000000000000
-203733537798523949/5000000000000000
-795368167222878089/20000000000000000
-387901091625830191/10000000000000000
-30249447971217707/800000000000000
-92083776913653121/2500000000000000
-717104231338007261/20000000000000000
-348769123683394777/10000000000000000
-677972263395571847/20000000000000000
-32920313971217707/1000000000000000
-638840295453136433/20000000000000000
-309637155740959363/10000000000000000
-599708327510701019/20000000000000000
-36258896471217707/1250000000000000
-112115271913653121/4000000000000000
-270505187798523949/10000000000000000
-521444391625830191/20000000000000000
-125469601913653121/5000000000000000
-482312423683394777/20000000000000000
-46274643971217707/2000000000000000
-443180455740959363/20000000000000000
-52951808971217707/2500000000000000
-404048487798523949/20000000000000000
-192241251913653121/10000000000000000
-72983303971217707/4000000000000000
-86337633971217707/5000000000000000
-325784551913653121/20000000000000000
-153109283971217707/10000000000000000
-286652583971217707/20000000000000000
-1335433/100000

y-grades
999899/400000
999899/200000
2999697/400000
999899/100000
999899/80000
2999697/200000
6999293/400000
999899/50000
8999091/400000
999899/40000
10998889/400000
2999697/100000
12998687/400000
6999293/200000
2999697/80000
999899/25000
16998283/400000
8999091/200000
18998081/400000
999899/20000
20997879/400000
10998889/200000
22997677/400000
2999697/50000
999899/16000
12998687/200000
26997273/400000
6999293/100000
28997071/400000
2999697/40000
30996869/400000
999899/12500
32996667/400000
16998283/200000
6999293/80000
8999091/100000
36996263/400000
18998081/200000
38996061/400000
999899/10000

Dimensions > 0:
(0, 0, 28)
(0, 1, 3)
(0, 2, 2)
(0, 3, 2)
(0, 4, 2)
(0, 5, 2)
(0, 6, 2)
(0, 7, 2)
(0, 8, 2)
(0, 9, 2)
(0, 10, 2)
(0, 11, 2)
(0, 12, 2)
(0, 13, 2)
(0, 14, 2)
(0, 15, 2)
(0, 16, 2)
(0, 17, 2)
(0, 18, 2)
(0, 19, 2)
(0, 20, 2)
(0, 21, 2)
(0, 22, 2)
(0, 23, 2)
(0, 24, 2)
(0, 25, 2)
(0, 26, 2)
(0, 27, 2)
(0, 28, 2)
(0, 29, 2)
(0, 30, 2)
(0, 31, 2)
(0, 32, 2)
(0, 33, 2)
(0, 34, 2)
(0, 35, 2)
(0, 36, 2)
(0, 37, 2)
(0, 38, 2)
(0, 39, 2)

(1, 0, 29)
(1, 1, 4)
(1, 2, 3)
(1, 3, 3)
(1, 4, 3)
(1, 5, 3)
(1, 6, 3)
(1, 7, 3)
(1, 8, 3)
(1, 9, 3)
(1, 10, 3)
(1, 11, 3)
(1, 12, 3)
(1, 13, 3)
(1, 14, 3)
(1, 15, 3)
(1, 16, 2)
(1, 17, 2)
(1, 18, 2)
(1, 19, 2)
(1, 20, 2)
(1, 21, 2)
(1, 22, 2)
(1, 23, 2)
(1, 24, 2)
(1, 25, 2)
(1, 26, 2)
(1, 27, 2)
(1, 28, 2)
(1, 29, 2)
(1, 30, 2)
(1, 31, 2)
(1, 32, 2)
(1, 33, 2)
(1, 34, 2)
(1, 35, 2)
(1, 36, 2)
(1, 37, 2)
(1, 38, 2)
(1, 39, 2)

(2, 0, 33)
(2, 1, 8)
(2, 2, 6)
(2, 3, 6)
(2, 4, 6)
(2, 5, 5)
(2, 6, 4)
(2, 7, 4)
(2, 8, 4)
(2, 9, 4)
(2, 10, 4)
(2, 11, 4)
(2, 12, 4)
(2, 13, 4)
(2, 14, 4)
(2, 15, 4)
(2, 16, 3)
(2, 17, 3)
(2, 18, 3)
(2, 19, 3)
(2, 20, 3)
(2, 21, 3)
(2, 22, 3)
(2, 23, 3)
(2, 24, 3)
(2, 25, 3)
(2, 26, 3)
(2, 27, 3)
(2, 28, 3)
(2, 29, 2)
(2, 30, 2)
(2, 31, 2)
(2, 32, 2)
(2, 33, 2)
(2, 34, 2)
(2, 35, 2)
(2, 36, 2)
(2, 37, 2)
(2, 38, 2)
(2, 39, 2)

(3, 0, 35)
(3, 1, 10)
(3, 2, 8)
(3, 3, 8)
(3, 4, 8)
(3, 5, 7)
(3, 6, 6)
(3, 7, 5)
(3, 8, 5)
(3, 9, 5)
(3, 10, 5)
(3, 11, 5)
(3, 12, 5)
(3, 13, 5)
(3, 14, 5)
(3, 15, 5)
(3, 16, 4)
(3, 17, 4)
(3, 18, 4)
(3, 19, 4)
(3, 20, 4)
(3, 21, 4)
(3, 22, 4)
(3, 23, 4)
(3, 24, 4)
(3, 25, 4)
(3, 26, 4)
(3, 27, 4)
(3, 28, 4)
(3, 29, 3)
(3, 30, 3)
(3, 31, 2)
(3, 32, 2)
(3, 33, 2)
(3, 34, 2)
(3, 35, 2)
(3, 36, 2)
(3, 37, 2)
(3, 38, 2)
(3, 39, 2)

(4, 0, 39)
(4, 1, 13)
(4, 2, 11)
(4, 3, 11)
(4, 4, 11)
(4, 5, 10)
(4, 6, 9)
(4, 7, 8)
(4, 8, 8)
(4, 9, 8)
(4, 10, 8)
(4, 11, 8)
(4, 12, 8)
(4, 13, 8)
(4, 14, 8)
(4, 15, 8)
(4, 16, 7)
(4, 17, 7)
(4, 18, 7)
(4, 19, 7)
(4, 20, 7)
(4, 21, 7)
(4, 22, 7)
(4, 23, 7)
(4, 24, 7)
(4, 25, 7)
(4, 26, 7)
(4, 27, 7)
(4, 28, 7)
(4, 29, 6)
(4, 30, 6)
(4, 31, 5)
(4, 32, 5)
(4, 33, 5)
(4, 34, 5)
(4, 35, 5)
(4, 36, 5)
(4, 37, 5)
(4, 38, 5)
(4, 39, 5)

(5, 0, 42)
(5, 1, 16)
(5, 2, 14)
(5, 3, 14)
(5, 4, 14)
(5, 5, 13)
(5, 6, 12)
(5, 7, 11)
(5, 8, 11)
(5, 9, 11)
(5, 10, 11)
(5, 11, 11)
(5, 12, 11)
(5, 13, 11)
(5, 14, 11)
(5, 15, 11)
(5, 16, 10)
(5, 17, 10)
(5, 18, 10)
(5, 19, 10)
(5, 20, 10)
(5, 21, 10)
(5, 22, 10)
(5, 23, 9)
(5, 24, 9)
(5, 25, 9)
(5, 26, 9)
(5, 27, 9)
(5, 28, 9)
(5, 29, 8)
(5, 30, 8)
(5, 31, 7)
(5, 32, 7)
(5, 33, 7)
(5, 34, 7)
(5, 35, 7)
(5, 36, 7)
(5, 37, 7)
(5, 38, 6)
(5, 39, 6)

(6, 0, 49)
(6, 1, 22)
(6, 2, 20)
(6, 3, 20)
(6, 4, 20)
(6, 5, 18)
(6, 6, 17)
(6, 7, 16)
(6, 8, 16)
(6, 9, 16)
(6, 10, 16)
(6, 11, 16)
(6, 12, 16)
(6, 13, 15)
(6, 14, 15)
(6, 15, 15)
(6, 16, 14)
(6, 17, 14)
(6, 18, 14)
(6, 19, 14)
(6, 20, 14)
(6, 21, 14)
(6, 22, 14)
(6, 23, 13)
(6, 24, 13)
(6, 25, 13)
(6, 26, 13)
(6, 27, 12)
(6, 28, 12)
(6, 29, 11)
(6, 30, 11)
(6, 31, 10)
(6, 32, 10)
(6, 33, 10)
(6, 34, 10)
(6, 35, 10)
(6, 36, 10)
(6, 37, 10)
(6, 38, 8)
(6, 39, 8)

(7, 0, 52)
(7, 1, 25)
(7, 2, 23)
(7, 3, 23)
(7, 4, 23)
(7, 5, 21)
(7, 6, 20)
(7, 7, 19)
(7, 8, 18)
(7, 9, 18)
(7, 10, 18)
(7, 11, 17)
(7, 12, 17)
(7, 13, 16)
(7, 14, 16)
(7, 15, 16)
(7, 16, 15)
(7, 17, 15)
(7, 18, 15)
(7, 19, 15)
(7, 20, 15)
(7, 21, 15)
(7, 22, 15)
(7, 23, 14)
(7, 24, 14)
(7, 25, 14)
(7, 26, 14)
(7, 27, 13)
(7, 28, 13)
(7, 29, 12)
(7, 30, 12)
(7, 31, 11)
(7, 32, 11)
(7, 33, 11)
(7, 34, 11)
(7, 35, 11)
(7, 36, 11)
(7, 37, 11)
(7, 38, 9)
(7, 39, 9)

(8, 0, 52)
(8, 1, 25)
(8, 2, 23)
(8, 3, 23)
(8, 4, 23)
(8, 5, 21)
(8, 6, 20)
(8, 7, 19)
(8, 8, 18)
(8, 9, 18)
(8, 10, 18)
(8, 11, 17)
(8, 12, 17)
(8, 13, 16)
(8, 14, 16)
(8, 15, 16)
(8, 16, 15)
(8, 17, 15)
(8, 18, 15)
(8, 19, 15)
(8, 20, 15)
(8, 21, 15)
(8, 22, 15)
(8, 23, 14)
(8, 24, 14)
(8, 25, 14)
(8, 26, 14)
(8, 27, 13)
(8, 28, 13)
(8, 29, 12)
(8, 30, 12)
(8, 31, 11)
(8, 32, 11)
(8, 33, 11)
(8, 34, 11)
(8, 35, 11)
(8, 36, 11)
(8, 37, 11)
(8, 38, 9)
(8, 39, 9)

(9, 0, 52)
(9, 1, 25)
(9, 2, 23)
(9, 3, 23)
(9, 4, 23)
(9, 5, 21)
(9, 6, 20)
(9, 7, 19)
(9, 8, 18)
(9, 9, 18)
(9, 10, 18)
(9, 11, 17)
(9, 12, 17)
(9, 13, 16)
(9, 14, 16)
(9, 15, 16)
(9, 16, 15)
(9, 17, 15)
(9, 18, 15)
(9, 19, 15)
(9, 20, 15)
(9, 21, 15)
(9, 22, 15)
(9, 23, 14)
(9, 24, 14)
(9, 25, 14)
(9, 26, 14)
(9, 27, 13)
(9, 28, 13)
(9, 29, 12)
(9, 30, 12)
(9, 31, 11)
(9, 32, 11)
(9, 33, 11)
(9, 34, 11)
(9, 35, 11)
(9, 36, 11)
(9, 37, 11)
(9, 38, 9)
(9, 39, 9)

(10, 0, 60)
(10, 1, 33)
(10, 2, 26)
(10, 3, 26)
(10, 4, 26)
(10, 5, 24)
(10, 6, 23)
(10, 7, 22)
(10, 8, 21)
(10, 9, 21)
(10, 10, 21)
(10, 11, 20)
(10, 12, 20)
(10, 13, 19)
(10, 14, 19)
(10, 15, 19)
(10, 16, 18)
(10, 17, 18)
(10, 18, 18)
(10, 19, 18)
(10, 20, 17)
(10, 21, 17)
(10, 22, 17)
(10, 23, 16)
(10, 24, 16)
(10, 25, 16)
(10, 26, 16)
(10, 27, 15)
(10, 28, 15)
(10, 29, 14)
(10, 30, 14)
(10, 31, 13)
(10, 32, 13)
(10, 33, 13)
(10, 34, 13)
(10, 35, 13)
(10, 36, 13)
(10, 37, 13)
(10, 38, 11)
(10, 39, 11)

(11, 0, 69)
(11, 1, 42)
(11, 2, 28)
(11, 3, 28)
(11, 4, 28)
(11, 5, 26)
(11, 6, 25)
(11, 7, 24)
(11, 8, 23)
(11, 9, 23)
(11, 10, 23)
(11, 11, 22)
(11, 12, 22)
(11, 13, 21)
(11, 14, 21)
(11, 15, 21)
(11, 16, 20)
(11, 17, 20)
(11, 18, 20)
(11, 19, 20)
(11, 20, 18)
(11, 21, 18)
(11, 22, 18)
(11, 23, 17)
(11, 24, 17)
(11, 25, 17)
(11, 26, 17)
(11, 27, 16)
(11, 28, 15)
(11, 29, 14)
(11, 30, 14)
(11, 31, 13)
(11, 32, 13)
(11, 33, 13)
(11, 34, 13)
(11, 35, 13)
(11, 36, 13)
(11, 37, 13)
(11, 38, 11)
(11, 39, 11)

(12, 0, 70)
(12, 1, 43)
(12, 2, 29)
(12, 3, 29)
(12, 4, 29)
(12, 5, 27)
(12, 6, 26)
(12, 7, 25)
(12, 8, 24)
(12, 9, 24)
(12, 10, 24)
(12, 11, 23)
(12, 12, 23)
(12, 13, 22)
(12, 14, 22)
(12, 15, 22)
(12, 16, 21)
(12, 17, 21)
(12, 18, 21)
(12, 19, 21)
(12, 20, 19)
(12, 21, 19)
(12, 22, 19)
(12, 23, 18)
(12, 24, 18)
(12, 25, 18)
(12, 26, 18)
(12, 27, 17)
(12, 28, 16)
(12, 29, 15)
(12, 30, 15)
(12, 31, 14)
(12, 32, 14)
(12, 33, 14)
(12, 34, 14)
(12, 35, 14)
(12, 36, 14)
(12, 37, 14)
(12, 38, 12)
(12, 39, 12)

(13, 0, 71)
(13, 1, 44)
(13, 2, 30)
(13, 3, 30)
(13, 4, 30)
(13, 5, 28)
(13, 6, 27)
(13, 7, 26)
(13, 8, 25)
(13, 9, 25)
(13, 10, 25)
(13, 11, 24)
(13, 12, 24)
(13, 13, 23)
(13, 14, 23)
(13, 15, 23)
(13, 16, 22)
(13, 17, 22)
(13, 18, 22)
(13, 19, 22)
(13, 20, 20)
(13, 21, 20)
(13, 22, 20)
(13, 23, 19)
(13, 24, 19)
(13, 25, 19)
(13, 26, 19)
(13, 27, 18)
(13, 28, 16)
(13, 29, 15)
(13, 30, 15)
(13, 31, 14)
(13, 32, 14)
(13, 33, 14)
(13, 34, 14)
(13, 35, 14)
(13, 36, 14)
(13, 37, 14)
(13, 38, 12)
(13, 39, 12)

(14, 0, 81)
(14, 1, 54)
(14, 2, 35)
(14, 3, 35)
(14, 4, 35)
(14, 5, 33)
(14, 6, 32)
(14, 7, 30)
(14, 8, 29)
(14, 9, 28)
(14, 10, 28)
(14, 11, 27)
(14, 12, 27)
(14, 13, 26)
(14, 14, 26)
(14, 15, 26)
(14, 16, 25)
(14, 17, 25)
(14, 18, 25)
(14, 19, 25)
(14, 20, 23)
(14, 21, 22)
(14, 22, 22)
(14, 23, 21)
(14, 24, 21)
(14, 25, 21)
(14, 26, 21)
(14, 27, 20)
(14, 28, 18)
(14, 29, 17)
(14, 30, 17)
(14, 31, 16)
(14, 32, 16)
(14, 33, 16)
(14, 34, 16)
(14, 35, 16)
(14, 36, 16)
(14, 37, 16)
(14, 38, 14)
(14, 39, 14)

(15, 0, 104)
(15, 1, 77)
(15, 2, 39)
(15, 3, 39)
(15, 4, 39)
(15, 5, 37)
(15, 6, 35)
(15, 7, 33)
(15, 8, 32)
(15, 9, 29)
(15, 10, 29)
(15, 11, 28)
(15, 12, 28)
(15, 13, 27)
(15, 14, 27)
(15, 15, 27)
(15, 16, 25)
(15, 17, 25)
(15, 18, 25)
(15, 19, 25)
(15, 20, 23)
(15, 21, 22)
(15, 22, 22)
(15, 23, 21)
(15, 24, 21)
(15, 25, 21)
(15, 26, 21)
(15, 27, 20)
(15, 28, 18)
(15, 29, 17)
(15, 30, 17)
(15, 31, 16)
(15, 32, 16)
(15, 33, 16)
(15, 34, 16)
(15, 35, 16)
(15, 36, 16)
(15, 37, 16)
(15, 38, 14)
(15, 39, 14)

(16, 0, 126)
(16, 1, 98)
(16, 2, 42)
(16, 3, 42)
(16, 4, 42)
(16, 5, 40)
(16, 6, 38)
(16, 7, 35)
(16, 8, 34)
(16, 9, 31)
(16, 10, 31)
(16, 11, 30)
(16, 12, 30)
(16, 13, 29)
(16, 14, 29)
(16, 15, 29)
(16, 16, 27)
(16, 17, 27)
(16, 18, 27)
(16, 19, 27)
(16, 20, 25)
(16, 21, 24)
(16, 22, 24)
(16, 23, 21)
(16, 24, 21)
(16, 25, 21)
(16, 26, 21)
(16, 27, 20)
(16, 28, 18)
(16, 29, 17)
(16, 30, 17)
(16, 31, 16)
(16, 32, 16)
(16, 33, 16)
(16, 34, 16)
(16, 35, 16)
(16, 36, 16)
(16, 37, 16)
(16, 38, 14)
(16, 39, 14)

(17, 0, 137)
(17, 1, 109)
(17, 2, 47)
(17, 3, 47)
(17, 4, 47)
(17, 5, 45)
(17, 6, 42)
(17, 7, 39)
(17, 8, 38)
(17, 9, 32)
(17, 10, 32)
(17, 11, 31)
(17, 12, 31)
(17, 13, 30)
(17, 14, 30)
(17, 15, 30)
(17, 16, 28)
(17, 17, 28)
(17, 18, 28)
(17, 19, 28)
(17, 20, 26)
(17, 21, 24)
(17, 22, 24)
(17, 23, 22)
(17, 24, 22)
(17, 25, 22)
(17, 26, 22)
(17, 27, 21)
(17, 28, 19)
(17, 29, 18)
(17, 30, 18)
(17, 31, 17)
(17, 32, 17)
(17, 33, 17)
(17, 34, 17)
(17, 35, 17)
(17, 36, 17)
(17, 37, 17)
(17, 38, 15)
(17, 39, 15)

(18, 0, 138)
(18, 1, 110)
(18, 2, 48)
(18, 3, 48)
(18, 4, 48)
(18, 5, 46)
(18, 6, 43)
(18, 7, 40)
(18, 8, 39)
(18, 9, 33)
(18, 10, 33)
(18, 11, 32)
(18, 12, 32)
(18, 13, 30)
(18, 14, 30)
(18, 15, 30)
(18, 16, 28)
(18, 17, 28)
(18, 18, 28)
(18, 19, 28)
(18, 20, 26)
(18, 21, 24)
(18, 22, 24)
(18, 23, 22)
(18, 24, 22)
(18, 25, 22)
(18, 26, 22)
(18, 27, 21)
(18, 28, 19)
(18, 29, 18)
(18, 30, 18)
(18, 31, 17)
(18, 32, 17)
(18, 33, 17)
(18, 34, 17)
(18, 35, 17)
(18, 36, 17)
(18, 37, 17)
(18, 38, 15)
(18, 39, 15)

(19, 0, 139)
(19, 1, 111)
(19, 2, 49)
(19, 3, 49)
(19, 4, 49)
(19, 5, 47)
(19, 6, 44)
(19, 7, 41)
(19, 8, 40)
(19, 9, 34)
(19, 10, 34)
(19, 11, 33)
(19, 12, 33)
(19, 13, 31)
(19, 14, 31)
(19, 15, 31)
(19, 16, 29)
(19, 17, 29)
(19, 18, 29)
(19, 19, 29)
(19, 20, 27)
(19, 21, 25)
(19, 22, 25)
(19, 23, 23)
(19, 24, 23)
(19, 25, 23)
(19, 26, 23)
(19, 27, 22)
(19, 28, 20)
(19, 29, 19)
(19, 30, 19)
(19, 31, 18)
(19, 32, 18)
(19, 33, 18)
(19, 34, 18)
(19, 35, 18)
(19, 36, 18)
(19, 37, 18)
(19, 38, 16)
(19, 39, 16)

(20, 0, 143)
(20, 1, 115)
(20, 2, 50)
(20, 3, 50)
(20, 4, 50)
(20, 5, 48)
(20, 6, 45)
(20, 7, 42)
(20, 8, 41)
(20, 9, 35)
(20, 10, 35)
(20, 11, 34)
(20, 12, 34)
(20, 13, 32)
(20, 14, 32)
(20, 15, 32)
(20, 16, 30)
(20, 17, 30)
(20, 18, 30)
(20, 19, 30)
(20, 20, 28)
(20, 21, 26)
(20, 22, 26)
(20, 23, 24)
(20, 24, 24)
(20, 25, 24)
(20, 26, 24)
(20, 27, 23)
(20, 28, 21)
(20, 29, 20)
(20, 30, 20)
(20, 31, 19)
(20, 32, 19)
(20, 33, 19)
(20, 34, 19)
(20, 35, 19)
(20, 36, 19)
(20, 37, 19)
(20, 38, 17)
(20, 39, 17)

(21, 0, 153)
(21, 1, 125)
(21, 2, 51)
(21, 3, 51)
(21, 4, 51)
(21, 5, 49)
(21, 6, 46)
(21, 7, 43)
(21, 8, 42)
(21, 9, 36)
(21, 10, 36)
(21, 11, 35)
(21, 12, 35)
(21, 13, 33)
(21, 14, 33)
(21, 15, 33)
(21, 16, 31)
(21, 17, 31)
(21, 18, 31)
(21, 19, 31)
(21, 20, 28)
(21, 21, 26)
(21, 22, 26)
(21, 23, 24)
(21, 24, 24)
(21, 25, 24)
(21, 26, 24)
(21, 27, 23)
(21, 28, 21)
(21, 29, 20)
(21, 30, 20)
(21, 31, 19)
(21, 32, 19)
(21, 33, 19)
(21, 34, 19)
(21, 35, 19)
(21, 36, 19)
(21, 37, 19)
(21, 38, 17)
(21, 39, 17)

(22, 0, 154)
(22, 1, 126)
(22, 2, 52)
(22, 3, 52)
(22, 4, 52)
(22, 5, 50)
(22, 6, 47)
(22, 7, 44)
(22, 8, 43)
(22, 9, 37)
(22, 10, 37)
(22, 11, 36)
(22, 12, 36)
(22, 13, 34)
(22, 14, 34)
(22, 15, 34)
(22, 16, 32)
(22, 17, 32)
(22, 18, 32)
(22, 19, 32)
(22, 20, 28)
(22, 21, 26)
(22, 22, 26)
(22, 23, 24)
(22, 24, 24)
(22, 25, 24)
(22, 26, 24)
(22, 27, 23)
(22, 28, 21)
(22, 29, 20)
(22, 30, 20)
(22, 31, 19)
(22, 32, 19)
(22, 33, 19)
(22, 34, 19)
(22, 35, 19)
(22, 36, 19)
(22, 37, 19)
(22, 38, 17)
(22, 39, 17)

(23, 0, 154)
(23, 1, 126)
(23, 2, 52)
(23, 3, 52)
(23, 4, 52)
(23, 5, 50)
(23, 6, 47)
(23, 7, 44)
(23, 8, 43)
(23, 9, 37)
(23, 10, 37)
(23, 11, 36)
(23, 12, 36)
(23, 13, 34)
(23, 14, 34)
(23, 15, 34)
(23, 16, 32)
(23, 17, 32)
(23, 18, 32)
(23, 19, 32)
(23, 20, 28)
(23, 21, 26)
(23, 22, 26)
(23, 23, 24)
(23, 24, 24)
(23, 25, 24)
(23, 26, 24)
(23, 27, 23)
(23, 28, 21)
(23, 29, 20)
(23, 30, 20)
(23, 31, 19)
(23, 32, 19)
(23, 33, 19)
(23, 34, 19)
(23, 35, 19)
(23, 36, 19)
(23, 37, 19)
(23, 38, 17)
(23, 39, 17)

(24, 0, 154)
(24, 1, 126)
(24, 2, 52)
(24, 3, 52)
(24, 4, 52)
(24, 5, 50)
(24, 6, 47)
(24, 7, 44)
(24, 8, 43)
(24, 9, 37)
(24, 10, 37)
(24, 11, 36)
(24, 12, 36)
(24, 13, 34)
(24, 14, 34)
(24, 15, 34)
(24, 16, 32)
(24, 17, 32)
(24, 18, 32)
(24, 19, 32)
(24, 20, 28)
(24, 21, 26)
(24, 22, 26)
(24, 23, 24)
(24, 24, 24)
(24, 25, 24)
(24, 26, 24)
(24, 27, 23)
(24, 28, 21)
(24, 29, 20)
(24, 30, 20)
(24, 31, 19)
(24, 32, 19)
(24, 33, 19)
(24, 34, 19)
(24, 35, 19)
(24, 36, 19)
(24, 37, 19)
(24, 38, 17)
(24, 39, 17)

(25, 0, 154)
(25, 1, 126)
(25, 2, 52)
(25, 3, 52)
(25, 4, 52)
(25, 5, 50)
(25, 6, 47)
(25, 7, 44)
(25, 8, 43)
(25, 9, 37)
(25, 10, 37)
(25, 11, 36)
(25, 12, 36)
(25, 13, 34)
(25, 14, 34)
(25, 15, 34)
(25, 16, 32)
(25, 17, 32)
(25, 18, 32)
(25, 19, 32)
(25, 20, 28)
(25, 21, 26)
(25, 22, 26)
(25, 23, 24)
(25, 24, 24)
(25, 25, 24)
(25, 26, 24)
(25, 27, 23)
(25, 28, 21)
(25, 29, 20)
(25, 30, 20)
(25, 31, 19)
(25, 32, 19)
(25, 33, 19)
(25, 34, 19)
(25, 35, 19)
(25, 36, 19)
(25, 37, 19)
(25, 38, 17)
(25, 39, 17)

(26, 0, 154)
(26, 1, 126)
(26, 2, 52)
(26, 3, 52)
(26, 4, 52)
(26, 5, 50)
(26, 6, 47)
(26, 7, 44)
(26, 8, 43)
(26, 9, 37)
(26, 10, 37)
(26, 11, 36)
(26, 12, 36)
(26, 13, 34)
(26, 14, 34)
(26, 15, 34)
(26, 16, 32)
(26, 17, 32)
(26, 18, 32)
(26, 19, 32)
(26, 20, 28)
(26, 21, 26)
(26, 22, 26)
(26, 23, 24)
(26, 24, 24)
(26, 25, 24)
(26, 26, 24)
(26, 27, 23)
(26, 28, 21)
(26, 29, 20)
(26, 30, 20)
(26, 31, 19)
(26, 32, 19)
(26, 33, 19)
(26, 34, 19)
(26, 35, 19)
(26, 36, 19)
(26, 37, 19)
(26, 38, 17)
(26, 39, 17)

(27, 0, 155)
(27, 1, 127)
(27, 2, 53)
(27, 3, 53)
(27, 4, 53)
(27, 5, 51)
(27, 6, 48)
(27, 7, 45)
(27, 8, 44)
(27, 9, 38)
(27, 10, 38)
(27, 11, 37)
(27, 12, 37)
(27, 13, 35)
(27, 14, 35)
(27, 15, 35)
(27, 16, 33)
(27, 17, 33)
(27, 18, 33)
(27, 19, 33)
(27, 20, 29)
(27, 21, 27)
(27, 22, 27)
(27, 23, 25)
(27, 24, 25)
(27, 25, 25)
(27, 26, 25)
(27, 27, 24)
(27, 28, 22)
(27, 29, 21)
(27, 30, 21)
(27, 31, 20)
(27, 32, 20)
(27, 33, 20)
(27, 34, 20)
(27, 35, 20)
(27, 36, 20)
(27, 37, 20)
(27, 38, 18)
(27, 39, 18)

(28, 0, 157)
(28, 1, 128)
(28, 2, 54)
(28, 3, 54)
(28, 4, 54)
(28, 5, 52)
(28, 6, 49)
(28, 7, 46)
(28, 8, 45)
(28, 9, 39)
(28, 10, 39)
(28, 11, 38)
(28, 12, 38)
(28, 13, 36)
(28, 14, 36)
(28, 15, 36)
(28, 16, 34)
(28, 17, 34)
(28, 18, 34)
(28, 19, 34)
(28, 20, 30)
(28, 21, 28)
(28, 22, 28)
(28, 23, 26)
(28, 24, 26)
(28, 25, 26)
(28, 26, 26)
(28, 27, 25)
(28, 28, 23)
(28, 29, 22)
(28, 30, 22)
(28, 31, 21)
(28, 32, 21)
(28, 33, 21)
(28, 34, 21)
(28, 35, 21)
(28, 36, 21)
(28, 37, 21)
(28, 38, 19)
(28, 39, 19)

(29, 0, 174)
(29, 1, 133)
(29, 2, 59)
(29, 3, 59)
(29, 4, 59)
(29, 5, 56)
(29, 6, 51)
(29, 7, 47)
(29, 8, 46)
(29, 9, 40)
(29, 10, 40)
(29, 11, 39)
(29, 12, 39)
(29, 13, 37)
(29, 14, 37)
(29, 15, 37)
(29, 16, 35)
(29, 17, 35)
(29, 18, 35)
(29, 19, 35)
(29, 20, 31)
(29, 21, 29)
(29, 22, 29)
(29, 23, 27)
(29, 24, 27)
(29, 25, 27)
(29, 26, 27)
(29, 27, 26)
(29, 28, 24)
(29, 29, 23)
(29, 30, 23)
(29, 31, 22)
(29, 32, 22)
(29, 33, 21)
(29, 34, 21)
(29, 35, 21)
(29, 36, 21)
(29, 37, 21)
(29, 38, 19)
(29, 39, 19)

(30, 0, 174)
(30, 1, 133)
(30, 2, 59)
(30, 3, 59)
(30, 4, 59)
(30, 5, 56)
(30, 6, 51)
(30, 7, 47)
(30, 8, 46)
(30, 9, 40)
(30, 10, 40)
(30, 11, 39)
(30, 12, 39)
(30, 13, 37)
(30, 14, 37)
(30, 15, 37)
(30, 16, 35)
(30, 17, 35)
(30, 18, 35)
(30, 19, 35)
(30, 20, 31)
(30, 21, 29)
(30, 22, 29)
(30, 23, 27)
(30, 24, 27)
(30, 25, 27)
(30, 26, 27)
(30, 27, 26)
(30, 28, 24)
(30, 29, 23)
(30, 30, 23)
(30, 31, 22)
(30, 32, 22)
(30, 33, 21)
(30, 34, 21)
(30, 35, 21)
(30, 36, 21)
(30, 37, 21)
(30, 38, 19)
(30, 39, 19)

(31, 0, 174)
(31, 1, 133)
(31, 2, 59)
(31, 3, 59)
(31, 4, 59)
(31, 5, 56)
(31, 6, 51)
(31, 7, 47)
(31, 8, 46)
(31, 9, 40)
(31, 10, 40)
(31, 11, 39)
(31, 12, 39)
(31, 13, 37)
(31, 14, 37)
(31, 15, 37)
(31, 16, 35)
(31, 17, 35)
(31, 18, 35)
(31, 19, 35)
(31, 20, 31)
(31, 21, 29)
(31, 22, 29)
(31, 23, 27)
(31, 24, 27)
(31, 25, 27)
(31, 26, 27)
(31, 27, 26)
(31, 28, 24)
(31, 29, 23)
(31, 30, 23)
(31, 31, 22)
(31, 32, 22)
(31, 33, 21)
(31, 34, 21)
(31, 35, 21)
(31, 36, 21)
(31, 37, 21)
(31, 38, 19)
(31, 39, 19)

(32, 0, 176)
(32, 1, 135)
(32, 2, 61)
(32, 3, 61)
(32, 4, 61)
(32, 5, 58)
(32, 6, 53)
(32, 7, 49)
(32, 8, 48)
(32, 9, 42)
(32, 10, 42)
(32, 11, 41)
(32, 12, 41)
(32, 13, 39)
(32, 14, 39)
(32, 15, 39)
(32, 16, 37)
(32, 17, 37)
(32, 18, 37)
(32, 19, 37)
(32, 20, 33)
(32, 21, 31)
(32, 22, 31)
(32, 23, 29)
(32, 24, 29)
(32, 25, 29)
(32, 26, 29)
(32, 27, 28)
(32, 28, 26)
(32, 29, 25)
(32, 30, 25)
(32, 31, 24)
(32, 32, 24)
(32, 33, 23)
(32, 34, 23)
(32, 35, 23)
(32, 36, 23)
(32, 37, 23)
(32, 38, 20)
(32, 39, 20)

(33, 0, 176)
(33, 1, 135)
(33, 2, 61)
(33, 3, 61)
(33, 4, 61)
(33, 5, 58)
(33, 6, 53)
(33, 7, 49)
(33, 8, 48)
(33, 9, 42)
(33, 10, 42)
(33, 11, 41)
(33, 12, 41)
(33, 13, 39)
(33, 14, 39)
(33, 15, 39)
(33, 16, 37)
(33, 17, 37)
(33, 18, 37)
(33, 19, 37)
(33, 20, 33)
(33, 21, 31)
(33, 22, 31)
(33, 23, 29)
(33, 24, 29)
(33, 25, 29)
(33, 26, 29)
(33, 27, 28)
(33, 28, 26)
(33, 29, 25)
(33, 30, 25)
(33, 31, 24)
(33, 32, 24)
(33, 33, 23)
(33, 34, 23)
(33, 35, 23)
(33, 36, 23)
(33, 37, 23)
(33, 38, 20)
(33, 39, 20)

(34, 0, 176)
(34, 1, 135)
(34, 2, 61)
(34, 3, 61)
(34, 4, 61)
(34, 5, 58)
(34, 6, 53)
(34, 7, 49)
(34, 8, 48)
(34, 9, 42)
(34, 10, 42)
(34, 11, 41)
(34, 12, 41)
(34, 13, 39)
(34, 14, 39)
(34, 15, 39)
(34, 16, 37)
(34, 17, 37)
(34, 18, 37)
(34, 19, 37)
(34, 20, 33)
(34, 21, 31)
(34, 22, 31)
(34, 23, 29)
(34, 24, 29)
(34, 25, 29)
(34, 26, 29)
(34, 27, 28)
(34, 28, 26)
(34, 29, 25)
(34, 30, 25)
(34, 31, 24)
(34, 32, 24)
(34, 33, 23)
(34, 34, 23)
(34, 35, 23)
(34, 36, 23)
(34, 37, 23)
(34, 38, 20)
(34, 39, 20)

(35, 0, 176)
(35, 1, 135)
(35, 2, 61)
(35, 3, 61)
(35, 4, 61)
(35, 5, 58)
(35, 6, 53)
(35, 7, 49)
(35, 8, 48)
(35, 9, 42)
(35, 10, 42)
(35, 11, 41)
(35, 12, 41)
(35, 13, 39)
(35, 14, 39)
(35, 15, 39)
(35, 16, 37)
(35, 17, 37)
(35, 18, 37)
(35, 19, 37)
(35, 20, 33)
(35, 21, 31)
(35, 22, 31)
(35, 23, 29)
(35, 24, 29)
(35, 25, 29)
(35, 26, 29)
(35, 27, 28)
(35, 28, 26)
(35, 29, 25)
(35, 30, 25)
(35, 31, 24)
(35, 32, 24)
(35, 33, 23)
(35, 34, 23)
(35, 35, 23)
(35, 36, 23)
(35, 37, 23)
(35, 38, 20)
(35, 39, 20)

(36, 0, 176)
(36, 1, 135)
(36, 2, 61)
(36, 3, 61)
(36, 4, 61)
(36, 5, 58)
(36, 6, 53)
(36, 7, 49)
(36, 8, 48)
(36, 9, 42)
(36, 10, 42)
(36, 11, 41)
(36, 12, 41)
(36, 13, 39)
(36, 14, 39)
(36, 15, 39)
(36, 16, 37)
(36, 17, 37)
(36, 18, 37)
(36, 19, 37)
(36, 20, 33)
(36, 21, 31)
(36, 22, 31)
(36, 23, 29)
(36, 24, 29)
(36, 25, 29)
(36, 26, 29)
(36, 27, 28)
(36, 28, 26)
(36, 29, 25)
(36, 30, 25)
(36, 31, 24)
(36, 32, 24)
(36, 33, 23)
(36, 34, 23)
(36, 35, 23)
(36, 36, 23)
(36, 37, 23)
(36, 38, 20)
(36, 39, 20)

(37, 0, 180)
(37, 1, 137)
(37, 2, 63)
(37, 3, 63)
(37, 4, 63)
(37, 5, 60)
(37, 6, 55)
(37, 7, 51)
(37, 8, 50)
(37, 9, 44)
(37, 10, 44)
(37, 11, 43)
(37, 12, 43)
(37, 13, 41)
(37, 14, 41)
(37, 15, 41)
(37, 16, 39)
(37, 17, 39)
(37, 18, 39)
(37, 19, 39)
(37, 20, 35)
(37, 21, 33)
(37, 22, 33)
(37, 23, 31)
(37, 24, 31)
(37, 25, 31)
(37, 26, 31)
(37, 27, 30)
(37, 28, 28)
(37, 29, 27)
(37, 30, 27)
(37, 31, 26)
(37, 32, 26)
(37, 33, 25)
(37, 34, 25)
(37, 35, 25)
(37, 36, 25)
(37, 37, 25)
(37, 38, 22)
(37, 39, 22)

(38, 0, 196)
(38, 1, 145)
(38, 2, 68)
(38, 3, 64)
(38, 4, 64)
(38, 5, 61)
(38, 6, 55)
(38, 7, 51)
(38, 8, 50)
(38, 9, 44)
(38, 10, 44)
(38, 11, 43)
(38, 12, 43)
(38, 13, 41)
(38, 14, 41)
(38, 15, 41)
(38, 16, 39)
(38, 17, 39)
(38, 18, 39)
(38, 19, 39)
(38, 20, 35)
(38, 21, 33)
(38, 22, 33)
(38, 23, 31)
(38, 24, 31)
(38, 25, 31)
(38, 26, 31)
(38, 27, 30)
(38, 28, 28)
(38, 29, 27)
(38, 30, 27)
(38, 31, 26)
(38, 32, 26)
(38, 33, 25)
(38, 34, 25)
(38, 35, 25)
(38, 36, 25)
(38, 37, 25)
(38, 38, 22)
(38, 39, 22)

(39, 0, 257)
(39, 1, 154)
(39, 2, 78)
(39, 3, 74)
(39, 4, 71)
(39, 5, 66)
(39, 6, 59)
(39, 7, 55)
(39, 8, 53)
(39, 9, 47)
(39, 10, 47)
(39, 11, 46)
(39, 12, 46)
(39, 13, 44)
(39, 14, 44)
(39, 15, 44)
(39, 16, 42)
(39, 17, 41)
(39, 18, 41)
(39, 19, 41)
(39, 20, 37)
(39, 21, 35)
(39, 22, 35)
(39, 23, 33)
(39, 24, 33)
(39, 25, 33)
(39, 26, 33)
(39, 27, 32)
(39, 28, 30)
(39, 29, 29)
(39, 30, 29)
(39, 31, 28)
(39, 32, 28)
(39, 33, 27)
(39, 34, 27)
(39, 35, 27)
(39, 36, 27)
(39, 37, 27)
(39, 38, 23)
(39, 39, 23)


Betti numbers:
xi_0:
(0, 0, 28)
(1, 0, 1)
(2, 0, 4)
(3, 0, 2)
(4, 0, 4)
(5, 0, 3)
(6, 0, 7)
(7, 0, 3)
(10, 0, 8)
(11, 0, 9)
(12, 0, 1)
(13, 0, 1)
(14, 0, 10)
(15, 0, 23)
(16, 0, 22)
(17, 0, 11)
(18, 0, 1)
(19, 0, 1)
(20, 0, 4)
(21, 0, 10)
(22, 0, 1)
(27, 0, 1)
(28, 0, 2)
(29, 0, 17)
(32, 0, 2)
(37, 0, 4)
(38, 0, 16)
(39, 0, 61)
xi_1:
(0, 1, 25)
(0, 2, 1)
(1, 16, 1)
(2, 2, 1)
(2, 5, 1)
(2, 6, 1)
(2, 29, 1)
(3, 7, 1)
(3, 31, 1)
(4, 1, 1)
(5, 23, 1)
(5, 38, 1)
(6, 1, 1)
(6, 5, 1)
(6, 13, 1)
(6, 27, 1)
(6, 38, 1)
(7, 8, 1)
(7, 11, 1)
(7, 13, 1)
(10, 2, 5)
(10, 20, 1)
(11, 2, 7)
(11, 20, 1)
(11, 28, 1)
(13, 28, 1)
(14, 2, 5)
(14, 7, 1)
(14, 9, 1)
(14, 21, 1)
(15, 2, 19)
(15, 6, 1)
(15, 9, 2)
(15, 16, 1)
(16, 1, 1)
(16, 2, 18)
(16, 7, 1)
(16, 23, 2)
(17, 2, 6)
(17, 6, 1)
(17, 9, 3)
(17, 21, 1)
(18, 13, 1)
(20, 2, 3)
(21, 2, 9)
(21, 20, 1)
(22, 20, 1)
(28, 1, 1)
(29, 1, 12)
(29, 5, 1)
(29, 6, 2)
(29, 7, 1)
(29, 33, 1)
(32, 38, 1)
(37, 1, 2)
(38, 1, 8)
(38, 2, 3)
(38, 3, 4)
(38, 6, 1)
(39, 1, 52)
(39, 4, 3)
(39, 5, 2)
(39, 6, 1)
(39, 8, 1)
(39, 17, 1)
(39, 38, 1)
xi_2:
(7, 13, 1)
(17, 23, 1)
(39, 2, 1)
