x-grades
-922090791750230611/80000000000000000
-451339260844781811/40000000000000000
-883266251628896633/80000000000000000
-215963495392057411/20000000000000000
-168888342301512531/16000000000000000
-412514720723447833/40000000000000000
-805617171386228677/80000000000000000
-98275612665695211/10000000000000000
-766792631264894699/80000000000000000
-74738036120422771/8000000000000000
-727968091143560721/80000000000000000
-177138955270723433/20000000000000000
-689143551022226743/80000000000000000
-334865640480779877/40000000000000000
-130063802180178553/16000000000000000
-39431671302514111/5000000000000000
-611494470779558787/80000000000000000
-296041100359445899/40000000000000000
-572669930658224809/80000000000000000
-27662883029877891/4000000000000000
-533845390536890831/80000000000000000
-257216560238111921/40000000000000000
-495020850415556853/80000000000000000
-59451072544361233/10000000000000000
-3649570482353783/640000000000000
-218392020116777943/40000000000000000
-417371770172888897/80000000000000000
-99489875028055477/20000000000000000
-378547230051554919/80000000000000000
-35913495999088793/8000000000000000
-339722689930220941/80000000000000000
-10009700620923561/2500000000000000
-300898149808886963/80000000000000000
-140742939874109987/40000000000000000
-52414721937510597/16000000000000000
-60665334906721499/20000000000000000
-223249069566219007/80000000000000000
-101918399752776009/40000000000000000
-184424529444885029/80000000000000000
-4125306484605451/2000000000000000

y-grades
5/2
5
15/2
10
25/2
15
35/2
20
45/2
25
55/2
30
65/2
35
75/2
40
85/2
45
95/2
50
105/2
55
115/2
60
125/2
65
135/2
70
145/2
75
155/2
80
165/2
85
175/2
90
185/2
95
195/2
100

Dimensions > 0:
(0, 0, 3)
(0, 1, 3)
(0, 2, 3)
(0, 3, 3)
(0, 4, 3)
(0, 5, 3)
(0, 6, 3)
(0, 7, 2)
(0, 8, 2)
(0, 9, 2)
(0, 10, 2)
(0, 11, 2)
(0, 12, 2)
(0, 13, 2)
(0, 14, 2)
(0, 15, 2)
(0, 16, 2)
(0, 17, 2)
(0, 18, 2)
(0, 19, 2)
(0, 20, 2)
(0, 21, 2)
(0, 22, 2)
(0, 23, 2)
(0, 24, 2)
(0, 25, 2)
(0, 26, 2)
(0, 27, 2)
(0, 28, 2)
(0, 29, 2)
(0, 30, 2)
(0, 31, 2)
(0, 32, 2)
(0, 33, 2)
(0, 34, 2)
(0, 35, 2)
(0, 36, 2)
(0, 37, 2)
(0, 38, 2)
(0, 39, 2)

(1, 0, 3)
(1, 1, 3)
(1, 2, 3)
(1, 3, 3)
(1, 4, 3)
(1, 5, 3)
(1, 6, 3)
(1, 7, 2)
(1, 8, 2)
(1, 9, 2)
(1, 10, 2)
(1, 11, 2)
(1, 12, 2)
(1, 13, 2)
(1, 14, 2)
(1, 15, 2)
(1, 16, 2)
(1, 17, 2)
(1, 18, 2)
(1, 19, 2)
(1, 20, 2)
(1, 21, 2)
(1, 22, 2)
(1, 23, 2)
(1, 24, 2)
(1, 25, 2)
(1, 26, 2)
(1, 27, 2)
(1, 28, 2)
(1, 29, 2)
(1, 30, 2)
(1, 31, 2)
(1, 32, 2)
(1, 33, 2)
(1, 34, 2)
(1, 35, 2)
(1, 36, 2)
(1, 37, 2)
(1, 38, 2)
(1, 39, 2)

(2, 0, 6)
(2, 1, 5)
(2, 2, 5)
(2, 3, 5)
(2, 4, 5)
(2, 5, 5)
(2, 6, 5)
(2, 7, 4)
(2, 8, 4)
(2, 9, 4)
(2, 10, 3)
(2, 11, 2)
(2, 12, 2)
(2, 13, 2)
(2, 14, 2)
(2, 15, 2)
(2, 16, 2)
(2, 17, 2)
(2, 18, 2)
(2, 19, 2)
(2, 20, 2)
(2, 21, 2)
(2, 22, 2)
(2, 23, 2)
(2, 24, 2)
(2, 25, 2)
(2, 26, 2)
(2, 27, 2)
(2, 28, 2)
(2, 29, 2)
(2, 30, 2)
(2, 31, 2)
(2, 32, 2)
(2, 33, 2)
(2, 34, 2)
(2, 35, 2)
(2, 36, 2)
(2, 37, 2)
(2, 38, 2)
(2, 39, 2)

(3, 0, 8)
(3, 1, 7)
(3, 2, 7)
(3, 3, 7)
(3, 4, 7)
(3, 5, 7)
(3, 6, 7)
(3, 7, 4)
(3, 8, 4)
(3, 9, 4)
(3, 10, 3)
(3, 11, 2)
(3, 12, 2)
(3, 13, 2)
(3, 14, 2)
(3, 15, 2)
(3, 16, 2)
(3, 17, 2)
(3, 18, 2)
(3, 19, 2)
(3, 20, 2)
(3, 21, 2)
(3, 22, 2)
(3, 23, 2)
(3, 24, 2)
(3, 25, 2)
(3, 26, 2)
(3, 27, 2)
(3, 28, 2)
(3, 29, 2)
(3, 30, 2)
(3, 31, 2)
(3, 32, 2)
(3, 33, 2)
(3, 34, 2)
(3, 35, 2)
(3, 36, 2)
(3, 37, 2)
(3, 38, 2)
(3, 39, 2)

(4, 0, 8)
(4, 1, 7)
(4, 2, 7)
(4, 3, 7)
(4, 4, 7)
(4, 5, 7)
(4, 6, 7)
(4, 7, 4)
(4, 8, 4)
(4, 9, 4)
(4, 10, 3)
(4, 11, 2)
(4, 12, 2)
(4, 13, 2)
(4, 14, 2)
(4, 15, 2)
(4, 16, 2)
(4, 17, 2)
(4, 18, 2)
(4, 19, 2)
(4, 20, 2)
(4, 21, 2)
(4, 22, 2)
(4, 23, 2)
(4, 24, 2)
(4, 25, 2)
(4, 26, 2)
(4, 27, 2)
(4, 28, 2)
(4, 29, 2)
(4, 30, 2)
(4, 31, 2)
(4, 32, 2)
(4, 33, 2)
(4, 34, 2)
(4, 35, 2)
(4, 36, 2)
(4, 37, 2)
(4, 38, 2)
(4, 39, 2)

(5, 0, 9)
(5, 1, 8)
(5, 2, 8)
(5, 3, 8)
(5, 4, 8)
(5, 5, 8)
(5, 6, 8)
(5, 7, 5)
(5, 8, 4)
(5, 9, 4)
(5, 10, 3)
(5, 11, 2)
(5, 12, 2)
(5, 13, 2)
(5, 14, 2)
(5, 15, 2)
(5, 16, 2)
(5, 17, 2)
(5, 18, 2)
(5, 19, 2)
(5, 20, 2)
(5, 21, 2)
(5, 22, 2)
(5, 23, 2)
(5, 24, 2)
(5, 25, 2)
(5, 26, 2)
(5, 27, 2)
(5, 28, 2)
(5, 29, 2)
(5, 30, 2)
(5, 31, 2)
(5, 32, 2)
(5, 33, 2)
(5, 34, 2)
(5, 35, 2)
(5, 36, 2)
(5, 37, 2)
(5, 38, 2)
(5, 39, 2)

(6, 0, 10)
(6, 1, 9)
(6, 2, 9)
(6, 3, 9)
(6, 4, 9)
(6, 5, 9)
(6, 6, 9)
(6, 7, 6)
(6, 8, 5)
(6, 9, 4)
(6, 10, 3)
(6, 11, 2)
(6, 12, 2)
(6, 13, 2)
(6, 14, 2)
(6, 15, 2)
(6, 16, 2)
(6, 17, 2)
(6, 18, 2)
(6, 19, 2)
(6, 20, 2)
(6, 21, 2)
(6, 22, 2)
(6, 23, 2)
(6, 24, 2)
(6, 25, 2)
(6, 26, 2)
(6, 27, 2)
(6, 28, 2)
(6, 29, 2)
(6, 30, 2)
(6, 31, 2)
(6, 32, 2)
(6, 33, 2)
(6, 34, 2)
(6, 35, 2)
(6, 36, 2)
(6, 37, 2)
(6, 38, 2)
(6, 39, 2)

(7, 0, 11)
(7, 1, 10)
(7, 2, 10)
(7, 3, 10)
(7, 4, 10)
(7, 5, 10)
(7, 6, 10)
(7, 7, 7)
(7, 8, 5)
(7, 9, 4)
(7, 10, 3)
(7, 11, 2)
(7, 12, 2)
(7, 13, 2)
(7, 14, 2)
(7, 15, 2)
(7, 16, 2)
(7, 17, 2)
(7, 18, 2)
(7, 19, 2)
(7, 20, 2)
(7, 21, 2)
(7, 22, 2)
(7, 23, 2)
(7, 24, 2)
(7, 25, 2)
(7, 26, 2)
(7, 27, 2)
(7, 28, 2)
(7, 29, 2)
(7, 30, 2)
(7, 31, 2)
(7, 32, 2)
(7, 33, 2)
(7, 34, 2)
(7, 35, 2)
(7, 36, 2)
(7, 37, 2)
(7, 38, 2)
(7, 39, 2)

(8, 0, 12)
(8, 1, 11)
(8, 2, 11)
(8, 3, 11)
(8, 4, 11)
(8, 5, 11)
(8, 6, 11)
(8, 7, 8)
(8, 8, 6)
(8, 9, 5)
(8, 10, 4)
(8, 11, 3)
(8, 12, 3)
(8, 13, 3)
(8, 14, 3)
(8, 15, 3)
(8, 16, 2)
(8, 17, 2)
(8, 18, 2)
(8, 19, 2)
(8, 20, 2)
(8, 21, 2)
(8, 22, 2)
(8, 23, 2)
(8, 24, 2)
(8, 25, 2)
(8, 26, 2)
(8, 27, 2)
(8, 28, 2)
(8, 29, 2)
(8, 30, 2)
(8, 31, 2)
(8, 32, 2)
(8, 33, 2)
(8, 34, 2)
(8, 35, 2)
(8, 36, 2)
(8, 37, 2)
(8, 38, 2)
(8, 39, 2)

(9, 0, 12)
(9, 1, 11)
(9, 2, 11)
(9, 3, 11)
(9, 4, 11)
(9, 5, 11)
(9, 6, 11)
(9, 7, 8)
(9, 8, 6)
(9, 9, 5)
(9, 10, 4)
(9, 11, 3)
(9, 12, 3)
(9, 13, 3)
(9, 14, 3)
(9, 15, 3)
(9, 16, 2)
(9, 17, 2)
(9, 18, 2)
(9, 19, 2)
(9, 20, 2)
(9, 21, 2)
(9, 22, 2)
(9, 23, 2)
(9, 24, 2)
(9, 25, 2)
(9, 26, 2)
(9, 27, 2)
(9, 28, 2)
(9, 29, 2)
(9, 30, 2)
(9, 31, 2)
(9, 32, 2)
(9, 33, 2)
(9, 34, 2)
(9, 35, 2)
(9, 36, 2)
(9, 37, 2)
(9, 38, 2)
(9, 39, 2)

(10, 0, 13)
(10, 1, 12)
(10, 2, 12)
(10, 3, 12)
(10, 4, 12)
(10, 5, 12)
(10, 6, 12)
(10, 7, 9)
(10, 8, 6)
(10, 9, 5)
(10, 10, 4)
(10, 11, 3)
(10, 12, 3)
(10, 13, 3)
(10, 14, 3)
(10, 15, 3)
(10, 16, 2)
(10, 17, 2)
(10, 18, 2)
(10, 19, 2)
(10, 20, 2)
(10, 21, 2)
(10, 22, 2)
(10, 23, 2)
(10, 24, 2)
(10, 25, 2)
(10, 26, 2)
(10, 27, 2)
(10, 28, 2)
(10, 29, 2)
(10, 30, 2)
(10, 31, 2)
(10, 32, 2)
(10, 33, 2)
(10, 34, 2)
(10, 35, 2)
(10, 36, 2)
(10, 37, 2)
(10, 38, 2)
(10, 39, 2)

(11, 0, 13)
(11, 1, 12)
(11, 2, 12)
(11, 3, 12)
(11, 4, 12)
(11, 5, 12)
(11, 6, 12)
(11, 7, 9)
(11, 8, 6)
(11, 9, 5)
(11, 10, 4)
(11, 11, 3)
(11, 12, 3)
(11, 13, 3)
(11, 14, 3)
(11, 15, 3)
(11, 16, 2)
(11, 17, 2)
(11, 18, 2)
(11, 19, 2)
(11, 20, 2)
(11, 21, 2)
(11, 22, 2)
(11, 23, 2)
(11, 24, 2)
(11, 25, 2)
(11, 26, 2)
(11, 27, 2)
(11, 28, 2)
(11, 29, 2)
(11, 30, 2)
(11, 31, 2)
(11, 32, 2)
(11, 33, 2)
(11, 34, 2)
(11, 35, 2)
(11, 36, 2)
(11, 37, 2)
(11, 38, 2)
(11, 39, 2)

(12, 0, 15)
(12, 1, 14)
(12, 2, 14)
(12, 3, 14)
(12, 4, 14)
(12, 5, 14)
(12, 6, 14)
(12, 7, 11)
(12, 8, 7)
(12, 9, 6)
(12, 10, 5)
(12, 11, 4)
(12, 12, 4)
(12, 13, 4)
(12, 14, 4)
(12, 15, 4)
(12, 16, 2)
(12, 17, 2)
(12, 18, 2)
(12, 19, 2)
(12, 20, 2)
(12, 21, 2)
(12, 22, 2)
(12, 23, 2)
(12, 24, 2)
(12, 25, 2)
(12, 26, 2)
(12, 27, 2)
(12, 28, 2)
(12, 29, 2)
(12, 30, 2)
(12, 31, 2)
(12, 32, 2)
(12, 33, 2)
(12, 34, 2)
(12, 35, 2)
(12, 36, 2)
(12, 37, 2)
(12, 38, 2)
(12, 39, 2)

(13, 0, 15)
(13, 1, 14)
(13, 2, 14)
(13, 3, 14)
(13, 4, 14)
(13, 5, 14)
(13, 6, 14)
(13, 7, 11)
(13, 8, 7)
(13, 9, 6)
(13, 10, 5)
(13, 11, 4)
(13, 12, 4)
(13, 13, 4)
(13, 14, 4)
(13, 15, 4)
(13, 16, 2)
(13, 17, 2)
(13, 18, 2)
(13, 19, 2)
(13, 20, 2)
(13, 21, 2)
(13, 22, 2)
(13, 23, 2)
(13, 24, 2)
(13, 25, 2)
(13, 26, 2)
(13, 27, 2)
(13, 28, 2)
(13, 29, 2)
(13, 30, 2)
(13, 31, 2)
(13, 32, 2)
(13, 33, 2)
(13, 34, 2)
(13, 35, 2)
(13, 36, 2)
(13, 37, 2)
(13, 38, 2)
(13, 39, 2)

(14, 0, 17)
(14, 1, 16)
(14, 2, 16)
(14, 3, 16)
(14, 4, 16)
(14, 5, 16)
(14, 6, 16)
(14, 7, 13)
(14, 8, 7)
(14, 9, 6)
(14, 10, 5)
(14, 11, 4)
(14, 12, 4)
(14, 13, 4)
(14, 14, 4)
(14, 15, 4)
(14, 16, 2)
(14, 17, 2)
(14, 18, 2)
(14, 19, 2)
(14, 20, 2)
(14, 21, 2)
(14, 22, 2)
(14, 23, 2)
(14, 24, 2)
(14, 25, 2)
(14, 26, 2)
(14, 27, 2)
(14, 28, 2)
(14, 29, 2)
(14, 30, 2)
(14, 31, 2)
(14, 32, 2)
(14, 33, 2)
(14, 34, 2)
(14, 35, 2)
(14, 36, 2)
(14, 37, 2)
(14, 38, 2)
(14, 39, 2)

(15, 0, 17)
(15, 1, 16)
(15, 2, 16)
(15, 3, 16)
(15, 4, 16)
(15, 5, 16)
(15, 6, 16)
(15, 7, 13)
(15, 8, 7)
(15, 9, 6)
(15, 10, 5)
(15, 11, 4)
(15, 12, 4)
(15, 13, 4)
(15, 14, 4)
(15, 15, 4)
(15, 16, 2)
(15, 17, 2)
(15, 18, 2)
(15, 19, 2)
(15, 20, 2)
(15, 21, 2)
(15, 22, 2)
(15, 23, 2)
(15, 24, 2)
(15, 25, 2)
(15, 26, 2)
(15, 27, 2)
(15, 28, 2)
(15, 29, 2)
(15, 30, 2)
(15, 31, 2)
(15, 32, 2)
(15, 33, 2)
(15, 34, 2)
(15, 35, 2)
(15, 36, 2)
(15, 37, 2)
(15, 38, 2)
(15, 39, 2)

(16, 0, 17)
(16, 1, 16)
(16, 2, 16)
(16, 3, 16)
(16, 4, 16)
(16, 5, 16)
(16, 6, 16)
(16, 7, 13)
(16, 8, 7)
(16, 9, 6)
(16, 10, 5)
(16, 11, 4)
(16, 12, 4)
(16, 13, 4)
(16, 14, 4)
(16, 15, 4)
(16, 16, 2)
(16, 17, 2)
(16, 18, 2)
(16, 19, 2)
(16, 20, 2)
(16, 21, 2)
(16, 22, 2)
(16, 23, 2)
(16, 24, 2)
(16, 25, 2)
(16, 26, 2)
(16, 27, 2)
(16, 28, 2)
(16, 29, 2)
(16, 30, 2)
(16, 31, 2)
(16, 32, 2)
(16, 33, 2)
(16, 34, 2)
(16, 35, 2)
(16, 36, 2)
(16, 37, 2)
(16, 38, 2)
(16, 39, 2)

(17, 0, 18)
(17, 1, 17)
(17, 2, 17)
(17, 3, 17)
(17, 4, 17)
(17, 5, 17)
(17, 6, 17)
(17, 7, 14)
(17, 8, 8)
(17, 9, 7)
(17, 10, 6)
(17, 11, 5)
(17, 12, 5)
(17, 13, 5)
(17, 14, 5)
(17, 15, 5)
(17, 16, 2)
(17, 17, 2)
(17, 18, 2)
(17, 19, 2)
(17, 20, 2)
(17, 21, 2)
(17, 22, 2)
(17, 23, 2)
(17, 24, 2)
(17, 25, 2)
(17, 26, 2)
(17, 27, 2)
(17, 28, 2)
(17, 29, 2)
(17, 30, 2)
(17, 31, 2)
(17, 32, 2)
(17, 33, 2)
(17, 34, 2)
(17, 35, 2)
(17, 36, 2)
(17, 37, 2)
(17, 38, 2)
(17, 39, 2)

(18, 0, 20)
(18, 1, 19)
(18, 2, 19)
(18, 3, 19)
(18, 4, 19)
(18, 5, 19)
(18, 6, 19)
(18, 7, 16)
(18, 8, 10)
(18, 9, 9)
(18, 10, 8)
(18, 11, 7)
(18, 12, 7)
(18, 13, 7)
(18, 14, 7)
(18, 15, 7)
(18, 16, 3)
(18, 17, 3)
(18, 18, 3)
(18, 19, 3)
(18, 20, 3)
(18, 21, 3)
(18, 22, 3)
(18, 23, 3)
(18, 24, 3)
(18, 25, 3)
(18, 26, 3)
(18, 27, 3)
(18, 28, 3)
(18, 29, 3)
(18, 30, 3)
(18, 31, 3)
(18, 32, 3)
(18, 33, 3)
(18, 34, 3)
(18, 35, 3)
(18, 36, 3)
(18, 37, 3)
(18, 38, 3)
(18, 39, 3)

(19, 0, 23)
(19, 1, 22)
(19, 2, 21)
(19, 3, 21)
(19, 4, 21)
(19, 5, 21)
(19, 6, 21)
(19, 7, 18)
(19, 8, 11)
(19, 9, 10)
(19, 10, 9)
(19, 11, 8)
(19, 12, 8)
(19, 13, 8)
(19, 14, 8)
(19, 15, 8)
(19, 16, 4)
(19, 17, 4)
(19, 18, 4)
(19, 19, 4)
(19, 20, 4)
(19, 21, 4)
(19, 22, 4)
(19, 23, 4)
(19, 24, 4)
(19, 25, 4)
(19, 26, 4)
(19, 27, 4)
(19, 28, 4)
(19, 29, 4)
(19, 30, 4)
(19, 31, 4)
(19, 32, 4)
(19, 33, 4)
(19, 34, 4)
(19, 35, 4)
(19, 36, 4)
(19, 37, 4)
(19, 38, 4)
(19, 39, 4)

(20, 0, 23)
(20, 1, 22)
(20, 2, 21)
(20, 3, 21)
(20, 4, 21)
(20, 5, 21)
(20, 6, 21)
(20, 7, 18)
(20, 8, 11)
(20, 9, 10)
(20, 10, 9)
(20, 11, 8)
(20, 12, 8)
(20, 13, 8)
(20, 14, 8)
(20, 15, 8)
(20, 16, 4)
(20, 17, 4)
(20, 18, 4)
(20, 19, 4)
(20, 20, 4)
(20, 21, 4)
(20, 22, 4)
(20, 23, 4)
(20, 24, 4)
(20, 25, 4)
(20, 26, 4)
(20, 27, 4)
(20, 28, 4)
(20, 29, 4)
(20, 30, 4)
(20, 31, 4)
(20, 32, 4)
(20, 33, 4)
(20, 34, 4)
(20, 35, 4)
(20, 36, 4)
(20, 37, 4)
(20, 38, 4)
(20, 39, 4)

(21, 0, 25)
(21, 1, 24)
(21, 2, 23)
(21, 3, 23)
(21, 4, 23)
(21, 5, 23)
(21, 6, 23)
(21, 7, 20)
(21, 8, 13)
(21, 9, 12)
(21, 10, 11)
(21, 11, 10)
(21, 12, 10)
(21, 13, 10)
(21, 14, 10)
(21, 15, 10)
(21, 16, 5)
(21, 17, 5)
(21, 18, 5)
(21, 19, 5)
(21, 20, 5)
(21, 21, 5)
(21, 22, 5)
(21, 23, 5)
(21, 24, 5)
(21, 25, 5)
(21, 26, 5)
(21, 27, 5)
(21, 28, 4)
(21, 29, 4)
(21, 30, 4)
(21, 31, 4)
(21, 32, 4)
(21, 33, 4)
(21, 34, 4)
(21, 35, 4)
(21, 36, 4)
(21, 37, 4)
(21, 38, 4)
(21, 39, 4)

(22, 0, 32)
(22, 1, 31)
(22, 2, 28)
(22, 3, 28)
(22, 4, 28)
(22, 5, 28)
(22, 6, 28)
(22, 7, 24)
(22, 8, 17)
(22, 9, 16)
(22, 10, 15)
(22, 11, 14)
(22, 12, 13)
(22, 13, 12)
(22, 14, 11)
(22, 15, 11)
(22, 16, 5)
(22, 17, 5)
(22, 18, 5)
(22, 19, 5)
(22, 20, 4)
(22, 21, 4)
(22, 22, 4)
(22, 23, 4)
(22, 24, 4)
(22, 25, 4)
(22, 26, 4)
(22, 27, 4)
(22, 28, 4)
(22, 29, 4)
(22, 30, 4)
(22, 31, 4)
(22, 32, 4)
(22, 33, 4)
(22, 34, 4)
(22, 35, 3)
(22, 36, 3)
(22, 37, 3)
(22, 38, 3)
(22, 39, 3)

(23, 0, 33)
(23, 1, 32)
(23, 2, 29)
(23, 3, 29)
(23, 4, 29)
(23, 5, 29)
(23, 6, 29)
(23, 7, 25)
(23, 8, 18)
(23, 9, 17)
(23, 10, 16)
(23, 11, 15)
(23, 12, 14)
(23, 13, 13)
(23, 14, 12)
(23, 15, 12)
(23, 16, 6)
(23, 17, 5)
(23, 18, 5)
(23, 19, 5)
(23, 20, 4)
(23, 21, 4)
(23, 22, 4)
(23, 23, 4)
(23, 24, 4)
(23, 25, 4)
(23, 26, 4)
(23, 27, 4)
(23, 28, 3)
(23, 29, 3)
(23, 30, 3)
(23, 31, 3)
(23, 32, 3)
(23, 33, 3)
(23, 34, 3)
(23, 35, 2)
(23, 36, 2)
(23, 37, 2)
(23, 38, 2)
(23, 39, 2)

(24, 0, 34)
(24, 1, 33)
(24, 2, 30)
(24, 3, 30)
(24, 4, 30)
(24, 5, 30)
(24, 6, 30)
(24, 7, 26)
(24, 8, 18)
(24, 9, 17)
(24, 10, 16)
(24, 11, 15)
(24, 12, 14)
(24, 13, 13)
(24, 14, 12)
(24, 15, 12)
(24, 16, 6)
(24, 17, 5)
(24, 18, 5)
(24, 19, 5)
(24, 20, 4)
(24, 21, 4)
(24, 22, 4)
(24, 23, 4)
(24, 24, 4)
(24, 25, 4)
(24, 26, 4)
(24, 27, 4)
(24, 28, 3)
(24, 29, 3)
(24, 30, 3)
(24, 31, 3)
(24, 32, 3)
(24, 33, 3)
(24, 34, 3)
(24, 35, 2)
(24, 36, 2)
(24, 37, 2)
(24, 38, 2)
(24, 39, 2)

(25, 0, 40)
(25, 1, 39)
(25, 2, 33)
(25, 3, 33)
(25, 4, 33)
(25, 5, 33)
(25, 6, 33)
(25, 7, 29)
(25, 8, 21)
(25, 9, 20)
(25, 10, 19)
(25, 11, 18)
(25, 12, 17)
(25, 13, 15)
(25, 14, 13)
(25, 15, 13)
(25, 16, 7)
(25, 17, 5)
(25, 18, 5)
(25, 19, 5)
(25, 20, 4)
(25, 21, 4)
(25, 22, 4)
(25, 23, 4)
(25, 24, 4)
(25, 25, 3)
(25, 26, 2)
(25, 27, 2)
(25, 28, 2)
(25, 29, 2)
(25, 30, 2)
(25, 31, 2)
(25, 32, 2)
(25, 33, 2)
(25, 34, 2)
(25, 35, 2)
(25, 36, 2)
(25, 37, 2)
(25, 38, 2)
(25, 39, 2)

(26, 0, 42)
(26, 1, 41)
(26, 2, 34)
(26, 3, 34)
(26, 4, 34)
(26, 5, 34)
(26, 6, 34)
(26, 7, 30)
(26, 8, 22)
(26, 9, 21)
(26, 10, 20)
(26, 11, 19)
(26, 12, 16)
(26, 13, 13)
(26, 14, 12)
(26, 15, 12)
(26, 16, 6)
(26, 17, 4)
(26, 18, 4)
(26, 19, 4)
(26, 20, 3)
(26, 21, 3)
(26, 22, 3)
(26, 23, 3)
(26, 24, 3)
(26, 25, 2)
(26, 26, 2)
(26, 27, 2)
(26, 28, 2)
(26, 29, 2)
(26, 30, 2)
(26, 31, 2)
(26, 32, 2)
(26, 33, 2)
(26, 34, 2)
(26, 35, 2)
(26, 36, 2)
(26, 37, 2)
(26, 38, 2)
(26, 39, 2)

(27, 0, 42)
(27, 1, 41)
(27, 2, 34)
(27, 3, 34)
(27, 4, 34)
(27, 5, 34)
(27, 6, 34)
(27, 7, 30)
(27, 8, 22)
(27, 9, 21)
(27, 10, 20)
(27, 11, 18)
(27, 12, 16)
(27, 13, 13)
(27, 14, 12)
(27, 15, 12)
(27, 16, 6)
(27, 17, 4)
(27, 18, 4)
(27, 19, 4)
(27, 20, 3)
(27, 21, 3)
(27, 22, 3)
(27, 23, 3)
(27, 24, 3)
(27, 25, 2)
(27, 26, 2)
(27, 27, 2)
(27, 28, 2)
(27, 29, 2)
(27, 30, 2)
(27, 31, 2)
(27, 32, 2)
(27, 33, 2)
(27, 34, 2)
(27, 35, 2)
(27, 36, 2)
(27, 37, 2)
(27, 38, 2)
(27, 39, 2)

(28, 0, 46)
(28, 1, 43)
(28, 2, 36)
(28, 3, 36)
(28, 4, 36)
(28, 5, 36)
(28, 6, 36)
(28, 7, 32)
(28, 8, 24)
(28, 9, 23)
(28, 10, 22)
(28, 11, 20)
(28, 12, 18)
(28, 13, 15)
(28, 14, 14)
(28, 15, 14)
(28, 16, 8)
(28, 17, 6)
(28, 18, 6)
(28, 19, 4)
(28, 20, 3)
(28, 21, 3)
(28, 22, 3)
(28, 23, 3)
(28, 24, 2)
(28, 25, 2)
(28, 26, 2)
(28, 27, 2)
(28, 28, 2)
(28, 29, 2)
(28, 30, 2)
(28, 31, 2)
(28, 32, 2)
(28, 33, 2)
(28, 34, 2)
(28, 35, 2)
(28, 36, 2)
(28, 37, 2)
(28, 38, 2)
(28, 39, 2)

(29, 0, 51)
(29, 1, 45)
(29, 2, 37)
(29, 3, 37)
(29, 4, 37)
(29, 5, 37)
(29, 6, 37)
(29, 7, 33)
(29, 8, 25)
(29, 9, 24)
(29, 10, 23)
(29, 11, 20)
(29, 12, 19)
(29, 13, 16)
(29, 14, 15)
(29, 15, 15)
(29, 16, 9)
(29, 17, 7)
(29, 18, 7)
(29, 19, 5)
(29, 20, 4)
(29, 21, 4)
(29, 22, 4)
(29, 23, 4)
(29, 24, 2)
(29, 25, 2)
(29, 26, 2)
(29, 27, 2)
(29, 28, 2)
(29, 29, 2)
(29, 30, 2)
(29, 31, 2)
(29, 32, 2)
(29, 33, 2)
(29, 34, 2)
(29, 35, 2)
(29, 36, 2)
(29, 37, 2)
(29, 38, 2)
(29, 39, 2)

(30, 0, 69)
(30, 1, 57)
(30, 2, 45)
(30, 3, 43)
(30, 4, 42)
(30, 5, 41)
(30, 6, 41)
(30, 7, 36)
(30, 8, 25)
(30, 9, 24)
(30, 10, 23)
(30, 11, 20)
(30, 12, 19)
(30, 13, 16)
(30, 14, 15)
(30, 15, 15)
(30, 16, 9)
(30, 17, 7)
(30, 18, 6)
(30, 19, 4)
(30, 20, 3)
(30, 21, 2)
(30, 22, 1)
(30, 23, 1)
(30, 24, 1)
(30, 25, 1)
(30, 26, 1)
(30, 27, 1)
(30, 28, 1)
(30, 29, 1)
(30, 30, 1)
(30, 31, 1)
(30, 32, 1)
(30, 33, 1)
(30, 34, 1)
(30, 35, 1)
(30, 36, 1)
(30, 37, 1)
(30, 38, 1)
(30, 39, 1)

(31, 0, 96)
(31, 1, 65)
(31, 2, 50)
(31, 3, 46)
(31, 4, 44)
(31, 5, 43)
(31, 6, 41)
(31, 7, 35)
(31, 8, 25)
(31, 9, 24)
(31, 10, 22)
(31, 11, 20)
(31, 12, 18)
(31, 13, 15)
(31, 14, 14)
(31, 15, 14)
(31, 16, 8)
(31, 17, 6)
(31, 18, 6)
(31, 19, 4)
(31, 20, 3)
(31, 21, 2)
(31, 22, 1)
(31, 23, 1)
(31, 24, 1)
(31, 25, 1)
(31, 26, 1)
(31, 27, 1)
(31, 28, 1)
(31, 29, 1)
(31, 30, 1)
(31, 31, 1)
(31, 32, 1)
(31, 33, 1)
(31, 34, 1)
(31, 35, 1)
(31, 36, 1)
(31, 37, 1)
(31, 38, 1)
(31, 39, 1)

(32, 0, 99)
(32, 1, 69)
(32, 2, 51)
(32, 3, 45)
(32, 4, 44)
(32, 5, 42)
(32, 6, 40)
(32, 7, 34)
(32, 8, 24)
(32, 9, 23)
(32, 10, 21)
(32, 11, 19)
(32, 12, 18)
(32, 13, 15)
(32, 14, 14)
(32, 15, 14)
(32, 16, 8)
(32, 17, 6)
(32, 18, 6)
(32, 19, 4)
(32, 20, 3)
(32, 21, 2)
(32, 22, 1)
(32, 23, 1)
(32, 24, 1)
(32, 25, 1)
(32, 26, 1)
(32, 27, 1)
(32, 28, 1)
(32, 29, 1)
(32, 30, 1)
(32, 31, 1)
(32, 32, 1)
(32, 33, 1)
(32, 34, 1)
(32, 35, 1)
(32, 36, 1)
(32, 37, 1)
(32, 38, 1)
(32, 39, 1)

(33, 0, 101)
(33, 1, 71)
(33, 2, 53)
(33, 3, 47)
(33, 4, 46)
(33, 5, 44)
(33, 6, 42)
(33, 7, 36)
(33, 8, 26)
(33, 9, 25)
(33, 10, 23)
(33, 11, 21)
(33, 12, 20)
(33, 13, 17)
(33, 14, 16)
(33, 15, 16)
(33, 16, 10)
(33, 17, 8)
(33, 18, 6)
(33, 19, 4)
(33, 20, 3)
(33, 21, 2)
(33, 22, 1)
(33, 23, 1)
(33, 24, 1)
(33, 25, 1)
(33, 26, 1)
(33, 27, 1)
(33, 28, 1)
(33, 29, 1)
(33, 30, 1)
(33, 31, 1)
(33, 32, 1)
(33, 33, 1)
(33, 34, 1)
(33, 35, 1)
(33, 36, 1)
(33, 37, 1)
(33, 38, 1)
(33, 39, 1)

(34, 0, 103)
(34, 1, 72)
(34, 2, 54)
(34, 3, 48)
(34, 4, 47)
(34, 5, 45)
(34, 6, 43)
(34, 7, 37)
(34, 8, 27)
(34, 9, 26)
(34, 10, 24)
(34, 11, 22)
(34, 12, 21)
(34, 13, 18)
(34, 14, 17)
(34, 15, 17)
(34, 16, 11)
(34, 17, 9)
(34, 18, 6)
(34, 19, 4)
(34, 20, 3)
(34, 21, 2)
(34, 22, 1)
(34, 23, 1)
(34, 24, 1)
(34, 25, 1)
(34, 26, 1)
(34, 27, 1)
(34, 28, 1)
(34, 29, 1)
(34, 30, 1)
(34, 31, 1)
(34, 32, 1)
(34, 33, 1)
(34, 34, 1)
(34, 35, 1)
(34, 36, 1)
(34, 37, 1)
(34, 38, 1)
(34, 39, 1)

(35, 0, 109)
(35, 1, 74)
(35, 2, 56)
(35, 3, 50)
(35, 4, 49)
(35, 5, 46)
(35, 6, 44)
(35, 7, 38)
(35, 8, 28)
(35, 9, 27)
(35, 10, 23)
(35, 11, 22)
(35, 12, 21)
(35, 13, 17)
(35, 14, 16)
(35, 15, 16)
(35, 16, 10)
(35, 17, 8)
(35, 18, 5)
(35, 19, 4)
(35, 20, 3)
(35, 21, 2)
(35, 22, 1)
(35, 23, 1)
(35, 24, 1)
(35, 25, 1)
(35, 26, 1)
(35, 27, 1)
(35, 28, 1)
(35, 29, 1)
(35, 30, 1)
(35, 31, 1)
(35, 32, 1)
(35, 33, 1)
(35, 34, 1)
(35, 35, 1)
(35, 36, 1)
(35, 37, 1)
(35, 38, 1)
(35, 39, 1)

(36, 0, 113)
(36, 1, 76)
(36, 2, 58)
(36, 3, 51)
(36, 4, 50)
(36, 5, 47)
(36, 6, 45)
(36, 7, 39)
(36, 8, 29)
(36, 9, 28)
(36, 10, 24)
(36, 11, 23)
(36, 12, 22)
(36, 13, 18)
(36, 14, 15)
(36, 15, 15)
(36, 16, 9)
(36, 17, 7)
(36, 18, 4)
(36, 19, 3)
(36, 20, 2)
(36, 21, 2)
(36, 22, 1)
(36, 23, 1)
(36, 24, 1)
(36, 25, 1)
(36, 26, 1)
(36, 27, 1)
(36, 28, 1)
(36, 29, 1)
(36, 30, 1)
(36, 31, 1)
(36, 32, 1)
(36, 33, 1)
(36, 34, 1)
(36, 35, 1)
(36, 36, 1)
(36, 37, 1)
(36, 38, 1)
(36, 39, 1)

(37, 0, 118)
(37, 1, 77)
(37, 2, 59)
(37, 3, 52)
(37, 4, 51)
(37, 5, 48)
(37, 6, 46)
(37, 7, 40)
(37, 8, 30)
(37, 9, 29)
(37, 10, 25)
(37, 11, 24)
(37, 12, 22)
(37, 13, 18)
(37, 14, 15)
(37, 15, 15)
(37, 16, 9)
(37, 17, 5)
(37, 18, 4)
(37, 19, 3)
(37, 20, 2)
(37, 21, 2)
(37, 22, 1)
(37, 23, 1)
(37, 24, 1)
(37, 25, 1)
(37, 26, 1)
(37, 27, 1)
(37, 28, 1)
(37, 29, 1)
(37, 30, 1)
(37, 31, 1)
(37, 32, 1)
(37, 33, 1)
(37, 34, 1)
(37, 35, 1)
(37, 36, 1)
(37, 37, 1)
(37, 38, 1)
(37, 39, 1)

(38, 0, 123)
(38, 1, 77)
(38, 2, 59)
(38, 3, 52)
(38, 4, 51)
(38, 5, 48)
(38, 6, 46)
(38, 7, 40)
(38, 8, 30)
(38, 9, 29)
(38, 10, 25)
(38, 11, 24)
(38, 12, 22)
(38, 13, 18)
(38, 14, 15)
(38, 15, 15)
(38, 16, 8)
(38, 17, 5)
(38, 18, 4)
(38, 19, 3)
(38, 20, 2)
(38, 21, 2)
(38, 22, 1)
(38, 23, 1)
(38, 24, 1)
(38, 25, 1)
(38, 26, 1)
(38, 27, 1)
(38, 28, 1)
(38, 29, 1)
(38, 30, 1)
(38, 31, 1)
(38, 32, 1)
(38, 33, 1)
(38, 34, 1)
(38, 35, 1)
(38, 36, 1)
(38, 37, 1)
(38, 38, 1)
(38, 39, 1)

(39, 0, 122)
(39, 1, 74)
(39, 2, 57)
(39, 3, 50)
(39, 4, 49)
(39, 5, 46)
(39, 6, 44)
(39, 7, 38)
(39, 8, 28)
(39, 9, 27)
(39, 10, 24)
(39, 11, 23)
(39, 12, 21)
(39, 13, 17)
(39, 14, 14)
(39, 15, 13)
(39, 16, 7)
(39, 17, 4)
(39, 18, 4)
(39, 19, 3)
(39, 20, 2)
(39, 21, 2)
(39, 22, 1)
(39, 23, 1)
(39, 24, 1)
(39, 25, 1)
(39, 26, 1)
(39, 27, 1)
(39, 28, 1)
(39, 29, 1)
(39, 30, 1)
(39, 31, 1)
(39, 32, 1)
(39, 33, 1)
(39, 34, 1)
(39, 35, 1)
(39, 36, 1)
(39, 37, 1)
(39, 38, 1)
(39, 39, 1)


Betti numbers:
xi_0:
(0, 0, 3)
(2, 0, 3)
(3, 0, 2)
(5, 0, 1)
(6, 0, 1)
(7, 0, 1)
(8, 0, 1)
(10, 0, 1)
(12, 0, 2)
(14, 0, 2)
(17, 0, 1)
(18, 0, 2)
(19, 0, 3)
(21, 0, 2)
(22, 0, 7)
(23, 0, 1)
(24, 0, 1)
(25, 0, 6)
(26, 0, 2)
(28, 0, 4)
(29, 0, 5)
(30, 0, 18)
(31, 0, 27)
(32, 0, 4)
(33, 0, 2)
(34, 0, 2)
(35, 0, 6)
(36, 0, 4)
(37, 0, 5)
(38, 0, 5)
(39, 0, 1)
xi_1:
(0, 7, 1)
(2, 1, 1)
(2, 10, 1)
(2, 11, 1)
(3, 7, 2)
(5, 8, 1)
(6, 9, 1)
(7, 8, 1)
(8, 16, 1)
(10, 8, 1)
(12, 8, 1)
(12, 16, 1)
(14, 8, 2)
(17, 16, 1)
(18, 16, 1)
(19, 2, 1)
(19, 8, 1)
(21, 16, 1)
(21, 28, 1)
(22, 2, 2)
(22, 7, 1)
(22, 12, 1)
(22, 13, 1)
(22, 14, 1)
(22, 16, 1)
(22, 20, 1)
(22, 35, 1)
(23, 17, 1)
(23, 28, 1)
(24, 8, 1)
(25, 2, 3)
(25, 13, 1)
(25, 14, 1)
(25, 17, 1)
(25, 25, 1)
(25, 26, 1)
(26, 2, 1)
(26, 12, 2)
(26, 13, 1)
(27, 11, 1)
(28, 1, 2)
(28, 19, 2)
(28, 24, 1)
(29, 1, 3)
(29, 2, 1)
(29, 11, 1)
(29, 24, 1)
(30, 1, 6)
(30, 2, 4)
(30, 3, 2)
(30, 4, 1)
(30, 5, 1)
(30, 7, 1)
(30, 8, 3)
(30, 18, 1)
(30, 21, 1)
(30, 22, 1)
(31, 1, 19)
(31, 2, 3)
(31, 3, 2)
(31, 4, 1)
(31, 6, 2)
(31, 7, 2)
(31, 10, 1)
(31, 12, 1)
(32, 0, 1)
(32, 2, 3)
(32, 3, 2)
(32, 5, 1)
(33, 18, 2)
(34, 1, 1)
(34, 18, 1)
(35, 1, 4)
(35, 5, 1)
(35, 10, 2)
(35, 13, 1)
(35, 18, 1)
(36, 1, 2)
(36, 3, 1)
(36, 14, 2)
(37, 1, 4)
(37, 12, 1)
(37, 17, 2)
(38, 1, 5)
(38, 16, 1)
(39, 0, 2)
(39, 1, 2)
(39, 15, 1)
xi_2:
(22, 28, 1)
(25, 28, 1)
(25, 35, 1)
(26, 14, 1)
(26, 26, 1)
(27, 12, 1)
(28, 25, 1)
(29, 12, 1)
(30, 24, 2)
(31, 7, 1)
(31, 8, 1)
(31, 11, 1)
(31, 18, 1)
(32, 1, 1)
(32, 4, 1)
(32, 12, 1)
(35, 11, 1)
(35, 18, 1)
(35, 19, 1)
(36, 21, 1)
(37, 18, 2)
(38, 17, 1)
(39, 2, 1)
(39, 10, 1)
(39, 16, 1)
(39, 18, 1)
