x-grades
-294874741101172649/20000000000000000
-145081223868969039/10000000000000000
-285450154374703507/20000000000000000
-35092232626433617/2500000000000000
-55205113529646873/4000000000000000
-135656637142499897/10000000000000000
-266600980921765223/20000000000000000
-65472171889632663/5000000000000000
-257176394195296081/20000000000000000
-25246410083206151/2000000000000000
-247751807468826939/20000000000000000
-15189969631599523/1250000000000000
-238327220742357797/20000000000000000
-116807463689561613/10000000000000000
-45780526803177731/4000000000000000
-56047585163163521/5000000000000000
-219478047289419513/20000000000000000
-107382876963092471/10000000000000000
-210053460562950371/20000000000000000
-1026705835998579/100000000000000
-200628873836481229/20000000000000000
-97958290236623329/10000000000000000
-191204287110012087/20000000000000000
-46622998436694379/5000000000000000
-36355940076708589/4000000000000000
-88533703510154187/10000000000000000
-172355113657073803/20000000000000000
-1309709533545619/156250000000000
-162930526930604661/20000000000000000
-15821823356737009/2000000000000000
-153505940204135519/20000000000000000
-37198411710225237/5000000000000000
-144081353477666377/20000000000000000
-69684530057215903/10000000000000000
-26931353350239447/4000000000000000
-16243059173495333/2500000000000000
-125232180024728093/20000000000000000
-60259943330746761/10000000000000000
-115807593298258951/20000000000000000
-5554764996751219/1000000000000000

y-grades
1999771/800000
1999771/400000
5999313/800000
1999771/200000
1999771/160000
5999313/400000
13998397/800000
1999771/100000
17997939/800000
1999771/80000
21997481/800000
5999313/200000
25997023/800000
13998397/400000
5999313/160000
1999771/50000
33996107/800000
17997939/400000
37995649/800000
1999771/40000
41995191/800000
21997481/400000
45994733/800000
5999313/100000
1999771/32000
25997023/400000
53993817/800000
13998397/200000
57993359/800000
5999313/80000
61992901/800000
1999771/25000
65992443/800000
33996107/400000
13998397/160000
17997939/200000
73991527/800000
37995649/400000
77991069/800000
1999771/20000

Dimensions > 0:
(0, 0, 4)
(0, 1, 4)
(0, 2, 4)
(0, 3, 4)
(0, 4, 4)
(0, 5, 4)
(0, 6, 4)
(0, 7, 4)
(0, 8, 4)
(0, 9, 4)
(0, 10, 4)
(0, 11, 4)
(0, 12, 4)
(0, 13, 4)
(0, 14, 4)
(0, 15, 4)
(0, 16, 3)
(0, 17, 2)
(0, 18, 2)
(0, 19, 2)
(0, 20, 2)
(0, 21, 2)
(0, 22, 2)
(0, 23, 2)
(0, 24, 2)
(0, 25, 2)
(0, 26, 2)
(0, 27, 2)
(0, 28, 2)
(0, 29, 2)
(0, 30, 2)
(0, 31, 2)
(0, 32, 2)
(0, 33, 2)
(0, 34, 2)
(0, 35, 2)
(0, 36, 2)
(0, 37, 2)
(0, 38, 2)
(0, 39, 2)

(1, 0, 4)
(1, 1, 4)
(1, 2, 4)
(1, 3, 4)
(1, 4, 4)
(1, 5, 4)
(1, 6, 4)
(1, 7, 4)
(1, 8, 4)
(1, 9, 4)
(1, 10, 4)
(1, 11, 4)
(1, 12, 4)
(1, 13, 4)
(1, 14, 4)
(1, 15, 4)
(1, 16, 3)
(1, 17, 2)
(1, 18, 2)
(1, 19, 2)
(1, 20, 2)
(1, 21, 2)
(1, 22, 2)
(1, 23, 2)
(1, 24, 2)
(1, 25, 2)
(1, 26, 2)
(1, 27, 2)
(1, 28, 2)
(1, 29, 2)
(1, 30, 2)
(1, 31, 2)
(1, 32, 2)
(1, 33, 2)
(1, 34, 2)
(1, 35, 2)
(1, 36, 2)
(1, 37, 2)
(1, 38, 2)
(1, 39, 2)

(2, 0, 8)
(2, 1, 7)
(2, 2, 7)
(2, 3, 7)
(2, 4, 7)
(2, 5, 7)
(2, 6, 7)
(2, 7, 6)
(2, 8, 6)
(2, 9, 6)
(2, 10, 6)
(2, 11, 6)
(2, 12, 6)
(2, 13, 6)
(2, 14, 6)
(2, 15, 6)
(2, 16, 5)
(2, 17, 4)
(2, 18, 4)
(2, 19, 4)
(2, 20, 4)
(2, 21, 4)
(2, 22, 3)
(2, 23, 3)
(2, 24, 3)
(2, 25, 3)
(2, 26, 3)
(2, 27, 3)
(2, 28, 3)
(2, 29, 3)
(2, 30, 3)
(2, 31, 3)
(2, 32, 3)
(2, 33, 3)
(2, 34, 3)
(2, 35, 3)
(2, 36, 3)
(2, 37, 3)
(2, 38, 3)
(2, 39, 3)

(3, 0, 14)
(3, 1, 12)
(3, 2, 12)
(3, 3, 12)
(3, 4, 12)
(3, 5, 12)
(3, 6, 12)
(3, 7, 11)
(3, 8, 11)
(3, 9, 11)
(3, 10, 11)
(3, 11, 11)
(3, 12, 11)
(3, 13, 11)
(3, 14, 11)
(3, 15, 11)
(3, 16, 10)
(3, 17, 9)
(3, 18, 8)
(3, 19, 7)
(3, 20, 7)
(3, 21, 7)
(3, 22, 5)
(3, 23, 5)
(3, 24, 3)
(3, 25, 3)
(3, 26, 3)
(3, 27, 3)
(3, 28, 3)
(3, 29, 3)
(3, 30, 3)
(3, 31, 3)
(3, 32, 3)
(3, 33, 3)
(3, 34, 3)
(3, 35, 3)
(3, 36, 3)
(3, 37, 3)
(3, 38, 3)
(3, 39, 3)

(4, 0, 23)
(4, 1, 20)
(4, 2, 20)
(4, 3, 19)
(4, 4, 18)
(4, 5, 18)
(4, 6, 18)
(4, 7, 17)
(4, 8, 17)
(4, 9, 17)
(4, 10, 16)
(4, 11, 16)
(4, 12, 16)
(4, 13, 15)
(4, 14, 15)
(4, 15, 15)
(4, 16, 13)
(4, 17, 12)
(4, 18, 11)
(4, 19, 9)
(4, 20, 9)
(4, 21, 8)
(4, 22, 6)
(4, 23, 6)
(4, 24, 5)
(4, 25, 5)
(4, 26, 5)
(4, 27, 5)
(4, 28, 5)
(4, 29, 5)
(4, 30, 5)
(4, 31, 5)
(4, 32, 5)
(4, 33, 5)
(4, 34, 5)
(4, 35, 5)
(4, 36, 5)
(4, 37, 4)
(4, 38, 4)
(4, 39, 4)

(5, 0, 33)
(5, 1, 28)
(5, 2, 27)
(5, 3, 26)
(5, 4, 24)
(5, 5, 24)
(5, 6, 24)
(5, 7, 23)
(5, 8, 23)
(5, 9, 23)
(5, 10, 21)
(5, 11, 21)
(5, 12, 21)
(5, 13, 20)
(5, 14, 20)
(5, 15, 20)
(5, 16, 18)
(5, 17, 17)
(5, 18, 14)
(5, 19, 10)
(5, 20, 10)
(5, 21, 8)
(5, 22, 6)
(5, 23, 6)
(5, 24, 5)
(5, 25, 5)
(5, 26, 5)
(5, 27, 5)
(5, 28, 5)
(5, 29, 5)
(5, 30, 5)
(5, 31, 5)
(5, 32, 5)
(5, 33, 5)
(5, 34, 5)
(5, 35, 5)
(5, 36, 5)
(5, 37, 5)
(5, 38, 5)
(5, 39, 5)

(6, 0, 38)
(6, 1, 33)
(6, 2, 32)
(6, 3, 30)
(6, 4, 28)
(6, 5, 28)
(6, 6, 28)
(6, 7, 27)
(6, 8, 27)
(6, 9, 26)
(6, 10, 23)
(6, 11, 23)
(6, 12, 23)
(6, 13, 22)
(6, 14, 22)
(6, 15, 22)
(6, 16, 20)
(6, 17, 19)
(6, 18, 16)
(6, 19, 12)
(6, 20, 12)
(6, 21, 10)
(6, 22, 7)
(6, 23, 7)
(6, 24, 6)
(6, 25, 6)
(6, 26, 6)
(6, 27, 6)
(6, 28, 6)
(6, 29, 6)
(6, 30, 6)
(6, 31, 6)
(6, 32, 6)
(6, 33, 6)
(6, 34, 6)
(6, 35, 6)
(6, 36, 6)
(6, 37, 4)
(6, 38, 4)
(6, 39, 4)

(7, 0, 44)
(7, 1, 39)
(7, 2, 38)
(7, 3, 36)
(7, 4, 33)
(7, 5, 33)
(7, 6, 33)
(7, 7, 32)
(7, 8, 32)
(7, 9, 31)
(7, 10, 28)
(7, 11, 28)
(7, 12, 28)
(7, 13, 26)
(7, 14, 26)
(7, 15, 26)
(7, 16, 24)
(7, 17, 23)
(7, 18, 20)
(7, 19, 16)
(7, 20, 15)
(7, 21, 11)
(7, 22, 7)
(7, 23, 7)
(7, 24, 6)
(7, 25, 6)
(7, 26, 6)
(7, 27, 6)
(7, 28, 6)
(7, 29, 6)
(7, 30, 6)
(7, 31, 6)
(7, 32, 6)
(7, 33, 6)
(7, 34, 6)
(7, 35, 6)
(7, 36, 6)
(7, 37, 4)
(7, 38, 4)
(7, 39, 4)

(8, 0, 52)
(8, 1, 46)
(8, 2, 45)
(8, 3, 43)
(8, 4, 39)
(8, 5, 38)
(8, 6, 37)
(8, 7, 36)
(8, 8, 36)
(8, 9, 35)
(8, 10, 32)
(8, 11, 32)
(8, 12, 32)
(8, 13, 27)
(8, 14, 27)
(8, 15, 27)
(8, 16, 25)
(8, 17, 24)
(8, 18, 21)
(8, 19, 17)
(8, 20, 16)
(8, 21, 12)
(8, 22, 8)
(8, 23, 7)
(8, 24, 6)
(8, 25, 6)
(8, 26, 6)
(8, 27, 6)
(8, 28, 6)
(8, 29, 6)
(8, 30, 6)
(8, 31, 6)
(8, 32, 6)
(8, 33, 6)
(8, 34, 6)
(8, 35, 6)
(8, 36, 6)
(8, 37, 4)
(8, 38, 4)
(8, 39, 4)

(9, 0, 64)
(9, 1, 58)
(9, 2, 57)
(9, 3, 55)
(9, 4, 49)
(9, 5, 47)
(9, 6, 45)
(9, 7, 44)
(9, 8, 44)
(9, 9, 43)
(9, 10, 40)
(9, 11, 40)
(9, 12, 37)
(9, 13, 32)
(9, 14, 32)
(9, 15, 30)
(9, 16, 28)
(9, 17, 26)
(9, 18, 23)
(9, 19, 19)
(9, 20, 17)
(9, 21, 13)
(9, 22, 9)
(9, 23, 8)
(9, 24, 8)
(9, 25, 8)
(9, 26, 7)
(9, 27, 7)
(9, 28, 7)
(9, 29, 6)
(9, 30, 6)
(9, 31, 6)
(9, 32, 6)
(9, 33, 6)
(9, 34, 6)
(9, 35, 6)
(9, 36, 6)
(9, 37, 4)
(9, 38, 4)
(9, 39, 4)

(10, 0, 76)
(10, 1, 70)
(10, 2, 68)
(10, 3, 65)
(10, 4, 59)
(10, 5, 56)
(10, 6, 54)
(10, 7, 51)
(10, 8, 51)
(10, 9, 50)
(10, 10, 47)
(10, 11, 46)
(10, 12, 40)
(10, 13, 32)
(10, 14, 32)
(10, 15, 31)
(10, 16, 28)
(10, 17, 26)
(10, 18, 23)
(10, 19, 19)
(10, 20, 17)
(10, 21, 13)
(10, 22, 8)
(10, 23, 7)
(10, 24, 6)
(10, 25, 5)
(10, 26, 4)
(10, 27, 4)
(10, 28, 4)
(10, 29, 4)
(10, 30, 4)
(10, 31, 4)
(10, 32, 4)
(10, 33, 4)
(10, 34, 4)
(10, 35, 4)
(10, 36, 4)
(10, 37, 4)
(10, 38, 4)
(10, 39, 4)

(11, 0, 88)
(11, 1, 81)
(11, 2, 79)
(11, 3, 76)
(11, 4, 67)
(11, 5, 62)
(11, 6, 58)
(11, 7, 53)
(11, 8, 53)
(11, 9, 52)
(11, 10, 49)
(11, 11, 46)
(11, 12, 39)
(11, 13, 33)
(11, 14, 32)
(11, 15, 31)
(11, 16, 28)
(11, 17, 26)
(11, 18, 23)
(11, 19, 19)
(11, 20, 17)
(11, 21, 13)
(11, 22, 8)
(11, 23, 7)
(11, 24, 6)
(11, 25, 5)
(11, 26, 4)
(11, 27, 4)
(11, 28, 4)
(11, 29, 4)
(11, 30, 4)
(11, 31, 4)
(11, 32, 4)
(11, 33, 4)
(11, 34, 4)
(11, 35, 4)
(11, 36, 4)
(11, 37, 4)
(11, 38, 4)
(11, 39, 4)

(12, 0, 98)
(12, 1, 91)
(12, 2, 88)
(12, 3, 82)
(12, 4, 72)
(12, 5, 64)
(12, 6, 60)
(12, 7, 56)
(12, 8, 56)
(12, 9, 55)
(12, 10, 52)
(12, 11, 48)
(12, 12, 41)
(12, 13, 35)
(12, 14, 34)
(12, 15, 33)
(12, 16, 30)
(12, 17, 28)
(12, 18, 25)
(12, 19, 21)
(12, 20, 19)
(12, 21, 14)
(12, 22, 9)
(12, 23, 8)
(12, 24, 7)
(12, 25, 6)
(12, 26, 5)
(12, 27, 5)
(12, 28, 5)
(12, 29, 5)
(12, 30, 5)
(12, 31, 5)
(12, 32, 5)
(12, 33, 5)
(12, 34, 5)
(12, 35, 5)
(12, 36, 5)
(12, 37, 5)
(12, 38, 5)
(12, 39, 5)

(13, 0, 119)
(13, 1, 102)
(13, 2, 96)
(13, 3, 89)
(13, 4, 79)
(13, 5, 71)
(13, 6, 67)
(13, 7, 62)
(13, 8, 62)
(13, 9, 60)
(13, 10, 57)
(13, 11, 53)
(13, 12, 46)
(13, 13, 38)
(13, 14, 37)
(13, 15, 34)
(13, 16, 31)
(13, 17, 29)
(13, 18, 26)
(13, 19, 22)
(13, 20, 20)
(13, 21, 15)
(13, 22, 8)
(13, 23, 7)
(13, 24, 5)
(13, 25, 5)
(13, 26, 5)
(13, 27, 5)
(13, 28, 5)
(13, 29, 5)
(13, 30, 5)
(13, 31, 5)
(13, 32, 5)
(13, 33, 5)
(13, 34, 5)
(13, 35, 5)
(13, 36, 5)
(13, 37, 5)
(13, 38, 5)
(13, 39, 5)

(14, 0, 141)
(14, 1, 111)
(14, 2, 100)
(14, 3, 92)
(14, 4, 82)
(14, 5, 73)
(14, 6, 69)
(14, 7, 62)
(14, 8, 62)
(14, 9, 61)
(14, 10, 58)
(14, 11, 54)
(14, 12, 47)
(14, 13, 39)
(14, 14, 38)
(14, 15, 35)
(14, 16, 32)
(14, 17, 30)
(14, 18, 27)
(14, 19, 23)
(14, 20, 21)
(14, 21, 16)
(14, 22, 9)
(14, 23, 8)
(14, 24, 6)
(14, 25, 6)
(14, 26, 6)
(14, 27, 6)
(14, 28, 6)
(14, 29, 6)
(14, 30, 6)
(14, 31, 6)
(14, 32, 6)
(14, 33, 6)
(14, 34, 6)
(14, 35, 6)
(14, 36, 6)
(14, 37, 6)
(14, 38, 6)
(14, 39, 6)

(15, 0, 175)
(15, 1, 121)
(15, 2, 102)
(15, 3, 94)
(15, 4, 84)
(15, 5, 75)
(15, 6, 71)
(15, 7, 63)
(15, 8, 63)
(15, 9, 62)
(15, 10, 59)
(15, 11, 55)
(15, 12, 48)
(15, 13, 40)
(15, 14, 39)
(15, 15, 36)
(15, 16, 33)
(15, 17, 31)
(15, 18, 28)
(15, 19, 24)
(15, 20, 22)
(15, 21, 17)
(15, 22, 10)
(15, 23, 9)
(15, 24, 7)
(15, 25, 7)
(15, 26, 6)
(15, 27, 6)
(15, 28, 6)
(15, 29, 6)
(15, 30, 6)
(15, 31, 6)
(15, 32, 6)
(15, 33, 6)
(15, 34, 6)
(15, 35, 6)
(15, 36, 6)
(15, 37, 6)
(15, 38, 6)
(15, 39, 6)

(16, 0, 227)
(16, 1, 138)
(16, 2, 105)
(16, 3, 97)
(16, 4, 87)
(16, 5, 78)
(16, 6, 74)
(16, 7, 63)
(16, 8, 63)
(16, 9, 62)
(16, 10, 59)
(16, 11, 55)
(16, 12, 48)
(16, 13, 40)
(16, 14, 39)
(16, 15, 36)
(16, 16, 33)
(16, 17, 31)
(16, 18, 28)
(16, 19, 24)
(16, 20, 22)
(16, 21, 17)
(16, 22, 10)
(16, 23, 9)
(16, 24, 6)
(16, 25, 6)
(16, 26, 6)
(16, 27, 6)
(16, 28, 6)
(16, 29, 6)
(16, 30, 6)
(16, 31, 6)
(16, 32, 6)
(16, 33, 6)
(16, 34, 6)
(16, 35, 5)
(16, 36, 5)
(16, 37, 5)
(16, 38, 5)
(16, 39, 5)

(17, 0, 290)
(17, 1, 157)
(17, 2, 109)
(17, 3, 101)
(17, 4, 91)
(17, 5, 82)
(17, 6, 78)
(17, 7, 64)
(17, 8, 63)
(17, 9, 62)
(17, 10, 59)
(17, 11, 55)
(17, 12, 48)
(17, 13, 40)
(17, 14, 39)
(17, 15, 36)
(17, 16, 33)
(17, 17, 31)
(17, 18, 28)
(17, 19, 24)
(17, 20, 22)
(17, 21, 16)
(17, 22, 9)
(17, 23, 8)
(17, 24, 5)
(17, 25, 5)
(17, 26, 5)
(17, 27, 5)
(17, 28, 5)
(17, 29, 5)
(17, 30, 5)
(17, 31, 5)
(17, 32, 5)
(17, 33, 5)
(17, 34, 5)
(17, 35, 5)
(17, 36, 5)
(17, 37, 5)
(17, 38, 5)
(17, 39, 5)

(18, 0, 348)
(18, 1, 175)
(18, 2, 109)
(18, 3, 101)
(18, 4, 91)
(18, 5, 82)
(18, 6, 78)
(18, 7, 63)
(18, 8, 63)
(18, 9, 62)
(18, 10, 59)
(18, 11, 55)
(18, 12, 48)
(18, 13, 40)
(18, 14, 39)
(18, 15, 36)
(18, 16, 33)
(18, 17, 31)
(18, 18, 28)
(18, 19, 24)
(18, 20, 22)
(18, 21, 16)
(18, 22, 9)
(18, 23, 8)
(18, 24, 5)
(18, 25, 5)
(18, 26, 5)
(18, 27, 5)
(18, 28, 5)
(18, 29, 5)
(18, 30, 5)
(18, 31, 5)
(18, 32, 5)
(18, 33, 5)
(18, 34, 5)
(18, 35, 5)
(18, 36, 5)
(18, 37, 5)
(18, 38, 5)
(18, 39, 5)

(19, 0, 396)
(19, 1, 187)
(19, 2, 109)
(19, 3, 101)
(19, 4, 91)
(19, 5, 82)
(19, 6, 78)
(19, 7, 63)
(19, 8, 63)
(19, 9, 62)
(19, 10, 59)
(19, 11, 55)
(19, 12, 48)
(19, 13, 40)
(19, 14, 39)
(19, 15, 36)
(19, 16, 33)
(19, 17, 31)
(19, 18, 28)
(19, 19, 24)
(19, 20, 22)
(19, 21, 16)
(19, 22, 9)
(19, 23, 8)
(19, 24, 5)
(19, 25, 5)
(19, 26, 5)
(19, 27, 5)
(19, 28, 5)
(19, 29, 5)
(19, 30, 5)
(19, 31, 5)
(19, 32, 5)
(19, 33, 5)
(19, 34, 5)
(19, 35, 5)
(19, 36, 5)
(19, 37, 5)
(19, 38, 5)
(19, 39, 5)

(20, 0, 444)
(20, 1, 200)
(20, 2, 109)
(20, 3, 101)
(20, 4, 91)
(20, 5, 82)
(20, 6, 78)
(20, 7, 63)
(20, 8, 63)
(20, 9, 62)
(20, 10, 59)
(20, 11, 55)
(20, 12, 48)
(20, 13, 40)
(20, 14, 39)
(20, 15, 36)
(20, 16, 33)
(20, 17, 31)
(20, 18, 28)
(20, 19, 24)
(20, 20, 22)
(20, 21, 16)
(20, 22, 9)
(20, 23, 8)
(20, 24, 5)
(20, 25, 5)
(20, 26, 5)
(20, 27, 5)
(20, 28, 5)
(20, 29, 5)
(20, 30, 5)
(20, 31, 5)
(20, 32, 5)
(20, 33, 5)
(20, 34, 5)
(20, 35, 5)
(20, 36, 5)
(20, 37, 5)
(20, 38, 5)
(20, 39, 5)

(21, 0, 467)
(21, 1, 204)
(21, 2, 109)
(21, 3, 101)
(21, 4, 91)
(21, 5, 82)
(21, 6, 78)
(21, 7, 63)
(21, 8, 63)
(21, 9, 62)
(21, 10, 59)
(21, 11, 55)
(21, 12, 48)
(21, 13, 40)
(21, 14, 39)
(21, 15, 36)
(21, 16, 33)
(21, 17, 31)
(21, 18, 28)
(21, 19, 24)
(21, 20, 22)
(21, 21, 16)
(21, 22, 9)
(21, 23, 8)
(21, 24, 5)
(21, 25, 5)
(21, 26, 5)
(21, 27, 5)
(21, 28, 5)
(21, 29, 5)
(21, 30, 5)
(21, 31, 5)
(21, 32, 5)
(21, 33, 5)
(21, 34, 5)
(21, 35, 5)
(21, 36, 5)
(21, 37, 5)
(21, 38, 5)
(21, 39, 5)

(22, 0, 473)
(22, 1, 209)
(22, 2, 113)
(22, 3, 105)
(22, 4, 94)
(22, 5, 85)
(22, 6, 81)
(22, 7, 65)
(22, 8, 65)
(22, 9, 64)
(22, 10, 61)
(22, 11, 57)
(22, 12, 50)
(22, 13, 42)
(22, 14, 41)
(22, 15, 38)
(22, 16, 35)
(22, 17, 33)
(22, 18, 30)
(22, 19, 26)
(22, 20, 24)
(22, 21, 18)
(22, 22, 11)
(22, 23, 10)
(22, 24, 7)
(22, 25, 7)
(22, 26, 7)
(22, 27, 7)
(22, 28, 7)
(22, 29, 7)
(22, 30, 7)
(22, 31, 7)
(22, 32, 7)
(22, 33, 7)
(22, 34, 7)
(22, 35, 7)
(22, 36, 7)
(22, 37, 7)
(22, 38, 7)
(22, 39, 7)

(23, 0, 488)
(23, 1, 215)
(23, 2, 115)
(23, 3, 105)
(23, 4, 95)
(23, 5, 86)
(23, 6, 82)
(23, 7, 66)
(23, 8, 66)
(23, 9, 65)
(23, 10, 62)
(23, 11, 58)
(23, 12, 51)
(23, 13, 43)
(23, 14, 42)
(23, 15, 39)
(23, 16, 36)
(23, 17, 34)
(23, 18, 31)
(23, 19, 27)
(23, 20, 25)
(23, 21, 19)
(23, 22, 12)
(23, 23, 11)
(23, 24, 8)
(23, 25, 8)
(23, 26, 8)
(23, 27, 8)
(23, 28, 8)
(23, 29, 8)
(23, 30, 8)
(23, 31, 8)
(23, 32, 8)
(23, 33, 8)
(23, 34, 8)
(23, 35, 8)
(23, 36, 8)
(23, 37, 7)
(23, 38, 7)
(23, 39, 7)

(24, 0, 515)
(24, 1, 236)
(24, 2, 133)
(24, 3, 118)
(24, 4, 107)
(24, 5, 95)
(24, 6, 88)
(24, 7, 72)
(24, 8, 70)
(24, 9, 68)
(24, 10, 65)
(24, 11, 61)
(24, 12, 54)
(24, 13, 46)
(24, 14, 45)
(24, 15, 42)
(24, 16, 39)
(24, 17, 35)
(24, 18, 32)
(24, 19, 28)
(24, 20, 26)
(24, 21, 20)
(24, 22, 13)
(24, 23, 11)
(24, 24, 8)
(24, 25, 8)
(24, 26, 8)
(24, 27, 8)
(24, 28, 8)
(24, 29, 8)
(24, 30, 8)
(24, 31, 8)
(24, 32, 8)
(24, 33, 8)
(24, 34, 8)
(24, 35, 8)
(24, 36, 8)
(24, 37, 8)
(24, 38, 8)
(24, 39, 8)

(25, 0, 531)
(25, 1, 246)
(25, 2, 140)
(25, 3, 121)
(25, 4, 111)
(25, 5, 99)
(25, 6, 93)
(25, 7, 77)
(25, 8, 75)
(25, 9, 71)
(25, 10, 67)
(25, 11, 63)
(25, 12, 56)
(25, 13, 48)
(25, 14, 47)
(25, 15, 44)
(25, 16, 41)
(25, 17, 37)
(25, 18, 34)
(25, 19, 29)
(25, 20, 27)
(25, 21, 21)
(25, 22, 14)
(25, 23, 12)
(25, 24, 9)
(25, 25, 9)
(25, 26, 9)
(25, 27, 9)
(25, 28, 9)
(25, 29, 9)
(25, 30, 9)
(25, 31, 9)
(25, 32, 9)
(25, 33, 9)
(25, 34, 9)
(25, 35, 9)
(25, 36, 9)
(25, 37, 9)
(25, 38, 9)
(25, 39, 9)

(26, 0, 573)
(26, 1, 275)
(26, 2, 160)
(26, 3, 134)
(26, 4, 120)
(26, 5, 106)
(26, 6, 96)
(26, 7, 79)
(26, 8, 77)
(26, 9, 72)
(26, 10, 68)
(26, 11, 64)
(26, 12, 56)
(26, 13, 48)
(26, 14, 47)
(26, 15, 44)
(26, 16, 40)
(26, 17, 37)
(26, 18, 34)
(26, 19, 30)
(26, 20, 28)
(26, 21, 22)
(26, 22, 15)
(26, 23, 13)
(26, 24, 10)
(26, 25, 10)
(26, 26, 9)
(26, 27, 9)
(26, 28, 9)
(26, 29, 9)
(26, 30, 9)
(26, 31, 9)
(26, 32, 9)
(26, 33, 9)
(26, 34, 9)
(26, 35, 9)
(26, 36, 9)
(26, 37, 9)
(26, 38, 9)
(26, 39, 9)

(27, 0, 624)
(27, 1, 303)
(27, 2, 174)
(27, 3, 141)
(27, 4, 126)
(27, 5, 110)
(27, 6, 100)
(27, 7, 83)
(27, 8, 79)
(27, 9, 74)
(27, 10, 70)
(27, 11, 65)
(27, 12, 57)
(27, 13, 49)
(27, 14, 48)
(27, 15, 45)
(27, 16, 41)
(27, 17, 38)
(27, 18, 35)
(27, 19, 31)
(27, 20, 29)
(27, 21, 23)
(27, 22, 16)
(27, 23, 14)
(27, 24, 11)
(27, 25, 11)
(27, 26, 10)
(27, 27, 10)
(27, 28, 10)
(27, 29, 9)
(27, 30, 9)
(27, 31, 9)
(27, 32, 9)
(27, 33, 9)
(27, 34, 9)
(27, 35, 9)
(27, 36, 9)
(27, 37, 9)
(27, 38, 9)
(27, 39, 8)

(28, 0, 658)
(28, 1, 319)
(28, 2, 182)
(28, 3, 142)
(28, 4, 128)
(28, 5, 110)
(28, 6, 100)
(28, 7, 82)
(28, 8, 79)
(28, 9, 74)
(28, 10, 70)
(28, 11, 65)
(28, 12, 57)
(28, 13, 49)
(28, 14, 48)
(28, 15, 45)
(28, 16, 41)
(28, 17, 38)
(28, 18, 35)
(28, 19, 31)
(28, 20, 29)
(28, 21, 23)
(28, 22, 16)
(28, 23, 14)
(28, 24, 11)
(28, 25, 11)
(28, 26, 10)
(28, 27, 10)
(28, 28, 10)
(28, 29, 9)
(28, 30, 9)
(28, 31, 9)
(28, 32, 9)
(28, 33, 9)
(28, 34, 9)
(28, 35, 9)
(28, 36, 9)
(28, 37, 9)
(28, 38, 9)
(28, 39, 8)

(29, 0, 687)
(29, 1, 333)
(29, 2, 189)
(29, 3, 146)
(29, 4, 132)
(29, 5, 114)
(29, 6, 102)
(29, 7, 83)
(29, 8, 80)
(29, 9, 75)
(29, 10, 71)
(29, 11, 66)
(29, 12, 58)
(29, 13, 50)
(29, 14, 49)
(29, 15, 46)
(29, 16, 42)
(29, 17, 39)
(29, 18, 36)
(29, 19, 32)
(29, 20, 30)
(29, 21, 24)
(29, 22, 17)
(29, 23, 15)
(29, 24, 12)
(29, 25, 12)
(29, 26, 11)
(29, 27, 11)
(29, 28, 11)
(29, 29, 10)
(29, 30, 9)
(29, 31, 9)
(29, 32, 9)
(29, 33, 9)
(29, 34, 9)
(29, 35, 9)
(29, 36, 9)
(29, 37, 9)
(29, 38, 9)
(29, 39, 8)

(30, 0, 703)
(30, 1, 335)
(30, 2, 189)
(30, 3, 146)
(30, 4, 132)
(30, 5, 114)
(30, 6, 102)
(30, 7, 83)
(30, 8, 80)
(30, 9, 75)
(30, 10, 71)
(30, 11, 66)
(30, 12, 58)
(30, 13, 50)
(30, 14, 49)
(30, 15, 46)
(30, 16, 42)
(30, 17, 39)
(30, 18, 36)
(30, 19, 32)
(30, 20, 30)
(30, 21, 24)
(30, 22, 17)
(30, 23, 15)
(30, 24, 12)
(30, 25, 12)
(30, 26, 11)
(30, 27, 11)
(30, 28, 11)
(30, 29, 10)
(30, 30, 9)
(30, 31, 9)
(30, 32, 9)
(30, 33, 9)
(30, 34, 9)
(30, 35, 9)
(30, 36, 9)
(30, 37, 9)
(30, 38, 9)
(30, 39, 8)

(31, 0, 725)
(31, 1, 342)
(31, 2, 191)
(31, 3, 148)
(31, 4, 134)
(31, 5, 116)
(31, 6, 104)
(31, 7, 84)
(31, 8, 81)
(31, 9, 76)
(31, 10, 72)
(31, 11, 67)
(31, 12, 59)
(31, 13, 51)
(31, 14, 50)
(31, 15, 46)
(31, 16, 42)
(31, 17, 39)
(31, 18, 36)
(31, 19, 32)
(31, 20, 30)
(31, 21, 24)
(31, 22, 17)
(31, 23, 15)
(31, 24, 12)
(31, 25, 12)
(31, 26, 11)
(31, 27, 11)
(31, 28, 11)
(31, 29, 10)
(31, 30, 9)
(31, 31, 9)
(31, 32, 9)
(31, 33, 9)
(31, 34, 9)
(31, 35, 8)
(31, 36, 8)
(31, 37, 8)
(31, 38, 8)
(31, 39, 8)

(32, 0, 742)
(32, 1, 350)
(32, 2, 194)
(32, 3, 151)
(32, 4, 137)
(32, 5, 119)
(32, 6, 107)
(32, 7, 87)
(32, 8, 84)
(32, 9, 79)
(32, 10, 75)
(32, 11, 70)
(32, 12, 62)
(32, 13, 54)
(32, 14, 53)
(32, 15, 49)
(32, 16, 45)
(32, 17, 42)
(32, 18, 38)
(32, 19, 34)
(32, 20, 32)
(32, 21, 26)
(32, 22, 19)
(32, 23, 16)
(32, 24, 13)
(32, 25, 13)
(32, 26, 12)
(32, 27, 12)
(32, 28, 12)
(32, 29, 11)
(32, 30, 10)
(32, 31, 10)
(32, 32, 9)
(32, 33, 9)
(32, 34, 9)
(32, 35, 8)
(32, 36, 8)
(32, 37, 8)
(32, 38, 8)
(32, 39, 8)

(33, 0, 776)
(33, 1, 358)
(33, 2, 196)
(33, 3, 152)
(33, 4, 138)
(33, 5, 120)
(33, 6, 108)
(33, 7, 87)
(33, 8, 84)
(33, 9, 79)
(33, 10, 75)
(33, 11, 70)
(33, 12, 62)
(33, 13, 54)
(33, 14, 53)
(33, 15, 49)
(33, 16, 45)
(33, 17, 42)
(33, 18, 38)
(33, 19, 33)
(33, 20, 31)
(33, 21, 25)
(33, 22, 18)
(33, 23, 16)
(33, 24, 13)
(33, 25, 13)
(33, 26, 12)
(33, 27, 12)
(33, 28, 12)
(33, 29, 11)
(33, 30, 10)
(33, 31, 10)
(33, 32, 9)
(33, 33, 9)
(33, 34, 9)
(33, 35, 8)
(33, 36, 8)
(33, 37, 8)
(33, 38, 8)
(33, 39, 8)

(34, 0, 789)
(34, 1, 362)
(34, 2, 196)
(34, 3, 152)
(34, 4, 138)
(34, 5, 120)
(34, 6, 108)
(34, 7, 87)
(34, 8, 84)
(34, 9, 79)
(34, 10, 75)
(34, 11, 70)
(34, 12, 62)
(34, 13, 54)
(34, 14, 53)
(34, 15, 49)
(34, 16, 45)
(34, 17, 42)
(34, 18, 38)
(34, 19, 33)
(34, 20, 31)
(34, 21, 25)
(34, 22, 18)
(34, 23, 16)
(34, 24, 13)
(34, 25, 13)
(34, 26, 12)
(34, 27, 12)
(34, 28, 12)
(34, 29, 11)
(34, 30, 10)
(34, 31, 10)
(34, 32, 9)
(34, 33, 9)
(34, 34, 9)
(34, 35, 8)
(34, 36, 8)
(34, 37, 8)
(34, 38, 8)
(34, 39, 8)

(35, 0, 810)
(35, 1, 368)
(35, 2, 198)
(35, 3, 154)
(35, 4, 140)
(35, 5, 122)
(35, 6, 110)
(35, 7, 88)
(35, 8, 85)
(35, 9, 80)
(35, 10, 76)
(35, 11, 71)
(35, 12, 63)
(35, 13, 55)
(35, 14, 54)
(35, 15, 50)
(35, 16, 46)
(35, 17, 43)
(35, 18, 39)
(35, 19, 34)
(35, 20, 32)
(35, 21, 26)
(35, 22, 19)
(35, 23, 17)
(35, 24, 14)
(35, 25, 14)
(35, 26, 13)
(35, 27, 13)
(35, 28, 13)
(35, 29, 12)
(35, 30, 11)
(35, 31, 11)
(35, 32, 10)
(35, 33, 10)
(35, 34, 10)
(35, 35, 9)
(35, 36, 9)
(35, 37, 9)
(35, 38, 9)
(35, 39, 9)

(36, 0, 841)
(36, 1, 377)
(36, 2, 198)
(36, 3, 154)
(36, 4, 140)
(36, 5, 122)
(36, 6, 110)
(36, 7, 88)
(36, 8, 85)
(36, 9, 80)
(36, 10, 76)
(36, 11, 71)
(36, 12, 63)
(36, 13, 55)
(36, 14, 54)
(36, 15, 50)
(36, 16, 46)
(36, 17, 43)
(36, 18, 39)
(36, 19, 34)
(36, 20, 32)
(36, 21, 26)
(36, 22, 19)
(36, 23, 17)
(36, 24, 14)
(36, 25, 14)
(36, 26, 13)
(36, 27, 13)
(36, 28, 13)
(36, 29, 12)
(36, 30, 11)
(36, 31, 11)
(36, 32, 10)
(36, 33, 10)
(36, 34, 10)
(36, 35, 9)
(36, 36, 9)
(36, 37, 9)
(36, 38, 9)
(36, 39, 9)

(37, 0, 881)
(37, 1, 388)
(37, 2, 200)
(37, 3, 156)
(37, 4, 142)
(37, 5, 124)
(37, 6, 112)
(37, 7, 88)
(37, 8, 85)
(37, 9, 80)
(37, 10, 76)
(37, 11, 71)
(37, 12, 63)
(37, 13, 55)
(37, 14, 54)
(37, 15, 50)
(37, 16, 46)
(37, 17, 43)
(37, 18, 39)
(37, 19, 34)
(37, 20, 32)
(37, 21, 26)
(37, 22, 19)
(37, 23, 17)
(37, 24, 14)
(37, 25, 14)
(37, 26, 12)
(37, 27, 12)
(37, 28, 12)
(37, 29, 11)
(37, 30, 10)
(37, 31, 10)
(37, 32, 9)
(37, 33, 9)
(37, 34, 9)
(37, 35, 8)
(37, 36, 8)
(37, 37, 8)
(37, 38, 8)
(37, 39, 8)

(38, 0, 922)
(38, 1, 399)
(38, 2, 202)
(38, 3, 158)
(38, 4, 144)
(38, 5, 126)
(38, 6, 114)
(38, 7, 87)
(38, 8, 84)
(38, 9, 79)
(38, 10, 75)
(38, 11, 70)
(38, 12, 62)
(38, 13, 54)
(38, 14, 53)
(38, 15, 49)
(38, 16, 45)
(38, 17, 42)
(38, 18, 38)
(38, 19, 33)
(38, 20, 31)
(38, 21, 25)
(38, 22, 18)
(38, 23, 16)
(38, 24, 13)
(38, 25, 13)
(38, 26, 12)
(38, 27, 12)
(38, 28, 12)
(38, 29, 11)
(38, 30, 10)
(38, 31, 10)
(38, 32, 9)
(38, 33, 9)
(38, 34, 9)
(38, 35, 8)
(38, 36, 8)
(38, 37, 8)
(38, 38, 8)
(38, 39, 8)

(39, 0, 1002)
(39, 1, 420)
(39, 2, 202)
(39, 3, 158)
(39, 4, 144)
(39, 5, 126)
(39, 6, 114)
(39, 7, 87)
(39, 8, 84)
(39, 9, 79)
(39, 10, 75)
(39, 11, 70)
(39, 12, 62)
(39, 13, 54)
(39, 14, 53)
(39, 15, 49)
(39, 16, 45)
(39, 17, 42)
(39, 18, 38)
(39, 19, 33)
(39, 20, 31)
(39, 21, 25)
(39, 22, 18)
(39, 23, 16)
(39, 24, 13)
(39, 25, 13)
(39, 26, 12)
(39, 27, 12)
(39, 28, 12)
(39, 29, 11)
(39, 30, 10)
(39, 31, 10)
(39, 32, 9)
(39, 33, 9)
(39, 34, 9)
(39, 35, 8)
(39, 36, 8)
(39, 37, 8)
(39, 38, 8)
(39, 39, 8)


Betti numbers:
xi_0:
(0, 0, 4)
(2, 0, 4)
(3, 0, 6)
(4, 0, 9)
(5, 0, 10)
(6, 0, 5)
(7, 0, 6)
(8, 0, 8)
(9, 0, 12)
(10, 0, 12)
(11, 0, 12)
(12, 0, 10)
(13, 0, 21)
(14, 0, 22)
(15, 0, 34)
(16, 0, 52)
(17, 0, 63)
(18, 0, 58)
(19, 0, 48)
(20, 0, 48)
(21, 0, 23)
(22, 0, 6)
(23, 0, 15)
(24, 0, 28)
(25, 0, 19)
(26, 0, 42)
(27, 0, 51)
(28, 0, 34)
(29, 0, 29)
(30, 0, 16)
(31, 0, 22)
(32, 0, 17)
(33, 0, 34)
(34, 0, 13)
(35, 0, 21)
(36, 0, 31)
(37, 0, 40)
(38, 0, 41)
(39, 0, 80)
xi_1:
(0, 16, 1)
(0, 17, 1)
(2, 1, 1)
(2, 7, 1)
(2, 22, 1)
(3, 1, 1)
(3, 18, 1)
(3, 19, 1)
(3, 22, 1)
(3, 24, 2)
(4, 1, 1)
(4, 3, 1)
(4, 4, 1)
(4, 10, 1)
(4, 13, 1)
(4, 16, 1)
(4, 19, 1)
(4, 21, 1)
(4, 37, 1)
(5, 1, 2)
(5, 2, 1)
(5, 4, 1)
(5, 10, 1)
(5, 18, 2)
(5, 19, 2)
(5, 21, 1)
(6, 3, 1)
(6, 9, 1)
(6, 10, 1)
(6, 22, 1)
(6, 37, 2)
(7, 4, 1)
(7, 13, 1)
(7, 20, 1)
(7, 21, 2)
(7, 22, 1)
(8, 1, 1)
(8, 4, 1)
(8, 5, 1)
(8, 6, 1)
(8, 13, 3)
(8, 23, 1)
(9, 4, 2)
(9, 5, 1)
(9, 6, 1)
(9, 12, 3)
(9, 13, 2)
(9, 15, 2)
(9, 17, 1)
(9, 20, 1)
(9, 26, 1)
(9, 29, 1)
(10, 2, 1)
(10, 3, 1)
(10, 5, 1)
(10, 7, 2)
(10, 11, 1)
(10, 12, 3)
(10, 13, 3)
(10, 16, 1)
(10, 22, 1)
(10, 24, 1)
(10, 25, 1)
(11, 1, 1)
(11, 4, 3)
(11, 5, 2)
(11, 6, 2)
(11, 7, 2)
(11, 11, 2)
(11, 12, 1)
(11, 14, 1)
(12, 2, 1)
(12, 3, 3)
(12, 4, 1)
(12, 5, 3)
(12, 11, 1)
(12, 21, 1)
(13, 1, 10)
(13, 2, 3)
(13, 3, 1)
(13, 7, 1)
(13, 9, 1)
(13, 13, 2)
(13, 15, 2)
(13, 22, 2)
(13, 24, 1)
(14, 1, 13)
(14, 2, 5)
(14, 3, 1)
(14, 5, 1)
(14, 7, 2)
(15, 1, 24)
(15, 2, 8)
(15, 7, 1)
(15, 26, 1)
(16, 1, 35)
(16, 2, 14)
(16, 7, 3)
(16, 24, 1)
(16, 35, 1)
(17, 1, 44)
(17, 2, 16)
(17, 7, 3)
(17, 8, 1)
(17, 21, 1)
(18, 1, 40)
(18, 2, 18)
(18, 7, 1)
(19, 1, 36)
(19, 2, 12)
(20, 1, 35)
(20, 2, 13)
(21, 1, 19)
(21, 2, 4)
(22, 1, 1)
(22, 2, 1)
(22, 4, 1)
(22, 7, 1)
(23, 1, 9)
(23, 2, 4)
(23, 3, 2)
(23, 37, 1)
(24, 0, 1)
(24, 1, 7)
(24, 2, 3)
(24, 3, 5)
(24, 4, 1)
(24, 5, 3)
(24, 6, 3)
(24, 8, 2)
(24, 9, 1)
(24, 17, 2)
(24, 23, 1)
(25, 0, 3)
(25, 1, 7)
(25, 2, 4)
(25, 3, 6)
(25, 9, 2)
(25, 10, 1)
(25, 19, 1)
(26, 1, 13)
(26, 2, 9)
(26, 3, 7)
(26, 4, 4)
(26, 5, 2)
(26, 6, 4)
(26, 7, 1)
(26, 9, 2)
(26, 12, 1)
(26, 16, 1)
(26, 26, 1)
(27, 1, 23)
(27, 2, 14)
(27, 3, 7)
(27, 4, 2)
(27, 5, 2)
(27, 8, 2)
(27, 11, 1)
(27, 29, 1)
(27, 39, 1)
(28, 1, 18)
(28, 2, 8)
(28, 3, 8)
(28, 5, 2)
(28, 7, 1)
(29, 1, 15)
(29, 2, 7)
(29, 3, 4)
(29, 6, 2)
(29, 7, 1)
(29, 30, 1)
(30, 1, 14)
(30, 2, 3)
(31, 1, 15)
(31, 2, 5)
(31, 7, 1)
(31, 15, 1)
(31, 35, 1)
(32, 1, 9)
(32, 2, 5)
(32, 18, 1)
(32, 23, 1)
(32, 32, 1)
(33, 1, 26)
(33, 2, 6)
(33, 3, 1)
(33, 7, 1)
(33, 19, 1)
(34, 1, 9)
(34, 2, 4)
(35, 1, 15)
(35, 2, 4)
(35, 7, 1)
(36, 1, 22)
(36, 2, 9)
(37, 1, 29)
(37, 2, 9)
(37, 7, 2)
(37, 26, 1)
(38, 1, 30)
(38, 2, 9)
(38, 7, 3)
(39, 1, 59)
(39, 2, 21)
xi_2:
(4, 24, 1)
(5, 37, 1)
(9, 13, 2)
(9, 24, 1)
(10, 15, 1)
(10, 29, 1)
(10, 37, 2)
(11, 13, 2)
(12, 7, 1)
(13, 25, 1)
(13, 26, 1)
(14, 9, 1)
(16, 26, 1)
(17, 2, 1)
(17, 35, 1)
(18, 8, 1)
(23, 4, 1)
(24, 1, 1)
(24, 37, 1)
(25, 1, 1)
(25, 2, 1)
(25, 3, 2)
(25, 4, 1)
(25, 6, 1)
(26, 9, 1)
(26, 17, 1)
(26, 19, 1)
(27, 4, 1)
(28, 3, 1)
(28, 4, 1)
(28, 8, 1)
(29, 3, 1)
(30, 2, 1)
(31, 39, 1)
(33, 23, 1)
(38, 26, 1)
