x-grades
-3199621873849540011/1000000000000000000
-1559915928497894611/500000000000000000
-3040041840142038433/1000000000000000000
-740062955822071911/250000000000000000
-576092361286907371/200000000000000000
-1400335894790393033/500000000000000000
-2720881772727035277/1000000000000000000
-330136469484160561/125000000000000000
-2561301739019533699/1000000000000000000
-248151172216578291/100000000000000000
-2401721705312032121/1000000000000000000
-580482922114570333/250000000000000000
-2242141671604530543/1000000000000000000
-1081175827375389877/500000000000000000
-416512327579405793/200000000000000000
-62586613157602443/31250000000000000
-1922981604189527387/1000000000000000000
-921595793667888299/500000000000000000
-1763401570482025809/1000000000000000000
-84180577681413751/50000000000000000
-1603821536774524231/1000000000000000000
-762015759960386721/500000000000000000
-1444241503067022653/1000000000000000000
-170556435776658983/125000000000000000
-51386458774380843/40000000000000000
-602435726252885143/500000000000000000
-1125081435652019497/1000000000000000000
-261322854699567177/250000000000000000
-965501401944517919/1000000000000000000
-88571138509076713/100000000000000000
-805921368237016341/1000000000000000000
-45383209461454097/62500000000000000
-646341334529514763/1000000000000000000
-283275658837881987/500000000000000000
-97352260164402637/200000000000000000
-101742820992065599/250000000000000000
-327181267114511607/1000000000000000000
-123695625130380409/500000000000000000
-167601233407010029/1000000000000000000
-2195280413831481/25000000000000000

y-grades
9999951/4000000
9999951/2000000
29999853/4000000
9999951/1000000
9999951/800000
29999853/2000000
69999657/4000000
9999951/500000
89999559/4000000
9999951/400000
109999461/4000000
29999853/1000000
129999363/4000000
69999657/2000000
29999853/800000
9999951/250000
169999167/4000000
89999559/2000000
189999069/4000000
9999951/200000
209998971/4000000
109999461/2000000
229998873/4000000
29999853/500000
9999951/160000
129999363/2000000
269998677/4000000
69999657/1000000
289998579/4000000
29999853/400000
309998481/4000000
9999951/125000
329998383/4000000
169999167/2000000
69999657/800000
89999559/1000000
369998187/4000000
189999069/2000000
389998089/4000000
9999951/100000

Dimensions > 0:
(0, 0, 2)
(0, 1, 1)
(0, 2, 1)
(0, 3, 1)
(0, 4, 1)
(0, 5, 1)
(0, 6, 1)
(0, 7, 1)
(0, 8, 1)
(0, 9, 1)
(0, 10, 1)
(0, 11, 1)
(0, 12, 1)
(0, 13, 1)
(0, 14, 1)
(0, 15, 1)
(0, 16, 1)
(0, 17, 1)
(0, 18, 1)
(0, 19, 1)
(0, 20, 1)
(0, 21, 1)
(0, 22, 1)
(0, 23, 1)
(0, 24, 1)
(0, 25, 1)
(0, 26, 1)
(0, 27, 1)
(0, 28, 1)
(0, 29, 1)
(0, 30, 1)
(0, 31, 1)
(0, 32, 1)
(0, 33, 1)
(0, 34, 1)
(0, 35, 1)
(0, 36, 1)
(0, 37, 1)
(0, 38, 1)
(0, 39, 1)

(1, 0, 3)
(1, 1, 1)
(1, 2, 1)
(1, 3, 1)
(1, 4, 1)
(1, 5, 1)
(1, 6, 1)
(1, 7, 1)
(1, 8, 1)
(1, 9, 1)
(1, 10, 1)
(1, 11, 1)
(1, 12, 1)
(1, 13, 1)
(1, 14, 1)
(1, 15, 1)
(1, 16, 1)
(1, 17, 1)
(1, 18, 1)
(1, 19, 1)
(1, 20, 1)
(1, 21, 1)
(1, 22, 1)
(1, 23, 1)
(1, 24, 1)
(1, 25, 1)
(1, 26, 1)
(1, 27, 1)
(1, 28, 1)
(1, 29, 1)
(1, 30, 1)
(1, 31, 1)
(1, 32, 1)
(1, 33, 1)
(1, 34, 1)
(1, 35, 1)
(1, 36, 1)
(1, 37, 1)
(1, 38, 1)
(1, 39, 1)

(2, 0, 3)
(2, 1, 1)
(2, 2, 1)
(2, 3, 1)
(2, 4, 1)
(2, 5, 1)
(2, 6, 1)
(2, 7, 1)
(2, 8, 1)
(2, 9, 1)
(2, 10, 1)
(2, 11, 1)
(2, 12, 1)
(2, 13, 1)
(2, 14, 1)
(2, 15, 1)
(2, 16, 1)
(2, 17, 1)
(2, 18, 1)
(2, 19, 1)
(2, 20, 1)
(2, 21, 1)
(2, 22, 1)
(2, 23, 1)
(2, 24, 1)
(2, 25, 1)
(2, 26, 1)
(2, 27, 1)
(2, 28, 1)
(2, 29, 1)
(2, 30, 1)
(2, 31, 1)
(2, 32, 1)
(2, 33, 1)
(2, 34, 1)
(2, 35, 1)
(2, 36, 1)
(2, 37, 1)
(2, 38, 1)
(2, 39, 1)

(3, 0, 3)
(3, 1, 1)
(3, 2, 1)
(3, 3, 1)
(3, 4, 1)
(3, 5, 1)
(3, 6, 1)
(3, 7, 1)
(3, 8, 1)
(3, 9, 1)
(3, 10, 1)
(3, 11, 1)
(3, 12, 1)
(3, 13, 1)
(3, 14, 1)
(3, 15, 1)
(3, 16, 1)
(3, 17, 1)
(3, 18, 1)
(3, 19, 1)
(3, 20, 1)
(3, 21, 1)
(3, 22, 1)
(3, 23, 1)
(3, 24, 1)
(3, 25, 1)
(3, 26, 1)
(3, 27, 1)
(3, 28, 1)
(3, 29, 1)
(3, 30, 1)
(3, 31, 1)
(3, 32, 1)
(3, 33, 1)
(3, 34, 1)
(3, 35, 1)
(3, 36, 1)
(3, 37, 1)
(3, 38, 1)
(3, 39, 1)

(4, 0, 3)
(4, 1, 1)
(4, 2, 1)
(4, 3, 1)
(4, 4, 1)
(4, 5, 1)
(4, 6, 1)
(4, 7, 1)
(4, 8, 1)
(4, 9, 1)
(4, 10, 1)
(4, 11, 1)
(4, 12, 1)
(4, 13, 1)
(4, 14, 1)
(4, 15, 1)
(4, 16, 1)
(4, 17, 1)
(4, 18, 1)
(4, 19, 1)
(4, 20, 1)
(4, 21, 1)
(4, 22, 1)
(4, 23, 1)
(4, 24, 1)
(4, 25, 1)
(4, 26, 1)
(4, 27, 1)
(4, 28, 1)
(4, 29, 1)
(4, 30, 1)
(4, 31, 1)
(4, 32, 1)
(4, 33, 1)
(4, 34, 1)
(4, 35, 1)
(4, 36, 1)
(4, 37, 1)
(4, 38, 1)
(4, 39, 1)

(5, 0, 4)
(5, 1, 2)
(5, 2, 2)
(5, 3, 2)
(5, 4, 2)
(5, 5, 2)
(5, 6, 2)
(5, 7, 2)
(5, 8, 2)
(5, 9, 2)
(5, 10, 2)
(5, 11, 2)
(5, 12, 2)
(5, 13, 2)
(5, 14, 2)
(5, 15, 2)
(5, 16, 2)
(5, 17, 2)
(5, 18, 2)
(5, 19, 2)
(5, 20, 2)
(5, 21, 2)
(5, 22, 2)
(5, 23, 2)
(5, 24, 2)
(5, 25, 2)
(5, 26, 2)
(5, 27, 2)
(5, 28, 2)
(5, 29, 2)
(5, 30, 2)
(5, 31, 2)
(5, 32, 2)
(5, 33, 2)
(5, 34, 2)
(5, 35, 2)
(5, 36, 2)
(5, 37, 2)
(5, 38, 2)
(5, 39, 2)

(6, 0, 7)
(6, 1, 4)
(6, 2, 3)
(6, 3, 3)
(6, 4, 3)
(6, 5, 3)
(6, 6, 3)
(6, 7, 3)
(6, 8, 3)
(6, 9, 3)
(6, 10, 3)
(6, 11, 3)
(6, 12, 3)
(6, 13, 3)
(6, 14, 3)
(6, 15, 3)
(6, 16, 3)
(6, 17, 3)
(6, 18, 3)
(6, 19, 3)
(6, 20, 3)
(6, 21, 3)
(6, 22, 3)
(6, 23, 3)
(6, 24, 3)
(6, 25, 3)
(6, 26, 3)
(6, 27, 3)
(6, 28, 3)
(6, 29, 3)
(6, 30, 3)
(6, 31, 3)
(6, 32, 3)
(6, 33, 3)
(6, 34, 3)
(6, 35, 3)
(6, 36, 3)
(6, 37, 3)
(6, 38, 3)
(6, 39, 3)

(7, 0, 8)
(7, 1, 4)
(7, 2, 3)
(7, 3, 3)
(7, 4, 3)
(7, 5, 3)
(7, 6, 3)
(7, 7, 3)
(7, 8, 3)
(7, 9, 3)
(7, 10, 3)
(7, 11, 3)
(7, 12, 3)
(7, 13, 3)
(7, 14, 3)
(7, 15, 3)
(7, 16, 3)
(7, 17, 3)
(7, 18, 3)
(7, 19, 3)
(7, 20, 3)
(7, 21, 3)
(7, 22, 3)
(7, 23, 3)
(7, 24, 3)
(7, 25, 3)
(7, 26, 3)
(7, 27, 3)
(7, 28, 3)
(7, 29, 3)
(7, 30, 3)
(7, 31, 3)
(7, 32, 3)
(7, 33, 3)
(7, 34, 3)
(7, 35, 3)
(7, 36, 3)
(7, 37, 3)
(7, 38, 3)
(7, 39, 2)

(8, 0, 9)
(8, 1, 4)
(8, 2, 3)
(8, 3, 3)
(8, 4, 3)
(8, 5, 3)
(8, 6, 3)
(8, 7, 3)
(8, 8, 3)
(8, 9, 3)
(8, 10, 3)
(8, 11, 3)
(8, 12, 3)
(8, 13, 3)
(8, 14, 3)
(8, 15, 3)
(8, 16, 3)
(8, 17, 3)
(8, 18, 3)
(8, 19, 3)
(8, 20, 3)
(8, 21, 3)
(8, 22, 3)
(8, 23, 3)
(8, 24, 3)
(8, 25, 3)
(8, 26, 3)
(8, 27, 3)
(8, 28, 3)
(8, 29, 3)
(8, 30, 3)
(8, 31, 3)
(8, 32, 3)
(8, 33, 3)
(8, 34, 3)
(8, 35, 3)
(8, 36, 3)
(8, 37, 3)
(8, 38, 3)
(8, 39, 2)

(9, 0, 10)
(9, 1, 5)
(9, 2, 4)
(9, 3, 4)
(9, 4, 4)
(9, 5, 4)
(9, 6, 4)
(9, 7, 4)
(9, 8, 4)
(9, 9, 4)
(9, 10, 4)
(9, 11, 4)
(9, 12, 4)
(9, 13, 4)
(9, 14, 4)
(9, 15, 4)
(9, 16, 4)
(9, 17, 3)
(9, 18, 3)
(9, 19, 3)
(9, 20, 3)
(9, 21, 3)
(9, 22, 3)
(9, 23, 3)
(9, 24, 3)
(9, 25, 3)
(9, 26, 3)
(9, 27, 3)
(9, 28, 3)
(9, 29, 3)
(9, 30, 3)
(9, 31, 3)
(9, 32, 2)
(9, 33, 2)
(9, 34, 2)
(9, 35, 2)
(9, 36, 2)
(9, 37, 2)
(9, 38, 2)
(9, 39, 2)

(10, 0, 13)
(10, 1, 7)
(10, 2, 5)
(10, 3, 5)
(10, 4, 5)
(10, 5, 5)
(10, 6, 5)
(10, 7, 4)
(10, 8, 4)
(10, 9, 4)
(10, 10, 4)
(10, 11, 4)
(10, 12, 4)
(10, 13, 4)
(10, 14, 4)
(10, 15, 3)
(10, 16, 3)
(10, 17, 3)
(10, 18, 3)
(10, 19, 3)
(10, 20, 3)
(10, 21, 3)
(10, 22, 3)
(10, 23, 3)
(10, 24, 3)
(10, 25, 3)
(10, 26, 3)
(10, 27, 3)
(10, 28, 3)
(10, 29, 3)
(10, 30, 2)
(10, 31, 2)
(10, 32, 2)
(10, 33, 2)
(10, 34, 2)
(10, 35, 2)
(10, 36, 2)
(10, 37, 2)
(10, 38, 2)
(10, 39, 2)

(11, 0, 14)
(11, 1, 7)
(11, 2, 5)
(11, 3, 5)
(11, 4, 5)
(11, 5, 5)
(11, 6, 5)
(11, 7, 4)
(11, 8, 4)
(11, 9, 4)
(11, 10, 4)
(11, 11, 4)
(11, 12, 4)
(11, 13, 4)
(11, 14, 4)
(11, 15, 3)
(11, 16, 3)
(11, 17, 3)
(11, 18, 3)
(11, 19, 3)
(11, 20, 3)
(11, 21, 3)
(11, 22, 3)
(11, 23, 3)
(11, 24, 3)
(11, 25, 3)
(11, 26, 3)
(11, 27, 3)
(11, 28, 3)
(11, 29, 3)
(11, 30, 2)
(11, 31, 2)
(11, 32, 2)
(11, 33, 2)
(11, 34, 2)
(11, 35, 2)
(11, 36, 2)
(11, 37, 2)
(11, 38, 2)
(11, 39, 2)

(12, 0, 15)
(12, 1, 8)
(12, 2, 6)
(12, 3, 6)
(12, 4, 6)
(12, 5, 6)
(12, 6, 6)
(12, 7, 5)
(12, 8, 5)
(12, 9, 5)
(12, 10, 5)
(12, 11, 5)
(12, 12, 5)
(12, 13, 5)
(12, 14, 5)
(12, 15, 4)
(12, 16, 4)
(12, 17, 4)
(12, 18, 4)
(12, 19, 4)
(12, 20, 4)
(12, 21, 4)
(12, 22, 4)
(12, 23, 4)
(12, 24, 4)
(12, 25, 4)
(12, 26, 4)
(12, 27, 4)
(12, 28, 4)
(12, 29, 4)
(12, 30, 3)
(12, 31, 3)
(12, 32, 3)
(12, 33, 3)
(12, 34, 3)
(12, 35, 3)
(12, 36, 3)
(12, 37, 2)
(12, 38, 2)
(12, 39, 2)

(13, 0, 16)
(13, 1, 8)
(13, 2, 6)
(13, 3, 6)
(13, 4, 6)
(13, 5, 6)
(13, 6, 6)
(13, 7, 5)
(13, 8, 5)
(13, 9, 5)
(13, 10, 5)
(13, 11, 5)
(13, 12, 5)
(13, 13, 5)
(13, 14, 5)
(13, 15, 4)
(13, 16, 4)
(13, 17, 4)
(13, 18, 4)
(13, 19, 4)
(13, 20, 4)
(13, 21, 4)
(13, 22, 4)
(13, 23, 4)
(13, 24, 4)
(13, 25, 4)
(13, 26, 4)
(13, 27, 4)
(13, 28, 4)
(13, 29, 4)
(13, 30, 3)
(13, 31, 3)
(13, 32, 3)
(13, 33, 3)
(13, 34, 3)
(13, 35, 3)
(13, 36, 3)
(13, 37, 2)
(13, 38, 2)
(13, 39, 2)

(14, 0, 19)
(14, 1, 10)
(14, 2, 7)
(14, 3, 7)
(14, 4, 7)
(14, 5, 7)
(14, 6, 6)
(14, 7, 5)
(14, 8, 5)
(14, 9, 5)
(14, 10, 5)
(14, 11, 5)
(14, 12, 5)
(14, 13, 5)
(14, 14, 4)
(14, 15, 4)
(14, 16, 4)
(14, 17, 4)
(14, 18, 4)
(14, 19, 4)
(14, 20, 4)
(14, 21, 4)
(14, 22, 4)
(14, 23, 4)
(14, 24, 4)
(14, 25, 4)
(14, 26, 4)
(14, 27, 4)
(14, 28, 4)
(14, 29, 4)
(14, 30, 3)
(14, 31, 3)
(14, 32, 3)
(14, 33, 3)
(14, 34, 3)
(14, 35, 3)
(14, 36, 3)
(14, 37, 2)
(14, 38, 2)
(14, 39, 2)

(15, 0, 20)
(15, 1, 11)
(15, 2, 7)
(15, 3, 7)
(15, 4, 7)
(15, 5, 7)
(15, 6, 6)
(15, 7, 5)
(15, 8, 5)
(15, 9, 5)
(15, 10, 5)
(15, 11, 5)
(15, 12, 4)
(15, 13, 4)
(15, 14, 4)
(15, 15, 4)
(15, 16, 4)
(15, 17, 4)
(15, 18, 4)
(15, 19, 4)
(15, 20, 4)
(15, 21, 4)
(15, 22, 4)
(15, 23, 4)
(15, 24, 4)
(15, 25, 4)
(15, 26, 4)
(15, 27, 4)
(15, 28, 4)
(15, 29, 4)
(15, 30, 3)
(15, 31, 3)
(15, 32, 3)
(15, 33, 3)
(15, 34, 3)
(15, 35, 3)
(15, 36, 3)
(15, 37, 2)
(15, 38, 2)
(15, 39, 2)

(16, 0, 20)
(16, 1, 11)
(16, 2, 7)
(16, 3, 7)
(16, 4, 7)
(16, 5, 7)
(16, 6, 6)
(16, 7, 5)
(16, 8, 5)
(16, 9, 5)
(16, 10, 5)
(16, 11, 5)
(16, 12, 4)
(16, 13, 4)
(16, 14, 4)
(16, 15, 4)
(16, 16, 4)
(16, 17, 4)
(16, 18, 4)
(16, 19, 4)
(16, 20, 4)
(16, 21, 4)
(16, 22, 4)
(16, 23, 4)
(16, 24, 4)
(16, 25, 4)
(16, 26, 4)
(16, 27, 4)
(16, 28, 4)
(16, 29, 4)
(16, 30, 3)
(16, 31, 3)
(16, 32, 3)
(16, 33, 3)
(16, 34, 3)
(16, 35, 3)
(16, 36, 3)
(16, 37, 2)
(16, 38, 2)
(16, 39, 2)

(17, 0, 20)
(17, 1, 11)
(17, 2, 7)
(17, 3, 7)
(17, 4, 7)
(17, 5, 7)
(17, 6, 6)
(17, 7, 5)
(17, 8, 5)
(17, 9, 5)
(17, 10, 5)
(17, 11, 5)
(17, 12, 4)
(17, 13, 4)
(17, 14, 4)
(17, 15, 4)
(17, 16, 4)
(17, 17, 4)
(17, 18, 4)
(17, 19, 4)
(17, 20, 4)
(17, 21, 4)
(17, 22, 4)
(17, 23, 4)
(17, 24, 4)
(17, 25, 4)
(17, 26, 4)
(17, 27, 4)
(17, 28, 4)
(17, 29, 4)
(17, 30, 3)
(17, 31, 3)
(17, 32, 3)
(17, 33, 3)
(17, 34, 3)
(17, 35, 3)
(17, 36, 3)
(17, 37, 2)
(17, 38, 2)
(17, 39, 2)

(18, 0, 22)
(18, 1, 12)
(18, 2, 8)
(18, 3, 8)
(18, 4, 8)
(18, 5, 8)
(18, 6, 7)
(18, 7, 6)
(18, 8, 6)
(18, 9, 6)
(18, 10, 6)
(18, 11, 6)
(18, 12, 5)
(18, 13, 5)
(18, 14, 5)
(18, 15, 5)
(18, 16, 4)
(18, 17, 4)
(18, 18, 4)
(18, 19, 4)
(18, 20, 4)
(18, 21, 4)
(18, 22, 4)
(18, 23, 4)
(18, 24, 4)
(18, 25, 4)
(18, 26, 4)
(18, 27, 4)
(18, 28, 4)
(18, 29, 4)
(18, 30, 3)
(18, 31, 3)
(18, 32, 2)
(18, 33, 2)
(18, 34, 2)
(18, 35, 2)
(18, 36, 2)
(18, 37, 1)
(18, 38, 1)
(18, 39, 1)

(19, 0, 23)
(19, 1, 13)
(19, 2, 8)
(19, 3, 8)
(19, 4, 8)
(19, 5, 8)
(19, 6, 7)
(19, 7, 6)
(19, 8, 6)
(19, 9, 6)
(19, 10, 6)
(19, 11, 6)
(19, 12, 5)
(19, 13, 5)
(19, 14, 5)
(19, 15, 5)
(19, 16, 4)
(19, 17, 4)
(19, 18, 4)
(19, 19, 4)
(19, 20, 4)
(19, 21, 4)
(19, 22, 4)
(19, 23, 4)
(19, 24, 4)
(19, 25, 4)
(19, 26, 4)
(19, 27, 4)
(19, 28, 4)
(19, 29, 4)
(19, 30, 2)
(19, 31, 2)
(19, 32, 2)
(19, 33, 2)
(19, 34, 2)
(19, 35, 2)
(19, 36, 2)
(19, 37, 1)
(19, 38, 1)
(19, 39, 1)

(20, 0, 24)
(20, 1, 14)
(20, 2, 9)
(20, 3, 9)
(20, 4, 9)
(20, 5, 9)
(20, 6, 8)
(20, 7, 7)
(20, 8, 6)
(20, 9, 6)
(20, 10, 6)
(20, 11, 6)
(20, 12, 5)
(20, 13, 5)
(20, 14, 5)
(20, 15, 5)
(20, 16, 4)
(20, 17, 4)
(20, 18, 4)
(20, 19, 4)
(20, 20, 4)
(20, 21, 4)
(20, 22, 4)
(20, 23, 4)
(20, 24, 4)
(20, 25, 4)
(20, 26, 4)
(20, 27, 4)
(20, 28, 4)
(20, 29, 4)
(20, 30, 1)
(20, 31, 1)
(20, 32, 1)
(20, 33, 1)
(20, 34, 1)
(20, 35, 1)
(20, 36, 1)
(20, 37, 1)
(20, 38, 1)
(20, 39, 1)

(21, 0, 26)
(21, 1, 15)
(21, 2, 10)
(21, 3, 10)
(21, 4, 10)
(21, 5, 10)
(21, 6, 9)
(21, 7, 8)
(21, 8, 7)
(21, 9, 6)
(21, 10, 6)
(21, 11, 6)
(21, 12, 5)
(21, 13, 5)
(21, 14, 5)
(21, 15, 5)
(21, 16, 4)
(21, 17, 4)
(21, 18, 4)
(21, 19, 4)
(21, 20, 4)
(21, 21, 4)
(21, 22, 4)
(21, 23, 4)
(21, 24, 3)
(21, 25, 3)
(21, 26, 3)
(21, 27, 3)
(21, 28, 3)
(21, 29, 3)
(21, 30, 1)
(21, 31, 1)
(21, 32, 1)
(21, 33, 1)
(21, 34, 1)
(21, 35, 1)
(21, 36, 1)
(21, 37, 1)
(21, 38, 1)
(21, 39, 1)

(22, 0, 27)
(22, 1, 15)
(22, 2, 10)
(22, 3, 10)
(22, 4, 10)
(22, 5, 10)
(22, 6, 9)
(22, 7, 8)
(22, 8, 7)
(22, 9, 6)
(22, 10, 6)
(22, 11, 6)
(22, 12, 5)
(22, 13, 5)
(22, 14, 5)
(22, 15, 5)
(22, 16, 4)
(22, 17, 4)
(22, 18, 4)
(22, 19, 4)
(22, 20, 4)
(22, 21, 4)
(22, 22, 4)
(22, 23, 4)
(22, 24, 3)
(22, 25, 3)
(22, 26, 3)
(22, 27, 3)
(22, 28, 3)
(22, 29, 3)
(22, 30, 1)
(22, 31, 1)
(22, 32, 1)
(22, 33, 1)
(22, 34, 1)
(22, 35, 1)
(22, 36, 1)
(22, 37, 1)
(22, 38, 1)
(22, 39, 1)

(23, 0, 30)
(23, 1, 16)
(23, 2, 11)
(23, 3, 11)
(23, 4, 10)
(23, 5, 10)
(23, 6, 9)
(23, 7, 8)
(23, 8, 7)
(23, 9, 6)
(23, 10, 6)
(23, 11, 5)
(23, 12, 5)
(23, 13, 5)
(23, 14, 5)
(23, 15, 5)
(23, 16, 4)
(23, 17, 4)
(23, 18, 4)
(23, 19, 4)
(23, 20, 4)
(23, 21, 4)
(23, 22, 4)
(23, 23, 4)
(23, 24, 3)
(23, 25, 3)
(23, 26, 3)
(23, 27, 3)
(23, 28, 3)
(23, 29, 3)
(23, 30, 1)
(23, 31, 1)
(23, 32, 1)
(23, 33, 1)
(23, 34, 1)
(23, 35, 1)
(23, 36, 1)
(23, 37, 1)
(23, 38, 1)
(23, 39, 1)

(24, 0, 30)
(24, 1, 16)
(24, 2, 11)
(24, 3, 11)
(24, 4, 10)
(24, 5, 10)
(24, 6, 9)
(24, 7, 8)
(24, 8, 7)
(24, 9, 6)
(24, 10, 6)
(24, 11, 5)
(24, 12, 5)
(24, 13, 5)
(24, 14, 5)
(24, 15, 5)
(24, 16, 4)
(24, 17, 4)
(24, 18, 4)
(24, 19, 4)
(24, 20, 4)
(24, 21, 4)
(24, 22, 4)
(24, 23, 4)
(24, 24, 3)
(24, 25, 3)
(24, 26, 3)
(24, 27, 3)
(24, 28, 3)
(24, 29, 3)
(24, 30, 1)
(24, 31, 1)
(24, 32, 1)
(24, 33, 1)
(24, 34, 1)
(24, 35, 1)
(24, 36, 1)
(24, 37, 1)
(24, 38, 1)
(24, 39, 1)

(25, 0, 31)
(25, 1, 17)
(25, 2, 12)
(25, 3, 12)
(25, 4, 10)
(25, 5, 10)
(25, 6, 9)
(25, 7, 8)
(25, 8, 7)
(25, 9, 6)
(25, 10, 5)
(25, 11, 5)
(25, 12, 5)
(25, 13, 5)
(25, 14, 5)
(25, 15, 5)
(25, 16, 4)
(25, 17, 4)
(25, 18, 4)
(25, 19, 4)
(25, 20, 4)
(25, 21, 4)
(25, 22, 4)
(25, 23, 4)
(25, 24, 3)
(25, 25, 3)
(25, 26, 3)
(25, 27, 3)
(25, 28, 3)
(25, 29, 3)
(25, 30, 1)
(25, 31, 1)
(25, 32, 1)
(25, 33, 1)
(25, 34, 1)
(25, 35, 1)
(25, 36, 1)
(25, 37, 1)
(25, 38, 1)
(25, 39, 1)

(26, 0, 35)
(26, 1, 18)
(26, 2, 13)
(26, 3, 13)
(26, 4, 11)
(26, 5, 11)
(26, 6, 10)
(26, 7, 8)
(26, 8, 7)
(26, 9, 6)
(26, 10, 5)
(26, 11, 5)
(26, 12, 5)
(26, 13, 5)
(26, 14, 5)
(26, 15, 5)
(26, 16, 4)
(26, 17, 4)
(26, 18, 4)
(26, 19, 4)
(26, 20, 4)
(26, 21, 4)
(26, 22, 4)
(26, 23, 4)
(26, 24, 3)
(26, 25, 3)
(26, 26, 3)
(26, 27, 3)
(26, 28, 3)
(26, 29, 2)
(26, 30, 1)
(26, 31, 1)
(26, 32, 1)
(26, 33, 1)
(26, 34, 1)
(26, 35, 1)
(26, 36, 1)
(26, 37, 1)
(26, 38, 1)
(26, 39, 1)

(27, 0, 42)
(27, 1, 20)
(27, 2, 15)
(27, 3, 15)
(27, 4, 12)
(27, 5, 12)
(27, 6, 10)
(27, 7, 9)
(27, 8, 8)
(27, 9, 6)
(27, 10, 5)
(27, 11, 5)
(27, 12, 4)
(27, 13, 4)
(27, 14, 4)
(27, 15, 4)
(27, 16, 3)
(27, 17, 3)
(27, 18, 3)
(27, 19, 3)
(27, 20, 3)
(27, 21, 3)
(27, 22, 3)
(27, 23, 3)
(27, 24, 3)
(27, 25, 3)
(27, 26, 3)
(27, 27, 3)
(27, 28, 3)
(27, 29, 2)
(27, 30, 1)
(27, 31, 1)
(27, 32, 1)
(27, 33, 1)
(27, 34, 1)
(27, 35, 1)
(27, 36, 1)
(27, 37, 1)
(27, 38, 1)
(27, 39, 1)

(28, 0, 45)
(28, 1, 22)
(28, 2, 15)
(28, 3, 15)
(28, 4, 12)
(28, 5, 12)
(28, 6, 10)
(28, 7, 9)
(28, 8, 8)
(28, 9, 6)
(28, 10, 4)
(28, 11, 4)
(28, 12, 4)
(28, 13, 4)
(28, 14, 4)
(28, 15, 4)
(28, 16, 3)
(28, 17, 3)
(28, 18, 3)
(28, 19, 3)
(28, 20, 3)
(28, 21, 3)
(28, 22, 3)
(28, 23, 3)
(28, 24, 3)
(28, 25, 3)
(28, 26, 3)
(28, 27, 3)
(28, 28, 3)
(28, 29, 2)
(28, 30, 1)
(28, 31, 1)
(28, 32, 1)
(28, 33, 1)
(28, 34, 1)
(28, 35, 1)
(28, 36, 1)
(28, 37, 1)
(28, 38, 1)
(28, 39, 1)

(29, 0, 50)
(29, 1, 24)
(29, 2, 16)
(29, 3, 16)
(29, 4, 13)
(29, 5, 12)
(29, 6, 9)
(29, 7, 8)
(29, 8, 7)
(29, 9, 5)
(29, 10, 4)
(29, 11, 4)
(29, 12, 4)
(29, 13, 4)
(29, 14, 4)
(29, 15, 4)
(29, 16, 3)
(29, 17, 3)
(29, 18, 3)
(29, 19, 3)
(29, 20, 3)
(29, 21, 3)
(29, 22, 3)
(29, 23, 3)
(29, 24, 3)
(29, 25, 3)
(29, 26, 3)
(29, 27, 3)
(29, 28, 3)
(29, 29, 2)
(29, 30, 1)
(29, 31, 1)
(29, 32, 1)
(29, 33, 1)
(29, 34, 1)
(29, 35, 1)
(29, 36, 1)
(29, 37, 1)
(29, 38, 1)
(29, 39, 1)

(30, 0, 52)
(30, 1, 24)
(30, 2, 16)
(30, 3, 16)
(30, 4, 13)
(30, 5, 12)
(30, 6, 9)
(30, 7, 8)
(30, 8, 7)
(30, 9, 5)
(30, 10, 4)
(30, 11, 4)
(30, 12, 4)
(30, 13, 4)
(30, 14, 4)
(30, 15, 4)
(30, 16, 3)
(30, 17, 3)
(30, 18, 3)
(30, 19, 3)
(30, 20, 3)
(30, 21, 3)
(30, 22, 3)
(30, 23, 3)
(30, 24, 3)
(30, 25, 3)
(30, 26, 3)
(30, 27, 3)
(30, 28, 3)
(30, 29, 2)
(30, 30, 1)
(30, 31, 1)
(30, 32, 1)
(30, 33, 1)
(30, 34, 1)
(30, 35, 1)
(30, 36, 1)
(30, 37, 1)
(30, 38, 1)
(30, 39, 1)

(31, 0, 53)
(31, 1, 25)
(31, 2, 17)
(31, 3, 17)
(31, 4, 14)
(31, 5, 12)
(31, 6, 9)
(31, 7, 8)
(31, 8, 7)
(31, 9, 5)
(31, 10, 4)
(31, 11, 4)
(31, 12, 4)
(31, 13, 4)
(31, 14, 4)
(31, 15, 3)
(31, 16, 3)
(31, 17, 3)
(31, 18, 3)
(31, 19, 3)
(31, 20, 3)
(31, 21, 3)
(31, 22, 3)
(31, 23, 3)
(31, 24, 3)
(31, 25, 3)
(31, 26, 3)
(31, 27, 3)
(31, 28, 3)
(31, 29, 2)
(31, 30, 1)
(31, 31, 1)
(31, 32, 1)
(31, 33, 1)
(31, 34, 1)
(31, 35, 1)
(31, 36, 1)
(31, 37, 1)
(31, 38, 1)
(31, 39, 1)

(32, 0, 58)
(32, 1, 27)
(32, 2, 19)
(32, 3, 19)
(32, 4, 15)
(32, 5, 13)
(32, 6, 9)
(32, 7, 8)
(32, 8, 7)
(32, 9, 5)
(32, 10, 4)
(32, 11, 4)
(32, 12, 4)
(32, 13, 4)
(32, 14, 4)
(32, 15, 3)
(32, 16, 3)
(32, 17, 3)
(32, 18, 3)
(32, 19, 3)
(32, 20, 3)
(32, 21, 3)
(32, 22, 3)
(32, 23, 3)
(32, 24, 3)
(32, 25, 3)
(32, 26, 3)
(32, 27, 3)
(32, 28, 3)
(32, 29, 2)
(32, 30, 1)
(32, 31, 1)
(32, 32, 1)
(32, 33, 1)
(32, 34, 1)
(32, 35, 1)
(32, 36, 1)
(32, 37, 1)
(32, 38, 1)
(32, 39, 1)

(33, 0, 59)
(33, 1, 28)
(33, 2, 19)
(33, 3, 19)
(33, 4, 14)
(33, 5, 13)
(33, 6, 9)
(33, 7, 8)
(33, 8, 7)
(33, 9, 5)
(33, 10, 4)
(33, 11, 4)
(33, 12, 4)
(33, 13, 4)
(33, 14, 4)
(33, 15, 3)
(33, 16, 3)
(33, 17, 3)
(33, 18, 3)
(33, 19, 3)
(33, 20, 3)
(33, 21, 3)
(33, 22, 3)
(33, 23, 3)
(33, 24, 3)
(33, 25, 3)
(33, 26, 3)
(33, 27, 3)
(33, 28, 3)
(33, 29, 2)
(33, 30, 1)
(33, 31, 1)
(33, 32, 1)
(33, 33, 1)
(33, 34, 1)
(33, 35, 1)
(33, 36, 1)
(33, 37, 1)
(33, 38, 1)
(33, 39, 1)

(34, 0, 65)
(34, 1, 30)
(34, 2, 19)
(34, 3, 19)
(34, 4, 13)
(34, 5, 12)
(34, 6, 9)
(34, 7, 8)
(34, 8, 7)
(34, 9, 5)
(34, 10, 4)
(34, 11, 4)
(34, 12, 4)
(34, 13, 4)
(34, 14, 4)
(34, 15, 3)
(34, 16, 3)
(34, 17, 3)
(34, 18, 3)
(34, 19, 3)
(34, 20, 3)
(34, 21, 3)
(34, 22, 3)
(34, 23, 3)
(34, 24, 3)
(34, 25, 3)
(34, 26, 3)
(34, 27, 3)
(34, 28, 3)
(34, 29, 2)
(34, 30, 1)
(34, 31, 1)
(34, 32, 1)
(34, 33, 1)
(34, 34, 1)
(34, 35, 1)
(34, 36, 1)
(34, 37, 1)
(34, 38, 1)
(34, 39, 1)

(35, 0, 67)
(35, 1, 30)
(35, 2, 20)
(35, 3, 20)
(35, 4, 14)
(35, 5, 13)
(35, 6, 10)
(35, 7, 9)
(35, 8, 7)
(35, 9, 5)
(35, 10, 4)
(35, 11, 4)
(35, 12, 4)
(35, 13, 4)
(35, 14, 4)
(35, 15, 3)
(35, 16, 3)
(35, 17, 3)
(35, 18, 3)
(35, 19, 3)
(35, 20, 3)
(35, 21, 3)
(35, 22, 3)
(35, 23, 3)
(35, 24, 3)
(35, 25, 3)
(35, 26, 3)
(35, 27, 3)
(35, 28, 3)
(35, 29, 1)
(35, 30, 1)
(35, 31, 1)
(35, 32, 1)
(35, 33, 1)
(35, 34, 1)
(35, 35, 1)
(35, 36, 1)
(35, 37, 1)
(35, 38, 1)
(35, 39, 1)

(36, 0, 68)
(36, 1, 30)
(36, 2, 20)
(36, 3, 20)
(36, 4, 14)
(36, 5, 13)
(36, 6, 10)
(36, 7, 8)
(36, 8, 7)
(36, 9, 5)
(36, 10, 4)
(36, 11, 4)
(36, 12, 4)
(36, 13, 4)
(36, 14, 4)
(36, 15, 3)
(36, 16, 3)
(36, 17, 3)
(36, 18, 3)
(36, 19, 3)
(36, 20, 3)
(36, 21, 3)
(36, 22, 3)
(36, 23, 3)
(36, 24, 3)
(36, 25, 3)
(36, 26, 3)
(36, 27, 3)
(36, 28, 3)
(36, 29, 1)
(36, 30, 1)
(36, 31, 1)
(36, 32, 1)
(36, 33, 1)
(36, 34, 1)
(36, 35, 1)
(36, 36, 1)
(36, 37, 1)
(36, 38, 1)
(36, 39, 1)

(37, 0, 70)
(37, 1, 31)
(37, 2, 20)
(37, 3, 20)
(37, 4, 13)
(37, 5, 12)
(37, 6, 9)
(37, 7, 8)
(37, 8, 7)
(37, 9, 5)
(37, 10, 4)
(37, 11, 4)
(37, 12, 4)
(37, 13, 4)
(37, 14, 4)
(37, 15, 3)
(37, 16, 3)
(37, 17, 3)
(37, 18, 3)
(37, 19, 3)
(37, 20, 3)
(37, 21, 3)
(37, 22, 3)
(37, 23, 3)
(37, 24, 3)
(37, 25, 3)
(37, 26, 3)
(37, 27, 3)
(37, 28, 3)
(37, 29, 1)
(37, 30, 1)
(37, 31, 1)
(37, 32, 1)
(37, 33, 1)
(37, 34, 1)
(37, 35, 1)
(37, 36, 1)
(37, 37, 1)
(37, 38, 1)
(37, 39, 1)

(38, 0, 70)
(38, 1, 31)
(38, 2, 19)
(38, 3, 19)
(38, 4, 12)
(38, 5, 11)
(38, 6, 9)
(38, 7, 8)
(38, 8, 7)
(38, 9, 5)
(38, 10, 4)
(38, 11, 4)
(38, 12, 4)
(38, 13, 4)
(38, 14, 4)
(38, 15, 3)
(38, 16, 3)
(38, 17, 3)
(38, 18, 3)
(38, 19, 3)
(38, 20, 3)
(38, 21, 3)
(38, 22, 3)
(38, 23, 3)
(38, 24, 3)
(38, 25, 3)
(38, 26, 3)
(38, 27, 3)
(38, 28, 3)
(38, 29, 1)
(38, 30, 1)
(38, 31, 1)
(38, 32, 1)
(38, 33, 1)
(38, 34, 1)
(38, 35, 1)
(38, 36, 1)
(38, 37, 1)
(38, 38, 1)
(38, 39, 1)

(39, 0, 69)
(39, 1, 30)
(39, 2, 19)
(39, 3, 19)
(39, 4, 12)
(39, 5, 11)
(39, 6, 9)
(39, 7, 8)
(39, 8, 7)
(39, 9, 5)
(39, 10, 4)
(39, 11, 4)
(39, 12, 4)
(39, 13, 4)
(39, 14, 4)
(39, 15, 3)
(39, 16, 3)
(39, 17, 3)
(39, 18, 3)
(39, 19, 3)
(39, 20, 3)
(39, 21, 3)
(39, 22, 3)
(39, 23, 3)
(39, 24, 3)
(39, 25, 3)
(39, 26, 3)
(39, 27, 3)
(39, 28, 3)
(39, 29, 1)
(39, 30, 1)
(39, 31, 1)
(39, 32, 1)
(39, 33, 1)
(39, 34, 1)
(39, 35, 1)
(39, 36, 1)
(39, 37, 1)
(39, 38, 1)
(39, 39, 1)


Betti numbers:
xi_0:
(0, 0, 2)
(1, 0, 1)
(5, 0, 1)
(6, 0, 3)
(7, 0, 1)
(8, 0, 1)
(9, 0, 1)
(10, 0, 3)
(11, 0, 1)
(12, 0, 1)
(13, 0, 1)
(14, 0, 3)
(15, 0, 1)
(18, 0, 2)
(19, 0, 1)
(20, 0, 1)
(21, 0, 2)
(22, 0, 1)
(23, 0, 3)
(25, 0, 1)
(26, 0, 4)
(27, 0, 7)
(28, 0, 3)
(29, 0, 5)
(30, 0, 2)
(31, 0, 1)
(32, 0, 5)
(33, 0, 1)
(34, 0, 6)
(35, 0, 2)
(36, 0, 2)
(37, 0, 2)
xi_1:
(0, 1, 1)
(1, 1, 1)
(6, 1, 1)
(6, 2, 1)
(7, 1, 1)
(7, 39, 1)
(8, 1, 1)
(9, 17, 1)
(9, 32, 1)
(10, 1, 1)
(10, 2, 1)
(10, 7, 1)
(10, 15, 1)
(10, 30, 1)
(11, 1, 1)
(12, 37, 1)
(13, 1, 1)
(14, 1, 1)
(14, 2, 1)
(14, 6, 1)
(14, 14, 1)
(15, 2, 1)
(15, 12, 1)
(18, 1, 1)
(18, 16, 1)
(18, 32, 1)
(19, 2, 1)
(19, 30, 1)
(20, 8, 1)
(20, 30, 1)
(21, 1, 1)
(21, 9, 1)
(21, 24, 1)
(22, 1, 1)
(23, 1, 2)
(23, 4, 1)
(23, 11, 1)
(25, 4, 1)
(25, 10, 1)
(26, 1, 3)
(26, 7, 1)
(26, 29, 1)
(27, 1, 5)
(27, 4, 1)
(27, 6, 1)
(27, 9, 1)
(27, 12, 1)
(28, 1, 1)
(28, 2, 2)
(28, 10, 1)
(29, 1, 3)
(29, 2, 1)
(29, 5, 1)
(29, 6, 1)
(30, 1, 2)
(31, 5, 1)
(31, 15, 1)
(32, 1, 3)
(32, 4, 1)
(32, 6, 1)
(33, 2, 1)
(33, 4, 1)
(34, 1, 4)
(34, 2, 2)
(34, 4, 1)
(35, 1, 2)
(35, 8, 1)
(35, 29, 1)
(36, 0, 1)
(36, 1, 2)
(36, 7, 1)
(37, 1, 1)
(37, 2, 1)
(37, 4, 1)
(38, 2, 1)
(39, 0, 1)
xi_2:
(9, 39, 1)
(10, 17, 1)
(10, 32, 1)
(14, 15, 1)
(15, 14, 1)
(19, 32, 1)
(20, 37, 1)
(21, 30, 1)
(23, 12, 1)
(25, 11, 1)
(26, 30, 1)
(27, 7, 1)
(27, 24, 1)
(28, 12, 1)
(29, 10, 1)
(31, 16, 1)
(33, 5, 1)
(34, 6, 1)
(35, 2, 1)
(35, 30, 1)
(36, 1, 1)
(36, 8, 1)
(37, 7, 1)
(38, 6, 1)
(39, 2, 1)
