x-grades
-454522647189057291/10000000000000000
-222793954201376411/5000000000000000
-436653169616448353/10000000000000000
-106929607707535971/2500000000000000
-83756738408767883/2000000000000000
-204924476628767473/5000000000000000
-400914214471230477/10000000000000000
-48997434460615751/1250000000000000
-383044736898621539/10000000000000000
-37410999811231707/1000000000000000
-365175259326012601/10000000000000000
-89060130134927033/2500000000000000
-347305781753403663/10000000000000000
-169185521483549597/5000000000000000
-13177452167231789/400000000000000
-20031347837155641/625000000000000
-311566826608185787/10000000000000000
-151316043910940659/5000000000000000
-293697349035576849/10000000000000000
-14238130512463619/500000000000000
-275827871462967911/10000000000000000
-133446566338331721/5000000000000000
-257958393890358973/10000000000000000
-31127956888006813/1250000000000000
-48017783263550007/2000000000000000
-115577088765722783/5000000000000000
-222219438745141097/10000000000000000
-53321174989709157/2500000000000000
-204349961172532159/10000000000000000
-19541522238622769/1000000000000000
-186480483599923221/10000000000000000
-2774152262712793/156250000000000
-168611006027314283/10000000000000000
-79838133620504907/5000000000000000
-30148305690941069/2000000000000000
-35451697417100219/2500000000000000
-132872050882096407/10000000000000000
-61968656047895969/5000000000000000
-115002573309487469/10000000000000000
-106067834523183/10000000000000

y-grades
2499909/1000000
2499909/500000
7499727/1000000
2499909/250000
2499909/200000
7499727/500000
17499363/1000000
2499909/125000
22499181/1000000
2499909/100000
27498999/1000000
7499727/250000
32498817/1000000
17499363/500000
7499727/200000
2499909/62500
42498453/1000000
22499181/500000
47498271/1000000
2499909/50000
52498089/1000000
27498999/500000
57497907/1000000
7499727/125000
2499909/40000
32498817/500000
67497543/1000000
17499363/250000
72497361/1000000
7499727/100000
77497179/1000000
2499909/31250
82496997/1000000
42498453/500000
17499363/200000
22499181/250000
92496633/1000000
47498271/500000
97496451/1000000
2499909/25000

Dimensions > 0:
(0, 0, 9)
(0, 1, 9)
(0, 2, 9)
(0, 3, 8)
(0, 4, 8)
(0, 5, 8)
(0, 6, 8)
(0, 7, 8)
(0, 8, 8)
(0, 9, 7)
(0, 10, 6)
(0, 11, 6)
(0, 12, 6)
(0, 13, 5)
(0, 14, 4)
(0, 15, 4)
(0, 16, 4)
(0, 17, 4)
(0, 18, 3)
(0, 19, 3)
(0, 20, 3)
(0, 21, 3)
(0, 22, 3)
(0, 23, 3)
(0, 24, 3)
(0, 25, 3)
(0, 26, 3)
(0, 27, 3)
(0, 28, 3)
(0, 29, 3)
(0, 30, 3)
(0, 31, 3)
(0, 32, 3)
(0, 33, 3)
(0, 34, 3)
(0, 35, 3)
(0, 36, 3)
(0, 37, 3)
(0, 38, 3)
(0, 39, 3)

(1, 0, 17)
(1, 1, 17)
(1, 2, 17)
(1, 3, 16)
(1, 4, 16)
(1, 5, 16)
(1, 6, 16)
(1, 7, 16)
(1, 8, 15)
(1, 9, 13)
(1, 10, 11)
(1, 11, 10)
(1, 12, 10)
(1, 13, 9)
(1, 14, 7)
(1, 15, 7)
(1, 16, 7)
(1, 17, 7)
(1, 18, 6)
(1, 19, 6)
(1, 20, 6)
(1, 21, 6)
(1, 22, 5)
(1, 23, 5)
(1, 24, 4)
(1, 25, 4)
(1, 26, 4)
(1, 27, 4)
(1, 28, 4)
(1, 29, 4)
(1, 30, 4)
(1, 31, 4)
(1, 32, 4)
(1, 33, 4)
(1, 34, 4)
(1, 35, 4)
(1, 36, 4)
(1, 37, 4)
(1, 38, 4)
(1, 39, 4)

(2, 0, 26)
(2, 1, 26)
(2, 2, 26)
(2, 3, 25)
(2, 4, 25)
(2, 5, 25)
(2, 6, 25)
(2, 7, 24)
(2, 8, 23)
(2, 9, 21)
(2, 10, 18)
(2, 11, 17)
(2, 12, 17)
(2, 13, 16)
(2, 14, 14)
(2, 15, 14)
(2, 16, 14)
(2, 17, 14)
(2, 18, 13)
(2, 19, 13)
(2, 20, 13)
(2, 21, 13)
(2, 22, 11)
(2, 23, 11)
(2, 24, 10)
(2, 25, 9)
(2, 26, 8)
(2, 27, 8)
(2, 28, 6)
(2, 29, 6)
(2, 30, 5)
(2, 31, 5)
(2, 32, 4)
(2, 33, 4)
(2, 34, 4)
(2, 35, 3)
(2, 36, 3)
(2, 37, 3)
(2, 38, 3)
(2, 39, 3)

(3, 0, 43)
(3, 1, 42)
(3, 2, 42)
(3, 3, 41)
(3, 4, 40)
(3, 5, 40)
(3, 6, 40)
(3, 7, 39)
(3, 8, 37)
(3, 9, 35)
(3, 10, 31)
(3, 11, 29)
(3, 12, 29)
(3, 13, 28)
(3, 14, 26)
(3, 15, 25)
(3, 16, 23)
(3, 17, 23)
(3, 18, 22)
(3, 19, 20)
(3, 20, 20)
(3, 21, 20)
(3, 22, 17)
(3, 23, 17)
(3, 24, 16)
(3, 25, 14)
(3, 26, 13)
(3, 27, 12)
(3, 28, 10)
(3, 29, 10)
(3, 30, 9)
(3, 31, 9)
(3, 32, 7)
(3, 33, 7)
(3, 34, 7)
(3, 35, 6)
(3, 36, 6)
(3, 37, 6)
(3, 38, 6)
(3, 39, 6)

(4, 0, 87)
(4, 1, 85)
(4, 2, 83)
(4, 3, 80)
(4, 4, 76)
(4, 5, 74)
(4, 6, 73)
(4, 7, 71)
(4, 8, 66)
(4, 9, 62)
(4, 10, 53)
(4, 11, 51)
(4, 12, 51)
(4, 13, 49)
(4, 14, 45)
(4, 15, 44)
(4, 16, 40)
(4, 17, 38)
(4, 18, 36)
(4, 19, 33)
(4, 20, 33)
(4, 21, 33)
(4, 22, 30)
(4, 23, 30)
(4, 24, 29)
(4, 25, 27)
(4, 26, 25)
(4, 27, 24)
(4, 28, 20)
(4, 29, 20)
(4, 30, 19)
(4, 31, 19)
(4, 32, 17)
(4, 33, 14)
(4, 34, 14)
(4, 35, 13)
(4, 36, 12)
(4, 37, 12)
(4, 38, 12)
(4, 39, 12)

(5, 0, 126)
(5, 1, 124)
(5, 2, 122)
(5, 3, 117)
(5, 4, 110)
(5, 5, 105)
(5, 6, 104)
(5, 7, 99)
(5, 8, 88)
(5, 9, 80)
(5, 10, 71)
(5, 11, 67)
(5, 12, 67)
(5, 13, 64)
(5, 14, 59)
(5, 15, 58)
(5, 16, 52)
(5, 17, 49)
(5, 18, 48)
(5, 19, 44)
(5, 20, 44)
(5, 21, 43)
(5, 22, 40)
(5, 23, 40)
(5, 24, 38)
(5, 25, 35)
(5, 26, 33)
(5, 27, 32)
(5, 28, 26)
(5, 29, 26)
(5, 30, 25)
(5, 31, 25)
(5, 32, 23)
(5, 33, 19)
(5, 34, 18)
(5, 35, 17)
(5, 36, 16)
(5, 37, 16)
(5, 38, 16)
(5, 39, 15)

(6, 0, 176)
(6, 1, 174)
(6, 2, 172)
(6, 3, 167)
(6, 4, 159)
(6, 5, 153)
(6, 6, 150)
(6, 7, 144)
(6, 8, 130)
(6, 9, 118)
(6, 10, 105)
(6, 11, 96)
(6, 12, 93)
(6, 13, 88)
(6, 14, 79)
(6, 15, 76)
(6, 16, 69)
(6, 17, 65)
(6, 18, 62)
(6, 19, 57)
(6, 20, 56)
(6, 21, 54)
(6, 22, 50)
(6, 23, 47)
(6, 24, 45)
(6, 25, 40)
(6, 26, 36)
(6, 27, 35)
(6, 28, 29)
(6, 29, 29)
(6, 30, 28)
(6, 31, 27)
(6, 32, 23)
(6, 33, 18)
(6, 34, 15)
(6, 35, 14)
(6, 36, 12)
(6, 37, 11)
(6, 38, 11)
(6, 39, 10)

(7, 0, 217)
(7, 1, 215)
(7, 2, 213)
(7, 3, 208)
(7, 4, 200)
(7, 5, 194)
(7, 6, 189)
(7, 7, 183)
(7, 8, 165)
(7, 9, 151)
(7, 10, 132)
(7, 11, 122)
(7, 12, 117)
(7, 13, 108)
(7, 14, 97)
(7, 15, 94)
(7, 16, 85)
(7, 17, 79)
(7, 18, 75)
(7, 19, 68)
(7, 20, 65)
(7, 21, 62)
(7, 22, 54)
(7, 23, 50)
(7, 24, 47)
(7, 25, 41)
(7, 26, 37)
(7, 27, 35)
(7, 28, 27)
(7, 29, 25)
(7, 30, 24)
(7, 31, 22)
(7, 32, 19)
(7, 33, 15)
(7, 34, 12)
(7, 35, 11)
(7, 36, 9)
(7, 37, 9)
(7, 38, 9)
(7, 39, 8)

(8, 0, 277)
(8, 1, 274)
(8, 2, 268)
(8, 3, 256)
(8, 4, 246)
(8, 5, 235)
(8, 6, 229)
(8, 7, 220)
(8, 8, 197)
(8, 9, 181)
(8, 10, 157)
(8, 11, 143)
(8, 12, 137)
(8, 13, 127)
(8, 14, 115)
(8, 15, 109)
(8, 16, 97)
(8, 17, 87)
(8, 18, 81)
(8, 19, 74)
(8, 20, 72)
(8, 21, 69)
(8, 22, 63)
(8, 23, 56)
(8, 24, 53)
(8, 25, 47)
(8, 26, 42)
(8, 27, 38)
(8, 28, 32)
(8, 29, 28)
(8, 30, 27)
(8, 31, 24)
(8, 32, 21)
(8, 33, 17)
(8, 34, 13)
(8, 35, 12)
(8, 36, 10)
(8, 37, 10)
(8, 38, 10)
(8, 39, 9)

(9, 0, 330)
(9, 1, 325)
(9, 2, 319)
(9, 3, 304)
(9, 4, 293)
(9, 5, 280)
(9, 6, 271)
(9, 7, 258)
(9, 8, 232)
(9, 9, 211)
(9, 10, 185)
(9, 11, 168)
(9, 12, 160)
(9, 13, 149)
(9, 14, 136)
(9, 15, 130)
(9, 16, 117)
(9, 17, 106)
(9, 18, 94)
(9, 19, 84)
(9, 20, 79)
(9, 21, 73)
(9, 22, 65)
(9, 23, 56)
(9, 24, 50)
(9, 25, 43)
(9, 26, 38)
(9, 27, 35)
(9, 28, 29)
(9, 29, 27)
(9, 30, 25)
(9, 31, 22)
(9, 32, 19)
(9, 33, 15)
(9, 34, 11)
(9, 35, 10)
(9, 36, 8)
(9, 37, 8)
(9, 38, 8)
(9, 39, 7)

(10, 0, 396)
(10, 1, 391)
(10, 2, 384)
(10, 3, 366)
(10, 4, 349)
(10, 5, 332)
(10, 6, 320)
(10, 7, 306)
(10, 8, 277)
(10, 9, 250)
(10, 10, 219)
(10, 11, 200)
(10, 12, 186)
(10, 13, 172)
(10, 14, 156)
(10, 15, 149)
(10, 16, 133)
(10, 17, 121)
(10, 18, 108)
(10, 19, 98)
(10, 20, 92)
(10, 21, 85)
(10, 22, 77)
(10, 23, 67)
(10, 24, 60)
(10, 25, 52)
(10, 26, 43)
(10, 27, 40)
(10, 28, 31)
(10, 29, 31)
(10, 30, 30)
(10, 31, 27)
(10, 32, 24)
(10, 33, 19)
(10, 34, 15)
(10, 35, 14)
(10, 36, 12)
(10, 37, 10)
(10, 38, 10)
(10, 39, 8)

(11, 0, 476)
(11, 1, 467)
(11, 2, 456)
(11, 3, 433)
(11, 4, 411)
(11, 5, 381)
(11, 6, 365)
(11, 7, 347)
(11, 8, 316)
(11, 9, 285)
(11, 10, 254)
(11, 11, 233)
(11, 12, 215)
(11, 13, 199)
(11, 14, 183)
(11, 15, 175)
(11, 16, 154)
(11, 17, 139)
(11, 18, 125)
(11, 19, 114)
(11, 20, 104)
(11, 21, 96)
(11, 22, 84)
(11, 23, 74)
(11, 24, 65)
(11, 25, 55)
(11, 26, 44)
(11, 27, 41)
(11, 28, 31)
(11, 29, 30)
(11, 30, 29)
(11, 31, 26)
(11, 32, 23)
(11, 33, 18)
(11, 34, 14)
(11, 35, 13)
(11, 36, 11)
(11, 37, 11)
(11, 38, 11)
(11, 39, 9)

(12, 0, 513)
(12, 1, 504)
(12, 2, 493)
(12, 3, 469)
(12, 4, 447)
(12, 5, 416)
(12, 6, 399)
(12, 7, 380)
(12, 8, 346)
(12, 9, 313)
(12, 10, 279)
(12, 11, 255)
(12, 12, 230)
(12, 13, 213)
(12, 14, 196)
(12, 15, 187)
(12, 16, 167)
(12, 17, 152)
(12, 18, 136)
(12, 19, 125)
(12, 20, 112)
(12, 21, 104)
(12, 22, 90)
(12, 23, 79)
(12, 24, 70)
(12, 25, 60)
(12, 26, 49)
(12, 27, 43)
(12, 28, 34)
(12, 29, 33)
(12, 30, 31)
(12, 31, 27)
(12, 32, 24)
(12, 33, 19)
(12, 34, 15)
(12, 35, 14)
(12, 36, 11)
(12, 37, 11)
(12, 38, 11)
(12, 39, 9)

(13, 0, 548)
(13, 1, 537)
(13, 2, 526)
(13, 3, 499)
(13, 4, 476)
(13, 5, 444)
(13, 6, 425)
(13, 7, 406)
(13, 8, 370)
(13, 9, 337)
(13, 10, 303)
(13, 11, 279)
(13, 12, 253)
(13, 13, 234)
(13, 14, 215)
(13, 15, 205)
(13, 16, 183)
(13, 17, 166)
(13, 18, 146)
(13, 19, 133)
(13, 20, 121)
(13, 21, 110)
(13, 22, 95)
(13, 23, 84)
(13, 24, 73)
(13, 25, 63)
(13, 26, 53)
(13, 27, 48)
(13, 28, 38)
(13, 29, 37)
(13, 30, 34)
(13, 31, 30)
(13, 32, 26)
(13, 33, 21)
(13, 34, 16)
(13, 35, 15)
(13, 36, 12)
(13, 37, 12)
(13, 38, 12)
(13, 39, 10)

(14, 0, 601)
(14, 1, 590)
(14, 2, 579)
(14, 3, 548)
(14, 4, 523)
(14, 5, 490)
(14, 6, 468)
(14, 7, 447)
(14, 8, 408)
(14, 9, 371)
(14, 10, 336)
(14, 11, 310)
(14, 12, 283)
(14, 13, 263)
(14, 14, 242)
(14, 15, 228)
(14, 16, 204)
(14, 17, 186)
(14, 18, 165)
(14, 19, 148)
(14, 20, 135)
(14, 21, 123)
(14, 22, 108)
(14, 23, 95)
(14, 24, 86)
(14, 25, 75)
(14, 26, 63)
(14, 27, 57)
(14, 28, 46)
(14, 29, 45)
(14, 30, 41)
(14, 31, 36)
(14, 32, 32)
(14, 33, 25)
(14, 34, 21)
(14, 35, 20)
(14, 36, 17)
(14, 37, 16)
(14, 38, 16)
(14, 39, 14)

(15, 0, 657)
(15, 1, 646)
(15, 2, 635)
(15, 3, 599)
(15, 4, 572)
(15, 5, 539)
(15, 6, 513)
(15, 7, 492)
(15, 8, 447)
(15, 9, 408)
(15, 10, 368)
(15, 11, 340)
(15, 12, 311)
(15, 13, 289)
(15, 14, 265)
(15, 15, 249)
(15, 16, 221)
(15, 17, 200)
(15, 18, 179)
(15, 19, 162)
(15, 20, 147)
(15, 21, 133)
(15, 22, 117)
(15, 23, 103)
(15, 24, 94)
(15, 25, 82)
(15, 26, 70)
(15, 27, 64)
(15, 28, 51)
(15, 29, 49)
(15, 30, 46)
(15, 31, 40)
(15, 32, 35)
(15, 33, 29)
(15, 34, 25)
(15, 35, 24)
(15, 36, 21)
(15, 37, 20)
(15, 38, 20)
(15, 39, 17)

(16, 0, 730)
(16, 1, 718)
(16, 2, 706)
(16, 3, 669)
(16, 4, 635)
(16, 5, 596)
(16, 6, 565)
(16, 7, 540)
(16, 8, 488)
(16, 9, 444)
(16, 10, 401)
(16, 11, 368)
(16, 12, 339)
(16, 13, 316)
(16, 14, 286)
(16, 15, 264)
(16, 16, 232)
(16, 17, 210)
(16, 18, 186)
(16, 19, 167)
(16, 20, 149)
(16, 21, 137)
(16, 22, 119)
(16, 23, 106)
(16, 24, 97)
(16, 25, 84)
(16, 26, 72)
(16, 27, 67)
(16, 28, 55)
(16, 29, 54)
(16, 30, 50)
(16, 31, 43)
(16, 32, 38)
(16, 33, 33)
(16, 34, 27)
(16, 35, 26)
(16, 36, 22)
(16, 37, 21)
(16, 38, 21)
(16, 39, 18)

(17, 0, 795)
(17, 1, 783)
(17, 2, 769)
(17, 3, 731)
(17, 4, 696)
(17, 5, 656)
(17, 6, 620)
(17, 7, 593)
(17, 8, 536)
(17, 9, 489)
(17, 10, 444)
(17, 11, 408)
(17, 12, 377)
(17, 13, 349)
(17, 14, 317)
(17, 15, 291)
(17, 16, 252)
(17, 17, 229)
(17, 18, 201)
(17, 19, 180)
(17, 20, 159)
(17, 21, 146)
(17, 22, 128)
(17, 23, 114)
(17, 24, 103)
(17, 25, 88)
(17, 26, 75)
(17, 27, 69)
(17, 28, 57)
(17, 29, 56)
(17, 30, 51)
(17, 31, 45)
(17, 32, 40)
(17, 33, 34)
(17, 34, 28)
(17, 35, 27)
(17, 36, 23)
(17, 37, 22)
(17, 38, 22)
(17, 39, 19)

(18, 0, 846)
(18, 1, 834)
(18, 2, 819)
(18, 3, 780)
(18, 4, 745)
(18, 5, 704)
(18, 6, 666)
(18, 7, 637)
(18, 8, 577)
(18, 9, 529)
(18, 10, 482)
(18, 11, 442)
(18, 12, 403)
(18, 13, 373)
(18, 14, 340)
(18, 15, 311)
(18, 16, 267)
(18, 17, 242)
(18, 18, 212)
(18, 19, 190)
(18, 20, 168)
(18, 21, 156)
(18, 22, 138)
(18, 23, 123)
(18, 24, 111)
(18, 25, 96)
(18, 26, 82)
(18, 27, 76)
(18, 28, 61)
(18, 29, 59)
(18, 30, 53)
(18, 31, 47)
(18, 32, 41)
(18, 33, 35)
(18, 34, 30)
(18, 35, 29)
(18, 36, 24)
(18, 37, 23)
(18, 38, 23)
(18, 39, 20)

(19, 0, 940)
(19, 1, 927)
(19, 2, 911)
(19, 3, 869)
(19, 4, 831)
(19, 5, 788)
(19, 6, 748)
(19, 7, 719)
(19, 8, 657)
(19, 9, 605)
(19, 10, 555)
(19, 11, 507)
(19, 12, 462)
(19, 13, 430)
(19, 14, 391)
(19, 15, 358)
(19, 16, 304)
(19, 17, 276)
(19, 18, 239)
(19, 19, 218)
(19, 20, 191)
(19, 21, 176)
(19, 22, 156)
(19, 23, 140)
(19, 24, 127)
(19, 25, 107)
(19, 26, 90)
(19, 27, 83)
(19, 28, 66)
(19, 29, 64)
(19, 30, 60)
(19, 31, 54)
(19, 32, 46)
(19, 33, 38)
(19, 34, 33)
(19, 35, 32)
(19, 36, 28)
(19, 37, 27)
(19, 38, 27)
(19, 39, 23)

(20, 0, 1049)
(20, 1, 1034)
(20, 2, 1017)
(20, 3, 968)
(20, 4, 922)
(20, 5, 874)
(20, 6, 828)
(20, 7, 794)
(20, 8, 729)
(20, 9, 673)
(20, 10, 621)
(20, 11, 570)
(20, 12, 522)
(20, 13, 483)
(20, 14, 436)
(20, 15, 395)
(20, 16, 334)
(20, 17, 302)
(20, 18, 262)
(20, 19, 237)
(20, 20, 204)
(20, 21, 183)
(20, 22, 159)
(20, 23, 142)
(20, 24, 128)
(20, 25, 106)
(20, 26, 90)
(20, 27, 83)
(20, 28, 68)
(20, 29, 65)
(20, 30, 61)
(20, 31, 55)
(20, 32, 47)
(20, 33, 39)
(20, 34, 34)
(20, 35, 33)
(20, 36, 27)
(20, 37, 26)
(20, 38, 26)
(20, 39, 22)

(21, 0, 1144)
(21, 1, 1128)
(21, 2, 1108)
(21, 3, 1057)
(21, 4, 1011)
(21, 5, 951)
(21, 6, 901)
(21, 7, 861)
(21, 8, 783)
(21, 9, 721)
(21, 10, 666)
(21, 11, 610)
(21, 12, 560)
(21, 13, 517)
(21, 14, 463)
(21, 15, 418)
(21, 16, 355)
(21, 17, 319)
(21, 18, 276)
(21, 19, 251)
(21, 20, 216)
(21, 21, 196)
(21, 22, 172)
(21, 23, 154)
(21, 24, 139)
(21, 25, 117)
(21, 26, 101)
(21, 27, 94)
(21, 28, 78)
(21, 29, 73)
(21, 30, 68)
(21, 31, 61)
(21, 32, 51)
(21, 33, 43)
(21, 34, 38)
(21, 35, 37)
(21, 36, 31)
(21, 37, 30)
(21, 38, 29)
(21, 39, 25)

(22, 0, 1235)
(22, 1, 1219)
(22, 2, 1199)
(22, 3, 1140)
(22, 4, 1087)
(22, 5, 1022)
(22, 6, 964)
(22, 7, 919)
(22, 8, 832)
(22, 9, 766)
(22, 10, 707)
(22, 11, 643)
(22, 12, 589)
(22, 13, 542)
(22, 14, 487)
(22, 15, 441)
(22, 16, 374)
(22, 17, 339)
(22, 18, 295)
(22, 19, 266)
(22, 20, 229)
(22, 21, 210)
(22, 22, 183)
(22, 23, 165)
(22, 24, 150)
(22, 25, 127)
(22, 26, 110)
(22, 27, 103)
(22, 28, 86)
(22, 29, 80)
(22, 30, 74)
(22, 31, 67)
(22, 32, 57)
(22, 33, 49)
(22, 34, 44)
(22, 35, 43)
(22, 36, 37)
(22, 37, 35)
(22, 38, 34)
(22, 39, 30)

(23, 0, 1351)
(23, 1, 1334)
(23, 2, 1311)
(23, 3, 1246)
(23, 4, 1188)
(23, 5, 1114)
(23, 6, 1046)
(23, 7, 995)
(23, 8, 904)
(23, 9, 829)
(23, 10, 764)
(23, 11, 695)
(23, 12, 637)
(23, 13, 589)
(23, 14, 526)
(23, 15, 479)
(23, 16, 406)
(23, 17, 372)
(23, 18, 326)
(23, 19, 294)
(23, 20, 255)
(23, 21, 235)
(23, 22, 205)
(23, 23, 188)
(23, 24, 171)
(23, 25, 144)
(23, 26, 127)
(23, 27, 120)
(23, 28, 102)
(23, 29, 94)
(23, 30, 87)
(23, 31, 80)
(23, 32, 67)
(23, 33, 59)
(23, 34, 53)
(23, 35, 51)
(23, 36, 45)
(23, 37, 41)
(23, 38, 40)
(23, 39, 36)

(24, 0, 1446)
(24, 1, 1429)
(24, 2, 1404)
(24, 3, 1336)
(24, 4, 1273)
(24, 5, 1193)
(24, 6, 1123)
(24, 7, 1065)
(24, 8, 966)
(24, 9, 884)
(24, 10, 815)
(24, 11, 738)
(24, 12, 676)
(24, 13, 623)
(24, 14, 557)
(24, 15, 509)
(24, 16, 433)
(24, 17, 396)
(24, 18, 345)
(24, 19, 308)
(24, 20, 267)
(24, 21, 246)
(24, 22, 217)
(24, 23, 197)
(24, 24, 181)
(24, 25, 154)
(24, 26, 137)
(24, 27, 130)
(24, 28, 112)
(24, 29, 104)
(24, 30, 96)
(24, 31, 89)
(24, 32, 76)
(24, 33, 68)
(24, 34, 60)
(24, 35, 58)
(24, 36, 51)
(24, 37, 48)
(24, 38, 47)
(24, 39, 41)

(25, 0, 1565)
(25, 1, 1547)
(25, 2, 1520)
(25, 3, 1449)
(25, 4, 1383)
(25, 5, 1299)
(25, 6, 1224)
(25, 7, 1157)
(25, 8, 1049)
(25, 9, 961)
(25, 10, 883)
(25, 11, 801)
(25, 12, 733)
(25, 13, 674)
(25, 14, 602)
(25, 15, 550)
(25, 16, 467)
(25, 17, 423)
(25, 18, 368)
(25, 19, 330)
(25, 20, 288)
(25, 21, 268)
(25, 22, 236)
(25, 23, 213)
(25, 24, 192)
(25, 25, 163)
(25, 26, 144)
(25, 27, 137)
(25, 28, 117)
(25, 29, 109)
(25, 30, 101)
(25, 31, 93)
(25, 32, 81)
(25, 33, 71)
(25, 34, 63)
(25, 35, 61)
(25, 36, 53)
(25, 37, 51)
(25, 38, 49)
(25, 39, 43)

(26, 0, 1683)
(26, 1, 1658)
(26, 2, 1628)
(26, 3, 1550)
(26, 4, 1478)
(26, 5, 1388)
(26, 6, 1308)
(26, 7, 1233)
(26, 8, 1115)
(26, 9, 1017)
(26, 10, 932)
(26, 11, 847)
(26, 12, 772)
(26, 13, 706)
(26, 14, 627)
(26, 15, 571)
(26, 16, 481)
(26, 17, 437)
(26, 18, 380)
(26, 19, 340)
(26, 20, 296)
(26, 21, 275)
(26, 22, 243)
(26, 23, 219)
(26, 24, 198)
(26, 25, 170)
(26, 26, 149)
(26, 27, 141)
(26, 28, 120)
(26, 29, 111)
(26, 30, 102)
(26, 31, 92)
(26, 32, 79)
(26, 33, 71)
(26, 34, 63)
(26, 35, 61)
(26, 36, 53)
(26, 37, 51)
(26, 38, 50)
(26, 39, 44)

(27, 0, 1840)
(27, 1, 1807)
(27, 2, 1768)
(27, 3, 1679)
(27, 4, 1592)
(27, 5, 1485)
(27, 6, 1393)
(27, 7, 1306)
(27, 8, 1180)
(27, 9, 1077)
(27, 10, 987)
(27, 11, 897)
(27, 12, 809)
(27, 13, 743)
(27, 14, 657)
(27, 15, 593)
(27, 16, 498)
(27, 17, 452)
(27, 18, 392)
(27, 19, 349)
(27, 20, 307)
(27, 21, 285)
(27, 22, 253)
(27, 23, 229)
(27, 24, 207)
(27, 25, 178)
(27, 26, 157)
(27, 27, 148)
(27, 28, 125)
(27, 29, 117)
(27, 30, 107)
(27, 31, 97)
(27, 32, 83)
(27, 33, 74)
(27, 34, 68)
(27, 35, 66)
(27, 36, 58)
(27, 37, 55)
(27, 38, 54)
(27, 39, 48)

(28, 0, 1994)
(28, 1, 1952)
(28, 2, 1903)
(28, 3, 1801)
(28, 4, 1699)
(28, 5, 1580)
(28, 6, 1485)
(28, 7, 1387)
(28, 8, 1248)
(28, 9, 1139)
(28, 10, 1040)
(28, 11, 944)
(28, 12, 856)
(28, 13, 788)
(28, 14, 697)
(28, 15, 625)
(28, 16, 530)
(28, 17, 481)
(28, 18, 420)
(28, 19, 374)
(28, 20, 328)
(28, 21, 304)
(28, 22, 270)
(28, 23, 243)
(28, 24, 218)
(28, 25, 187)
(28, 26, 163)
(28, 27, 154)
(28, 28, 127)
(28, 29, 119)
(28, 30, 109)
(28, 31, 99)
(28, 32, 86)
(28, 33, 78)
(28, 34, 71)
(28, 35, 69)
(28, 36, 60)
(28, 37, 58)
(28, 38, 57)
(28, 39, 51)

(29, 0, 2077)
(29, 1, 2032)
(29, 2, 1981)
(29, 3, 1874)
(29, 4, 1764)
(29, 5, 1643)
(29, 6, 1543)
(29, 7, 1442)
(29, 8, 1300)
(29, 9, 1188)
(29, 10, 1085)
(29, 11, 987)
(29, 12, 895)
(29, 13, 820)
(29, 14, 727)
(29, 15, 651)
(29, 16, 552)
(29, 17, 502)
(29, 18, 438)
(29, 19, 391)
(29, 20, 346)
(29, 21, 320)
(29, 22, 285)
(29, 23, 258)
(29, 24, 234)
(29, 25, 202)
(29, 26, 175)
(29, 27, 164)
(29, 28, 135)
(29, 29, 125)
(29, 30, 115)
(29, 31, 105)
(29, 32, 89)
(29, 33, 81)
(29, 34, 74)
(29, 35, 72)
(29, 36, 63)
(29, 37, 61)
(29, 38, 60)
(29, 39, 54)

(30, 0, 2137)
(30, 1, 2092)
(30, 2, 2041)
(30, 3, 1933)
(30, 4, 1821)
(30, 5, 1698)
(30, 6, 1596)
(30, 7, 1495)
(30, 8, 1350)
(30, 9, 1235)
(30, 10, 1126)
(30, 11, 1024)
(30, 12, 930)
(30, 13, 853)
(30, 14, 755)
(30, 15, 673)
(30, 16, 571)
(30, 17, 521)
(30, 18, 456)
(30, 19, 406)
(30, 20, 359)
(30, 21, 333)
(30, 22, 296)
(30, 23, 267)
(30, 24, 242)
(30, 25, 210)
(30, 26, 182)
(30, 27, 171)
(30, 28, 141)
(30, 29, 130)
(30, 30, 118)
(30, 31, 107)
(30, 32, 91)
(30, 33, 83)
(30, 34, 76)
(30, 35, 74)
(30, 36, 65)
(30, 37, 63)
(30, 38, 60)
(30, 39, 55)

(31, 0, 2200)
(31, 1, 2154)
(31, 2, 2102)
(31, 3, 1991)
(31, 4, 1879)
(31, 5, 1756)
(31, 6, 1654)
(31, 7, 1551)
(31, 8, 1399)
(31, 9, 1280)
(31, 10, 1168)
(31, 11, 1066)
(31, 12, 967)
(31, 13, 889)
(31, 14, 788)
(31, 15, 700)
(31, 16, 595)
(31, 17, 544)
(31, 18, 474)
(31, 19, 420)
(31, 20, 370)
(31, 21, 343)
(31, 22, 304)
(31, 23, 276)
(31, 24, 249)
(31, 25, 215)
(31, 26, 186)
(31, 27, 175)
(31, 28, 145)
(31, 29, 134)
(31, 30, 124)
(31, 31, 112)
(31, 32, 94)
(31, 33, 87)
(31, 34, 80)
(31, 35, 78)
(31, 36, 69)
(31, 37, 67)
(31, 38, 64)
(31, 39, 59)

(32, 0, 2296)
(32, 1, 2247)
(32, 2, 2189)
(32, 3, 2073)
(32, 4, 1956)
(32, 5, 1823)
(32, 6, 1716)
(32, 7, 1606)
(32, 8, 1449)
(32, 9, 1321)
(32, 10, 1204)
(32, 11, 1099)
(32, 12, 996)
(32, 13, 916)
(32, 14, 812)
(32, 15, 722)
(32, 16, 615)
(32, 17, 563)
(32, 18, 490)
(32, 19, 431)
(32, 20, 378)
(32, 21, 351)
(32, 22, 305)
(32, 23, 278)
(32, 24, 251)
(32, 25, 217)
(32, 26, 188)
(32, 27, 177)
(32, 28, 147)
(32, 29, 136)
(32, 30, 125)
(32, 31, 112)
(32, 32, 94)
(32, 33, 87)
(32, 34, 80)
(32, 35, 78)
(32, 36, 68)
(32, 37, 66)
(32, 38, 63)
(32, 39, 58)

(33, 0, 2363)
(33, 1, 2312)
(33, 2, 2253)
(33, 3, 2136)
(33, 4, 2015)
(33, 5, 1878)
(33, 6, 1768)
(33, 7, 1655)
(33, 8, 1492)
(33, 9, 1361)
(33, 10, 1237)
(33, 11, 1126)
(33, 12, 1020)
(33, 13, 939)
(33, 14, 833)
(33, 15, 739)
(33, 16, 627)
(33, 17, 574)
(33, 18, 499)
(33, 19, 442)
(33, 20, 388)
(33, 21, 358)
(33, 22, 315)
(33, 23, 288)
(33, 24, 261)
(33, 25, 227)
(33, 26, 196)
(33, 27, 183)
(33, 28, 153)
(33, 29, 141)
(33, 30, 129)
(33, 31, 116)
(33, 32, 97)
(33, 33, 90)
(33, 34, 83)
(33, 35, 81)
(33, 36, 71)
(33, 37, 69)
(33, 38, 66)
(33, 39, 61)

(34, 0, 2409)
(34, 1, 2356)
(34, 2, 2295)
(34, 3, 2176)
(34, 4, 2054)
(34, 5, 1913)
(34, 6, 1800)
(34, 7, 1684)
(34, 8, 1522)
(34, 9, 1391)
(34, 10, 1265)
(34, 11, 1154)
(34, 12, 1047)
(34, 13, 966)
(34, 14, 858)
(34, 15, 759)
(34, 16, 648)
(34, 17, 594)
(34, 18, 516)
(34, 19, 456)
(34, 20, 396)
(34, 21, 363)
(34, 22, 320)
(34, 23, 293)
(34, 24, 266)
(34, 25, 232)
(34, 26, 202)
(34, 27, 188)
(34, 28, 155)
(34, 29, 144)
(34, 30, 132)
(34, 31, 119)
(34, 32, 100)
(34, 33, 93)
(34, 34, 86)
(34, 35, 84)
(34, 36, 74)
(34, 37, 72)
(34, 38, 68)
(34, 39, 63)

(35, 0, 2453)
(35, 1, 2399)
(35, 2, 2338)
(35, 3, 2219)
(35, 4, 2095)
(35, 5, 1952)
(35, 6, 1835)
(35, 7, 1716)
(35, 8, 1554)
(35, 9, 1421)
(35, 10, 1294)
(35, 11, 1182)
(35, 12, 1073)
(35, 13, 992)
(35, 14, 884)
(35, 15, 785)
(35, 16, 673)
(35, 17, 615)
(35, 18, 537)
(35, 19, 477)
(35, 20, 413)
(35, 21, 379)
(35, 22, 335)
(35, 23, 307)
(35, 24, 279)
(35, 25, 244)
(35, 26, 214)
(35, 27, 199)
(35, 28, 166)
(35, 29, 154)
(35, 30, 141)
(35, 31, 128)
(35, 32, 106)
(35, 33, 98)
(35, 34, 91)
(35, 35, 87)
(35, 36, 77)
(35, 37, 75)
(35, 38, 71)
(35, 39, 66)

(36, 0, 2511)
(36, 1, 2454)
(36, 2, 2390)
(36, 3, 2269)
(36, 4, 2144)
(36, 5, 1998)
(36, 6, 1879)
(36, 7, 1759)
(36, 8, 1597)
(36, 9, 1463)
(36, 10, 1334)
(36, 11, 1219)
(36, 12, 1110)
(36, 13, 1028)
(36, 14, 917)
(36, 15, 816)
(36, 16, 703)
(36, 17, 643)
(36, 18, 562)
(36, 19, 498)
(36, 20, 425)
(36, 21, 388)
(36, 22, 342)
(36, 23, 314)
(36, 24, 285)
(36, 25, 247)
(36, 26, 215)
(36, 27, 199)
(36, 28, 166)
(36, 29, 153)
(36, 30, 141)
(36, 31, 128)
(36, 32, 107)
(36, 33, 98)
(36, 34, 91)
(36, 35, 87)
(36, 36, 78)
(36, 37, 76)
(36, 38, 72)
(36, 39, 67)

(37, 0, 2585)
(37, 1, 2523)
(37, 2, 2452)
(37, 3, 2324)
(37, 4, 2192)
(37, 5, 2042)
(37, 6, 1920)
(37, 7, 1798)
(37, 8, 1633)
(37, 9, 1495)
(37, 10, 1360)
(37, 11, 1242)
(37, 12, 1130)
(37, 13, 1046)
(37, 14, 932)
(37, 15, 830)
(37, 16, 716)
(37, 17, 653)
(37, 18, 569)
(37, 19, 505)
(37, 20, 431)
(37, 21, 394)
(37, 22, 347)
(37, 23, 319)
(37, 24, 291)
(37, 25, 253)
(37, 26, 221)
(37, 27, 206)
(37, 28, 173)
(37, 29, 159)
(37, 30, 145)
(37, 31, 132)
(37, 32, 109)
(37, 33, 99)
(37, 34, 91)
(37, 35, 87)
(37, 36, 78)
(37, 37, 76)
(37, 38, 72)
(37, 39, 67)

(38, 0, 2618)
(38, 1, 2554)
(38, 2, 2481)
(38, 3, 2352)
(38, 4, 2219)
(38, 5, 2067)
(38, 6, 1943)
(38, 7, 1820)
(38, 8, 1651)
(38, 9, 1510)
(38, 10, 1373)
(38, 11, 1255)
(38, 12, 1143)
(38, 13, 1059)
(38, 14, 944)
(38, 15, 840)
(38, 16, 724)
(38, 17, 659)
(38, 18, 573)
(38, 19, 509)
(38, 20, 435)
(38, 21, 396)
(38, 22, 350)
(38, 23, 322)
(38, 24, 294)
(38, 25, 255)
(38, 26, 222)
(38, 27, 206)
(38, 28, 173)
(38, 29, 159)
(38, 30, 146)
(38, 31, 133)
(38, 32, 110)
(38, 33, 99)
(38, 34, 91)
(38, 35, 87)
(38, 36, 78)
(38, 37, 76)
(38, 38, 72)
(38, 39, 67)

(39, 0, 2656)
(39, 1, 2583)
(39, 2, 2507)
(39, 3, 2372)
(39, 4, 2238)
(39, 5, 2078)
(39, 6, 1954)
(39, 7, 1829)
(39, 8, 1660)
(39, 9, 1516)
(39, 10, 1379)
(39, 11, 1259)
(39, 12, 1146)
(39, 13, 1062)
(39, 14, 947)
(39, 15, 843)
(39, 16, 728)
(39, 17, 663)
(39, 18, 576)
(39, 19, 512)
(39, 20, 438)
(39, 21, 399)
(39, 22, 352)
(39, 23, 324)
(39, 24, 295)
(39, 25, 256)
(39, 26, 223)
(39, 27, 205)
(39, 28, 172)
(39, 29, 157)
(39, 30, 145)
(39, 31, 132)
(39, 32, 109)
(39, 33, 99)
(39, 34, 91)
(39, 35, 87)
(39, 36, 78)
(39, 37, 76)
(39, 38, 72)
(39, 39, 67)


Betti numbers:
xi_0:
(0, 0, 9)
(1, 0, 8)
(2, 0, 9)
(3, 0, 17)
(4, 0, 44)
(5, 0, 39)
(6, 0, 50)
(7, 0, 41)
(8, 0, 60)
(9, 0, 53)
(10, 0, 66)
(11, 0, 80)
(12, 0, 37)
(13, 0, 35)
(14, 0, 53)
(15, 0, 56)
(16, 0, 73)
(17, 0, 65)
(18, 0, 51)
(19, 0, 94)
(20, 0, 109)
(21, 0, 95)
(22, 0, 91)
(23, 0, 116)
(24, 0, 95)
(25, 0, 119)
(26, 0, 118)
(27, 0, 157)
(28, 0, 154)
(29, 0, 83)
(30, 0, 60)
(31, 0, 63)
(32, 0, 96)
(33, 0, 67)
(34, 0, 46)
(35, 0, 44)
(36, 0, 58)
(37, 0, 74)
(38, 0, 33)
(39, 0, 38)
xi_1:
(0, 3, 1)
(0, 9, 1)
(0, 10, 1)
(0, 13, 1)
(0, 14, 1)
(0, 18, 1)
(1, 8, 1)
(1, 9, 1)
(1, 10, 1)
(1, 11, 1)
(1, 14, 1)
(1, 22, 1)
(1, 24, 1)
(2, 7, 1)
(2, 10, 1)
(2, 22, 1)
(2, 25, 1)
(2, 26, 1)
(2, 28, 2)
(2, 30, 1)
(2, 32, 1)
(2, 35, 1)
(3, 1, 1)
(3, 4, 1)
(3, 8, 1)
(3, 10, 1)
(3, 11, 1)
(3, 15, 1)
(3, 16, 2)
(3, 19, 2)
(3, 22, 1)
(3, 25, 1)
(3, 27, 1)
(3, 28, 1)
(3, 32, 1)
(4, 1, 1)
(4, 2, 2)
(4, 3, 2)
(4, 4, 3)
(4, 5, 2)
(4, 6, 1)
(4, 7, 1)
(4, 8, 3)
(4, 9, 2)
(4, 10, 5)
(4, 13, 1)
(4, 14, 2)
(4, 16, 2)
(4, 17, 2)
(4, 18, 1)
(4, 19, 1)
(4, 26, 1)
(4, 28, 2)
(4, 33, 3)
(4, 36, 1)
(5, 3, 2)
(5, 4, 3)
(5, 5, 3)
(5, 7, 3)
(5, 8, 6)
(5, 9, 4)
(5, 11, 2)
(5, 13, 1)
(5, 14, 1)
(5, 16, 2)
(5, 17, 1)
(5, 19, 1)
(5, 21, 1)
(5, 24, 1)
(5, 25, 1)
(5, 28, 2)
(5, 33, 1)
(5, 34, 1)
(5, 39, 1)
(6, 4, 1)
(6, 5, 1)
(6, 6, 2)
(6, 7, 1)
(6, 8, 3)
(6, 9, 4)
(6, 10, 4)
(6, 11, 5)
(6, 12, 3)
(6, 13, 2)
(6, 14, 4)
(6, 15, 2)
(6, 16, 2)
(6, 17, 1)
(6, 18, 2)
(6, 19, 1)
(6, 20, 1)
(6, 21, 1)
(6, 22, 1)
(6, 23, 3)
(6, 25, 3)
(6, 26, 2)
(6, 28, 1)
(6, 31, 1)
(6, 32, 2)
(6, 33, 1)
(6, 34, 2)
(6, 36, 1)
(6, 37, 1)
(7, 6, 2)
(7, 8, 4)
(7, 9, 2)
(7, 10, 6)
(7, 11, 1)
(7, 12, 3)
(7, 13, 4)
(7, 14, 2)
(7, 16, 2)
(7, 17, 2)
(7, 18, 2)
(7, 19, 2)
(7, 20, 2)
(7, 21, 1)
(7, 22, 4)
(7, 23, 1)
(7, 24, 1)
(7, 25, 2)
(7, 26, 2)
(7, 27, 1)
(7, 28, 3)
(7, 29, 2)
(7, 31, 1)
(7, 34, 1)
(7, 36, 1)
(8, 1, 1)
(8, 2, 4)
(8, 3, 7)
(8, 4, 2)
(8, 5, 5)
(8, 6, 1)
(8, 7, 3)
(8, 8, 5)
(8, 9, 2)
(8, 10, 5)
(8, 11, 4)
(8, 12, 2)
(8, 13, 2)
(8, 14, 1)
(8, 15, 3)
(8, 16, 3)
(8, 17, 4)
(8, 18, 2)
(8, 19, 1)
(8, 23, 3)
(8, 26, 1)
(8, 27, 2)
(8, 29, 2)
(8, 31, 1)
(8, 34, 1)
(9, 1, 2)
(9, 3, 3)
(9, 4, 1)
(9, 5, 2)
(9, 6, 3)
(9, 7, 4)
(9, 8, 3)
(9, 9, 5)
(9, 10, 2)
(9, 11, 3)
(9, 12, 2)
(9, 13, 1)
(9, 14, 1)
(9, 16, 1)
(9, 17, 2)
(9, 18, 6)
(9, 19, 3)
(9, 20, 3)
(9, 21, 3)
(9, 22, 2)
(9, 23, 2)
(9, 24, 3)
(9, 25, 1)
(9, 26, 1)
(9, 28, 1)
(9, 30, 1)
(9, 31, 1)
(10, 2, 1)
(10, 3, 3)
(10, 4, 6)
(10, 5, 4)
(10, 6, 3)
(10, 7, 1)
(10, 8, 3)
(10, 9, 6)
(10, 10, 5)
(10, 11, 3)
(10, 12, 7)
(10, 13, 3)
(10, 14, 3)
(10, 15, 1)
(10, 16, 3)
(10, 17, 2)
(10, 18, 2)
(10, 19, 1)
(10, 20, 1)
(10, 21, 1)
(10, 23, 1)
(10, 24, 2)
(10, 25, 1)
(10, 26, 4)
(10, 28, 4)
(10, 33, 1)
(10, 37, 2)
(10, 39, 1)
(11, 1, 4)
(11, 2, 4)
(11, 3, 5)
(11, 4, 5)
(11, 5, 13)
(11, 6, 4)
(11, 7, 4)
(11, 8, 2)
(11, 9, 4)
(11, 10, 2)
(11, 11, 2)
(11, 12, 5)
(11, 13, 2)
(11, 14, 1)
(11, 15, 1)
(11, 16, 5)
(11, 17, 3)
(11, 18, 1)
(11, 19, 1)
(11, 20, 4)
(11, 21, 1)
(11, 22, 4)
(11, 24, 3)
(11, 25, 3)
(11, 26, 3)
(11, 28, 2)
(11, 29, 1)
(11, 33, 1)
(12, 3, 1)
(12, 5, 1)
(12, 6, 1)
(12, 7, 1)
(12, 8, 3)
(12, 9, 2)
(12, 10, 3)
(12, 11, 3)
(12, 12, 7)
(12, 13, 1)
(12, 14, 1)
(12, 15, 1)
(12, 17, 1)
(12, 18, 2)
(12, 20, 3)
(12, 22, 2)
(12, 23, 1)
(12, 27, 3)
(12, 30, 1)
(12, 31, 1)
(12, 36, 1)
(13, 1, 2)
(13, 3, 3)
(13, 4, 1)
(13, 5, 1)
(13, 6, 2)
(13, 8, 2)
(13, 12, 1)
(13, 13, 2)
(13, 14, 2)
(13, 15, 1)
(13, 16, 2)
(13, 17, 2)
(13, 18, 4)
(13, 19, 2)
(13, 21, 3)
(13, 22, 2)
(13, 24, 2)
(13, 28, 1)
(13, 30, 1)
(13, 31, 1)
(13, 32, 1)
(13, 34, 1)
(14, 3, 4)
(14, 4, 2)
(14, 5, 1)
(14, 6, 3)
(14, 7, 2)
(14, 8, 3)
(14, 9, 4)
(14, 10, 1)
(14, 11, 2)
(14, 12, 1)
(14, 13, 1)
(14, 14, 2)
(14, 15, 4)
(14, 16, 2)
(14, 17, 1)
(14, 18, 2)
(14, 19, 5)
(14, 20, 1)
(14, 21, 1)
(14, 22, 1)
(14, 23, 2)
(14, 25, 1)
(14, 26, 2)
(14, 27, 1)
(14, 28, 1)
(14, 30, 1)
(14, 31, 1)
(14, 33, 2)
(14, 36, 1)
(14, 37, 1)
(15, 3, 5)
(15, 4, 2)
(15, 6, 4)
(15, 8, 6)
(15, 9, 2)
(15, 10, 5)
(15, 11, 2)
(15, 12, 2)
(15, 13, 2)
(15, 14, 3)
(15, 15, 2)
(15, 16, 4)
(15, 17, 3)
(15, 18, 2)
(15, 20, 2)
(15, 21, 2)
(15, 22, 1)
(15, 23, 2)
(15, 25, 1)
(15, 28, 2)
(15, 29, 1)
(15, 31, 1)
(15, 32, 1)
(15, 39, 1)
(16, 1, 1)
(16, 2, 1)
(16, 3, 1)
(16, 4, 7)
(16, 5, 6)
(16, 6, 5)
(16, 7, 4)
(16, 8, 8)
(16, 9, 5)
(16, 10, 4)
(16, 11, 5)
(16, 13, 1)
(16, 14, 6)
(16, 15, 6)
(16, 16, 4)
(16, 17, 2)
(16, 18, 3)
(16, 19, 2)
(16, 20, 3)
(16, 22, 3)
(16, 25, 1)
(16, 30, 1)
(16, 31, 1)
(16, 34, 2)
(16, 36, 1)
(17, 2, 2)
(17, 3, 1)
(17, 4, 1)
(17, 5, 1)
(17, 6, 5)
(17, 7, 2)
(17, 8, 5)
(17, 9, 3)
(17, 10, 2)
(17, 11, 3)
(17, 12, 2)
(17, 13, 5)
(17, 14, 4)
(17, 15, 4)
(17, 16, 7)
(17, 17, 1)
(17, 18, 4)
(17, 19, 2)
(17, 20, 3)
(17, 21, 1)
(17, 23, 1)
(17, 24, 2)
(17, 25, 2)
(17, 26, 1)
(17, 27, 1)
(17, 30, 1)
(17, 32, 1)
(17, 33, 1)
(17, 39, 1)
(18, 2, 1)
(18, 3, 1)
(18, 5, 1)
(18, 6, 2)
(18, 7, 2)
(18, 8, 3)
(18, 9, 1)
(18, 10, 2)
(18, 11, 4)
(18, 12, 8)
(18, 13, 2)
(18, 14, 2)
(18, 15, 3)
(18, 16, 5)
(18, 17, 2)
(18, 18, 2)
(18, 19, 2)
(18, 20, 1)
(18, 23, 1)
(18, 24, 1)
(18, 26, 1)
(18, 28, 3)
(18, 29, 1)
(18, 30, 1)
(18, 32, 1)
(18, 33, 1)
(18, 36, 1)
(19, 1, 1)
(19, 2, 1)
(19, 3, 3)
(19, 4, 3)
(19, 5, 2)
(19, 6, 2)
(19, 8, 2)
(19, 9, 4)
(19, 10, 3)
(19, 11, 8)
(19, 12, 6)
(19, 13, 2)
(19, 14, 6)
(19, 15, 4)
(19, 16, 10)
(19, 17, 3)
(19, 18, 7)
(19, 19, 1)
(19, 20, 5)
(19, 21, 3)
(19, 22, 2)
(19, 23, 1)
(19, 24, 2)
(19, 25, 5)
(19, 26, 4)
(19, 27, 1)
(19, 28, 3)
(19, 32, 3)
(19, 33, 3)
(19, 39, 1)
(20, 1, 2)
(20, 2, 1)
(20, 3, 7)
(20, 4, 8)
(20, 5, 5)
(20, 6, 6)
(20, 7, 5)
(20, 8, 3)
(20, 9, 4)
(20, 10, 2)
(20, 11, 3)
(20, 12, 3)
(20, 13, 7)
(20, 14, 8)
(20, 15, 8)
(20, 16, 8)
(20, 17, 6)
(20, 18, 4)
(20, 19, 4)
(20, 20, 6)
(20, 21, 6)
(20, 22, 6)
(20, 23, 1)
(20, 24, 2)
(20, 25, 2)
(20, 26, 4)
(20, 28, 1)
(20, 29, 1)
(20, 33, 1)
(20, 36, 2)
(21, 1, 1)
(21, 2, 3)
(21, 3, 2)
(21, 5, 12)
(21, 6, 4)
(21, 7, 6)
(21, 8, 13)
(21, 9, 6)
(21, 10, 3)
(21, 11, 5)
(21, 12, 2)
(21, 13, 4)
(21, 14, 7)
(21, 15, 4)
(21, 16, 3)
(21, 17, 6)
(21, 18, 3)
(21, 20, 4)
(21, 21, 1)
(21, 22, 1)
(21, 23, 1)
(21, 24, 2)
(21, 26, 3)
(21, 28, 1)
(21, 29, 2)
(21, 30, 1)
(21, 31, 1)
(21, 32, 2)
(21, 38, 1)
(22, 3, 8)
(22, 4, 7)
(22, 5, 5)
(22, 6, 9)
(22, 7, 5)
(22, 8, 9)
(22, 9, 4)
(22, 10, 4)
(22, 11, 8)
(22, 12, 4)
(22, 13, 4)
(22, 14, 3)
(22, 15, 1)
(22, 16, 4)
(22, 17, 3)
(22, 18, 1)
(22, 19, 4)
(22, 20, 2)
(22, 22, 3)
(22, 25, 1)
(22, 26, 1)
(22, 28, 1)
(22, 29, 1)
(22, 30, 1)
(22, 37, 1)
(23, 1, 1)
(23, 2, 3)
(23, 3, 6)
(23, 4, 5)
(23, 5, 9)
(23, 6, 10)
(23, 7, 6)
(23, 8, 5)
(23, 9, 9)
(23, 10, 6)
(23, 11, 5)
(23, 12, 4)
(23, 13, 2)
(23, 14, 8)
(23, 15, 1)
(23, 16, 7)
(23, 17, 1)
(23, 18, 2)
(23, 19, 3)
(23, 20, 2)
(23, 21, 1)
(23, 22, 3)
(23, 24, 2)
(23, 25, 4)
(23, 26, 1)
(23, 28, 1)
(23, 29, 2)
(23, 30, 1)
(23, 32, 3)
(23, 33, 1)
(23, 34, 1)
(23, 35, 1)
(23, 37, 2)
(24, 2, 2)
(24, 3, 3)
(24, 4, 5)
(24, 5, 7)
(24, 6, 3)
(24, 7, 7)
(24, 8, 8)
(24, 9, 7)
(24, 10, 4)
(24, 11, 8)
(24, 12, 6)
(24, 13, 5)
(24, 14, 3)
(24, 15, 1)
(24, 16, 3)
(24, 17, 3)
(24, 18, 5)
(24, 19, 5)
(24, 20, 3)
(24, 21, 1)
(24, 23, 3)
(24, 25, 1)
(24, 30, 1)
(24, 32, 2)
(24, 33, 1)
(24, 34, 2)
(24, 36, 1)
(24, 39, 2)
(25, 1, 1)
(25, 2, 2)
(25, 3, 3)
(25, 4, 3)
(25, 5, 4)
(25, 6, 5)
(25, 7, 9)
(25, 8, 9)
(25, 9, 6)
(25, 10, 9)
(25, 11, 5)
(25, 12, 7)
(25, 13, 6)
(25, 14, 6)
(25, 15, 5)
(25, 16, 8)
(25, 17, 7)
(25, 18, 5)
(25, 19, 1)
(25, 20, 2)
(25, 22, 4)
(25, 23, 3)
(25, 24, 5)
(25, 25, 2)
(25, 26, 2)
(25, 28, 2)
(25, 31, 1)
(25, 33, 3)
(25, 34, 1)
(25, 36, 1)
(25, 38, 1)
(25, 39, 1)
(26, 1, 7)
(26, 2, 3)
(26, 3, 7)
(26, 4, 6)
(26, 5, 6)
(26, 6, 5)
(26, 7, 8)
(26, 8, 10)
(26, 9, 11)
(26, 10, 7)
(26, 11, 3)
(26, 12, 7)
(26, 13, 8)
(26, 14, 7)
(26, 15, 6)
(26, 16, 8)
(26, 17, 2)
(26, 18, 4)
(26, 19, 2)
(26, 20, 2)
(26, 21, 1)
(26, 22, 2)
(26, 23, 1)
(26, 25, 1)
(26, 26, 2)
(26, 27, 1)
(26, 28, 1)
(26, 29, 1)
(26, 30, 1)
(26, 31, 2)
(26, 32, 1)
(26, 39, 1)
(27, 1, 8)
(27, 2, 9)
(27, 3, 11)
(27, 4, 15)
(27, 5, 17)
(27, 6, 12)
(27, 7, 12)
(27, 8, 9)
(27, 9, 6)
(27, 10, 6)
(27, 11, 6)
(27, 12, 13)
(27, 13, 2)
(27, 14, 8)
(27, 15, 9)
(27, 16, 6)
(27, 17, 2)
(27, 18, 5)
(27, 19, 3)
(27, 21, 1)
(27, 22, 1)
(27, 23, 2)
(27, 24, 1)
(27, 25, 1)
(27, 27, 1)
(27, 28, 2)
(27, 30, 1)
(27, 32, 1)
(27, 33, 1)
(27, 37, 1)
(28, 1, 9)
(28, 2, 10)
(28, 3, 13)
(28, 4, 15)
(28, 5, 14)
(28, 6, 4)
(28, 7, 11)
(28, 8, 13)
(28, 9, 7)
(28, 10, 10)
(28, 11, 6)
(28, 12, 1)
(28, 13, 3)
(28, 14, 6)
(28, 15, 10)
(28, 16, 2)
(28, 17, 4)
(28, 18, 2)
(28, 19, 3)
(28, 20, 4)
(28, 21, 2)
(28, 22, 3)
(28, 23, 4)
(28, 24, 3)
(28, 25, 2)
(28, 26, 3)
(28, 27, 1)
(28, 28, 4)
(28, 30, 1)
(28, 34, 1)
(28, 36, 1)
(28, 39, 1)
(29, 1, 3)
(29, 2, 2)
(29, 3, 5)
(29, 4, 8)
(29, 5, 3)
(29, 6, 5)
(29, 7, 3)
(29, 8, 4)
(29, 9, 3)
(29, 10, 4)
(29, 11, 2)
(29, 12, 4)
(29, 13, 7)
(29, 14, 2)
(29, 15, 6)
(29, 16, 4)
(29, 17, 2)
(29, 18, 3)
(29, 19, 2)
(29, 20, 1)
(29, 21, 2)
(29, 22, 1)
(29, 23, 1)
(29, 25, 2)
(29, 26, 4)
(29, 27, 2)
(29, 28, 2)
(29, 29, 2)
(29, 32, 3)
(30, 3, 1)
(30, 4, 2)
(30, 5, 2)
(30, 6, 2)
(30, 8, 3)
(30, 9, 3)
(30, 10, 6)
(30, 11, 4)
(30, 12, 2)
(30, 13, 2)
(30, 14, 5)
(30, 15, 7)
(30, 16, 3)
(30, 17, 1)
(30, 18, 2)
(30, 19, 3)
(30, 20, 2)
(30, 22, 2)
(30, 23, 2)
(30, 24, 1)
(30, 26, 1)
(30, 28, 1)
(30, 29, 1)
(30, 30, 2)
(30, 31, 1)
(30, 32, 2)
(30, 38, 2)
(31, 1, 1)
(31, 2, 1)
(31, 3, 3)
(31, 7, 2)
(31, 8, 7)
(31, 9, 4)
(31, 10, 3)
(31, 11, 1)
(31, 12, 6)
(31, 13, 1)
(31, 14, 3)
(31, 15, 6)
(31, 16, 4)
(31, 17, 1)
(31, 18, 5)
(31, 19, 5)
(31, 20, 3)
(31, 21, 1)
(31, 22, 2)
(31, 24, 2)
(31, 25, 2)
(31, 26, 1)
(31, 31, 1)
(31, 32, 3)
(32, 1, 3)
(32, 2, 6)
(32, 3, 5)
(32, 4, 5)
(32, 5, 10)
(32, 6, 5)
(32, 7, 7)
(32, 8, 5)
(32, 9, 9)
(32, 10, 5)
(32, 11, 3)
(32, 12, 5)
(32, 13, 2)
(32, 14, 3)
(32, 15, 2)
(32, 16, 3)
(32, 17, 1)
(32, 18, 3)
(32, 19, 5)
(32, 20, 3)
(32, 22, 7)
(32, 25, 1)
(32, 26, 1)
(32, 30, 1)
(32, 31, 1)
(32, 36, 1)
(33, 1, 2)
(33, 2, 1)
(33, 3, 1)
(33, 4, 4)
(33, 5, 4)
(33, 6, 3)
(33, 7, 3)
(33, 8, 6)
(33, 9, 3)
(33, 10, 7)
(33, 11, 6)
(33, 12, 3)
(33, 13, 1)
(33, 14, 2)
(33, 15, 4)
(33, 16, 6)
(33, 17, 1)
(33, 18, 2)
(33, 20, 2)
(33, 21, 3)
(33, 26, 2)
(33, 27, 2)
(33, 29, 1)
(33, 30, 1)
(33, 32, 1)
(34, 1, 2)
(34, 2, 2)
(34, 3, 2)
(34, 4, 1)
(34, 5, 4)
(34, 6, 3)
(34, 7, 3)
(34, 10, 2)
(34, 12, 1)
(34, 14, 2)
(34, 15, 5)
(34, 17, 1)
(34, 18, 3)
(34, 19, 3)
(34, 20, 6)
(34, 21, 3)
(34, 22, 1)
(34, 27, 1)
(34, 28, 3)
(34, 32, 1)
(34, 38, 1)
(35, 1, 1)
(35, 4, 2)
(35, 5, 2)
(35, 6, 4)
(35, 7, 3)
(35, 9, 2)
(35, 10, 1)
(35, 11, 1)
(35, 12, 2)
(35, 16, 1)
(35, 17, 4)
(35, 20, 4)
(35, 21, 1)
(35, 22, 2)
(35, 23, 1)
(35, 24, 1)
(35, 25, 1)
(35, 27, 1)
(35, 29, 1)
(35, 30, 1)
(35, 32, 3)
(35, 33, 1)
(35, 35, 2)
(36, 1, 3)
(36, 2, 3)
(36, 3, 2)
(36, 4, 1)
(36, 5, 3)
(36, 6, 2)
(36, 7, 1)
(36, 9, 1)
(36, 10, 2)
(36, 11, 3)
(36, 13, 1)
(36, 14, 3)
(36, 15, 2)
(36, 16, 1)
(36, 17, 2)
(36, 18, 3)
(36, 19, 4)
(36, 20, 9)
(36, 21, 3)
(36, 22, 2)
(36, 24, 1)
(36, 25, 3)
(36, 26, 2)
(36, 27, 1)
(36, 29, 2)
(36, 33, 1)
(37, 1, 5)
(37, 2, 7)
(37, 3, 7)
(37, 4, 7)
(37, 5, 4)
(37, 6, 3)
(37, 7, 2)
(37, 8, 3)
(37, 9, 4)
(37, 10, 6)
(37, 11, 4)
(37, 12, 3)
(37, 13, 2)
(37, 14, 3)
(37, 15, 1)
(37, 16, 1)
(37, 17, 3)
(37, 18, 3)
(37, 20, 2)
(37, 22, 2)
(37, 29, 1)
(37, 30, 2)
(37, 32, 2)
(37, 33, 1)
(37, 34, 1)
(38, 1, 2)
(38, 2, 2)
(38, 3, 1)
(38, 4, 1)
(38, 5, 2)
(38, 6, 2)
(38, 7, 1)
(38, 8, 4)
(38, 9, 3)
(38, 10, 2)
(38, 14, 2)
(38, 15, 2)
(38, 16, 2)
(38, 17, 2)
(38, 18, 2)
(38, 21, 2)
(38, 25, 1)
(38, 26, 1)
(38, 27, 1)
(38, 29, 1)
(38, 33, 1)
(39, 1, 9)
(39, 2, 3)
(39, 3, 6)
(39, 4, 1)
(39, 5, 8)
(39, 7, 2)
(39, 9, 3)
(39, 10, 1)
(39, 11, 2)
(39, 12, 1)
(39, 18, 1)
(39, 22, 1)
(39, 24, 1)
(39, 27, 2)
(39, 29, 1)
xi_2:
(3, 28, 1)
(5, 18, 1)
(6, 16, 1)
(6, 25, 1)
(6, 28, 1)
(7, 12, 1)
(7, 18, 1)
(7, 25, 1)
(7, 26, 2)
(7, 28, 1)
(7, 32, 1)
(7, 33, 1)
(7, 34, 1)
(7, 36, 1)
(7, 37, 1)
(8, 12, 1)
(8, 13, 1)
(8, 19, 1)
(8, 20, 1)
(8, 22, 2)
(8, 28, 2)
(9, 17, 1)
(9, 26, 1)
(9, 27, 1)
(9, 28, 1)
(9, 29, 2)
(9, 31, 1)
(10, 11, 1)
(10, 12, 1)
(10, 17, 1)
(10, 18, 1)
(10, 19, 1)
(10, 24, 1)
(10, 28, 1)
(10, 29, 2)
(10, 30, 1)
(11, 10, 2)
(11, 12, 1)
(11, 14, 1)
(11, 24, 1)
(11, 25, 1)
(11, 26, 1)
(11, 28, 1)
(11, 33, 1)
(11, 37, 2)
(12, 16, 1)
(12, 17, 1)
(12, 28, 1)
(13, 20, 1)
(13, 22, 1)
(13, 26, 1)
(13, 27, 1)
(13, 31, 1)
(14, 18, 1)
(14, 19, 1)
(14, 22, 1)
(14, 24, 2)
(14, 34, 1)
(14, 36, 1)
(15, 18, 2)
(15, 23, 1)
(15, 30, 1)
(15, 33, 1)
(16, 8, 1)
(16, 10, 1)
(16, 17, 1)
(16, 21, 2)
(16, 22, 1)
(16, 23, 1)
(16, 27, 1)
(16, 28, 1)
(16, 29, 1)
(16, 33, 1)
(17, 14, 2)
(17, 31, 1)
(17, 32, 1)
(17, 39, 1)
(18, 14, 1)
(18, 19, 1)
(18, 21, 1)
(18, 33, 1)
(18, 34, 1)
(19, 19, 2)
(19, 24, 1)
(19, 26, 1)
(19, 28, 1)
(19, 30, 2)
(19, 32, 1)
(19, 33, 1)
(19, 36, 1)
(20, 16, 1)
(20, 17, 2)
(20, 18, 1)
(20, 22, 2)
(20, 24, 1)
(20, 26, 5)
(20, 28, 3)
(20, 33, 1)
(21, 16, 1)
(21, 17, 2)
(21, 20, 2)
(21, 21, 2)
(21, 22, 1)
(21, 24, 1)
(21, 26, 3)
(22, 6, 1)
(22, 14, 2)
(22, 17, 4)
(22, 21, 1)
(23, 8, 1)
(23, 13, 1)
(23, 16, 1)
(23, 17, 2)
(23, 23, 1)
(23, 26, 1)
(23, 33, 1)
(24, 5, 1)
(24, 6, 1)
(24, 12, 2)
(24, 20, 1)
(24, 22, 1)
(24, 24, 1)
(24, 25, 1)
(24, 32, 2)
(24, 33, 1)
(24, 37, 1)
(25, 12, 1)
(25, 15, 1)
(25, 16, 1)
(25, 18, 1)
(25, 20, 1)
(25, 21, 1)
(25, 22, 1)
(25, 32, 1)
(25, 33, 1)
(25, 34, 1)
(25, 37, 1)
(25, 39, 1)
(26, 9, 1)
(26, 13, 1)
(26, 15, 2)
(26, 16, 1)
(26, 17, 2)
(26, 18, 2)
(26, 22, 2)
(26, 25, 2)
(26, 33, 2)
(26, 38, 1)
(26, 39, 1)
(27, 8, 1)
(27, 9, 1)
(27, 10, 1)
(27, 11, 1)
(27, 13, 2)
(27, 14, 1)
(27, 15, 1)
(27, 16, 1)
(27, 18, 2)
(27, 20, 2)
(27, 22, 1)
(27, 23, 2)
(27, 29, 1)
(27, 34, 2)
(28, 5, 2)
(28, 6, 1)
(28, 9, 1)
(28, 10, 1)
(28, 12, 1)
(28, 13, 1)
(28, 14, 1)
(28, 15, 2)
(28, 16, 2)
(28, 17, 1)
(28, 18, 1)
(28, 22, 1)
(28, 23, 1)
(28, 27, 1)
(28, 30, 1)
(28, 32, 1)
(28, 33, 1)
(28, 37, 1)
(28, 39, 1)
(29, 5, 1)
(29, 8, 1)
(29, 15, 2)
(29, 17, 1)
(29, 19, 1)
(29, 20, 2)
(29, 23, 1)
(29, 24, 1)
(29, 25, 1)
(29, 26, 1)
(30, 15, 1)
(30, 17, 1)
(30, 18, 1)
(30, 32, 2)
(30, 39, 1)
(31, 11, 1)
(31, 12, 1)
(31, 16, 1)
(31, 19, 1)
(31, 23, 1)
(31, 30, 2)
(31, 32, 1)
(31, 33, 1)
(32, 12, 1)
(32, 16, 1)
(32, 23, 1)
(32, 25, 1)
(32, 26, 1)
(33, 16, 1)
(33, 19, 2)
(33, 20, 1)
(33, 22, 3)
(34, 8, 1)
(34, 16, 1)
(34, 22, 1)
(34, 26, 1)
(34, 29, 1)
(34, 32, 1)
(35, 22, 1)
(36, 29, 1)
(36, 30, 1)
(36, 32, 1)
(36, 36, 1)
(37, 11, 1)
(37, 20, 1)
(37, 22, 1)
(37, 24, 1)
(37, 27, 1)
(38, 14, 1)
(38, 22, 1)
(38, 29, 1)
(38, 30, 1)
(39, 10, 1)
(39, 16, 1)
(39, 30, 1)
(39, 33, 1)
