x-grades
-832087611104154107/800000000000000
-406454406227712787/400000000000000
-793730013806697041/800000000000000
-193637803789492127/200000000000000
-30214896660369599/32000000000000
-368096808930255721/400000000000000
-717014819211782909/800000000000000
-87229502570381797/100000000000000
-678657221914325843/800000000000000
-65947842326559731/80000000000000
-640299624616868777/800000000000000
-155280206492035061/200000000000000
-601942027319411711/800000000000000
-291381614335341589/400000000000000
-112716886004390929/160000000000000
-4253168995103329/6250000000000
-525226832724497579/800000000000000
-253024017037884523/400000000000000
-486869235427040513/800000000000000
-23384521838915599/40000000000000
-448511638129583447/800000000000000
-214666419740427457/400000000000000
-410154040832126381/800000000000000
-48871905272924731/100000000000000
-74359288706933863/160000000000000
-176308822442970391/400000000000000
-333438846237212249/800000000000000
-78565011897120929/200000000000000
-295081248939755183/800000000000000
-5518049005820533/16000000000000
-256723651642298117/800000000000000
-14846553312098099/50000000000000
-218366054344841051/800000000000000
-99593627848056259/400000000000000
-36001691409476797/160000000000000
-40207414599663863/200000000000000
-141650859749926919/800000000000000
-61236030550599193/400000000000000
-103293262452469853/800000000000000
-2102861595093533/20000000000000

y-grades
155019/62500
155019/31250
465057/62500
155019/15625
155019/12500
465057/31250
1085133/62500
310038/15625
1395171/62500
155019/6250
1705209/62500
465057/15625
2015247/62500
1085133/31250
465057/12500
620076/15625
2635323/62500
1395171/31250
2945361/62500
155019/3125
3255399/62500
1705209/31250
3565437/62500
930114/15625
155019/2500
2015247/31250
4185513/62500
1085133/15625
4495551/62500
465057/6250
4805589/62500
1240152/15625
5115627/62500
2635323/31250
1085133/12500
1395171/15625
5735703/62500
2945361/31250
6045741/62500
310038/3125

Dimensions > 0:
(0, 0, 87)
(0, 1, 87)
(0, 2, 87)
(0, 3, 87)
(0, 4, 87)
(0, 5, 87)
(0, 6, 87)
(0, 7, 87)
(0, 8, 87)
(0, 9, 87)
(0, 10, 87)
(0, 11, 87)
(0, 12, 87)
(0, 13, 85)
(0, 14, 85)
(0, 15, 83)
(0, 16, 81)
(0, 17, 81)
(0, 18, 81)
(0, 19, 74)
(0, 20, 71)
(0, 21, 64)
(0, 22, 64)
(0, 23, 57)
(0, 24, 52)
(0, 25, 50)
(0, 26, 50)
(0, 27, 50)
(0, 28, 50)
(0, 29, 43)
(0, 30, 38)
(0, 31, 38)
(0, 32, 38)
(0, 33, 38)
(0, 34, 38)
(0, 35, 28)
(0, 36, 28)
(0, 37, 28)
(0, 38, 28)
(0, 39, 19)

(1, 0, 149)
(1, 1, 149)
(1, 2, 149)
(1, 3, 149)
(1, 4, 149)
(1, 5, 149)
(1, 6, 149)
(1, 7, 149)
(1, 8, 149)
(1, 9, 149)
(1, 10, 149)
(1, 11, 149)
(1, 12, 148)
(1, 13, 145)
(1, 14, 145)
(1, 15, 143)
(1, 16, 141)
(1, 17, 141)
(1, 18, 141)
(1, 19, 133)
(1, 20, 129)
(1, 21, 120)
(1, 22, 120)
(1, 23, 112)
(1, 24, 103)
(1, 25, 99)
(1, 26, 99)
(1, 27, 99)
(1, 28, 99)
(1, 29, 87)
(1, 30, 78)
(1, 31, 78)
(1, 32, 78)
(1, 33, 78)
(1, 34, 78)
(1, 35, 57)
(1, 36, 57)
(1, 37, 57)
(1, 38, 57)
(1, 39, 36)

(2, 0, 151)
(2, 1, 151)
(2, 2, 151)
(2, 3, 151)
(2, 4, 151)
(2, 5, 151)
(2, 6, 151)
(2, 7, 151)
(2, 8, 151)
(2, 9, 151)
(2, 10, 151)
(2, 11, 151)
(2, 12, 150)
(2, 13, 147)
(2, 14, 147)
(2, 15, 145)
(2, 16, 143)
(2, 17, 143)
(2, 18, 143)
(2, 19, 135)
(2, 20, 131)
(2, 21, 122)
(2, 22, 122)
(2, 23, 114)
(2, 24, 105)
(2, 25, 101)
(2, 26, 101)
(2, 27, 101)
(2, 28, 101)
(2, 29, 89)
(2, 30, 80)
(2, 31, 80)
(2, 32, 80)
(2, 33, 80)
(2, 34, 80)
(2, 35, 59)
(2, 36, 59)
(2, 37, 59)
(2, 38, 59)
(2, 39, 38)

(3, 0, 185)
(3, 1, 185)
(3, 2, 185)
(3, 3, 185)
(3, 4, 185)
(3, 5, 185)
(3, 6, 185)
(3, 7, 185)
(3, 8, 185)
(3, 9, 185)
(3, 10, 185)
(3, 11, 185)
(3, 12, 184)
(3, 13, 181)
(3, 14, 181)
(3, 15, 179)
(3, 16, 175)
(3, 17, 175)
(3, 18, 175)
(3, 19, 167)
(3, 20, 163)
(3, 21, 154)
(3, 22, 154)
(3, 23, 146)
(3, 24, 137)
(3, 25, 133)
(3, 26, 133)
(3, 27, 133)
(3, 28, 133)
(3, 29, 121)
(3, 30, 112)
(3, 31, 112)
(3, 32, 112)
(3, 33, 112)
(3, 34, 112)
(3, 35, 90)
(3, 36, 90)
(3, 37, 88)
(3, 38, 87)
(3, 39, 66)

(4, 0, 255)
(4, 1, 255)
(4, 2, 255)
(4, 3, 255)
(4, 4, 255)
(4, 5, 255)
(4, 6, 255)
(4, 7, 255)
(4, 8, 255)
(4, 9, 255)
(4, 10, 255)
(4, 11, 255)
(4, 12, 254)
(4, 13, 249)
(4, 14, 249)
(4, 15, 245)
(4, 16, 241)
(4, 17, 241)
(4, 18, 241)
(4, 19, 233)
(4, 20, 229)
(4, 21, 220)
(4, 22, 219)
(4, 23, 211)
(4, 24, 202)
(4, 25, 198)
(4, 26, 197)
(4, 27, 197)
(4, 28, 196)
(4, 29, 184)
(4, 30, 174)
(4, 31, 174)
(4, 32, 174)
(4, 33, 173)
(4, 34, 173)
(4, 35, 151)
(4, 36, 150)
(4, 37, 148)
(4, 38, 146)
(4, 39, 125)

(5, 0, 295)
(5, 1, 295)
(5, 2, 295)
(5, 3, 295)
(5, 4, 295)
(5, 5, 295)
(5, 6, 295)
(5, 7, 295)
(5, 8, 295)
(5, 9, 295)
(5, 10, 295)
(5, 11, 295)
(5, 12, 293)
(5, 13, 287)
(5, 14, 287)
(5, 15, 283)
(5, 16, 279)
(5, 17, 279)
(5, 18, 279)
(5, 19, 271)
(5, 20, 267)
(5, 21, 258)
(5, 22, 256)
(5, 23, 248)
(5, 24, 239)
(5, 25, 235)
(5, 26, 233)
(5, 27, 233)
(5, 28, 231)
(5, 29, 219)
(5, 30, 208)
(5, 31, 208)
(5, 32, 208)
(5, 33, 206)
(5, 34, 205)
(5, 35, 183)
(5, 36, 181)
(5, 37, 179)
(5, 38, 177)
(5, 39, 156)

(6, 0, 304)
(6, 1, 304)
(6, 2, 304)
(6, 3, 304)
(6, 4, 304)
(6, 5, 304)
(6, 6, 304)
(6, 7, 304)
(6, 8, 304)
(6, 9, 304)
(6, 10, 304)
(6, 11, 304)
(6, 12, 302)
(6, 13, 296)
(6, 14, 296)
(6, 15, 292)
(6, 16, 288)
(6, 17, 288)
(6, 18, 288)
(6, 19, 280)
(6, 20, 276)
(6, 21, 267)
(6, 22, 265)
(6, 23, 257)
(6, 24, 248)
(6, 25, 244)
(6, 26, 242)
(6, 27, 242)
(6, 28, 240)
(6, 29, 228)
(6, 30, 217)
(6, 31, 217)
(6, 32, 217)
(6, 33, 215)
(6, 34, 214)
(6, 35, 192)
(6, 36, 190)
(6, 37, 188)
(6, 38, 186)
(6, 39, 165)

(7, 0, 307)
(7, 1, 307)
(7, 2, 307)
(7, 3, 307)
(7, 4, 307)
(7, 5, 307)
(7, 6, 307)
(7, 7, 307)
(7, 8, 307)
(7, 9, 307)
(7, 10, 307)
(7, 11, 307)
(7, 12, 305)
(7, 13, 299)
(7, 14, 299)
(7, 15, 295)
(7, 16, 291)
(7, 17, 291)
(7, 18, 291)
(7, 19, 283)
(7, 20, 279)
(7, 21, 270)
(7, 22, 268)
(7, 23, 260)
(7, 24, 251)
(7, 25, 247)
(7, 26, 245)
(7, 27, 245)
(7, 28, 243)
(7, 29, 231)
(7, 30, 220)
(7, 31, 220)
(7, 32, 220)
(7, 33, 218)
(7, 34, 217)
(7, 35, 195)
(7, 36, 193)
(7, 37, 191)
(7, 38, 189)
(7, 39, 168)

(8, 0, 309)
(8, 1, 309)
(8, 2, 309)
(8, 3, 309)
(8, 4, 309)
(8, 5, 309)
(8, 6, 309)
(8, 7, 309)
(8, 8, 309)
(8, 9, 309)
(8, 10, 309)
(8, 11, 309)
(8, 12, 307)
(8, 13, 301)
(8, 14, 301)
(8, 15, 297)
(8, 16, 293)
(8, 17, 293)
(8, 18, 293)
(8, 19, 285)
(8, 20, 281)
(8, 21, 272)
(8, 22, 270)
(8, 23, 262)
(8, 24, 253)
(8, 25, 249)
(8, 26, 247)
(8, 27, 247)
(8, 28, 245)
(8, 29, 233)
(8, 30, 222)
(8, 31, 222)
(8, 32, 222)
(8, 33, 220)
(8, 34, 219)
(8, 35, 197)
(8, 36, 195)
(8, 37, 193)
(8, 38, 191)
(8, 39, 170)

(9, 0, 310)
(9, 1, 310)
(9, 2, 310)
(9, 3, 310)
(9, 4, 310)
(9, 5, 310)
(9, 6, 310)
(9, 7, 310)
(9, 8, 310)
(9, 9, 310)
(9, 10, 310)
(9, 11, 310)
(9, 12, 308)
(9, 13, 302)
(9, 14, 302)
(9, 15, 298)
(9, 16, 294)
(9, 17, 294)
(9, 18, 294)
(9, 19, 286)
(9, 20, 282)
(9, 21, 273)
(9, 22, 271)
(9, 23, 263)
(9, 24, 254)
(9, 25, 250)
(9, 26, 248)
(9, 27, 248)
(9, 28, 246)
(9, 29, 234)
(9, 30, 223)
(9, 31, 223)
(9, 32, 223)
(9, 33, 221)
(9, 34, 220)
(9, 35, 198)
(9, 36, 196)
(9, 37, 194)
(9, 38, 192)
(9, 39, 171)

(10, 0, 310)
(10, 1, 310)
(10, 2, 310)
(10, 3, 310)
(10, 4, 310)
(10, 5, 310)
(10, 6, 310)
(10, 7, 310)
(10, 8, 310)
(10, 9, 310)
(10, 10, 310)
(10, 11, 310)
(10, 12, 308)
(10, 13, 302)
(10, 14, 302)
(10, 15, 298)
(10, 16, 294)
(10, 17, 294)
(10, 18, 294)
(10, 19, 286)
(10, 20, 282)
(10, 21, 273)
(10, 22, 271)
(10, 23, 263)
(10, 24, 254)
(10, 25, 250)
(10, 26, 248)
(10, 27, 248)
(10, 28, 246)
(10, 29, 234)
(10, 30, 223)
(10, 31, 223)
(10, 32, 223)
(10, 33, 221)
(10, 34, 220)
(10, 35, 198)
(10, 36, 196)
(10, 37, 194)
(10, 38, 192)
(10, 39, 171)

(11, 0, 310)
(11, 1, 310)
(11, 2, 310)
(11, 3, 310)
(11, 4, 310)
(11, 5, 310)
(11, 6, 310)
(11, 7, 310)
(11, 8, 310)
(11, 9, 310)
(11, 10, 310)
(11, 11, 310)
(11, 12, 308)
(11, 13, 302)
(11, 14, 302)
(11, 15, 298)
(11, 16, 294)
(11, 17, 294)
(11, 18, 294)
(11, 19, 286)
(11, 20, 282)
(11, 21, 273)
(11, 22, 271)
(11, 23, 263)
(11, 24, 254)
(11, 25, 250)
(11, 26, 248)
(11, 27, 248)
(11, 28, 246)
(11, 29, 234)
(11, 30, 223)
(11, 31, 223)
(11, 32, 223)
(11, 33, 221)
(11, 34, 220)
(11, 35, 198)
(11, 36, 196)
(11, 37, 194)
(11, 38, 192)
(11, 39, 171)

(12, 0, 310)
(12, 1, 310)
(12, 2, 310)
(12, 3, 310)
(12, 4, 310)
(12, 5, 310)
(12, 6, 310)
(12, 7, 310)
(12, 8, 310)
(12, 9, 310)
(12, 10, 310)
(12, 11, 310)
(12, 12, 308)
(12, 13, 302)
(12, 14, 302)
(12, 15, 298)
(12, 16, 294)
(12, 17, 294)
(12, 18, 294)
(12, 19, 286)
(12, 20, 282)
(12, 21, 273)
(12, 22, 271)
(12, 23, 263)
(12, 24, 254)
(12, 25, 250)
(12, 26, 248)
(12, 27, 248)
(12, 28, 246)
(12, 29, 234)
(12, 30, 223)
(12, 31, 223)
(12, 32, 223)
(12, 33, 221)
(12, 34, 220)
(12, 35, 198)
(12, 36, 196)
(12, 37, 194)
(12, 38, 192)
(12, 39, 171)

(13, 0, 310)
(13, 1, 310)
(13, 2, 310)
(13, 3, 310)
(13, 4, 310)
(13, 5, 310)
(13, 6, 310)
(13, 7, 310)
(13, 8, 310)
(13, 9, 310)
(13, 10, 310)
(13, 11, 310)
(13, 12, 308)
(13, 13, 302)
(13, 14, 302)
(13, 15, 298)
(13, 16, 294)
(13, 17, 294)
(13, 18, 294)
(13, 19, 286)
(13, 20, 282)
(13, 21, 273)
(13, 22, 271)
(13, 23, 263)
(13, 24, 254)
(13, 25, 250)
(13, 26, 248)
(13, 27, 248)
(13, 28, 246)
(13, 29, 234)
(13, 30, 223)
(13, 31, 223)
(13, 32, 223)
(13, 33, 221)
(13, 34, 220)
(13, 35, 198)
(13, 36, 196)
(13, 37, 194)
(13, 38, 192)
(13, 39, 171)

(14, 0, 310)
(14, 1, 310)
(14, 2, 310)
(14, 3, 310)
(14, 4, 310)
(14, 5, 310)
(14, 6, 310)
(14, 7, 310)
(14, 8, 310)
(14, 9, 310)
(14, 10, 310)
(14, 11, 310)
(14, 12, 308)
(14, 13, 302)
(14, 14, 302)
(14, 15, 298)
(14, 16, 294)
(14, 17, 294)
(14, 18, 294)
(14, 19, 286)
(14, 20, 282)
(14, 21, 273)
(14, 22, 271)
(14, 23, 263)
(14, 24, 254)
(14, 25, 250)
(14, 26, 248)
(14, 27, 248)
(14, 28, 246)
(14, 29, 234)
(14, 30, 223)
(14, 31, 223)
(14, 32, 223)
(14, 33, 221)
(14, 34, 220)
(14, 35, 198)
(14, 36, 196)
(14, 37, 194)
(14, 38, 192)
(14, 39, 171)

(15, 0, 310)
(15, 1, 310)
(15, 2, 310)
(15, 3, 310)
(15, 4, 310)
(15, 5, 310)
(15, 6, 310)
(15, 7, 310)
(15, 8, 310)
(15, 9, 310)
(15, 10, 310)
(15, 11, 310)
(15, 12, 308)
(15, 13, 302)
(15, 14, 302)
(15, 15, 298)
(15, 16, 294)
(15, 17, 294)
(15, 18, 294)
(15, 19, 286)
(15, 20, 282)
(15, 21, 273)
(15, 22, 271)
(15, 23, 263)
(15, 24, 254)
(15, 25, 250)
(15, 26, 248)
(15, 27, 248)
(15, 28, 246)
(15, 29, 234)
(15, 30, 223)
(15, 31, 223)
(15, 32, 223)
(15, 33, 221)
(15, 34, 220)
(15, 35, 198)
(15, 36, 196)
(15, 37, 194)
(15, 38, 192)
(15, 39, 171)

(16, 0, 310)
(16, 1, 310)
(16, 2, 310)
(16, 3, 310)
(16, 4, 310)
(16, 5, 310)
(16, 6, 310)
(16, 7, 310)
(16, 8, 310)
(16, 9, 310)
(16, 10, 310)
(16, 11, 310)
(16, 12, 308)
(16, 13, 302)
(16, 14, 302)
(16, 15, 298)
(16, 16, 294)
(16, 17, 294)
(16, 18, 294)
(16, 19, 286)
(16, 20, 282)
(16, 21, 273)
(16, 22, 271)
(16, 23, 263)
(16, 24, 254)
(16, 25, 250)
(16, 26, 248)
(16, 27, 248)
(16, 28, 246)
(16, 29, 234)
(16, 30, 223)
(16, 31, 223)
(16, 32, 223)
(16, 33, 221)
(16, 34, 220)
(16, 35, 198)
(16, 36, 196)
(16, 37, 194)
(16, 38, 192)
(16, 39, 171)

(17, 0, 310)
(17, 1, 310)
(17, 2, 310)
(17, 3, 310)
(17, 4, 310)
(17, 5, 310)
(17, 6, 310)
(17, 7, 310)
(17, 8, 310)
(17, 9, 310)
(17, 10, 310)
(17, 11, 310)
(17, 12, 308)
(17, 13, 302)
(17, 14, 302)
(17, 15, 298)
(17, 16, 294)
(17, 17, 294)
(17, 18, 294)
(17, 19, 286)
(17, 20, 282)
(17, 21, 273)
(17, 22, 271)
(17, 23, 263)
(17, 24, 254)
(17, 25, 250)
(17, 26, 248)
(17, 27, 248)
(17, 28, 246)
(17, 29, 234)
(17, 30, 223)
(17, 31, 223)
(17, 32, 223)
(17, 33, 221)
(17, 34, 220)
(17, 35, 198)
(17, 36, 196)
(17, 37, 194)
(17, 38, 192)
(17, 39, 171)

(18, 0, 310)
(18, 1, 310)
(18, 2, 310)
(18, 3, 310)
(18, 4, 310)
(18, 5, 310)
(18, 6, 310)
(18, 7, 310)
(18, 8, 310)
(18, 9, 310)
(18, 10, 310)
(18, 11, 310)
(18, 12, 308)
(18, 13, 302)
(18, 14, 302)
(18, 15, 298)
(18, 16, 294)
(18, 17, 294)
(18, 18, 294)
(18, 19, 286)
(18, 20, 282)
(18, 21, 273)
(18, 22, 271)
(18, 23, 263)
(18, 24, 254)
(18, 25, 250)
(18, 26, 248)
(18, 27, 248)
(18, 28, 246)
(18, 29, 234)
(18, 30, 223)
(18, 31, 223)
(18, 32, 223)
(18, 33, 221)
(18, 34, 220)
(18, 35, 198)
(18, 36, 196)
(18, 37, 194)
(18, 38, 192)
(18, 39, 171)

(19, 0, 312)
(19, 1, 312)
(19, 2, 312)
(19, 3, 312)
(19, 4, 312)
(19, 5, 312)
(19, 6, 312)
(19, 7, 312)
(19, 8, 312)
(19, 9, 312)
(19, 10, 312)
(19, 11, 312)
(19, 12, 310)
(19, 13, 304)
(19, 14, 304)
(19, 15, 300)
(19, 16, 296)
(19, 17, 296)
(19, 18, 296)
(19, 19, 288)
(19, 20, 284)
(19, 21, 275)
(19, 22, 273)
(19, 23, 265)
(19, 24, 256)
(19, 25, 252)
(19, 26, 250)
(19, 27, 250)
(19, 28, 248)
(19, 29, 236)
(19, 30, 225)
(19, 31, 225)
(19, 32, 225)
(19, 33, 223)
(19, 34, 222)
(19, 35, 200)
(19, 36, 198)
(19, 37, 196)
(19, 38, 194)
(19, 39, 173)

(20, 0, 316)
(20, 1, 316)
(20, 2, 316)
(20, 3, 316)
(20, 4, 316)
(20, 5, 316)
(20, 6, 316)
(20, 7, 316)
(20, 8, 316)
(20, 9, 316)
(20, 10, 316)
(20, 11, 316)
(20, 12, 314)
(20, 13, 308)
(20, 14, 308)
(20, 15, 304)
(20, 16, 300)
(20, 17, 300)
(20, 18, 300)
(20, 19, 292)
(20, 20, 288)
(20, 21, 279)
(20, 22, 277)
(20, 23, 269)
(20, 24, 260)
(20, 25, 256)
(20, 26, 254)
(20, 27, 254)
(20, 28, 252)
(20, 29, 240)
(20, 30, 229)
(20, 31, 229)
(20, 32, 229)
(20, 33, 227)
(20, 34, 226)
(20, 35, 204)
(20, 36, 202)
(20, 37, 200)
(20, 38, 198)
(20, 39, 177)

(21, 0, 351)
(21, 1, 351)
(21, 2, 351)
(21, 3, 351)
(21, 4, 351)
(21, 5, 351)
(21, 6, 351)
(21, 7, 351)
(21, 8, 351)
(21, 9, 351)
(21, 10, 351)
(21, 11, 350)
(21, 12, 348)
(21, 13, 342)
(21, 14, 342)
(21, 15, 338)
(21, 16, 334)
(21, 17, 334)
(21, 18, 334)
(21, 19, 326)
(21, 20, 322)
(21, 21, 313)
(21, 22, 310)
(21, 23, 302)
(21, 24, 293)
(21, 25, 289)
(21, 26, 286)
(21, 27, 286)
(21, 28, 283)
(21, 29, 271)
(21, 30, 259)
(21, 31, 259)
(21, 32, 259)
(21, 33, 256)
(21, 34, 255)
(21, 35, 233)
(21, 36, 231)
(21, 37, 229)
(21, 38, 227)
(21, 39, 206)

(22, 0, 384)
(22, 1, 384)
(22, 2, 384)
(22, 3, 384)
(22, 4, 384)
(22, 5, 384)
(22, 6, 384)
(22, 7, 384)
(22, 8, 384)
(22, 9, 384)
(22, 10, 384)
(22, 11, 383)
(22, 12, 381)
(22, 13, 375)
(22, 14, 375)
(22, 15, 371)
(22, 16, 367)
(22, 17, 367)
(22, 18, 367)
(22, 19, 359)
(22, 20, 355)
(22, 21, 346)
(22, 22, 342)
(22, 23, 334)
(22, 24, 323)
(22, 25, 319)
(22, 26, 315)
(22, 27, 315)
(22, 28, 311)
(22, 29, 299)
(22, 30, 285)
(22, 31, 285)
(22, 32, 285)
(22, 33, 282)
(22, 34, 281)
(22, 35, 259)
(22, 36, 257)
(22, 37, 255)
(22, 38, 253)
(22, 39, 232)

(23, 0, 438)
(23, 1, 438)
(23, 2, 438)
(23, 3, 438)
(23, 4, 438)
(23, 5, 438)
(23, 6, 438)
(23, 7, 438)
(23, 8, 438)
(23, 9, 438)
(23, 10, 438)
(23, 11, 436)
(23, 12, 434)
(23, 13, 428)
(23, 14, 428)
(23, 15, 424)
(23, 16, 420)
(23, 17, 420)
(23, 18, 420)
(23, 19, 412)
(23, 20, 408)
(23, 21, 399)
(23, 22, 393)
(23, 23, 385)
(23, 24, 372)
(23, 25, 368)
(23, 26, 362)
(23, 27, 362)
(23, 28, 356)
(23, 29, 344)
(23, 30, 327)
(23, 31, 327)
(23, 32, 327)
(23, 33, 323)
(23, 34, 322)
(23, 35, 300)
(23, 36, 298)
(23, 37, 296)
(23, 38, 294)
(23, 39, 273)

(24, 0, 452)
(24, 1, 452)
(24, 2, 452)
(24, 3, 452)
(24, 4, 452)
(24, 5, 452)
(24, 6, 452)
(24, 7, 452)
(24, 8, 452)
(24, 9, 452)
(24, 10, 452)
(24, 11, 450)
(24, 12, 448)
(24, 13, 442)
(24, 14, 442)
(24, 15, 438)
(24, 16, 434)
(24, 17, 434)
(24, 18, 434)
(24, 19, 426)
(24, 20, 422)
(24, 21, 413)
(24, 22, 407)
(24, 23, 399)
(24, 24, 386)
(24, 25, 382)
(24, 26, 376)
(24, 27, 376)
(24, 28, 370)
(24, 29, 358)
(24, 30, 341)
(24, 31, 341)
(24, 32, 341)
(24, 33, 337)
(24, 34, 336)
(24, 35, 314)
(24, 36, 312)
(24, 37, 310)
(24, 38, 308)
(24, 39, 287)

(25, 0, 455)
(25, 1, 455)
(25, 2, 455)
(25, 3, 455)
(25, 4, 455)
(25, 5, 455)
(25, 6, 455)
(25, 7, 455)
(25, 8, 455)
(25, 9, 455)
(25, 10, 455)
(25, 11, 453)
(25, 12, 451)
(25, 13, 445)
(25, 14, 445)
(25, 15, 441)
(25, 16, 437)
(25, 17, 437)
(25, 18, 437)
(25, 19, 429)
(25, 20, 425)
(25, 21, 416)
(25, 22, 410)
(25, 23, 402)
(25, 24, 389)
(25, 25, 385)
(25, 26, 379)
(25, 27, 379)
(25, 28, 373)
(25, 29, 361)
(25, 30, 344)
(25, 31, 344)
(25, 32, 344)
(25, 33, 340)
(25, 34, 339)
(25, 35, 317)
(25, 36, 315)
(25, 37, 313)
(25, 38, 311)
(25, 39, 290)

(26, 0, 457)
(26, 1, 457)
(26, 2, 457)
(26, 3, 457)
(26, 4, 457)
(26, 5, 457)
(26, 6, 457)
(26, 7, 457)
(26, 8, 457)
(26, 9, 457)
(26, 10, 457)
(26, 11, 455)
(26, 12, 453)
(26, 13, 447)
(26, 14, 447)
(26, 15, 443)
(26, 16, 439)
(26, 17, 439)
(26, 18, 439)
(26, 19, 431)
(26, 20, 427)
(26, 21, 418)
(26, 22, 412)
(26, 23, 404)
(26, 24, 391)
(26, 25, 387)
(26, 26, 381)
(26, 27, 381)
(26, 28, 375)
(26, 29, 363)
(26, 30, 346)
(26, 31, 346)
(26, 32, 346)
(26, 33, 342)
(26, 34, 341)
(26, 35, 319)
(26, 36, 317)
(26, 37, 315)
(26, 38, 313)
(26, 39, 292)

(27, 0, 458)
(27, 1, 458)
(27, 2, 458)
(27, 3, 458)
(27, 4, 458)
(27, 5, 458)
(27, 6, 458)
(27, 7, 458)
(27, 8, 458)
(27, 9, 458)
(27, 10, 458)
(27, 11, 456)
(27, 12, 454)
(27, 13, 448)
(27, 14, 448)
(27, 15, 444)
(27, 16, 440)
(27, 17, 440)
(27, 18, 440)
(27, 19, 432)
(27, 20, 428)
(27, 21, 419)
(27, 22, 413)
(27, 23, 405)
(27, 24, 392)
(27, 25, 388)
(27, 26, 382)
(27, 27, 382)
(27, 28, 376)
(27, 29, 364)
(27, 30, 347)
(27, 31, 347)
(27, 32, 347)
(27, 33, 343)
(27, 34, 342)
(27, 35, 320)
(27, 36, 318)
(27, 37, 316)
(27, 38, 314)
(27, 39, 293)

(28, 0, 458)
(28, 1, 458)
(28, 2, 458)
(28, 3, 458)
(28, 4, 458)
(28, 5, 458)
(28, 6, 458)
(28, 7, 458)
(28, 8, 458)
(28, 9, 458)
(28, 10, 458)
(28, 11, 456)
(28, 12, 454)
(28, 13, 448)
(28, 14, 448)
(28, 15, 444)
(28, 16, 440)
(28, 17, 440)
(28, 18, 440)
(28, 19, 432)
(28, 20, 428)
(28, 21, 419)
(28, 22, 413)
(28, 23, 405)
(28, 24, 392)
(28, 25, 388)
(28, 26, 382)
(28, 27, 382)
(28, 28, 376)
(28, 29, 364)
(28, 30, 347)
(28, 31, 347)
(28, 32, 347)
(28, 33, 343)
(28, 34, 342)
(28, 35, 320)
(28, 36, 318)
(28, 37, 316)
(28, 38, 314)
(28, 39, 293)

(29, 0, 458)
(29, 1, 458)
(29, 2, 458)
(29, 3, 458)
(29, 4, 458)
(29, 5, 458)
(29, 6, 458)
(29, 7, 458)
(29, 8, 458)
(29, 9, 458)
(29, 10, 458)
(29, 11, 456)
(29, 12, 454)
(29, 13, 448)
(29, 14, 448)
(29, 15, 444)
(29, 16, 440)
(29, 17, 440)
(29, 18, 440)
(29, 19, 432)
(29, 20, 428)
(29, 21, 419)
(29, 22, 413)
(29, 23, 405)
(29, 24, 392)
(29, 25, 388)
(29, 26, 382)
(29, 27, 382)
(29, 28, 376)
(29, 29, 364)
(29, 30, 347)
(29, 31, 347)
(29, 32, 347)
(29, 33, 343)
(29, 34, 342)
(29, 35, 320)
(29, 36, 318)
(29, 37, 316)
(29, 38, 314)
(29, 39, 293)

(30, 0, 498)
(30, 1, 498)
(30, 2, 498)
(30, 3, 498)
(30, 4, 498)
(30, 5, 498)
(30, 6, 498)
(30, 7, 498)
(30, 8, 498)
(30, 9, 498)
(30, 10, 498)
(30, 11, 496)
(30, 12, 494)
(30, 13, 488)
(30, 14, 488)
(30, 15, 484)
(30, 16, 476)
(30, 17, 476)
(30, 18, 476)
(30, 19, 467)
(30, 20, 462)
(30, 21, 451)
(30, 22, 445)
(30, 23, 436)
(30, 24, 421)
(30, 25, 416)
(30, 26, 410)
(30, 27, 410)
(30, 28, 404)
(30, 29, 390)
(30, 30, 371)
(30, 31, 371)
(30, 32, 371)
(30, 33, 367)
(30, 34, 366)
(30, 35, 340)
(30, 36, 338)
(30, 37, 335)
(30, 38, 332)
(30, 39, 307)

(31, 0, 530)
(31, 1, 530)
(31, 2, 530)
(31, 3, 530)
(31, 4, 530)
(31, 5, 530)
(31, 6, 530)
(31, 7, 530)
(31, 8, 530)
(31, 9, 530)
(31, 10, 530)
(31, 11, 528)
(31, 12, 526)
(31, 13, 518)
(31, 14, 518)
(31, 15, 514)
(31, 16, 506)
(31, 17, 506)
(31, 18, 506)
(31, 19, 496)
(31, 20, 490)
(31, 21, 477)
(31, 22, 471)
(31, 23, 461)
(31, 24, 444)
(31, 25, 438)
(31, 26, 432)
(31, 27, 432)
(31, 28, 426)
(31, 29, 410)
(31, 30, 389)
(31, 31, 389)
(31, 32, 389)
(31, 33, 385)
(31, 34, 384)
(31, 35, 354)
(31, 36, 352)
(31, 37, 349)
(31, 38, 346)
(31, 39, 317)

(32, 0, 574)
(32, 1, 574)
(32, 2, 574)
(32, 3, 574)
(32, 4, 574)
(32, 5, 574)
(32, 6, 574)
(32, 7, 574)
(32, 8, 574)
(32, 9, 574)
(32, 10, 574)
(32, 11, 572)
(32, 12, 570)
(32, 13, 560)
(32, 14, 560)
(32, 15, 556)
(32, 16, 548)
(32, 17, 548)
(32, 18, 548)
(32, 19, 537)
(32, 20, 531)
(32, 21, 517)
(32, 22, 511)
(32, 23, 499)
(32, 24, 481)
(32, 25, 475)
(32, 26, 469)
(32, 27, 469)
(32, 28, 463)
(32, 29, 445)
(32, 30, 423)
(32, 31, 423)
(32, 32, 423)
(32, 33, 418)
(32, 34, 417)
(32, 35, 383)
(32, 36, 381)
(32, 37, 377)
(32, 38, 374)
(32, 39, 343)

(33, 0, 623)
(33, 1, 623)
(33, 2, 623)
(33, 3, 623)
(33, 4, 623)
(33, 5, 623)
(33, 6, 623)
(33, 7, 623)
(33, 8, 623)
(33, 9, 623)
(33, 10, 623)
(33, 11, 621)
(33, 12, 619)
(33, 13, 609)
(33, 14, 609)
(33, 15, 605)
(33, 16, 597)
(33, 17, 597)
(33, 18, 597)
(33, 19, 582)
(33, 20, 576)
(33, 21, 562)
(33, 22, 555)
(33, 23, 540)
(33, 24, 522)
(33, 25, 516)
(33, 26, 509)
(33, 27, 509)
(33, 28, 502)
(33, 29, 481)
(33, 30, 458)
(33, 31, 458)
(33, 32, 458)
(33, 33, 453)
(33, 34, 452)
(33, 35, 415)
(33, 36, 413)
(33, 37, 409)
(33, 38, 406)
(33, 39, 371)

(34, 0, 664)
(34, 1, 664)
(34, 2, 664)
(34, 3, 664)
(34, 4, 664)
(34, 5, 664)
(34, 6, 664)
(34, 7, 664)
(34, 8, 664)
(34, 9, 664)
(34, 10, 664)
(34, 11, 662)
(34, 12, 660)
(34, 13, 650)
(34, 14, 650)
(34, 15, 644)
(34, 16, 636)
(34, 17, 636)
(34, 18, 636)
(34, 19, 621)
(34, 20, 614)
(34, 21, 598)
(34, 22, 591)
(34, 23, 576)
(34, 24, 556)
(34, 25, 549)
(34, 26, 542)
(34, 27, 542)
(34, 28, 535)
(34, 29, 513)
(34, 30, 488)
(34, 31, 488)
(34, 32, 488)
(34, 33, 483)
(34, 34, 482)
(34, 35, 442)
(34, 36, 440)
(34, 37, 436)
(34, 38, 433)
(34, 39, 395)

(35, 0, 693)
(35, 1, 693)
(35, 2, 693)
(35, 3, 693)
(35, 4, 693)
(35, 5, 693)
(35, 6, 693)
(35, 7, 693)
(35, 8, 693)
(35, 9, 693)
(35, 10, 693)
(35, 11, 691)
(35, 12, 689)
(35, 13, 679)
(35, 14, 679)
(35, 15, 671)
(35, 16, 663)
(35, 17, 663)
(35, 18, 663)
(35, 19, 647)
(35, 20, 640)
(35, 21, 624)
(35, 22, 617)
(35, 23, 601)
(35, 24, 581)
(35, 25, 574)
(35, 26, 567)
(35, 27, 567)
(35, 28, 560)
(35, 29, 537)
(35, 30, 512)
(35, 31, 512)
(35, 32, 512)
(35, 33, 507)
(35, 34, 506)
(35, 35, 465)
(35, 36, 462)
(35, 37, 458)
(35, 38, 454)
(35, 39, 415)

(36, 0, 727)
(36, 1, 727)
(36, 2, 727)
(36, 3, 727)
(36, 4, 727)
(36, 5, 727)
(36, 6, 727)
(36, 7, 727)
(36, 8, 727)
(36, 9, 727)
(36, 10, 727)
(36, 11, 725)
(36, 12, 722)
(36, 13, 711)
(36, 14, 711)
(36, 15, 703)
(36, 16, 695)
(36, 17, 695)
(36, 18, 695)
(36, 19, 679)
(36, 20, 671)
(36, 21, 653)
(36, 22, 646)
(36, 23, 630)
(36, 24, 608)
(36, 25, 600)
(36, 26, 592)
(36, 27, 592)
(36, 28, 585)
(36, 29, 561)
(36, 30, 534)
(36, 31, 534)
(36, 32, 534)
(36, 33, 529)
(36, 34, 528)
(36, 35, 484)
(36, 36, 481)
(36, 37, 477)
(36, 38, 473)
(36, 39, 431)

(37, 0, 747)
(37, 1, 747)
(37, 2, 747)
(37, 3, 747)
(37, 4, 747)
(37, 5, 747)
(37, 6, 747)
(37, 7, 747)
(37, 8, 747)
(37, 9, 747)
(37, 10, 747)
(37, 11, 745)
(37, 12, 742)
(37, 13, 731)
(37, 14, 731)
(37, 15, 723)
(37, 16, 715)
(37, 17, 715)
(37, 18, 715)
(37, 19, 699)
(37, 20, 691)
(37, 21, 673)
(37, 22, 665)
(37, 23, 649)
(37, 24, 627)
(37, 25, 619)
(37, 26, 611)
(37, 27, 611)
(37, 28, 603)
(37, 29, 579)
(37, 30, 551)
(37, 31, 551)
(37, 32, 551)
(37, 33, 545)
(37, 34, 544)
(37, 35, 500)
(37, 36, 497)
(37, 37, 493)
(37, 38, 489)
(37, 39, 447)

(38, 0, 763)
(38, 1, 763)
(38, 2, 763)
(38, 3, 763)
(38, 4, 763)
(38, 5, 763)
(38, 6, 763)
(38, 7, 763)
(38, 8, 763)
(38, 9, 763)
(38, 10, 763)
(38, 11, 761)
(38, 12, 757)
(38, 13, 745)
(38, 14, 745)
(38, 15, 737)
(38, 16, 729)
(38, 17, 729)
(38, 18, 729)
(38, 19, 713)
(38, 20, 705)
(38, 21, 687)
(38, 22, 679)
(38, 23, 663)
(38, 24, 641)
(38, 25, 633)
(38, 26, 625)
(38, 27, 625)
(38, 28, 617)
(38, 29, 593)
(38, 30, 565)
(38, 31, 565)
(38, 32, 565)
(38, 33, 559)
(38, 34, 557)
(38, 35, 513)
(38, 36, 509)
(38, 37, 505)
(38, 38, 501)
(38, 39, 459)

(39, 0, 768)
(39, 1, 768)
(39, 2, 768)
(39, 3, 768)
(39, 4, 768)
(39, 5, 768)
(39, 6, 768)
(39, 7, 768)
(39, 8, 768)
(39, 9, 768)
(39, 10, 768)
(39, 11, 766)
(39, 12, 762)
(39, 13, 750)
(39, 14, 750)
(39, 15, 742)
(39, 16, 734)
(39, 17, 734)
(39, 18, 734)
(39, 19, 718)
(39, 20, 710)
(39, 21, 692)
(39, 22, 684)
(39, 23, 668)
(39, 24, 646)
(39, 25, 638)
(39, 26, 630)
(39, 27, 630)
(39, 28, 622)
(39, 29, 598)
(39, 30, 570)
(39, 31, 570)
(39, 32, 570)
(39, 33, 564)
(39, 34, 562)
(39, 35, 518)
(39, 36, 514)
(39, 37, 510)
(39, 38, 506)
(39, 39, 464)


Betti numbers:
xi_0:
(0, 0, 87)
(1, 0, 62)
(2, 0, 2)
(3, 0, 34)
(4, 0, 70)
(5, 0, 40)
(6, 0, 9)
(7, 0, 3)
(8, 0, 2)
(9, 0, 1)
(19, 0, 2)
(20, 0, 4)
(21, 0, 35)
(22, 0, 33)
(23, 0, 54)
(24, 0, 14)
(25, 0, 3)
(26, 0, 2)
(27, 0, 1)
(30, 0, 40)
(31, 0, 32)
(32, 0, 44)
(33, 0, 49)
(34, 0, 41)
(35, 0, 29)
(36, 0, 34)
(37, 0, 20)
(38, 0, 16)
(39, 0, 5)
xi_1:
(0, 13, 2)
(0, 15, 2)
(0, 16, 2)
(0, 19, 7)
(0, 20, 3)
(0, 21, 7)
(0, 23, 7)
(0, 24, 5)
(0, 25, 2)
(0, 29, 7)
(0, 30, 5)
(0, 35, 10)
(0, 39, 9)
(1, 12, 1)
(1, 13, 1)
(1, 19, 1)
(1, 20, 1)
(1, 21, 2)
(1, 23, 1)
(1, 24, 4)
(1, 25, 2)
(1, 29, 5)
(1, 30, 4)
(1, 35, 11)
(1, 39, 12)
(3, 16, 2)
(3, 35, 1)
(3, 37, 2)
(3, 38, 1)
(4, 13, 2)
(4, 15, 2)
(4, 22, 1)
(4, 26, 1)
(4, 28, 1)
(4, 30, 1)
(4, 33, 1)
(4, 36, 1)
(4, 38, 1)
(5, 12, 1)
(5, 13, 1)
(5, 22, 1)
(5, 26, 1)
(5, 28, 1)
(5, 30, 1)
(5, 33, 1)
(5, 34, 1)
(5, 36, 1)
(21, 11, 1)
(21, 22, 1)
(21, 26, 1)
(21, 28, 1)
(21, 30, 1)
(21, 33, 1)
(22, 22, 1)
(22, 24, 2)
(22, 26, 1)
(22, 28, 1)
(22, 30, 2)
(23, 11, 1)
(23, 22, 2)
(23, 24, 2)
(23, 26, 2)
(23, 28, 2)
(23, 30, 3)
(23, 33, 1)
(30, 16, 4)
(30, 19, 1)
(30, 20, 1)
(30, 21, 2)
(30, 23, 1)
(30, 24, 2)
(30, 25, 1)
(30, 29, 2)
(30, 30, 2)
(30, 35, 4)
(30, 37, 1)
(30, 38, 1)
(30, 39, 4)
(31, 13, 2)
(31, 19, 1)
(31, 20, 1)
(31, 21, 2)
(31, 23, 1)
(31, 24, 2)
(31, 25, 1)
(31, 29, 2)
(31, 30, 2)
(31, 35, 4)
(31, 39, 4)
(32, 13, 2)
(32, 19, 1)
(32, 21, 1)
(32, 23, 2)
(32, 24, 1)
(32, 29, 2)
(32, 30, 1)
(32, 33, 1)
(32, 35, 4)
(32, 37, 1)
(32, 39, 2)
(33, 19, 4)
(33, 22, 1)
(33, 23, 3)
(33, 26, 1)
(33, 28, 1)
(33, 29, 3)
(33, 30, 1)
(33, 35, 3)
(33, 39, 4)
(34, 15, 2)
(34, 20, 1)
(34, 21, 2)
(34, 24, 2)
(34, 25, 1)
(34, 29, 1)
(34, 30, 2)
(34, 35, 3)
(34, 39, 3)
(35, 15, 2)
(35, 19, 1)
(35, 23, 1)
(35, 29, 1)
(35, 35, 1)
(35, 36, 1)
(35, 38, 1)
(35, 39, 1)
(36, 12, 1)
(36, 13, 1)
(36, 20, 1)
(36, 21, 2)
(36, 24, 2)
(36, 25, 1)
(36, 26, 1)
(36, 29, 1)
(36, 30, 2)
(36, 35, 3)
(36, 39, 3)
(37, 22, 1)
(37, 28, 1)
(37, 30, 1)
(37, 33, 1)
(38, 12, 1)
(38, 13, 1)
(38, 34, 1)
(38, 36, 1)
xi_2:
