x-grades
-1054365600287698041/250000000000000000
-514568092928899041/125000000000000000
-1003906771427898123/250000000000000000
-244669339249499541/62500000000000000
-190689588513619641/50000000000000000
-464109264069099123/125000000000000000
-902989113708298287/250000000000000000
-109719962409799791/31250000000000000
-852530284848498369/250000000000000000
-82730087041859841/25000000000000000
-802071455988698451/250000000000000000
-194210510389699623/62500000000000000
-751612627128898533/250000000000000000
-363191606349499287/125000000000000000
-140230759653819723/50000000000000000
-10561318497487479/3906250000000000
-650694969409298697/250000000000000000
-312732777489699369/125000000000000000
-600236140549498779/250000000000000000
-28750336305979941/12500000000000000
-549777311689698861/250000000000000000
-262273948629899451/125000000000000000
-499318482829898943/250000000000000000
-59261133549999873/31250000000000000
-17954386158803961/10000000000000000
-211815119770099533/125000000000000000
-398400825110299107/250000000000000000
-93292852670099787/62500000000000000
-347941996250499189/250000000000000000
-32271258182059923/25000000000000000
-297483167390699271/250000000000000000
-17015859560049957/15625000000000000
-247024338530899353/250000000000000000
-110897462050499697/125000000000000000
-39313101934219887/50000000000000000
-42834023810299869/62500000000000000
-146106680811299517/250000000000000000
-60438633190699779/125000000000000000
-95647851951499599/250000000000000000
-1760460938039991/6250000000000000

y-grades
4999837/2000000
4999837/1000000
14999511/2000000
4999837/500000
4999837/400000
14999511/1000000
34998859/2000000
4999837/250000
44998533/2000000
4999837/200000
54998207/2000000
14999511/500000
64997881/2000000
34998859/1000000
14999511/400000
4999837/125000
84997229/2000000
44998533/1000000
94996903/2000000
4999837/100000
104996577/2000000
54998207/1000000
114996251/2000000
14999511/250000
4999837/80000
64997881/1000000
134995599/2000000
34998859/500000
144995273/2000000
14999511/200000
154994947/2000000
4999837/62500
164994621/2000000
84997229/1000000
34998859/400000
44998533/500000
184993969/2000000
94996903/1000000
194993643/2000000
4999837/50000

Dimensions > 0:
(0, 0, 3)
(0, 1, 3)
(0, 2, 3)
(0, 3, 3)
(0, 4, 3)
(0, 5, 3)
(0, 6, 2)
(0, 7, 2)
(0, 8, 2)
(0, 9, 2)
(0, 10, 1)
(0, 11, 1)
(0, 12, 1)
(0, 13, 1)
(0, 14, 1)
(0, 15, 1)
(0, 16, 1)
(0, 17, 1)
(0, 18, 1)
(0, 19, 1)
(0, 20, 1)
(0, 21, 1)
(0, 22, 1)
(0, 23, 1)
(0, 24, 1)
(0, 25, 1)
(0, 26, 1)
(0, 27, 1)
(0, 28, 1)
(0, 29, 1)
(0, 30, 1)
(0, 31, 1)
(0, 32, 1)
(0, 33, 1)
(0, 34, 1)
(0, 35, 1)
(0, 36, 1)
(0, 37, 1)
(0, 38, 1)
(0, 39, 1)

(1, 0, 5)
(1, 1, 5)
(1, 2, 5)
(1, 3, 5)
(1, 4, 5)
(1, 5, 4)
(1, 6, 2)
(1, 7, 2)
(1, 8, 2)
(1, 9, 2)
(1, 10, 1)
(1, 11, 1)
(1, 12, 1)
(1, 13, 1)
(1, 14, 1)
(1, 15, 1)
(1, 16, 1)
(1, 17, 1)
(1, 18, 1)
(1, 19, 1)
(1, 20, 1)
(1, 21, 1)
(1, 22, 1)
(1, 23, 1)
(1, 24, 1)
(1, 25, 1)
(1, 26, 1)
(1, 27, 1)
(1, 28, 1)
(1, 29, 1)
(1, 30, 1)
(1, 31, 1)
(1, 32, 1)
(1, 33, 1)
(1, 34, 1)
(1, 35, 1)
(1, 36, 1)
(1, 37, 1)
(1, 38, 1)
(1, 39, 1)

(2, 0, 6)
(2, 1, 6)
(2, 2, 6)
(2, 3, 6)
(2, 4, 6)
(2, 5, 4)
(2, 6, 2)
(2, 7, 2)
(2, 8, 2)
(2, 9, 2)
(2, 10, 1)
(2, 11, 1)
(2, 12, 1)
(2, 13, 1)
(2, 14, 1)
(2, 15, 1)
(2, 16, 1)
(2, 17, 1)
(2, 18, 1)
(2, 19, 1)
(2, 20, 1)
(2, 21, 1)
(2, 22, 1)
(2, 23, 1)
(2, 24, 1)
(2, 25, 1)
(2, 26, 1)
(2, 27, 1)
(2, 28, 1)
(2, 29, 1)
(2, 30, 1)
(2, 31, 1)
(2, 32, 1)
(2, 33, 1)
(2, 34, 1)
(2, 35, 1)
(2, 36, 1)
(2, 37, 1)
(2, 38, 1)
(2, 39, 1)

(3, 0, 8)
(3, 1, 8)
(3, 2, 8)
(3, 3, 8)
(3, 4, 7)
(3, 5, 4)
(3, 6, 2)
(3, 7, 2)
(3, 8, 2)
(3, 9, 2)
(3, 10, 1)
(3, 11, 1)
(3, 12, 1)
(3, 13, 1)
(3, 14, 1)
(3, 15, 1)
(3, 16, 1)
(3, 17, 1)
(3, 18, 1)
(3, 19, 1)
(3, 20, 1)
(3, 21, 1)
(3, 22, 1)
(3, 23, 1)
(3, 24, 1)
(3, 25, 1)
(3, 26, 1)
(3, 27, 1)
(3, 28, 1)
(3, 29, 1)
(3, 30, 1)
(3, 31, 1)
(3, 32, 1)
(3, 33, 1)
(3, 34, 1)
(3, 35, 1)
(3, 36, 1)
(3, 37, 1)
(3, 38, 1)
(3, 39, 1)

(4, 0, 9)
(4, 1, 9)
(4, 2, 9)
(4, 3, 9)
(4, 4, 7)
(4, 5, 4)
(4, 6, 2)
(4, 7, 2)
(4, 8, 2)
(4, 9, 2)
(4, 10, 1)
(4, 11, 1)
(4, 12, 1)
(4, 13, 1)
(4, 14, 1)
(4, 15, 1)
(4, 16, 1)
(4, 17, 1)
(4, 18, 1)
(4, 19, 1)
(4, 20, 1)
(4, 21, 1)
(4, 22, 1)
(4, 23, 1)
(4, 24, 1)
(4, 25, 1)
(4, 26, 1)
(4, 27, 1)
(4, 28, 1)
(4, 29, 1)
(4, 30, 1)
(4, 31, 1)
(4, 32, 1)
(4, 33, 1)
(4, 34, 1)
(4, 35, 1)
(4, 36, 1)
(4, 37, 1)
(4, 38, 1)
(4, 39, 1)

(5, 0, 9)
(5, 1, 9)
(5, 2, 9)
(5, 3, 9)
(5, 4, 7)
(5, 5, 4)
(5, 6, 2)
(5, 7, 2)
(5, 8, 2)
(5, 9, 2)
(5, 10, 1)
(5, 11, 1)
(5, 12, 1)
(5, 13, 1)
(5, 14, 1)
(5, 15, 1)
(5, 16, 1)
(5, 17, 1)
(5, 18, 1)
(5, 19, 1)
(5, 20, 1)
(5, 21, 1)
(5, 22, 1)
(5, 23, 1)
(5, 24, 1)
(5, 25, 1)
(5, 26, 1)
(5, 27, 1)
(5, 28, 1)
(5, 29, 1)
(5, 30, 1)
(5, 31, 1)
(5, 32, 1)
(5, 33, 1)
(5, 34, 1)
(5, 35, 1)
(5, 36, 1)
(5, 37, 1)
(5, 38, 1)
(5, 39, 1)

(6, 0, 10)
(6, 1, 10)
(6, 2, 10)
(6, 3, 10)
(6, 4, 7)
(6, 5, 4)
(6, 6, 2)
(6, 7, 2)
(6, 8, 2)
(6, 9, 2)
(6, 10, 1)
(6, 11, 1)
(6, 12, 1)
(6, 13, 1)
(6, 14, 1)
(6, 15, 1)
(6, 16, 1)
(6, 17, 1)
(6, 18, 1)
(6, 19, 1)
(6, 20, 1)
(6, 21, 1)
(6, 22, 1)
(6, 23, 1)
(6, 24, 1)
(6, 25, 1)
(6, 26, 1)
(6, 27, 1)
(6, 28, 1)
(6, 29, 1)
(6, 30, 1)
(6, 31, 1)
(6, 32, 1)
(6, 33, 1)
(6, 34, 1)
(6, 35, 1)
(6, 36, 1)
(6, 37, 1)
(6, 38, 1)
(6, 39, 1)

(7, 0, 10)
(7, 1, 10)
(7, 2, 10)
(7, 3, 10)
(7, 4, 7)
(7, 5, 4)
(7, 6, 2)
(7, 7, 2)
(7, 8, 2)
(7, 9, 2)
(7, 10, 1)
(7, 11, 1)
(7, 12, 1)
(7, 13, 1)
(7, 14, 1)
(7, 15, 1)
(7, 16, 1)
(7, 17, 1)
(7, 18, 1)
(7, 19, 1)
(7, 20, 1)
(7, 21, 1)
(7, 22, 1)
(7, 23, 1)
(7, 24, 1)
(7, 25, 1)
(7, 26, 1)
(7, 27, 1)
(7, 28, 1)
(7, 29, 1)
(7, 30, 1)
(7, 31, 1)
(7, 32, 1)
(7, 33, 1)
(7, 34, 1)
(7, 35, 1)
(7, 36, 1)
(7, 37, 1)
(7, 38, 1)
(7, 39, 1)

(8, 0, 11)
(8, 1, 11)
(8, 2, 11)
(8, 3, 11)
(8, 4, 8)
(8, 5, 4)
(8, 6, 2)
(8, 7, 2)
(8, 8, 2)
(8, 9, 2)
(8, 10, 1)
(8, 11, 1)
(8, 12, 1)
(8, 13, 1)
(8, 14, 1)
(8, 15, 1)
(8, 16, 1)
(8, 17, 1)
(8, 18, 1)
(8, 19, 1)
(8, 20, 1)
(8, 21, 1)
(8, 22, 1)
(8, 23, 1)
(8, 24, 1)
(8, 25, 1)
(8, 26, 1)
(8, 27, 1)
(8, 28, 1)
(8, 29, 1)
(8, 30, 1)
(8, 31, 1)
(8, 32, 1)
(8, 33, 1)
(8, 34, 1)
(8, 35, 1)
(8, 36, 1)
(8, 37, 1)
(8, 38, 1)
(8, 39, 1)

(9, 0, 14)
(9, 1, 14)
(9, 2, 14)
(9, 3, 14)
(9, 4, 11)
(9, 5, 6)
(9, 6, 4)
(9, 7, 3)
(9, 8, 3)
(9, 9, 3)
(9, 10, 2)
(9, 11, 2)
(9, 12, 2)
(9, 13, 2)
(9, 14, 2)
(9, 15, 2)
(9, 16, 2)
(9, 17, 2)
(9, 18, 2)
(9, 19, 2)
(9, 20, 2)
(9, 21, 2)
(9, 22, 2)
(9, 23, 2)
(9, 24, 2)
(9, 25, 2)
(9, 26, 2)
(9, 27, 2)
(9, 28, 2)
(9, 29, 2)
(9, 30, 2)
(9, 31, 2)
(9, 32, 2)
(9, 33, 2)
(9, 34, 2)
(9, 35, 2)
(9, 36, 2)
(9, 37, 2)
(9, 38, 2)
(9, 39, 1)

(10, 0, 18)
(10, 1, 18)
(10, 2, 18)
(10, 3, 17)
(10, 4, 14)
(10, 5, 9)
(10, 6, 7)
(10, 7, 5)
(10, 8, 5)
(10, 9, 5)
(10, 10, 2)
(10, 11, 2)
(10, 12, 2)
(10, 13, 2)
(10, 14, 2)
(10, 15, 2)
(10, 16, 2)
(10, 17, 2)
(10, 18, 2)
(10, 19, 2)
(10, 20, 2)
(10, 21, 2)
(10, 22, 2)
(10, 23, 2)
(10, 24, 2)
(10, 25, 2)
(10, 26, 1)
(10, 27, 1)
(10, 28, 1)
(10, 29, 1)
(10, 30, 1)
(10, 31, 1)
(10, 32, 1)
(10, 33, 1)
(10, 34, 1)
(10, 35, 1)
(10, 36, 1)
(10, 37, 1)
(10, 38, 1)
(10, 39, 1)

(11, 0, 24)
(11, 1, 24)
(11, 2, 24)
(11, 3, 22)
(11, 4, 16)
(11, 5, 8)
(11, 6, 6)
(11, 7, 3)
(11, 8, 3)
(11, 9, 3)
(11, 10, 2)
(11, 11, 2)
(11, 12, 2)
(11, 13, 2)
(11, 14, 2)
(11, 15, 2)
(11, 16, 2)
(11, 17, 2)
(11, 18, 2)
(11, 19, 2)
(11, 20, 2)
(11, 21, 2)
(11, 22, 2)
(11, 23, 2)
(11, 24, 2)
(11, 25, 2)
(11, 26, 1)
(11, 27, 1)
(11, 28, 1)
(11, 29, 1)
(11, 30, 1)
(11, 31, 1)
(11, 32, 1)
(11, 33, 1)
(11, 34, 1)
(11, 35, 1)
(11, 36, 1)
(11, 37, 1)
(11, 38, 1)
(11, 39, 1)

(12, 0, 27)
(12, 1, 27)
(12, 2, 27)
(12, 3, 24)
(12, 4, 17)
(12, 5, 8)
(12, 6, 6)
(12, 7, 3)
(12, 8, 3)
(12, 9, 3)
(12, 10, 2)
(12, 11, 2)
(12, 12, 2)
(12, 13, 2)
(12, 14, 2)
(12, 15, 2)
(12, 16, 2)
(12, 17, 2)
(12, 18, 2)
(12, 19, 2)
(12, 20, 2)
(12, 21, 2)
(12, 22, 2)
(12, 23, 2)
(12, 24, 2)
(12, 25, 1)
(12, 26, 1)
(12, 27, 1)
(12, 28, 1)
(12, 29, 1)
(12, 30, 1)
(12, 31, 1)
(12, 32, 1)
(12, 33, 1)
(12, 34, 1)
(12, 35, 1)
(12, 36, 1)
(12, 37, 1)
(12, 38, 1)
(12, 39, 1)

(13, 0, 32)
(13, 1, 32)
(13, 2, 32)
(13, 3, 28)
(13, 4, 19)
(13, 5, 10)
(13, 6, 7)
(13, 7, 4)
(13, 8, 4)
(13, 9, 4)
(13, 10, 3)
(13, 11, 3)
(13, 12, 3)
(13, 13, 3)
(13, 14, 3)
(13, 15, 3)
(13, 16, 2)
(13, 17, 2)
(13, 18, 2)
(13, 19, 2)
(13, 20, 2)
(13, 21, 2)
(13, 22, 2)
(13, 23, 2)
(13, 24, 2)
(13, 25, 1)
(13, 26, 1)
(13, 27, 1)
(13, 28, 1)
(13, 29, 1)
(13, 30, 1)
(13, 31, 1)
(13, 32, 1)
(13, 33, 1)
(13, 34, 1)
(13, 35, 1)
(13, 36, 1)
(13, 37, 1)
(13, 38, 1)
(13, 39, 1)

(14, 0, 35)
(14, 1, 35)
(14, 2, 35)
(14, 3, 30)
(14, 4, 21)
(14, 5, 12)
(14, 6, 7)
(14, 7, 4)
(14, 8, 4)
(14, 9, 4)
(14, 10, 2)
(14, 11, 2)
(14, 12, 2)
(14, 13, 2)
(14, 14, 2)
(14, 15, 2)
(14, 16, 2)
(14, 17, 2)
(14, 18, 2)
(14, 19, 2)
(14, 20, 2)
(14, 21, 2)
(14, 22, 2)
(14, 23, 2)
(14, 24, 2)
(14, 25, 1)
(14, 26, 1)
(14, 27, 1)
(14, 28, 1)
(14, 29, 1)
(14, 30, 1)
(14, 31, 1)
(14, 32, 1)
(14, 33, 1)
(14, 34, 1)
(14, 35, 1)
(14, 36, 1)
(14, 37, 1)
(14, 38, 1)
(14, 39, 1)

(15, 0, 40)
(15, 1, 40)
(15, 2, 39)
(15, 3, 33)
(15, 4, 21)
(15, 5, 12)
(15, 6, 7)
(15, 7, 4)
(15, 8, 4)
(15, 9, 4)
(15, 10, 2)
(15, 11, 2)
(15, 12, 2)
(15, 13, 2)
(15, 14, 2)
(15, 15, 2)
(15, 16, 2)
(15, 17, 2)
(15, 18, 2)
(15, 19, 2)
(15, 20, 2)
(15, 21, 2)
(15, 22, 2)
(15, 23, 2)
(15, 24, 2)
(15, 25, 1)
(15, 26, 1)
(15, 27, 1)
(15, 28, 1)
(15, 29, 1)
(15, 30, 1)
(15, 31, 1)
(15, 32, 1)
(15, 33, 1)
(15, 34, 1)
(15, 35, 1)
(15, 36, 1)
(15, 37, 1)
(15, 38, 1)
(15, 39, 1)

(16, 0, 41)
(16, 1, 41)
(16, 2, 40)
(16, 3, 33)
(16, 4, 21)
(16, 5, 12)
(16, 6, 7)
(16, 7, 4)
(16, 8, 4)
(16, 9, 4)
(16, 10, 2)
(16, 11, 2)
(16, 12, 2)
(16, 13, 2)
(16, 14, 2)
(16, 15, 2)
(16, 16, 2)
(16, 17, 2)
(16, 18, 2)
(16, 19, 2)
(16, 20, 2)
(16, 21, 2)
(16, 22, 2)
(16, 23, 2)
(16, 24, 2)
(16, 25, 1)
(16, 26, 1)
(16, 27, 1)
(16, 28, 1)
(16, 29, 1)
(16, 30, 1)
(16, 31, 1)
(16, 32, 1)
(16, 33, 1)
(16, 34, 1)
(16, 35, 1)
(16, 36, 1)
(16, 37, 1)
(16, 38, 1)
(16, 39, 1)

(17, 0, 44)
(17, 1, 44)
(17, 2, 43)
(17, 3, 35)
(17, 4, 22)
(17, 5, 13)
(17, 6, 8)
(17, 7, 5)
(17, 8, 5)
(17, 9, 4)
(17, 10, 2)
(17, 11, 2)
(17, 12, 2)
(17, 13, 2)
(17, 14, 2)
(17, 15, 2)
(17, 16, 2)
(17, 17, 2)
(17, 18, 2)
(17, 19, 2)
(17, 20, 2)
(17, 21, 2)
(17, 22, 2)
(17, 23, 2)
(17, 24, 2)
(17, 25, 1)
(17, 26, 1)
(17, 27, 1)
(17, 28, 1)
(17, 29, 1)
(17, 30, 1)
(17, 31, 1)
(17, 32, 1)
(17, 33, 1)
(17, 34, 1)
(17, 35, 1)
(17, 36, 1)
(17, 37, 1)
(17, 38, 1)
(17, 39, 1)

(18, 0, 51)
(18, 1, 50)
(18, 2, 49)
(18, 3, 39)
(18, 4, 25)
(18, 5, 15)
(18, 6, 9)
(18, 7, 4)
(18, 8, 4)
(18, 9, 4)
(18, 10, 2)
(18, 11, 2)
(18, 12, 2)
(18, 13, 2)
(18, 14, 2)
(18, 15, 2)
(18, 16, 2)
(18, 17, 2)
(18, 18, 2)
(18, 19, 2)
(18, 20, 2)
(18, 21, 2)
(18, 22, 2)
(18, 23, 2)
(18, 24, 2)
(18, 25, 1)
(18, 26, 1)
(18, 27, 1)
(18, 28, 1)
(18, 29, 1)
(18, 30, 1)
(18, 31, 1)
(18, 32, 1)
(18, 33, 1)
(18, 34, 1)
(18, 35, 1)
(18, 36, 1)
(18, 37, 1)
(18, 38, 1)
(18, 39, 1)

(19, 0, 55)
(19, 1, 54)
(19, 2, 50)
(19, 3, 39)
(19, 4, 25)
(19, 5, 15)
(19, 6, 9)
(19, 7, 4)
(19, 8, 4)
(19, 9, 4)
(19, 10, 2)
(19, 11, 2)
(19, 12, 2)
(19, 13, 2)
(19, 14, 2)
(19, 15, 2)
(19, 16, 2)
(19, 17, 2)
(19, 18, 2)
(19, 19, 2)
(19, 20, 2)
(19, 21, 2)
(19, 22, 2)
(19, 23, 2)
(19, 24, 2)
(19, 25, 1)
(19, 26, 1)
(19, 27, 1)
(19, 28, 1)
(19, 29, 1)
(19, 30, 1)
(19, 31, 1)
(19, 32, 1)
(19, 33, 1)
(19, 34, 1)
(19, 35, 1)
(19, 36, 1)
(19, 37, 1)
(19, 38, 1)
(19, 39, 1)

(20, 0, 61)
(20, 1, 56)
(20, 2, 51)
(20, 3, 39)
(20, 4, 25)
(20, 5, 15)
(20, 6, 9)
(20, 7, 4)
(20, 8, 4)
(20, 9, 4)
(20, 10, 2)
(20, 11, 2)
(20, 12, 2)
(20, 13, 2)
(20, 14, 2)
(20, 15, 2)
(20, 16, 2)
(20, 17, 2)
(20, 18, 2)
(20, 19, 2)
(20, 20, 2)
(20, 21, 2)
(20, 22, 2)
(20, 23, 2)
(20, 24, 2)
(20, 25, 1)
(20, 26, 1)
(20, 27, 1)
(20, 28, 1)
(20, 29, 1)
(20, 30, 1)
(20, 31, 1)
(20, 32, 1)
(20, 33, 1)
(20, 34, 1)
(20, 35, 1)
(20, 36, 1)
(20, 37, 1)
(20, 38, 1)
(20, 39, 1)

(21, 0, 65)
(21, 1, 59)
(21, 2, 52)
(21, 3, 40)
(21, 4, 26)
(21, 5, 16)
(21, 6, 10)
(21, 7, 4)
(21, 8, 4)
(21, 9, 4)
(21, 10, 2)
(21, 11, 2)
(21, 12, 2)
(21, 13, 2)
(21, 14, 2)
(21, 15, 2)
(21, 16, 2)
(21, 17, 2)
(21, 18, 2)
(21, 19, 2)
(21, 20, 2)
(21, 21, 2)
(21, 22, 2)
(21, 23, 2)
(21, 24, 2)
(21, 25, 1)
(21, 26, 1)
(21, 27, 1)
(21, 28, 1)
(21, 29, 1)
(21, 30, 1)
(21, 31, 1)
(21, 32, 1)
(21, 33, 1)
(21, 34, 1)
(21, 35, 1)
(21, 36, 1)
(21, 37, 1)
(21, 38, 1)
(21, 39, 1)

(22, 0, 71)
(22, 1, 63)
(22, 2, 55)
(22, 3, 41)
(22, 4, 26)
(22, 5, 16)
(22, 6, 9)
(22, 7, 4)
(22, 8, 4)
(22, 9, 4)
(22, 10, 2)
(22, 11, 2)
(22, 12, 2)
(22, 13, 2)
(22, 14, 2)
(22, 15, 2)
(22, 16, 2)
(22, 17, 2)
(22, 18, 2)
(22, 19, 2)
(22, 20, 2)
(22, 21, 2)
(22, 22, 2)
(22, 23, 2)
(22, 24, 2)
(22, 25, 1)
(22, 26, 1)
(22, 27, 1)
(22, 28, 1)
(22, 29, 1)
(22, 30, 1)
(22, 31, 1)
(22, 32, 1)
(22, 33, 1)
(22, 34, 1)
(22, 35, 1)
(22, 36, 1)
(22, 37, 1)
(22, 38, 1)
(22, 39, 1)

(23, 0, 78)
(23, 1, 68)
(23, 2, 58)
(23, 3, 43)
(23, 4, 27)
(23, 5, 15)
(23, 6, 7)
(23, 7, 4)
(23, 8, 4)
(23, 9, 4)
(23, 10, 2)
(23, 11, 2)
(23, 12, 2)
(23, 13, 2)
(23, 14, 2)
(23, 15, 2)
(23, 16, 2)
(23, 17, 2)
(23, 18, 2)
(23, 19, 2)
(23, 20, 2)
(23, 21, 2)
(23, 22, 2)
(23, 23, 2)
(23, 24, 2)
(23, 25, 1)
(23, 26, 1)
(23, 27, 1)
(23, 28, 1)
(23, 29, 1)
(23, 30, 1)
(23, 31, 1)
(23, 32, 1)
(23, 33, 1)
(23, 34, 1)
(23, 35, 1)
(23, 36, 1)
(23, 37, 1)
(23, 38, 1)
(23, 39, 1)

(24, 0, 87)
(24, 1, 73)
(24, 2, 60)
(24, 3, 44)
(24, 4, 25)
(24, 5, 14)
(24, 6, 6)
(24, 7, 4)
(24, 8, 4)
(24, 9, 4)
(24, 10, 2)
(24, 11, 2)
(24, 12, 2)
(24, 13, 2)
(24, 14, 2)
(24, 15, 2)
(24, 16, 2)
(24, 17, 2)
(24, 18, 2)
(24, 19, 2)
(24, 20, 2)
(24, 21, 2)
(24, 22, 2)
(24, 23, 2)
(24, 24, 2)
(24, 25, 1)
(24, 26, 1)
(24, 27, 1)
(24, 28, 1)
(24, 29, 1)
(24, 30, 1)
(24, 31, 1)
(24, 32, 1)
(24, 33, 1)
(24, 34, 1)
(24, 35, 1)
(24, 36, 1)
(24, 37, 1)
(24, 38, 1)
(24, 39, 1)

(25, 0, 93)
(25, 1, 76)
(25, 2, 62)
(25, 3, 43)
(25, 4, 25)
(25, 5, 14)
(25, 6, 6)
(25, 7, 4)
(25, 8, 4)
(25, 9, 4)
(25, 10, 2)
(25, 11, 2)
(25, 12, 2)
(25, 13, 2)
(25, 14, 2)
(25, 15, 2)
(25, 16, 2)
(25, 17, 2)
(25, 18, 2)
(25, 19, 2)
(25, 20, 2)
(25, 21, 2)
(25, 22, 2)
(25, 23, 2)
(25, 24, 2)
(25, 25, 1)
(25, 26, 1)
(25, 27, 1)
(25, 28, 1)
(25, 29, 1)
(25, 30, 1)
(25, 31, 1)
(25, 32, 1)
(25, 33, 1)
(25, 34, 1)
(25, 35, 1)
(25, 36, 1)
(25, 37, 1)
(25, 38, 1)
(25, 39, 1)

(26, 0, 103)
(26, 1, 82)
(26, 2, 65)
(26, 3, 42)
(26, 4, 26)
(26, 5, 15)
(26, 6, 6)
(26, 7, 4)
(26, 8, 4)
(26, 9, 4)
(26, 10, 2)
(26, 11, 2)
(26, 12, 2)
(26, 13, 2)
(26, 14, 2)
(26, 15, 2)
(26, 16, 2)
(26, 17, 2)
(26, 18, 2)
(26, 19, 2)
(26, 20, 2)
(26, 21, 2)
(26, 22, 2)
(26, 23, 2)
(26, 24, 2)
(26, 25, 1)
(26, 26, 1)
(26, 27, 1)
(26, 28, 1)
(26, 29, 1)
(26, 30, 1)
(26, 31, 1)
(26, 32, 1)
(26, 33, 1)
(26, 34, 1)
(26, 35, 1)
(26, 36, 1)
(26, 37, 1)
(26, 38, 1)
(26, 39, 1)

(27, 0, 115)
(27, 1, 85)
(27, 2, 66)
(27, 3, 43)
(27, 4, 26)
(27, 5, 15)
(27, 6, 6)
(27, 7, 4)
(27, 8, 4)
(27, 9, 4)
(27, 10, 2)
(27, 11, 2)
(27, 12, 2)
(27, 13, 2)
(27, 14, 2)
(27, 15, 2)
(27, 16, 2)
(27, 17, 2)
(27, 18, 2)
(27, 19, 2)
(27, 20, 2)
(27, 21, 2)
(27, 22, 2)
(27, 23, 2)
(27, 24, 2)
(27, 25, 1)
(27, 26, 1)
(27, 27, 1)
(27, 28, 1)
(27, 29, 1)
(27, 30, 1)
(27, 31, 1)
(27, 32, 1)
(27, 33, 1)
(27, 34, 1)
(27, 35, 1)
(27, 36, 1)
(27, 37, 1)
(27, 38, 1)
(27, 39, 1)

(28, 0, 121)
(28, 1, 88)
(28, 2, 67)
(28, 3, 43)
(28, 4, 26)
(28, 5, 15)
(28, 6, 6)
(28, 7, 4)
(28, 8, 4)
(28, 9, 4)
(28, 10, 2)
(28, 11, 2)
(28, 12, 2)
(28, 13, 2)
(28, 14, 2)
(28, 15, 2)
(28, 16, 2)
(28, 17, 2)
(28, 18, 2)
(28, 19, 2)
(28, 20, 2)
(28, 21, 2)
(28, 22, 2)
(28, 23, 2)
(28, 24, 2)
(28, 25, 1)
(28, 26, 1)
(28, 27, 1)
(28, 28, 1)
(28, 29, 1)
(28, 30, 1)
(28, 31, 1)
(28, 32, 1)
(28, 33, 1)
(28, 34, 1)
(28, 35, 1)
(28, 36, 1)
(28, 37, 1)
(28, 38, 1)
(28, 39, 1)

(29, 0, 127)
(29, 1, 92)
(29, 2, 69)
(29, 3, 44)
(29, 4, 26)
(29, 5, 15)
(29, 6, 6)
(29, 7, 4)
(29, 8, 4)
(29, 9, 4)
(29, 10, 2)
(29, 11, 2)
(29, 12, 2)
(29, 13, 2)
(29, 14, 2)
(29, 15, 2)
(29, 16, 2)
(29, 17, 2)
(29, 18, 2)
(29, 19, 2)
(29, 20, 2)
(29, 21, 2)
(29, 22, 2)
(29, 23, 2)
(29, 24, 2)
(29, 25, 1)
(29, 26, 1)
(29, 27, 1)
(29, 28, 1)
(29, 29, 1)
(29, 30, 1)
(29, 31, 1)
(29, 32, 1)
(29, 33, 1)
(29, 34, 1)
(29, 35, 1)
(29, 36, 1)
(29, 37, 1)
(29, 38, 1)
(29, 39, 1)

(30, 0, 137)
(30, 1, 99)
(30, 2, 73)
(30, 3, 47)
(30, 4, 27)
(30, 5, 16)
(30, 6, 6)
(30, 7, 4)
(30, 8, 4)
(30, 9, 4)
(30, 10, 2)
(30, 11, 2)
(30, 12, 2)
(30, 13, 2)
(30, 14, 2)
(30, 15, 2)
(30, 16, 2)
(30, 17, 2)
(30, 18, 2)
(30, 19, 2)
(30, 20, 2)
(30, 21, 2)
(30, 22, 2)
(30, 23, 2)
(30, 24, 2)
(30, 25, 1)
(30, 26, 1)
(30, 27, 1)
(30, 28, 1)
(30, 29, 1)
(30, 30, 1)
(30, 31, 1)
(30, 32, 1)
(30, 33, 1)
(30, 34, 1)
(30, 35, 1)
(30, 36, 1)
(30, 37, 1)
(30, 38, 1)
(30, 39, 1)

(31, 0, 141)
(31, 1, 103)
(31, 2, 74)
(31, 3, 47)
(31, 4, 27)
(31, 5, 16)
(31, 6, 6)
(31, 7, 4)
(31, 8, 4)
(31, 9, 4)
(31, 10, 2)
(31, 11, 2)
(31, 12, 2)
(31, 13, 2)
(31, 14, 2)
(31, 15, 2)
(31, 16, 2)
(31, 17, 2)
(31, 18, 2)
(31, 19, 2)
(31, 20, 2)
(31, 21, 2)
(31, 22, 2)
(31, 23, 2)
(31, 24, 2)
(31, 25, 1)
(31, 26, 1)
(31, 27, 1)
(31, 28, 1)
(31, 29, 1)
(31, 30, 1)
(31, 31, 1)
(31, 32, 1)
(31, 33, 1)
(31, 34, 1)
(31, 35, 1)
(31, 36, 1)
(31, 37, 1)
(31, 38, 1)
(31, 39, 1)

(32, 0, 147)
(32, 1, 109)
(32, 2, 77)
(32, 3, 49)
(32, 4, 28)
(32, 5, 17)
(32, 6, 7)
(32, 7, 5)
(32, 8, 5)
(32, 9, 5)
(32, 10, 3)
(32, 11, 2)
(32, 12, 2)
(32, 13, 2)
(32, 14, 2)
(32, 15, 2)
(32, 16, 2)
(32, 17, 2)
(32, 18, 2)
(32, 19, 2)
(32, 20, 2)
(32, 21, 2)
(32, 22, 2)
(32, 23, 2)
(32, 24, 2)
(32, 25, 1)
(32, 26, 1)
(32, 27, 1)
(32, 28, 1)
(32, 29, 1)
(32, 30, 1)
(32, 31, 1)
(32, 32, 1)
(32, 33, 1)
(32, 34, 1)
(32, 35, 1)
(32, 36, 1)
(32, 37, 1)
(32, 38, 1)
(32, 39, 1)

(33, 0, 150)
(33, 1, 112)
(33, 2, 79)
(33, 3, 50)
(33, 4, 28)
(33, 5, 17)
(33, 6, 7)
(33, 7, 5)
(33, 8, 5)
(33, 9, 5)
(33, 10, 2)
(33, 11, 2)
(33, 12, 2)
(33, 13, 2)
(33, 14, 2)
(33, 15, 2)
(33, 16, 2)
(33, 17, 2)
(33, 18, 2)
(33, 19, 2)
(33, 20, 2)
(33, 21, 2)
(33, 22, 2)
(33, 23, 2)
(33, 24, 2)
(33, 25, 1)
(33, 26, 1)
(33, 27, 1)
(33, 28, 1)
(33, 29, 1)
(33, 30, 1)
(33, 31, 1)
(33, 32, 1)
(33, 33, 1)
(33, 34, 1)
(33, 35, 1)
(33, 36, 1)
(33, 37, 1)
(33, 38, 1)
(33, 39, 1)

(34, 0, 152)
(34, 1, 114)
(34, 2, 81)
(34, 3, 51)
(34, 4, 29)
(34, 5, 18)
(34, 6, 7)
(34, 7, 5)
(34, 8, 5)
(34, 9, 5)
(34, 10, 2)
(34, 11, 2)
(34, 12, 2)
(34, 13, 2)
(34, 14, 2)
(34, 15, 2)
(34, 16, 2)
(34, 17, 2)
(34, 18, 2)
(34, 19, 2)
(34, 20, 2)
(34, 21, 2)
(34, 22, 2)
(34, 23, 2)
(34, 24, 2)
(34, 25, 1)
(34, 26, 1)
(34, 27, 1)
(34, 28, 1)
(34, 29, 1)
(34, 30, 1)
(34, 31, 1)
(34, 32, 1)
(34, 33, 1)
(34, 34, 1)
(34, 35, 1)
(34, 36, 1)
(34, 37, 1)
(34, 38, 1)
(34, 39, 1)

(35, 0, 154)
(35, 1, 116)
(35, 2, 83)
(35, 3, 53)
(35, 4, 29)
(35, 5, 18)
(35, 6, 7)
(35, 7, 5)
(35, 8, 5)
(35, 9, 4)
(35, 10, 2)
(35, 11, 2)
(35, 12, 2)
(35, 13, 2)
(35, 14, 2)
(35, 15, 2)
(35, 16, 2)
(35, 17, 2)
(35, 18, 2)
(35, 19, 2)
(35, 20, 2)
(35, 21, 2)
(35, 22, 2)
(35, 23, 2)
(35, 24, 2)
(35, 25, 1)
(35, 26, 1)
(35, 27, 1)
(35, 28, 1)
(35, 29, 1)
(35, 30, 1)
(35, 31, 1)
(35, 32, 1)
(35, 33, 1)
(35, 34, 1)
(35, 35, 1)
(35, 36, 1)
(35, 37, 1)
(35, 38, 1)
(35, 39, 1)

(36, 0, 156)
(36, 1, 118)
(36, 2, 85)
(36, 3, 53)
(36, 4, 29)
(36, 5, 18)
(36, 6, 7)
(36, 7, 4)
(36, 8, 4)
(36, 9, 4)
(36, 10, 2)
(36, 11, 2)
(36, 12, 2)
(36, 13, 2)
(36, 14, 2)
(36, 15, 2)
(36, 16, 2)
(36, 17, 2)
(36, 18, 2)
(36, 19, 2)
(36, 20, 2)
(36, 21, 2)
(36, 22, 2)
(36, 23, 2)
(36, 24, 2)
(36, 25, 1)
(36, 26, 1)
(36, 27, 1)
(36, 28, 1)
(36, 29, 1)
(36, 30, 1)
(36, 31, 1)
(36, 32, 1)
(36, 33, 1)
(36, 34, 1)
(36, 35, 1)
(36, 36, 1)
(36, 37, 1)
(36, 38, 1)
(36, 39, 1)

(37, 0, 157)
(37, 1, 119)
(37, 2, 86)
(37, 3, 54)
(37, 4, 30)
(37, 5, 19)
(37, 6, 8)
(37, 7, 4)
(37, 8, 4)
(37, 9, 4)
(37, 10, 2)
(37, 11, 2)
(37, 12, 2)
(37, 13, 2)
(37, 14, 2)
(37, 15, 2)
(37, 16, 2)
(37, 17, 2)
(37, 18, 2)
(37, 19, 2)
(37, 20, 2)
(37, 21, 2)
(37, 22, 2)
(37, 23, 2)
(37, 24, 2)
(37, 25, 1)
(37, 26, 1)
(37, 27, 1)
(37, 28, 1)
(37, 29, 1)
(37, 30, 1)
(37, 31, 1)
(37, 32, 1)
(37, 33, 1)
(37, 34, 1)
(37, 35, 1)
(37, 36, 1)
(37, 37, 1)
(37, 38, 1)
(37, 39, 1)

(38, 0, 160)
(38, 1, 122)
(38, 2, 89)
(38, 3, 56)
(38, 4, 31)
(38, 5, 18)
(38, 6, 7)
(38, 7, 4)
(38, 8, 4)
(38, 9, 4)
(38, 10, 2)
(38, 11, 2)
(38, 12, 2)
(38, 13, 2)
(38, 14, 2)
(38, 15, 2)
(38, 16, 2)
(38, 17, 2)
(38, 18, 2)
(38, 19, 2)
(38, 20, 2)
(38, 21, 2)
(38, 22, 2)
(38, 23, 2)
(38, 24, 2)
(38, 25, 1)
(38, 26, 1)
(38, 27, 1)
(38, 28, 1)
(38, 29, 1)
(38, 30, 1)
(38, 31, 1)
(38, 32, 1)
(38, 33, 1)
(38, 34, 1)
(38, 35, 1)
(38, 36, 1)
(38, 37, 1)
(38, 38, 1)
(38, 39, 1)

(39, 0, 161)
(39, 1, 123)
(39, 2, 90)
(39, 3, 57)
(39, 4, 31)
(39, 5, 17)
(39, 6, 7)
(39, 7, 4)
(39, 8, 4)
(39, 9, 4)
(39, 10, 2)
(39, 11, 2)
(39, 12, 2)
(39, 13, 2)
(39, 14, 2)
(39, 15, 2)
(39, 16, 2)
(39, 17, 2)
(39, 18, 2)
(39, 19, 2)
(39, 20, 2)
(39, 21, 2)
(39, 22, 2)
(39, 23, 2)
(39, 24, 2)
(39, 25, 1)
(39, 26, 1)
(39, 27, 1)
(39, 28, 1)
(39, 29, 1)
(39, 30, 1)
(39, 31, 1)
(39, 32, 1)
(39, 33, 1)
(39, 34, 1)
(39, 35, 1)
(39, 36, 1)
(39, 37, 1)
(39, 38, 1)
(39, 39, 1)


Betti numbers:
xi_0:
(0, 0, 3)
(1, 0, 2)
(2, 0, 1)
(3, 0, 2)
(4, 0, 1)
(6, 0, 1)
(8, 0, 1)
(9, 0, 3)
(10, 0, 4)
(11, 0, 6)
(12, 0, 3)
(13, 0, 5)
(14, 0, 3)
(15, 0, 5)
(16, 0, 1)
(17, 0, 3)
(18, 0, 7)
(19, 0, 4)
(20, 0, 6)
(21, 0, 4)
(22, 0, 6)
(23, 0, 7)
(24, 0, 9)
(25, 0, 6)
(26, 0, 10)
(27, 0, 12)
(28, 0, 6)
(29, 0, 6)
(30, 0, 10)
(31, 0, 4)
(32, 0, 6)
(33, 0, 3)
(34, 0, 2)
(35, 0, 2)
(36, 0, 2)
(37, 0, 1)
(38, 0, 3)
(39, 0, 1)
xi_1:
(0, 6, 1)
(0, 10, 1)
(1, 5, 1)
(1, 6, 1)
(2, 5, 1)
(3, 4, 1)
(3, 5, 1)
(4, 4, 1)
(6, 4, 1)
(8, 5, 1)
(9, 5, 1)
(9, 7, 1)
(9, 39, 1)
(10, 3, 1)
(10, 7, 1)
(10, 10, 2)
(10, 26, 1)
(11, 3, 1)
(11, 4, 3)
(11, 5, 3)
(11, 7, 2)
(12, 3, 1)
(12, 4, 1)
(12, 5, 1)
(12, 25, 1)
(13, 3, 1)
(13, 4, 2)
(13, 6, 1)
(13, 16, 1)
(14, 3, 1)
(14, 6, 2)
(14, 10, 1)
(15, 2, 1)
(15, 3, 1)
(15, 4, 3)
(16, 3, 1)
(17, 3, 1)
(17, 4, 1)
(17, 9, 1)
(18, 1, 1)
(18, 3, 2)
(18, 4, 1)
(18, 5, 1)
(18, 6, 1)
(18, 7, 2)
(19, 2, 3)
(19, 3, 1)
(19, 4, 1)
(20, 1, 4)
(20, 2, 2)
(20, 3, 2)
(21, 1, 1)
(21, 2, 2)
(21, 7, 1)
(22, 1, 2)
(22, 2, 1)
(22, 3, 2)
(22, 4, 1)
(22, 6, 1)
(23, 1, 2)
(23, 2, 2)
(23, 3, 1)
(23, 4, 1)
(23, 5, 3)
(23, 6, 1)
(24, 1, 4)
(24, 2, 3)
(24, 3, 1)
(24, 4, 3)
(24, 6, 1)
(25, 1, 3)
(25, 2, 1)
(25, 3, 3)
(25, 4, 1)
(26, 1, 4)
(26, 2, 3)
(26, 3, 5)
(26, 6, 1)
(27, 1, 9)
(27, 2, 2)
(27, 3, 1)
(27, 4, 1)
(28, 1, 3)
(28, 2, 2)
(28, 3, 1)
(29, 1, 2)
(29, 2, 2)
(29, 3, 1)
(29, 4, 1)
(30, 1, 3)
(30, 2, 3)
(30, 3, 2)
(30, 4, 2)
(30, 6, 1)
(31, 2, 3)
(31, 3, 1)
(32, 2, 3)
(32, 3, 1)
(32, 4, 1)
(32, 11, 1)
(33, 2, 1)
(33, 3, 1)
(33, 4, 1)
(33, 10, 1)
(34, 3, 1)
(34, 6, 1)
(35, 4, 2)
(35, 9, 1)
(36, 3, 2)
(36, 7, 1)
(37, 7, 1)
(38, 3, 1)
(38, 4, 1)
(38, 5, 2)
(39, 4, 1)
(39, 5, 1)
xi_2:
(10, 39, 1)
(11, 7, 1)
(11, 10, 2)
(12, 26, 1)
(14, 16, 1)
(18, 9, 1)
(19, 4, 1)
(20, 2, 1)
(20, 3, 1)
(22, 7, 1)
(23, 5, 1)
(23, 7, 2)
(24, 5, 1)
(24, 6, 1)
(24, 7, 1)
(25, 4, 2)
(26, 3, 1)
(26, 4, 2)
(27, 3, 1)
(30, 3, 1)
(33, 11, 1)
(35, 10, 1)
(36, 9, 1)
(38, 7, 1)
(39, 6, 1)
