x-grades
-207617709531764503403/400000000000000000000
-101151140582968563403/200000000000000000000
-196986852800109750209/400000000000000000000
-47917856108570593403/100000000000000000000
-37271199213690999403/80000000000000000000
-90520283851313810209/200000000000000000000
-175725139336800243821/400000000000000000000
-21301213871371608403/50000000000000000000
-165094282605145490627/400000000000000000000
-15977885423931811403/40000000000000000000
-154463425873490737433/400000000000000000000
-37286999376915840209/100000000000000000000
-143832569141835984239/400000000000000000000
-69258570388004303821/200000000000000000000
-26640342482036246209/80000000000000000000
-7992892752772115903/25000000000000000000
-122570855678526477851/400000000000000000000
-58627713656349550627/200000000000000000000
-111939998946871724657/400000000000000000000
-5331228529052217403/20000000000000000000
-101309142215216971463/400000000000000000000
-47996856924694797433/200000000000000000000
-90678285483562218269/400000000000000000000
-10670357139716855209/50000000000000000000
-3201897150076298603/16000000000000000000
-37366000193040044239/200000000000000000000
-69416572020252711881/400000000000000000000
-16025285913606333821/100000000000000000000
-58785715288597958687/400000000000000000000
-5347028692277058209/40000000000000000000
-48154858556943205493/400000000000000000000
-1338732193472369653/12500000000000000000
-37524001825288452299/400000000000000000000
-16104286729730537851/200000000000000000000
-5378629018726739821/80000000000000000000
-5394429181951580627/100000000000000000000
-16262288361978945911/400000000000000000000
-5473429998075784657/200000000000000000000
-5631431630324192717/400000000000000000000
-7900081612420403/10000000000000000000

y-grades
1223997/2000000
1223997/1000000
3671991/2000000
1223997/500000
1223997/400000
3671991/1000000
8567979/2000000
1223997/250000
11015973/2000000
1223997/200000
13463967/2000000
3671991/500000
15911961/2000000
8567979/1000000
3671991/400000
1223997/125000
20807949/2000000
11015973/1000000
23255943/2000000
1223997/100000
25703937/2000000
13463967/1000000
28151931/2000000
3671991/250000
1223997/80000
15911961/1000000
33047919/2000000
8567979/500000
35495913/2000000
3671991/200000
37943907/2000000
1223997/62500
40391901/2000000
20807949/1000000
8567979/400000
11015973/500000
45287889/2000000
23255943/1000000
47735883/2000000
1223997/50000

Dimensions > 0:
(0, 0, 2)
(0, 1, 1)
(0, 2, 1)
(0, 3, 1)
(0, 4, 1)
(0, 5, 1)
(0, 6, 1)
(0, 7, 1)
(0, 8, 1)
(0, 9, 1)
(0, 10, 1)
(0, 11, 1)
(0, 12, 1)
(0, 13, 1)
(0, 14, 1)
(0, 15, 1)
(0, 16, 1)
(0, 17, 1)
(0, 18, 1)
(0, 19, 1)
(0, 20, 1)
(0, 21, 1)
(0, 22, 1)
(0, 23, 1)
(0, 24, 1)
(0, 25, 1)
(0, 26, 1)
(0, 27, 1)
(0, 28, 1)
(0, 29, 1)
(0, 30, 1)
(0, 31, 1)
(0, 32, 1)
(0, 33, 1)
(0, 34, 1)
(0, 35, 1)
(0, 36, 1)
(0, 37, 1)
(0, 38, 1)
(0, 39, 1)

(1, 0, 2)
(1, 1, 1)
(1, 2, 1)
(1, 3, 1)
(1, 4, 1)
(1, 5, 1)
(1, 6, 1)
(1, 7, 1)
(1, 8, 1)
(1, 9, 1)
(1, 10, 1)
(1, 11, 1)
(1, 12, 1)
(1, 13, 1)
(1, 14, 1)
(1, 15, 1)
(1, 16, 1)
(1, 17, 1)
(1, 18, 1)
(1, 19, 1)
(1, 20, 1)
(1, 21, 1)
(1, 22, 1)
(1, 23, 1)
(1, 24, 1)
(1, 25, 1)
(1, 26, 1)
(1, 27, 1)
(1, 28, 1)
(1, 29, 1)
(1, 30, 1)
(1, 31, 1)
(1, 32, 1)
(1, 33, 1)
(1, 34, 1)
(1, 35, 1)
(1, 36, 1)
(1, 37, 1)
(1, 38, 1)
(1, 39, 1)

(2, 0, 4)
(2, 1, 2)
(2, 2, 2)
(2, 3, 2)
(2, 4, 2)
(2, 5, 2)
(2, 6, 2)
(2, 7, 2)
(2, 8, 2)
(2, 9, 2)
(2, 10, 2)
(2, 11, 2)
(2, 12, 2)
(2, 13, 2)
(2, 14, 2)
(2, 15, 2)
(2, 16, 2)
(2, 17, 2)
(2, 18, 2)
(2, 19, 2)
(2, 20, 2)
(2, 21, 2)
(2, 22, 2)
(2, 23, 2)
(2, 24, 2)
(2, 25, 2)
(2, 26, 2)
(2, 27, 2)
(2, 28, 2)
(2, 29, 2)
(2, 30, 2)
(2, 31, 1)
(2, 32, 1)
(2, 33, 1)
(2, 34, 1)
(2, 35, 1)
(2, 36, 1)
(2, 37, 1)
(2, 38, 1)
(2, 39, 1)

(3, 0, 4)
(3, 1, 2)
(3, 2, 2)
(3, 3, 2)
(3, 4, 2)
(3, 5, 2)
(3, 6, 2)
(3, 7, 2)
(3, 8, 2)
(3, 9, 2)
(3, 10, 2)
(3, 11, 2)
(3, 12, 2)
(3, 13, 2)
(3, 14, 2)
(3, 15, 2)
(3, 16, 2)
(3, 17, 2)
(3, 18, 2)
(3, 19, 2)
(3, 20, 2)
(3, 21, 2)
(3, 22, 2)
(3, 23, 2)
(3, 24, 2)
(3, 25, 2)
(3, 26, 2)
(3, 27, 2)
(3, 28, 2)
(3, 29, 2)
(3, 30, 2)
(3, 31, 1)
(3, 32, 1)
(3, 33, 1)
(3, 34, 1)
(3, 35, 1)
(3, 36, 1)
(3, 37, 1)
(3, 38, 1)
(3, 39, 1)

(4, 0, 4)
(4, 1, 2)
(4, 2, 2)
(4, 3, 2)
(4, 4, 2)
(4, 5, 2)
(4, 6, 2)
(4, 7, 2)
(4, 8, 2)
(4, 9, 2)
(4, 10, 2)
(4, 11, 2)
(4, 12, 2)
(4, 13, 2)
(4, 14, 2)
(4, 15, 2)
(4, 16, 2)
(4, 17, 2)
(4, 18, 2)
(4, 19, 2)
(4, 20, 2)
(4, 21, 2)
(4, 22, 2)
(4, 23, 2)
(4, 24, 2)
(4, 25, 2)
(4, 26, 2)
(4, 27, 2)
(4, 28, 2)
(4, 29, 2)
(4, 30, 2)
(4, 31, 1)
(4, 32, 1)
(4, 33, 1)
(4, 34, 1)
(4, 35, 1)
(4, 36, 1)
(4, 37, 1)
(4, 38, 1)
(4, 39, 1)

(5, 0, 4)
(5, 1, 2)
(5, 2, 2)
(5, 3, 2)
(5, 4, 2)
(5, 5, 2)
(5, 6, 2)
(5, 7, 2)
(5, 8, 2)
(5, 9, 2)
(5, 10, 2)
(5, 11, 2)
(5, 12, 2)
(5, 13, 2)
(5, 14, 2)
(5, 15, 2)
(5, 16, 2)
(5, 17, 2)
(5, 18, 2)
(5, 19, 2)
(5, 20, 2)
(5, 21, 2)
(5, 22, 2)
(5, 23, 2)
(5, 24, 2)
(5, 25, 2)
(5, 26, 2)
(5, 27, 2)
(5, 28, 2)
(5, 29, 2)
(5, 30, 1)
(5, 31, 1)
(5, 32, 1)
(5, 33, 1)
(5, 34, 1)
(5, 35, 1)
(5, 36, 1)
(5, 37, 1)
(5, 38, 1)
(5, 39, 1)

(6, 0, 4)
(6, 1, 2)
(6, 2, 2)
(6, 3, 2)
(6, 4, 2)
(6, 5, 2)
(6, 6, 2)
(6, 7, 2)
(6, 8, 2)
(6, 9, 2)
(6, 10, 2)
(6, 11, 2)
(6, 12, 2)
(6, 13, 2)
(6, 14, 2)
(6, 15, 2)
(6, 16, 2)
(6, 17, 2)
(6, 18, 2)
(6, 19, 2)
(6, 20, 2)
(6, 21, 2)
(6, 22, 2)
(6, 23, 2)
(6, 24, 2)
(6, 25, 2)
(6, 26, 2)
(6, 27, 2)
(6, 28, 2)
(6, 29, 2)
(6, 30, 1)
(6, 31, 1)
(6, 32, 1)
(6, 33, 1)
(6, 34, 1)
(6, 35, 1)
(6, 36, 1)
(6, 37, 1)
(6, 38, 1)
(6, 39, 1)

(7, 0, 4)
(7, 1, 2)
(7, 2, 2)
(7, 3, 2)
(7, 4, 2)
(7, 5, 2)
(7, 6, 2)
(7, 7, 2)
(7, 8, 2)
(7, 9, 2)
(7, 10, 2)
(7, 11, 2)
(7, 12, 2)
(7, 13, 2)
(7, 14, 2)
(7, 15, 2)
(7, 16, 2)
(7, 17, 2)
(7, 18, 2)
(7, 19, 2)
(7, 20, 2)
(7, 21, 2)
(7, 22, 2)
(7, 23, 2)
(7, 24, 2)
(7, 25, 2)
(7, 26, 2)
(7, 27, 2)
(7, 28, 2)
(7, 29, 2)
(7, 30, 1)
(7, 31, 1)
(7, 32, 1)
(7, 33, 1)
(7, 34, 1)
(7, 35, 1)
(7, 36, 1)
(7, 37, 1)
(7, 38, 1)
(7, 39, 1)

(8, 0, 4)
(8, 1, 2)
(8, 2, 2)
(8, 3, 2)
(8, 4, 2)
(8, 5, 2)
(8, 6, 2)
(8, 7, 2)
(8, 8, 2)
(8, 9, 2)
(8, 10, 2)
(8, 11, 2)
(8, 12, 2)
(8, 13, 2)
(8, 14, 2)
(8, 15, 2)
(8, 16, 2)
(8, 17, 2)
(8, 18, 2)
(8, 19, 2)
(8, 20, 2)
(8, 21, 2)
(8, 22, 2)
(8, 23, 2)
(8, 24, 2)
(8, 25, 2)
(8, 26, 2)
(8, 27, 2)
(8, 28, 2)
(8, 29, 2)
(8, 30, 1)
(8, 31, 1)
(8, 32, 1)
(8, 33, 1)
(8, 34, 1)
(8, 35, 1)
(8, 36, 1)
(8, 37, 1)
(8, 38, 1)
(8, 39, 1)

(9, 0, 4)
(9, 1, 2)
(9, 2, 2)
(9, 3, 2)
(9, 4, 2)
(9, 5, 2)
(9, 6, 2)
(9, 7, 2)
(9, 8, 2)
(9, 9, 2)
(9, 10, 2)
(9, 11, 2)
(9, 12, 2)
(9, 13, 2)
(9, 14, 2)
(9, 15, 2)
(9, 16, 2)
(9, 17, 2)
(9, 18, 2)
(9, 19, 2)
(9, 20, 2)
(9, 21, 2)
(9, 22, 2)
(9, 23, 2)
(9, 24, 2)
(9, 25, 2)
(9, 26, 2)
(9, 27, 2)
(9, 28, 2)
(9, 29, 2)
(9, 30, 1)
(9, 31, 1)
(9, 32, 1)
(9, 33, 1)
(9, 34, 1)
(9, 35, 1)
(9, 36, 1)
(9, 37, 1)
(9, 38, 1)
(9, 39, 1)

(10, 0, 4)
(10, 1, 2)
(10, 2, 2)
(10, 3, 2)
(10, 4, 2)
(10, 5, 2)
(10, 6, 2)
(10, 7, 2)
(10, 8, 2)
(10, 9, 2)
(10, 10, 2)
(10, 11, 2)
(10, 12, 2)
(10, 13, 2)
(10, 14, 2)
(10, 15, 2)
(10, 16, 2)
(10, 17, 2)
(10, 18, 2)
(10, 19, 2)
(10, 20, 2)
(10, 21, 2)
(10, 22, 2)
(10, 23, 2)
(10, 24, 2)
(10, 25, 2)
(10, 26, 2)
(10, 27, 2)
(10, 28, 2)
(10, 29, 2)
(10, 30, 1)
(10, 31, 1)
(10, 32, 1)
(10, 33, 1)
(10, 34, 1)
(10, 35, 1)
(10, 36, 1)
(10, 37, 1)
(10, 38, 1)
(10, 39, 1)

(11, 0, 4)
(11, 1, 2)
(11, 2, 2)
(11, 3, 2)
(11, 4, 2)
(11, 5, 2)
(11, 6, 2)
(11, 7, 2)
(11, 8, 2)
(11, 9, 2)
(11, 10, 2)
(11, 11, 2)
(11, 12, 2)
(11, 13, 2)
(11, 14, 2)
(11, 15, 2)
(11, 16, 2)
(11, 17, 2)
(11, 18, 2)
(11, 19, 2)
(11, 20, 2)
(11, 21, 2)
(11, 22, 2)
(11, 23, 2)
(11, 24, 2)
(11, 25, 2)
(11, 26, 2)
(11, 27, 2)
(11, 28, 2)
(11, 29, 2)
(11, 30, 1)
(11, 31, 1)
(11, 32, 1)
(11, 33, 1)
(11, 34, 1)
(11, 35, 1)
(11, 36, 1)
(11, 37, 1)
(11, 38, 1)
(11, 39, 1)

(12, 0, 4)
(12, 1, 2)
(12, 2, 2)
(12, 3, 2)
(12, 4, 2)
(12, 5, 2)
(12, 6, 2)
(12, 7, 2)
(12, 8, 2)
(12, 9, 2)
(12, 10, 2)
(12, 11, 2)
(12, 12, 2)
(12, 13, 2)
(12, 14, 2)
(12, 15, 2)
(12, 16, 2)
(12, 17, 2)
(12, 18, 2)
(12, 19, 2)
(12, 20, 2)
(12, 21, 2)
(12, 22, 2)
(12, 23, 2)
(12, 24, 2)
(12, 25, 2)
(12, 26, 2)
(12, 27, 2)
(12, 28, 2)
(12, 29, 2)
(12, 30, 1)
(12, 31, 1)
(12, 32, 1)
(12, 33, 1)
(12, 34, 1)
(12, 35, 1)
(12, 36, 1)
(12, 37, 1)
(12, 38, 1)
(12, 39, 1)

(13, 0, 4)
(13, 1, 2)
(13, 2, 2)
(13, 3, 2)
(13, 4, 2)
(13, 5, 2)
(13, 6, 2)
(13, 7, 2)
(13, 8, 2)
(13, 9, 2)
(13, 10, 2)
(13, 11, 2)
(13, 12, 2)
(13, 13, 2)
(13, 14, 2)
(13, 15, 2)
(13, 16, 2)
(13, 17, 2)
(13, 18, 2)
(13, 19, 2)
(13, 20, 2)
(13, 21, 2)
(13, 22, 2)
(13, 23, 2)
(13, 24, 2)
(13, 25, 2)
(13, 26, 2)
(13, 27, 2)
(13, 28, 2)
(13, 29, 2)
(13, 30, 1)
(13, 31, 1)
(13, 32, 1)
(13, 33, 1)
(13, 34, 1)
(13, 35, 1)
(13, 36, 1)
(13, 37, 1)
(13, 38, 1)
(13, 39, 1)

(14, 0, 6)
(14, 1, 3)
(14, 2, 3)
(14, 3, 3)
(14, 4, 3)
(14, 5, 3)
(14, 6, 3)
(14, 7, 3)
(14, 8, 3)
(14, 9, 3)
(14, 10, 3)
(14, 11, 3)
(14, 12, 3)
(14, 13, 3)
(14, 14, 3)
(14, 15, 3)
(14, 16, 3)
(14, 17, 3)
(14, 18, 3)
(14, 19, 3)
(14, 20, 2)
(14, 21, 2)
(14, 22, 2)
(14, 23, 2)
(14, 24, 2)
(14, 25, 2)
(14, 26, 2)
(14, 27, 2)
(14, 28, 2)
(14, 29, 2)
(14, 30, 1)
(14, 31, 1)
(14, 32, 1)
(14, 33, 1)
(14, 34, 1)
(14, 35, 1)
(14, 36, 1)
(14, 37, 1)
(14, 38, 1)
(14, 39, 1)

(15, 0, 6)
(15, 1, 3)
(15, 2, 3)
(15, 3, 3)
(15, 4, 3)
(15, 5, 3)
(15, 6, 3)
(15, 7, 3)
(15, 8, 3)
(15, 9, 3)
(15, 10, 3)
(15, 11, 3)
(15, 12, 3)
(15, 13, 3)
(15, 14, 3)
(15, 15, 3)
(15, 16, 3)
(15, 17, 3)
(15, 18, 3)
(15, 19, 2)
(15, 20, 2)
(15, 21, 2)
(15, 22, 2)
(15, 23, 2)
(15, 24, 2)
(15, 25, 2)
(15, 26, 2)
(15, 27, 2)
(15, 28, 2)
(15, 29, 2)
(15, 30, 1)
(15, 31, 1)
(15, 32, 1)
(15, 33, 1)
(15, 34, 1)
(15, 35, 1)
(15, 36, 1)
(15, 37, 1)
(15, 38, 1)
(15, 39, 1)

(16, 0, 6)
(16, 1, 3)
(16, 2, 3)
(16, 3, 3)
(16, 4, 3)
(16, 5, 3)
(16, 6, 3)
(16, 7, 3)
(16, 8, 3)
(16, 9, 3)
(16, 10, 3)
(16, 11, 3)
(16, 12, 3)
(16, 13, 3)
(16, 14, 3)
(16, 15, 3)
(16, 16, 3)
(16, 17, 3)
(16, 18, 3)
(16, 19, 2)
(16, 20, 2)
(16, 21, 2)
(16, 22, 2)
(16, 23, 2)
(16, 24, 2)
(16, 25, 2)
(16, 26, 2)
(16, 27, 2)
(16, 28, 2)
(16, 29, 2)
(16, 30, 1)
(16, 31, 1)
(16, 32, 1)
(16, 33, 1)
(16, 34, 1)
(16, 35, 1)
(16, 36, 1)
(16, 37, 1)
(16, 38, 1)
(16, 39, 1)

(17, 0, 6)
(17, 1, 3)
(17, 2, 3)
(17, 3, 3)
(17, 4, 3)
(17, 5, 3)
(17, 6, 3)
(17, 7, 3)
(17, 8, 3)
(17, 9, 3)
(17, 10, 3)
(17, 11, 3)
(17, 12, 3)
(17, 13, 3)
(17, 14, 3)
(17, 15, 3)
(17, 16, 3)
(17, 17, 3)
(17, 18, 3)
(17, 19, 2)
(17, 20, 2)
(17, 21, 2)
(17, 22, 2)
(17, 23, 2)
(17, 24, 2)
(17, 25, 2)
(17, 26, 2)
(17, 27, 2)
(17, 28, 2)
(17, 29, 2)
(17, 30, 1)
(17, 31, 1)
(17, 32, 1)
(17, 33, 1)
(17, 34, 1)
(17, 35, 1)
(17, 36, 1)
(17, 37, 1)
(17, 38, 1)
(17, 39, 1)

(18, 0, 6)
(18, 1, 3)
(18, 2, 3)
(18, 3, 3)
(18, 4, 3)
(18, 5, 3)
(18, 6, 3)
(18, 7, 3)
(18, 8, 3)
(18, 9, 3)
(18, 10, 3)
(18, 11, 3)
(18, 12, 3)
(18, 13, 3)
(18, 14, 3)
(18, 15, 3)
(18, 16, 3)
(18, 17, 3)
(18, 18, 3)
(18, 19, 2)
(18, 20, 2)
(18, 21, 2)
(18, 22, 2)
(18, 23, 2)
(18, 24, 2)
(18, 25, 2)
(18, 26, 2)
(18, 27, 2)
(18, 28, 2)
(18, 29, 2)
(18, 30, 1)
(18, 31, 1)
(18, 32, 1)
(18, 33, 1)
(18, 34, 1)
(18, 35, 1)
(18, 36, 1)
(18, 37, 1)
(18, 38, 1)
(18, 39, 1)

(19, 0, 8)
(19, 1, 4)
(19, 2, 4)
(19, 3, 4)
(19, 4, 4)
(19, 5, 4)
(19, 6, 4)
(19, 7, 4)
(19, 8, 4)
(19, 9, 4)
(19, 10, 4)
(19, 11, 4)
(19, 12, 4)
(19, 13, 4)
(19, 14, 4)
(19, 15, 4)
(19, 16, 4)
(19, 17, 4)
(19, 18, 4)
(19, 19, 3)
(19, 20, 2)
(19, 21, 2)
(19, 22, 2)
(19, 23, 2)
(19, 24, 2)
(19, 25, 2)
(19, 26, 2)
(19, 27, 2)
(19, 28, 2)
(19, 29, 2)
(19, 30, 1)
(19, 31, 1)
(19, 32, 1)
(19, 33, 1)
(19, 34, 1)
(19, 35, 1)
(19, 36, 1)
(19, 37, 1)
(19, 38, 1)
(19, 39, 1)

(20, 0, 8)
(20, 1, 4)
(20, 2, 4)
(20, 3, 4)
(20, 4, 4)
(20, 5, 4)
(20, 6, 4)
(20, 7, 4)
(20, 8, 4)
(20, 9, 4)
(20, 10, 4)
(20, 11, 4)
(20, 12, 4)
(20, 13, 4)
(20, 14, 4)
(20, 15, 4)
(20, 16, 4)
(20, 17, 4)
(20, 18, 4)
(20, 19, 2)
(20, 20, 2)
(20, 21, 2)
(20, 22, 2)
(20, 23, 2)
(20, 24, 2)
(20, 25, 2)
(20, 26, 2)
(20, 27, 2)
(20, 28, 2)
(20, 29, 2)
(20, 30, 1)
(20, 31, 1)
(20, 32, 1)
(20, 33, 1)
(20, 34, 1)
(20, 35, 1)
(20, 36, 1)
(20, 37, 1)
(20, 38, 1)
(20, 39, 1)

(21, 0, 8)
(21, 1, 4)
(21, 2, 4)
(21, 3, 4)
(21, 4, 4)
(21, 5, 4)
(21, 6, 4)
(21, 7, 4)
(21, 8, 4)
(21, 9, 4)
(21, 10, 4)
(21, 11, 4)
(21, 12, 4)
(21, 13, 4)
(21, 14, 4)
(21, 15, 4)
(21, 16, 4)
(21, 17, 4)
(21, 18, 4)
(21, 19, 2)
(21, 20, 2)
(21, 21, 2)
(21, 22, 2)
(21, 23, 2)
(21, 24, 2)
(21, 25, 2)
(21, 26, 2)
(21, 27, 2)
(21, 28, 2)
(21, 29, 2)
(21, 30, 1)
(21, 31, 1)
(21, 32, 1)
(21, 33, 1)
(21, 34, 1)
(21, 35, 1)
(21, 36, 1)
(21, 37, 1)
(21, 38, 1)
(21, 39, 1)

(22, 0, 10)
(22, 1, 5)
(22, 2, 5)
(22, 3, 5)
(22, 4, 5)
(22, 5, 5)
(22, 6, 5)
(22, 7, 5)
(22, 8, 5)
(22, 9, 5)
(22, 10, 5)
(22, 11, 5)
(22, 12, 5)
(22, 13, 5)
(22, 14, 5)
(22, 15, 3)
(22, 16, 3)
(22, 17, 3)
(22, 18, 3)
(22, 19, 2)
(22, 20, 2)
(22, 21, 1)
(22, 22, 1)
(22, 23, 1)
(22, 24, 1)
(22, 25, 1)
(22, 26, 1)
(22, 27, 1)
(22, 28, 1)
(22, 29, 1)
(22, 30, 1)
(22, 31, 1)
(22, 32, 1)
(22, 33, 1)
(22, 34, 1)
(22, 35, 1)
(22, 36, 1)
(22, 37, 1)
(22, 38, 1)
(22, 39, 1)

(23, 0, 13)
(23, 1, 7)
(23, 2, 7)
(23, 3, 7)
(23, 4, 7)
(23, 5, 7)
(23, 6, 6)
(23, 7, 6)
(23, 8, 6)
(23, 9, 6)
(23, 10, 5)
(23, 11, 5)
(23, 12, 5)
(23, 13, 5)
(23, 14, 5)
(23, 15, 1)
(23, 16, 1)
(23, 17, 1)
(23, 18, 1)
(23, 19, 1)
(23, 20, 1)
(23, 21, 1)
(23, 22, 1)
(23, 23, 1)
(23, 24, 1)
(23, 25, 1)
(23, 26, 1)
(23, 27, 1)
(23, 28, 1)
(23, 29, 1)
(23, 30, 1)
(23, 31, 1)
(23, 32, 1)
(23, 33, 1)
(23, 34, 1)
(23, 35, 1)
(23, 36, 1)
(23, 37, 1)
(23, 38, 1)
(23, 39, 1)

(24, 0, 14)
(24, 1, 8)
(24, 2, 8)
(24, 3, 8)
(24, 4, 8)
(24, 5, 8)
(24, 6, 7)
(24, 7, 7)
(24, 8, 7)
(24, 9, 6)
(24, 10, 5)
(24, 11, 5)
(24, 12, 5)
(24, 13, 5)
(24, 14, 4)
(24, 15, 1)
(24, 16, 1)
(24, 17, 1)
(24, 18, 1)
(24, 19, 1)
(24, 20, 1)
(24, 21, 1)
(24, 22, 1)
(24, 23, 1)
(24, 24, 1)
(24, 25, 1)
(24, 26, 1)
(24, 27, 1)
(24, 28, 1)
(24, 29, 1)
(24, 30, 1)
(24, 31, 1)
(24, 32, 1)
(24, 33, 1)
(24, 34, 1)
(24, 35, 1)
(24, 36, 1)
(24, 37, 1)
(24, 38, 1)
(24, 39, 1)

(25, 0, 14)
(25, 1, 8)
(25, 2, 8)
(25, 3, 8)
(25, 4, 8)
(25, 5, 8)
(25, 6, 7)
(25, 7, 7)
(25, 8, 7)
(25, 9, 6)
(25, 10, 5)
(25, 11, 5)
(25, 12, 5)
(25, 13, 5)
(25, 14, 4)
(25, 15, 1)
(25, 16, 1)
(25, 17, 1)
(25, 18, 1)
(25, 19, 1)
(25, 20, 1)
(25, 21, 1)
(25, 22, 1)
(25, 23, 1)
(25, 24, 1)
(25, 25, 1)
(25, 26, 1)
(25, 27, 1)
(25, 28, 1)
(25, 29, 1)
(25, 30, 1)
(25, 31, 1)
(25, 32, 1)
(25, 33, 1)
(25, 34, 1)
(25, 35, 1)
(25, 36, 1)
(25, 37, 1)
(25, 38, 1)
(25, 39, 1)

(26, 0, 15)
(26, 1, 9)
(26, 2, 9)
(26, 3, 9)
(26, 4, 9)
(26, 5, 9)
(26, 6, 8)
(26, 7, 8)
(26, 8, 8)
(26, 9, 7)
(26, 10, 5)
(26, 11, 5)
(26, 12, 5)
(26, 13, 5)
(26, 14, 4)
(26, 15, 1)
(26, 16, 1)
(26, 17, 1)
(26, 18, 1)
(26, 19, 1)
(26, 20, 1)
(26, 21, 1)
(26, 22, 1)
(26, 23, 1)
(26, 24, 1)
(26, 25, 1)
(26, 26, 1)
(26, 27, 1)
(26, 28, 1)
(26, 29, 1)
(26, 30, 1)
(26, 31, 1)
(26, 32, 1)
(26, 33, 1)
(26, 34, 1)
(26, 35, 1)
(26, 36, 1)
(26, 37, 1)
(26, 38, 1)
(26, 39, 1)

(27, 0, 16)
(27, 1, 10)
(27, 2, 10)
(27, 3, 10)
(27, 4, 10)
(27, 5, 10)
(27, 6, 9)
(27, 7, 9)
(27, 8, 9)
(27, 9, 7)
(27, 10, 5)
(27, 11, 5)
(27, 12, 5)
(27, 13, 5)
(27, 14, 3)
(27, 15, 1)
(27, 16, 1)
(27, 17, 1)
(27, 18, 1)
(27, 19, 1)
(27, 20, 1)
(27, 21, 1)
(27, 22, 1)
(27, 23, 1)
(27, 24, 1)
(27, 25, 1)
(27, 26, 1)
(27, 27, 1)
(27, 28, 1)
(27, 29, 1)
(27, 30, 1)
(27, 31, 1)
(27, 32, 1)
(27, 33, 1)
(27, 34, 1)
(27, 35, 1)
(27, 36, 1)
(27, 37, 1)
(27, 38, 1)
(27, 39, 1)

(28, 0, 16)
(28, 1, 10)
(28, 2, 10)
(28, 3, 10)
(28, 4, 10)
(28, 5, 10)
(28, 6, 9)
(28, 7, 9)
(28, 8, 9)
(28, 9, 7)
(28, 10, 5)
(28, 11, 5)
(28, 12, 5)
(28, 13, 5)
(28, 14, 3)
(28, 15, 1)
(28, 16, 1)
(28, 17, 1)
(28, 18, 1)
(28, 19, 1)
(28, 20, 1)
(28, 21, 1)
(28, 22, 1)
(28, 23, 1)
(28, 24, 1)
(28, 25, 1)
(28, 26, 1)
(28, 27, 1)
(28, 28, 1)
(28, 29, 1)
(28, 30, 1)
(28, 31, 1)
(28, 32, 1)
(28, 33, 1)
(28, 34, 1)
(28, 35, 1)
(28, 36, 1)
(28, 37, 1)
(28, 38, 1)
(28, 39, 1)

(29, 0, 16)
(29, 1, 10)
(29, 2, 10)
(29, 3, 10)
(29, 4, 10)
(29, 5, 10)
(29, 6, 9)
(29, 7, 9)
(29, 8, 9)
(29, 9, 7)
(29, 10, 5)
(29, 11, 5)
(29, 12, 5)
(29, 13, 5)
(29, 14, 3)
(29, 15, 1)
(29, 16, 1)
(29, 17, 1)
(29, 18, 1)
(29, 19, 1)
(29, 20, 1)
(29, 21, 1)
(29, 22, 1)
(29, 23, 1)
(29, 24, 1)
(29, 25, 1)
(29, 26, 1)
(29, 27, 1)
(29, 28, 1)
(29, 29, 1)
(29, 30, 1)
(29, 31, 1)
(29, 32, 1)
(29, 33, 1)
(29, 34, 1)
(29, 35, 1)
(29, 36, 1)
(29, 37, 1)
(29, 38, 1)
(29, 39, 1)

(30, 0, 16)
(30, 1, 10)
(30, 2, 10)
(30, 3, 10)
(30, 4, 10)
(30, 5, 10)
(30, 6, 9)
(30, 7, 9)
(30, 8, 9)
(30, 9, 7)
(30, 10, 5)
(30, 11, 5)
(30, 12, 5)
(30, 13, 5)
(30, 14, 3)
(30, 15, 1)
(30, 16, 1)
(30, 17, 1)
(30, 18, 1)
(30, 19, 1)
(30, 20, 1)
(30, 21, 1)
(30, 22, 1)
(30, 23, 1)
(30, 24, 1)
(30, 25, 1)
(30, 26, 1)
(30, 27, 1)
(30, 28, 1)
(30, 29, 1)
(30, 30, 1)
(30, 31, 1)
(30, 32, 1)
(30, 33, 1)
(30, 34, 1)
(30, 35, 1)
(30, 36, 1)
(30, 37, 1)
(30, 38, 1)
(30, 39, 1)

(31, 0, 16)
(31, 1, 10)
(31, 2, 10)
(31, 3, 10)
(31, 4, 10)
(31, 5, 10)
(31, 6, 9)
(31, 7, 9)
(31, 8, 9)
(31, 9, 7)
(31, 10, 5)
(31, 11, 5)
(31, 12, 5)
(31, 13, 5)
(31, 14, 3)
(31, 15, 1)
(31, 16, 1)
(31, 17, 1)
(31, 18, 1)
(31, 19, 1)
(31, 20, 1)
(31, 21, 1)
(31, 22, 1)
(31, 23, 1)
(31, 24, 1)
(31, 25, 1)
(31, 26, 1)
(31, 27, 1)
(31, 28, 1)
(31, 29, 1)
(31, 30, 1)
(31, 31, 1)
(31, 32, 1)
(31, 33, 1)
(31, 34, 1)
(31, 35, 1)
(31, 36, 1)
(31, 37, 1)
(31, 38, 1)
(31, 39, 1)

(32, 0, 18)
(32, 1, 11)
(32, 2, 11)
(32, 3, 11)
(32, 4, 11)
(32, 5, 10)
(32, 6, 9)
(32, 7, 9)
(32, 8, 9)
(32, 9, 6)
(32, 10, 5)
(32, 11, 4)
(32, 12, 3)
(32, 13, 3)
(32, 14, 3)
(32, 15, 1)
(32, 16, 1)
(32, 17, 1)
(32, 18, 1)
(32, 19, 1)
(32, 20, 1)
(32, 21, 1)
(32, 22, 1)
(32, 23, 1)
(32, 24, 1)
(32, 25, 1)
(32, 26, 1)
(32, 27, 1)
(32, 28, 1)
(32, 29, 1)
(32, 30, 1)
(32, 31, 1)
(32, 32, 1)
(32, 33, 1)
(32, 34, 1)
(32, 35, 1)
(32, 36, 1)
(32, 37, 1)
(32, 38, 1)
(32, 39, 1)

(33, 0, 19)
(33, 1, 11)
(33, 2, 11)
(33, 3, 11)
(33, 4, 11)
(33, 5, 10)
(33, 6, 9)
(33, 7, 9)
(33, 8, 9)
(33, 9, 6)
(33, 10, 4)
(33, 11, 3)
(33, 12, 3)
(33, 13, 3)
(33, 14, 3)
(33, 15, 1)
(33, 16, 1)
(33, 17, 1)
(33, 18, 1)
(33, 19, 1)
(33, 20, 1)
(33, 21, 1)
(33, 22, 1)
(33, 23, 1)
(33, 24, 1)
(33, 25, 1)
(33, 26, 1)
(33, 27, 1)
(33, 28, 1)
(33, 29, 1)
(33, 30, 1)
(33, 31, 1)
(33, 32, 1)
(33, 33, 1)
(33, 34, 1)
(33, 35, 1)
(33, 36, 1)
(33, 37, 1)
(33, 38, 1)
(33, 39, 1)

(34, 0, 19)
(34, 1, 11)
(34, 2, 11)
(34, 3, 11)
(34, 4, 11)
(34, 5, 10)
(34, 6, 9)
(34, 7, 9)
(34, 8, 9)
(34, 9, 6)
(34, 10, 4)
(34, 11, 3)
(34, 12, 3)
(34, 13, 3)
(34, 14, 3)
(34, 15, 1)
(34, 16, 1)
(34, 17, 1)
(34, 18, 1)
(34, 19, 1)
(34, 20, 1)
(34, 21, 1)
(34, 22, 1)
(34, 23, 1)
(34, 24, 1)
(34, 25, 1)
(34, 26, 1)
(34, 27, 1)
(34, 28, 1)
(34, 29, 1)
(34, 30, 1)
(34, 31, 1)
(34, 32, 1)
(34, 33, 1)
(34, 34, 1)
(34, 35, 1)
(34, 36, 1)
(34, 37, 1)
(34, 38, 1)
(34, 39, 1)

(35, 0, 21)
(35, 1, 12)
(35, 2, 12)
(35, 3, 12)
(35, 4, 12)
(35, 5, 9)
(35, 6, 8)
(35, 7, 8)
(35, 8, 8)
(35, 9, 5)
(35, 10, 3)
(35, 11, 3)
(35, 12, 3)
(35, 13, 3)
(35, 14, 3)
(35, 15, 1)
(35, 16, 1)
(35, 17, 1)
(35, 18, 1)
(35, 19, 1)
(35, 20, 1)
(35, 21, 1)
(35, 22, 1)
(35, 23, 1)
(35, 24, 1)
(35, 25, 1)
(35, 26, 1)
(35, 27, 1)
(35, 28, 1)
(35, 29, 1)
(35, 30, 1)
(35, 31, 1)
(35, 32, 1)
(35, 33, 1)
(35, 34, 1)
(35, 35, 1)
(35, 36, 1)
(35, 37, 1)
(35, 38, 1)
(35, 39, 1)

(36, 0, 22)
(36, 1, 12)
(36, 2, 12)
(36, 3, 12)
(36, 4, 11)
(36, 5, 9)
(36, 6, 8)
(36, 7, 8)
(36, 8, 8)
(36, 9, 4)
(36, 10, 3)
(36, 11, 3)
(36, 12, 3)
(36, 13, 3)
(36, 14, 3)
(36, 15, 1)
(36, 16, 1)
(36, 17, 1)
(36, 18, 1)
(36, 19, 1)
(36, 20, 1)
(36, 21, 1)
(36, 22, 1)
(36, 23, 1)
(36, 24, 1)
(36, 25, 1)
(36, 26, 1)
(36, 27, 1)
(36, 28, 1)
(36, 29, 1)
(36, 30, 1)
(36, 31, 1)
(36, 32, 1)
(36, 33, 1)
(36, 34, 1)
(36, 35, 1)
(36, 36, 1)
(36, 37, 1)
(36, 38, 1)
(36, 39, 1)

(37, 0, 23)
(37, 1, 12)
(37, 2, 12)
(37, 3, 11)
(37, 4, 11)
(37, 5, 9)
(37, 6, 8)
(37, 7, 8)
(37, 8, 8)
(37, 9, 4)
(37, 10, 3)
(37, 11, 3)
(37, 12, 3)
(37, 13, 3)
(37, 14, 3)
(37, 15, 1)
(37, 16, 1)
(37, 17, 1)
(37, 18, 1)
(37, 19, 1)
(37, 20, 1)
(37, 21, 1)
(37, 22, 1)
(37, 23, 1)
(37, 24, 1)
(37, 25, 1)
(37, 26, 1)
(37, 27, 1)
(37, 28, 1)
(37, 29, 1)
(37, 30, 1)
(37, 31, 1)
(37, 32, 1)
(37, 33, 1)
(37, 34, 1)
(37, 35, 1)
(37, 36, 1)
(37, 37, 1)
(37, 38, 1)
(37, 39, 1)

(38, 0, 23)
(38, 1, 12)
(38, 2, 11)
(38, 3, 11)
(38, 4, 11)
(38, 5, 9)
(38, 6, 8)
(38, 7, 8)
(38, 8, 8)
(38, 9, 4)
(38, 10, 3)
(38, 11, 3)
(38, 12, 3)
(38, 13, 3)
(38, 14, 3)
(38, 15, 1)
(38, 16, 1)
(38, 17, 1)
(38, 18, 1)
(38, 19, 1)
(38, 20, 1)
(38, 21, 1)
(38, 22, 1)
(38, 23, 1)
(38, 24, 1)
(38, 25, 1)
(38, 26, 1)
(38, 27, 1)
(38, 28, 1)
(38, 29, 1)
(38, 30, 1)
(38, 31, 1)
(38, 32, 1)
(38, 33, 1)
(38, 34, 1)
(38, 35, 1)
(38, 36, 1)
(38, 37, 1)
(38, 38, 1)
(38, 39, 1)

(39, 0, 23)
(39, 1, 11)
(39, 2, 11)
(39, 3, 11)
(39, 4, 11)
(39, 5, 9)
(39, 6, 8)
(39, 7, 8)
(39, 8, 8)
(39, 9, 4)
(39, 10, 3)
(39, 11, 3)
(39, 12, 3)
(39, 13, 3)
(39, 14, 3)
(39, 15, 1)
(39, 16, 1)
(39, 17, 1)
(39, 18, 1)
(39, 19, 1)
(39, 20, 1)
(39, 21, 1)
(39, 22, 1)
(39, 23, 1)
(39, 24, 1)
(39, 25, 1)
(39, 26, 1)
(39, 27, 1)
(39, 28, 1)
(39, 29, 1)
(39, 30, 1)
(39, 31, 1)
(39, 32, 1)
(39, 33, 1)
(39, 34, 1)
(39, 35, 1)
(39, 36, 1)
(39, 37, 1)
(39, 38, 1)
(39, 39, 1)


Betti numbers:
xi_0:
(0, 0, 2)
(2, 0, 2)
(14, 0, 2)
(19, 0, 2)
(22, 0, 2)
(23, 0, 3)
(24, 0, 1)
(26, 0, 1)
(27, 0, 1)
(32, 0, 2)
(33, 0, 1)
(35, 0, 2)
(36, 0, 1)
(37, 0, 1)
xi_1:
(0, 1, 1)
(2, 1, 1)
(2, 31, 1)
(5, 30, 1)
(14, 1, 1)
(14, 20, 1)
(15, 19, 1)
(19, 1, 1)
(19, 20, 1)
(20, 19, 1)
(22, 1, 1)
(22, 15, 2)
(22, 21, 1)
(23, 1, 1)
(23, 6, 1)
(23, 10, 1)
(23, 15, 2)
(24, 9, 1)
(24, 14, 1)
(26, 10, 1)
(27, 9, 1)
(27, 14, 1)
(32, 1, 1)
(32, 5, 1)
(32, 9, 1)
(32, 11, 1)
(32, 12, 1)
(33, 1, 1)
(33, 10, 1)
(35, 1, 1)
(35, 5, 2)
(36, 1, 1)
(36, 4, 1)
(36, 9, 1)
(37, 1, 1)
(37, 3, 1)
(38, 2, 1)
(39, 1, 1)
xi_2:
(5, 31, 1)
(15, 20, 1)
(20, 20, 1)
(22, 19, 1)
(22, 30, 1)
(23, 19, 1)
(23, 21, 1)
(24, 15, 1)
(27, 15, 1)
(32, 10, 1)
(32, 14, 2)
(33, 12, 1)
(35, 11, 1)
(36, 5, 1)
(36, 10, 1)
(37, 4, 1)
(38, 3, 1)
(39, 2, 1)
