x-grades
-3313835011825543213/400000000000000000
-1616271260997152613/200000000000000000
-3151250032163067239/400000000000000000
-767489385582957313/100000000000000000
-597733010500118253/80000000000000000
-1453686281334676639/200000000000000000
-2826080072838115291/400000000000000000
-343098447875859663/50000000000000000
-2663495093175639317/400000000000000000
-258220260334440133/40000000000000000
-2500910113513163343/400000000000000000
-604904405920481339/100000000000000000
-2338325133850687369/400000000000000000
-1128516322009724691/200000000000000000
-435148030837642279/80000000000000000
-65451489511155419/12500000000000000
-2013155174525735421/400000000000000000
-965931342347248717/200000000000000000
-1850570194863259447/400000000000000000
-88463885251601073/20000000000000000
-1687985215200783473/400000000000000000
-803346362684772743/200000000000000000
-1525400235538307499/400000000000000000
-180513468213383689/50000000000000000
-54512610235033261/16000000000000000
-640761383022296769/200000000000000000
-1200230276213355551/400000000000000000
-279734446595529391/100000000000000000
-1037645296550879577/400000000000000000
-95635280671964159/40000000000000000
-875060316888403603/400000000000000000
-49610489191072851/25000000000000000
-712475337225927629/400000000000000000
-315591423697344821/200000000000000000
-109978071512690331/80000000000000000
-117149466933053417/100000000000000000
-387305377900975681/400000000000000000
-153006444034868847/200000000000000000
-224720398238499707/400000000000000000
-3585697710181543/10000000000000000

y-grades
9998067/4000000
9998067/2000000
29994201/4000000
9998067/1000000
9998067/800000
29994201/2000000
69986469/4000000
9998067/500000
89982603/4000000
9998067/400000
109978737/4000000
29994201/1000000
129974871/4000000
69986469/2000000
29994201/800000
9998067/250000
169967139/4000000
89982603/2000000
189963273/4000000
9998067/200000
209959407/4000000
109978737/2000000
229955541/4000000
29994201/500000
9998067/160000
129974871/2000000
269947809/4000000
69986469/1000000
289943943/4000000
29994201/400000
309940077/4000000
9998067/125000
329936211/4000000
169967139/2000000
69986469/800000
89982603/1000000
369928479/4000000
189963273/2000000
389924613/4000000
9998067/100000

Dimensions > 0:
(0, 0, 2)
(0, 1, 2)
(0, 2, 1)
(0, 3, 1)
(0, 4, 1)
(0, 5, 1)
(0, 6, 1)
(0, 7, 1)
(0, 8, 1)
(0, 9, 1)
(0, 10, 1)
(0, 11, 1)
(0, 12, 1)
(0, 13, 1)
(0, 14, 1)
(0, 15, 1)
(0, 16, 1)
(0, 17, 1)
(0, 18, 1)
(0, 19, 1)
(0, 20, 1)
(0, 21, 1)
(0, 22, 1)
(0, 23, 1)
(0, 24, 1)
(0, 25, 1)
(0, 26, 1)
(0, 27, 1)
(0, 28, 1)
(0, 29, 1)
(0, 30, 1)
(0, 31, 1)
(0, 32, 1)
(0, 33, 1)
(0, 34, 1)
(0, 35, 1)
(0, 36, 1)
(0, 37, 1)
(0, 38, 1)
(0, 39, 1)

(1, 0, 3)
(1, 1, 3)
(1, 2, 1)
(1, 3, 1)
(1, 4, 1)
(1, 5, 1)
(1, 6, 1)
(1, 7, 1)
(1, 8, 1)
(1, 9, 1)
(1, 10, 1)
(1, 11, 1)
(1, 12, 1)
(1, 13, 1)
(1, 14, 1)
(1, 15, 1)
(1, 16, 1)
(1, 17, 1)
(1, 18, 1)
(1, 19, 1)
(1, 20, 1)
(1, 21, 1)
(1, 22, 1)
(1, 23, 1)
(1, 24, 1)
(1, 25, 1)
(1, 26, 1)
(1, 27, 1)
(1, 28, 1)
(1, 29, 1)
(1, 30, 1)
(1, 31, 1)
(1, 32, 1)
(1, 33, 1)
(1, 34, 1)
(1, 35, 1)
(1, 36, 1)
(1, 37, 1)
(1, 38, 1)
(1, 39, 1)

(2, 0, 4)
(2, 1, 4)
(2, 2, 2)
(2, 3, 2)
(2, 4, 1)
(2, 5, 1)
(2, 6, 1)
(2, 7, 1)
(2, 8, 1)
(2, 9, 1)
(2, 10, 1)
(2, 11, 1)
(2, 12, 1)
(2, 13, 1)
(2, 14, 1)
(2, 15, 1)
(2, 16, 1)
(2, 17, 1)
(2, 18, 1)
(2, 19, 1)
(2, 20, 1)
(2, 21, 1)
(2, 22, 1)
(2, 23, 1)
(2, 24, 1)
(2, 25, 1)
(2, 26, 1)
(2, 27, 1)
(2, 28, 1)
(2, 29, 1)
(2, 30, 1)
(2, 31, 1)
(2, 32, 1)
(2, 33, 1)
(2, 34, 1)
(2, 35, 1)
(2, 36, 1)
(2, 37, 1)
(2, 38, 1)
(2, 39, 1)

(3, 0, 4)
(3, 1, 4)
(3, 2, 2)
(3, 3, 2)
(3, 4, 1)
(3, 5, 1)
(3, 6, 1)
(3, 7, 1)
(3, 8, 1)
(3, 9, 1)
(3, 10, 1)
(3, 11, 1)
(3, 12, 1)
(3, 13, 1)
(3, 14, 1)
(3, 15, 1)
(3, 16, 1)
(3, 17, 1)
(3, 18, 1)
(3, 19, 1)
(3, 20, 1)
(3, 21, 1)
(3, 22, 1)
(3, 23, 1)
(3, 24, 1)
(3, 25, 1)
(3, 26, 1)
(3, 27, 1)
(3, 28, 1)
(3, 29, 1)
(3, 30, 1)
(3, 31, 1)
(3, 32, 1)
(3, 33, 1)
(3, 34, 1)
(3, 35, 1)
(3, 36, 1)
(3, 37, 1)
(3, 38, 1)
(3, 39, 1)

(4, 0, 4)
(4, 1, 4)
(4, 2, 2)
(4, 3, 2)
(4, 4, 1)
(4, 5, 1)
(4, 6, 1)
(4, 7, 1)
(4, 8, 1)
(4, 9, 1)
(4, 10, 1)
(4, 11, 1)
(4, 12, 1)
(4, 13, 1)
(4, 14, 1)
(4, 15, 1)
(4, 16, 1)
(4, 17, 1)
(4, 18, 1)
(4, 19, 1)
(4, 20, 1)
(4, 21, 1)
(4, 22, 1)
(4, 23, 1)
(4, 24, 1)
(4, 25, 1)
(4, 26, 1)
(4, 27, 1)
(4, 28, 1)
(4, 29, 1)
(4, 30, 1)
(4, 31, 1)
(4, 32, 1)
(4, 33, 1)
(4, 34, 1)
(4, 35, 1)
(4, 36, 1)
(4, 37, 1)
(4, 38, 1)
(4, 39, 1)

(5, 0, 4)
(5, 1, 4)
(5, 2, 2)
(5, 3, 2)
(5, 4, 1)
(5, 5, 1)
(5, 6, 1)
(5, 7, 1)
(5, 8, 1)
(5, 9, 1)
(5, 10, 1)
(5, 11, 1)
(5, 12, 1)
(5, 13, 1)
(5, 14, 1)
(5, 15, 1)
(5, 16, 1)
(5, 17, 1)
(5, 18, 1)
(5, 19, 1)
(5, 20, 1)
(5, 21, 1)
(5, 22, 1)
(5, 23, 1)
(5, 24, 1)
(5, 25, 1)
(5, 26, 1)
(5, 27, 1)
(5, 28, 1)
(5, 29, 1)
(5, 30, 1)
(5, 31, 1)
(5, 32, 1)
(5, 33, 1)
(5, 34, 1)
(5, 35, 1)
(5, 36, 1)
(5, 37, 1)
(5, 38, 1)
(5, 39, 1)

(6, 0, 4)
(6, 1, 4)
(6, 2, 2)
(6, 3, 2)
(6, 4, 1)
(6, 5, 1)
(6, 6, 1)
(6, 7, 1)
(6, 8, 1)
(6, 9, 1)
(6, 10, 1)
(6, 11, 1)
(6, 12, 1)
(6, 13, 1)
(6, 14, 1)
(6, 15, 1)
(6, 16, 1)
(6, 17, 1)
(6, 18, 1)
(6, 19, 1)
(6, 20, 1)
(6, 21, 1)
(6, 22, 1)
(6, 23, 1)
(6, 24, 1)
(6, 25, 1)
(6, 26, 1)
(6, 27, 1)
(6, 28, 1)
(6, 29, 1)
(6, 30, 1)
(6, 31, 1)
(6, 32, 1)
(6, 33, 1)
(6, 34, 1)
(6, 35, 1)
(6, 36, 1)
(6, 37, 1)
(6, 38, 1)
(6, 39, 1)

(7, 0, 4)
(7, 1, 4)
(7, 2, 2)
(7, 3, 2)
(7, 4, 1)
(7, 5, 1)
(7, 6, 1)
(7, 7, 1)
(7, 8, 1)
(7, 9, 1)
(7, 10, 1)
(7, 11, 1)
(7, 12, 1)
(7, 13, 1)
(7, 14, 1)
(7, 15, 1)
(7, 16, 1)
(7, 17, 1)
(7, 18, 1)
(7, 19, 1)
(7, 20, 1)
(7, 21, 1)
(7, 22, 1)
(7, 23, 1)
(7, 24, 1)
(7, 25, 1)
(7, 26, 1)
(7, 27, 1)
(7, 28, 1)
(7, 29, 1)
(7, 30, 1)
(7, 31, 1)
(7, 32, 1)
(7, 33, 1)
(7, 34, 1)
(7, 35, 1)
(7, 36, 1)
(7, 37, 1)
(7, 38, 1)
(7, 39, 1)

(8, 0, 4)
(8, 1, 4)
(8, 2, 2)
(8, 3, 2)
(8, 4, 1)
(8, 5, 1)
(8, 6, 1)
(8, 7, 1)
(8, 8, 1)
(8, 9, 1)
(8, 10, 1)
(8, 11, 1)
(8, 12, 1)
(8, 13, 1)
(8, 14, 1)
(8, 15, 1)
(8, 16, 1)
(8, 17, 1)
(8, 18, 1)
(8, 19, 1)
(8, 20, 1)
(8, 21, 1)
(8, 22, 1)
(8, 23, 1)
(8, 24, 1)
(8, 25, 1)
(8, 26, 1)
(8, 27, 1)
(8, 28, 1)
(8, 29, 1)
(8, 30, 1)
(8, 31, 1)
(8, 32, 1)
(8, 33, 1)
(8, 34, 1)
(8, 35, 1)
(8, 36, 1)
(8, 37, 1)
(8, 38, 1)
(8, 39, 1)

(9, 0, 4)
(9, 1, 4)
(9, 2, 2)
(9, 3, 2)
(9, 4, 1)
(9, 5, 1)
(9, 6, 1)
(9, 7, 1)
(9, 8, 1)
(9, 9, 1)
(9, 10, 1)
(9, 11, 1)
(9, 12, 1)
(9, 13, 1)
(9, 14, 1)
(9, 15, 1)
(9, 16, 1)
(9, 17, 1)
(9, 18, 1)
(9, 19, 1)
(9, 20, 1)
(9, 21, 1)
(9, 22, 1)
(9, 23, 1)
(9, 24, 1)
(9, 25, 1)
(9, 26, 1)
(9, 27, 1)
(9, 28, 1)
(9, 29, 1)
(9, 30, 1)
(9, 31, 1)
(9, 32, 1)
(9, 33, 1)
(9, 34, 1)
(9, 35, 1)
(9, 36, 1)
(9, 37, 1)
(9, 38, 1)
(9, 39, 1)

(10, 0, 6)
(10, 1, 6)
(10, 2, 3)
(10, 3, 3)
(10, 4, 2)
(10, 5, 2)
(10, 6, 2)
(10, 7, 2)
(10, 8, 2)
(10, 9, 2)
(10, 10, 2)
(10, 11, 2)
(10, 12, 2)
(10, 13, 2)
(10, 14, 2)
(10, 15, 2)
(10, 16, 2)
(10, 17, 2)
(10, 18, 2)
(10, 19, 2)
(10, 20, 2)
(10, 21, 2)
(10, 22, 2)
(10, 23, 2)
(10, 24, 2)
(10, 25, 2)
(10, 26, 2)
(10, 27, 2)
(10, 28, 2)
(10, 29, 2)
(10, 30, 2)
(10, 31, 2)
(10, 32, 2)
(10, 33, 2)
(10, 34, 2)
(10, 35, 2)
(10, 36, 2)
(10, 37, 2)
(10, 38, 2)
(10, 39, 2)

(11, 0, 9)
(11, 1, 9)
(11, 2, 4)
(11, 3, 4)
(11, 4, 3)
(11, 5, 3)
(11, 6, 3)
(11, 7, 3)
(11, 8, 3)
(11, 9, 3)
(11, 10, 3)
(11, 11, 3)
(11, 12, 3)
(11, 13, 3)
(11, 14, 3)
(11, 15, 3)
(11, 16, 3)
(11, 17, 3)
(11, 18, 3)
(11, 19, 3)
(11, 20, 3)
(11, 21, 3)
(11, 22, 3)
(11, 23, 3)
(11, 24, 3)
(11, 25, 3)
(11, 26, 3)
(11, 27, 3)
(11, 28, 3)
(11, 29, 3)
(11, 30, 3)
(11, 31, 3)
(11, 32, 3)
(11, 33, 3)
(11, 34, 3)
(11, 35, 3)
(11, 36, 3)
(11, 37, 3)
(11, 38, 3)
(11, 39, 3)

(12, 0, 11)
(12, 1, 11)
(12, 2, 5)
(12, 3, 5)
(12, 4, 3)
(12, 5, 3)
(12, 6, 3)
(12, 7, 3)
(12, 8, 3)
(12, 9, 3)
(12, 10, 3)
(12, 11, 3)
(12, 12, 3)
(12, 13, 3)
(12, 14, 3)
(12, 15, 3)
(12, 16, 3)
(12, 17, 3)
(12, 18, 3)
(12, 19, 3)
(12, 20, 3)
(12, 21, 3)
(12, 22, 3)
(12, 23, 3)
(12, 24, 3)
(12, 25, 3)
(12, 26, 3)
(12, 27, 3)
(12, 28, 3)
(12, 29, 3)
(12, 30, 3)
(12, 31, 3)
(12, 32, 3)
(12, 33, 3)
(12, 34, 3)
(12, 35, 3)
(12, 36, 3)
(12, 37, 3)
(12, 38, 3)
(12, 39, 3)

(13, 0, 12)
(13, 1, 12)
(13, 2, 6)
(13, 3, 6)
(13, 4, 3)
(13, 5, 3)
(13, 6, 3)
(13, 7, 3)
(13, 8, 3)
(13, 9, 3)
(13, 10, 3)
(13, 11, 3)
(13, 12, 3)
(13, 13, 3)
(13, 14, 3)
(13, 15, 3)
(13, 16, 3)
(13, 17, 3)
(13, 18, 3)
(13, 19, 3)
(13, 20, 3)
(13, 21, 3)
(13, 22, 3)
(13, 23, 3)
(13, 24, 3)
(13, 25, 3)
(13, 26, 3)
(13, 27, 3)
(13, 28, 3)
(13, 29, 3)
(13, 30, 3)
(13, 31, 3)
(13, 32, 3)
(13, 33, 3)
(13, 34, 3)
(13, 35, 3)
(13, 36, 3)
(13, 37, 3)
(13, 38, 3)
(13, 39, 3)

(14, 0, 13)
(14, 1, 13)
(14, 2, 7)
(14, 3, 7)
(14, 4, 4)
(14, 5, 4)
(14, 6, 4)
(14, 7, 4)
(14, 8, 4)
(14, 9, 4)
(14, 10, 4)
(14, 11, 4)
(14, 12, 4)
(14, 13, 4)
(14, 14, 4)
(14, 15, 4)
(14, 16, 4)
(14, 17, 4)
(14, 18, 4)
(14, 19, 4)
(14, 20, 4)
(14, 21, 4)
(14, 22, 4)
(14, 23, 4)
(14, 24, 4)
(14, 25, 4)
(14, 26, 4)
(14, 27, 4)
(14, 28, 4)
(14, 29, 4)
(14, 30, 4)
(14, 31, 4)
(14, 32, 4)
(14, 33, 3)
(14, 34, 3)
(14, 35, 3)
(14, 36, 3)
(14, 37, 3)
(14, 38, 3)
(14, 39, 3)

(15, 0, 13)
(15, 1, 13)
(15, 2, 7)
(15, 3, 7)
(15, 4, 4)
(15, 5, 4)
(15, 6, 4)
(15, 7, 4)
(15, 8, 4)
(15, 9, 4)
(15, 10, 4)
(15, 11, 4)
(15, 12, 4)
(15, 13, 4)
(15, 14, 4)
(15, 15, 4)
(15, 16, 4)
(15, 17, 4)
(15, 18, 4)
(15, 19, 4)
(15, 20, 4)
(15, 21, 4)
(15, 22, 4)
(15, 23, 4)
(15, 24, 4)
(15, 25, 4)
(15, 26, 4)
(15, 27, 4)
(15, 28, 4)
(15, 29, 4)
(15, 30, 4)
(15, 31, 4)
(15, 32, 4)
(15, 33, 3)
(15, 34, 3)
(15, 35, 3)
(15, 36, 3)
(15, 37, 3)
(15, 38, 3)
(15, 39, 3)

(16, 0, 15)
(16, 1, 15)
(16, 2, 8)
(16, 3, 8)
(16, 4, 5)
(16, 5, 5)
(16, 6, 5)
(16, 7, 5)
(16, 8, 5)
(16, 9, 4)
(16, 10, 4)
(16, 11, 4)
(16, 12, 4)
(16, 13, 4)
(16, 14, 4)
(16, 15, 4)
(16, 16, 4)
(16, 17, 4)
(16, 18, 4)
(16, 19, 4)
(16, 20, 4)
(16, 21, 4)
(16, 22, 4)
(16, 23, 4)
(16, 24, 4)
(16, 25, 4)
(16, 26, 4)
(16, 27, 4)
(16, 28, 4)
(16, 29, 4)
(16, 30, 4)
(16, 31, 4)
(16, 32, 4)
(16, 33, 3)
(16, 34, 3)
(16, 35, 3)
(16, 36, 3)
(16, 37, 3)
(16, 38, 3)
(16, 39, 3)

(17, 0, 15)
(17, 1, 15)
(17, 2, 8)
(17, 3, 8)
(17, 4, 5)
(17, 5, 5)
(17, 6, 5)
(17, 7, 5)
(17, 8, 5)
(17, 9, 4)
(17, 10, 4)
(17, 11, 4)
(17, 12, 4)
(17, 13, 4)
(17, 14, 4)
(17, 15, 4)
(17, 16, 4)
(17, 17, 4)
(17, 18, 4)
(17, 19, 4)
(17, 20, 4)
(17, 21, 4)
(17, 22, 4)
(17, 23, 4)
(17, 24, 4)
(17, 25, 4)
(17, 26, 4)
(17, 27, 4)
(17, 28, 4)
(17, 29, 4)
(17, 30, 4)
(17, 31, 4)
(17, 32, 4)
(17, 33, 3)
(17, 34, 3)
(17, 35, 3)
(17, 36, 3)
(17, 37, 3)
(17, 38, 3)
(17, 39, 3)

(18, 0, 15)
(18, 1, 15)
(18, 2, 8)
(18, 3, 8)
(18, 4, 5)
(18, 5, 5)
(18, 6, 5)
(18, 7, 5)
(18, 8, 5)
(18, 9, 4)
(18, 10, 4)
(18, 11, 4)
(18, 12, 4)
(18, 13, 4)
(18, 14, 4)
(18, 15, 4)
(18, 16, 4)
(18, 17, 4)
(18, 18, 4)
(18, 19, 4)
(18, 20, 4)
(18, 21, 4)
(18, 22, 4)
(18, 23, 4)
(18, 24, 4)
(18, 25, 4)
(18, 26, 4)
(18, 27, 4)
(18, 28, 4)
(18, 29, 4)
(18, 30, 4)
(18, 31, 4)
(18, 32, 4)
(18, 33, 3)
(18, 34, 3)
(18, 35, 3)
(18, 36, 3)
(18, 37, 3)
(18, 38, 3)
(18, 39, 3)

(19, 0, 15)
(19, 1, 15)
(19, 2, 8)
(19, 3, 8)
(19, 4, 5)
(19, 5, 5)
(19, 6, 5)
(19, 7, 5)
(19, 8, 5)
(19, 9, 4)
(19, 10, 4)
(19, 11, 4)
(19, 12, 4)
(19, 13, 4)
(19, 14, 4)
(19, 15, 4)
(19, 16, 4)
(19, 17, 4)
(19, 18, 4)
(19, 19, 4)
(19, 20, 4)
(19, 21, 4)
(19, 22, 4)
(19, 23, 4)
(19, 24, 4)
(19, 25, 4)
(19, 26, 4)
(19, 27, 4)
(19, 28, 4)
(19, 29, 4)
(19, 30, 4)
(19, 31, 4)
(19, 32, 4)
(19, 33, 3)
(19, 34, 3)
(19, 35, 3)
(19, 36, 3)
(19, 37, 3)
(19, 38, 3)
(19, 39, 3)

(20, 0, 19)
(20, 1, 19)
(20, 2, 11)
(20, 3, 11)
(20, 4, 8)
(20, 5, 8)
(20, 6, 8)
(20, 7, 8)
(20, 8, 8)
(20, 9, 6)
(20, 10, 6)
(20, 11, 6)
(20, 12, 6)
(20, 13, 6)
(20, 14, 6)
(20, 15, 6)
(20, 16, 6)
(20, 17, 6)
(20, 18, 6)
(20, 19, 6)
(20, 20, 6)
(20, 21, 6)
(20, 22, 6)
(20, 23, 6)
(20, 24, 6)
(20, 25, 5)
(20, 26, 5)
(20, 27, 4)
(20, 28, 4)
(20, 29, 4)
(20, 30, 3)
(20, 31, 3)
(20, 32, 3)
(20, 33, 1)
(20, 34, 1)
(20, 35, 1)
(20, 36, 1)
(20, 37, 1)
(20, 38, 1)
(20, 39, 1)

(21, 0, 23)
(21, 1, 22)
(21, 2, 14)
(21, 3, 14)
(21, 4, 11)
(21, 5, 11)
(21, 6, 11)
(21, 7, 9)
(21, 8, 9)
(21, 9, 7)
(21, 10, 7)
(21, 11, 7)
(21, 12, 7)
(21, 13, 7)
(21, 14, 7)
(21, 15, 7)
(21, 16, 7)
(21, 17, 7)
(21, 18, 7)
(21, 19, 7)
(21, 20, 7)
(21, 21, 7)
(21, 22, 7)
(21, 23, 7)
(21, 24, 7)
(21, 25, 6)
(21, 26, 6)
(21, 27, 5)
(21, 28, 3)
(21, 29, 3)
(21, 30, 3)
(21, 31, 3)
(21, 32, 3)
(21, 33, 1)
(21, 34, 1)
(21, 35, 1)
(21, 36, 1)
(21, 37, 1)
(21, 38, 1)
(21, 39, 1)

(22, 0, 29)
(22, 1, 24)
(22, 2, 16)
(22, 3, 16)
(22, 4, 13)
(22, 5, 13)
(22, 6, 9)
(22, 7, 9)
(22, 8, 9)
(22, 9, 7)
(22, 10, 7)
(22, 11, 7)
(22, 12, 7)
(22, 13, 7)
(22, 14, 7)
(22, 15, 7)
(22, 16, 7)
(22, 17, 7)
(22, 18, 7)
(22, 19, 7)
(22, 20, 7)
(22, 21, 7)
(22, 22, 7)
(22, 23, 7)
(22, 24, 7)
(22, 25, 6)
(22, 26, 6)
(22, 27, 5)
(22, 28, 3)
(22, 29, 3)
(22, 30, 3)
(22, 31, 3)
(22, 32, 3)
(22, 33, 1)
(22, 34, 1)
(22, 35, 1)
(22, 36, 1)
(22, 37, 1)
(22, 38, 1)
(22, 39, 1)

(23, 0, 38)
(23, 1, 31)
(23, 2, 22)
(23, 3, 22)
(23, 4, 16)
(23, 5, 14)
(23, 6, 10)
(23, 7, 10)
(23, 8, 10)
(23, 9, 7)
(23, 10, 7)
(23, 11, 7)
(23, 12, 7)
(23, 13, 7)
(23, 14, 7)
(23, 15, 7)
(23, 16, 7)
(23, 17, 7)
(23, 18, 7)
(23, 19, 7)
(23, 20, 7)
(23, 21, 7)
(23, 22, 7)
(23, 23, 7)
(23, 24, 7)
(23, 25, 6)
(23, 26, 6)
(23, 27, 4)
(23, 28, 3)
(23, 29, 3)
(23, 30, 3)
(23, 31, 3)
(23, 32, 3)
(23, 33, 1)
(23, 34, 1)
(23, 35, 1)
(23, 36, 1)
(23, 37, 1)
(23, 38, 1)
(23, 39, 1)

(24, 0, 46)
(24, 1, 37)
(24, 2, 27)
(24, 3, 27)
(24, 4, 19)
(24, 5, 14)
(24, 6, 10)
(24, 7, 10)
(24, 8, 10)
(24, 9, 7)
(24, 10, 7)
(24, 11, 7)
(24, 12, 7)
(24, 13, 7)
(24, 14, 7)
(24, 15, 7)
(24, 16, 7)
(24, 17, 7)
(24, 18, 7)
(24, 19, 7)
(24, 20, 7)
(24, 21, 7)
(24, 22, 7)
(24, 23, 6)
(24, 24, 6)
(24, 25, 5)
(24, 26, 5)
(24, 27, 4)
(24, 28, 3)
(24, 29, 3)
(24, 30, 3)
(24, 31, 3)
(24, 32, 3)
(24, 33, 1)
(24, 34, 1)
(24, 35, 1)
(24, 36, 1)
(24, 37, 1)
(24, 38, 1)
(24, 39, 1)

(25, 0, 50)
(25, 1, 41)
(25, 2, 31)
(25, 3, 31)
(25, 4, 21)
(25, 5, 14)
(25, 6, 12)
(25, 7, 10)
(25, 8, 10)
(25, 9, 7)
(25, 10, 7)
(25, 11, 7)
(25, 12, 7)
(25, 13, 7)
(25, 14, 7)
(25, 15, 7)
(25, 16, 7)
(25, 17, 7)
(25, 18, 7)
(25, 19, 7)
(25, 20, 7)
(25, 21, 7)
(25, 22, 7)
(25, 23, 6)
(25, 24, 6)
(25, 25, 5)
(25, 26, 5)
(25, 27, 4)
(25, 28, 3)
(25, 29, 3)
(25, 30, 3)
(25, 31, 3)
(25, 32, 3)
(25, 33, 1)
(25, 34, 1)
(25, 35, 1)
(25, 36, 1)
(25, 37, 1)
(25, 38, 1)
(25, 39, 1)

(26, 0, 56)
(26, 1, 45)
(26, 2, 35)
(26, 3, 35)
(26, 4, 23)
(26, 5, 12)
(26, 6, 10)
(26, 7, 10)
(26, 8, 10)
(26, 9, 7)
(26, 10, 7)
(26, 11, 7)
(26, 12, 7)
(26, 13, 7)
(26, 14, 7)
(26, 15, 7)
(26, 16, 7)
(26, 17, 7)
(26, 18, 7)
(26, 19, 7)
(26, 20, 7)
(26, 21, 7)
(26, 22, 6)
(26, 23, 6)
(26, 24, 6)
(26, 25, 5)
(26, 26, 5)
(26, 27, 4)
(26, 28, 3)
(26, 29, 3)
(26, 30, 3)
(26, 31, 3)
(26, 32, 3)
(26, 33, 1)
(26, 34, 1)
(26, 35, 1)
(26, 36, 1)
(26, 37, 1)
(26, 38, 1)
(26, 39, 1)

(27, 0, 62)
(27, 1, 49)
(27, 2, 39)
(27, 3, 39)
(27, 4, 25)
(27, 5, 12)
(27, 6, 10)
(27, 7, 10)
(27, 8, 10)
(27, 9, 7)
(27, 10, 7)
(27, 11, 7)
(27, 12, 7)
(27, 13, 7)
(27, 14, 7)
(27, 15, 7)
(27, 16, 7)
(27, 17, 7)
(27, 18, 7)
(27, 19, 7)
(27, 20, 7)
(27, 21, 7)
(27, 22, 6)
(27, 23, 6)
(27, 24, 6)
(27, 25, 5)
(27, 26, 5)
(27, 27, 4)
(27, 28, 3)
(27, 29, 3)
(27, 30, 3)
(27, 31, 3)
(27, 32, 3)
(27, 33, 1)
(27, 34, 1)
(27, 35, 1)
(27, 36, 1)
(27, 37, 1)
(27, 38, 1)
(27, 39, 1)

(28, 0, 64)
(28, 1, 51)
(28, 2, 41)
(28, 3, 41)
(28, 4, 25)
(28, 5, 10)
(28, 6, 10)
(28, 7, 10)
(28, 8, 10)
(28, 9, 7)
(28, 10, 7)
(28, 11, 7)
(28, 12, 7)
(28, 13, 7)
(28, 14, 7)
(28, 15, 7)
(28, 16, 7)
(28, 17, 7)
(28, 18, 7)
(28, 19, 7)
(28, 20, 7)
(28, 21, 7)
(28, 22, 6)
(28, 23, 6)
(28, 24, 6)
(28, 25, 5)
(28, 26, 5)
(28, 27, 4)
(28, 28, 3)
(28, 29, 3)
(28, 30, 3)
(28, 31, 3)
(28, 32, 3)
(28, 33, 1)
(28, 34, 1)
(28, 35, 1)
(28, 36, 1)
(28, 37, 1)
(28, 38, 1)
(28, 39, 1)

(29, 0, 73)
(29, 1, 58)
(29, 2, 45)
(29, 3, 45)
(29, 4, 29)
(29, 5, 14)
(29, 6, 12)
(29, 7, 12)
(29, 8, 12)
(29, 9, 9)
(29, 10, 9)
(29, 11, 9)
(29, 12, 9)
(29, 13, 9)
(29, 14, 9)
(29, 15, 9)
(29, 16, 9)
(29, 17, 9)
(29, 18, 9)
(29, 19, 9)
(29, 20, 9)
(29, 21, 9)
(29, 22, 8)
(29, 23, 8)
(29, 24, 8)
(29, 25, 6)
(29, 26, 6)
(29, 27, 5)
(29, 28, 4)
(29, 29, 4)
(29, 30, 4)
(29, 31, 4)
(29, 32, 4)
(29, 33, 2)
(29, 34, 2)
(29, 35, 2)
(29, 36, 2)
(29, 37, 2)
(29, 38, 2)
(29, 39, 2)

(30, 0, 77)
(30, 1, 62)
(30, 2, 49)
(30, 3, 49)
(30, 4, 30)
(30, 5, 13)
(30, 6, 13)
(30, 7, 13)
(30, 8, 13)
(30, 9, 9)
(30, 10, 9)
(30, 11, 9)
(30, 12, 9)
(30, 13, 9)
(30, 14, 9)
(30, 15, 9)
(30, 16, 9)
(30, 17, 9)
(30, 18, 9)
(30, 19, 9)
(30, 20, 9)
(30, 21, 9)
(30, 22, 8)
(30, 23, 8)
(30, 24, 8)
(30, 25, 6)
(30, 26, 6)
(30, 27, 5)
(30, 28, 4)
(30, 29, 4)
(30, 30, 3)
(30, 31, 3)
(30, 32, 3)
(30, 33, 1)
(30, 34, 1)
(30, 35, 1)
(30, 36, 1)
(30, 37, 1)
(30, 38, 1)
(30, 39, 1)

(31, 0, 83)
(31, 1, 66)
(31, 2, 52)
(31, 3, 52)
(31, 4, 33)
(31, 5, 15)
(31, 6, 13)
(31, 7, 13)
(31, 8, 13)
(31, 9, 9)
(31, 10, 9)
(31, 11, 9)
(31, 12, 9)
(31, 13, 9)
(31, 14, 9)
(31, 15, 9)
(31, 16, 9)
(31, 17, 9)
(31, 18, 9)
(31, 19, 9)
(31, 20, 9)
(31, 21, 9)
(31, 22, 8)
(31, 23, 8)
(31, 24, 8)
(31, 25, 6)
(31, 26, 6)
(31, 27, 5)
(31, 28, 4)
(31, 29, 4)
(31, 30, 3)
(31, 31, 3)
(31, 32, 3)
(31, 33, 1)
(31, 34, 1)
(31, 35, 1)
(31, 36, 1)
(31, 37, 1)
(31, 38, 1)
(31, 39, 1)

(32, 0, 85)
(32, 1, 68)
(32, 2, 54)
(32, 3, 54)
(32, 4, 33)
(32, 5, 13)
(32, 6, 13)
(32, 7, 13)
(32, 8, 13)
(32, 9, 9)
(32, 10, 9)
(32, 11, 9)
(32, 12, 9)
(32, 13, 9)
(32, 14, 9)
(32, 15, 9)
(32, 16, 9)
(32, 17, 9)
(32, 18, 9)
(32, 19, 9)
(32, 20, 9)
(32, 21, 9)
(32, 22, 8)
(32, 23, 8)
(32, 24, 8)
(32, 25, 6)
(32, 26, 6)
(32, 27, 5)
(32, 28, 4)
(32, 29, 4)
(32, 30, 3)
(32, 31, 3)
(32, 32, 3)
(32, 33, 1)
(32, 34, 1)
(32, 35, 1)
(32, 36, 1)
(32, 37, 1)
(32, 38, 1)
(32, 39, 1)

(33, 0, 85)
(33, 1, 68)
(33, 2, 54)
(33, 3, 54)
(33, 4, 33)
(33, 5, 13)
(33, 6, 13)
(33, 7, 13)
(33, 8, 13)
(33, 9, 9)
(33, 10, 9)
(33, 11, 9)
(33, 12, 9)
(33, 13, 9)
(33, 14, 9)
(33, 15, 9)
(33, 16, 9)
(33, 17, 9)
(33, 18, 9)
(33, 19, 9)
(33, 20, 9)
(33, 21, 9)
(33, 22, 8)
(33, 23, 8)
(33, 24, 8)
(33, 25, 6)
(33, 26, 6)
(33, 27, 5)
(33, 28, 4)
(33, 29, 4)
(33, 30, 3)
(33, 31, 3)
(33, 32, 3)
(33, 33, 1)
(33, 34, 1)
(33, 35, 1)
(33, 36, 1)
(33, 37, 1)
(33, 38, 1)
(33, 39, 1)

(34, 0, 92)
(34, 1, 73)
(34, 2, 59)
(34, 3, 59)
(34, 4, 36)
(34, 5, 13)
(34, 6, 13)
(34, 7, 13)
(34, 8, 13)
(34, 9, 9)
(34, 10, 9)
(34, 11, 9)
(34, 12, 9)
(34, 13, 9)
(34, 14, 9)
(34, 15, 9)
(34, 16, 9)
(34, 17, 9)
(34, 18, 9)
(34, 19, 9)
(34, 20, 9)
(34, 21, 9)
(34, 22, 8)
(34, 23, 7)
(34, 24, 7)
(34, 25, 6)
(34, 26, 6)
(34, 27, 5)
(34, 28, 4)
(34, 29, 4)
(34, 30, 3)
(34, 31, 3)
(34, 32, 3)
(34, 33, 1)
(34, 34, 1)
(34, 35, 1)
(34, 36, 1)
(34, 37, 1)
(34, 38, 1)
(34, 39, 1)

(35, 0, 93)
(35, 1, 74)
(35, 2, 60)
(35, 3, 60)
(35, 4, 37)
(35, 5, 13)
(35, 6, 13)
(35, 7, 13)
(35, 8, 13)
(35, 9, 9)
(35, 10, 9)
(35, 11, 9)
(35, 12, 9)
(35, 13, 9)
(35, 14, 9)
(35, 15, 9)
(35, 16, 9)
(35, 17, 9)
(35, 18, 9)
(35, 19, 9)
(35, 20, 9)
(35, 21, 9)
(35, 22, 7)
(35, 23, 7)
(35, 24, 7)
(35, 25, 6)
(35, 26, 6)
(35, 27, 5)
(35, 28, 4)
(35, 29, 4)
(35, 30, 3)
(35, 31, 3)
(35, 32, 3)
(35, 33, 1)
(35, 34, 1)
(35, 35, 1)
(35, 36, 1)
(35, 37, 1)
(35, 38, 1)
(35, 39, 1)

(36, 0, 99)
(36, 1, 78)
(36, 2, 64)
(36, 3, 64)
(36, 4, 39)
(36, 5, 13)
(36, 6, 13)
(36, 7, 13)
(36, 8, 13)
(36, 9, 9)
(36, 10, 9)
(36, 11, 9)
(36, 12, 9)
(36, 13, 9)
(36, 14, 9)
(36, 15, 9)
(36, 16, 9)
(36, 17, 9)
(36, 18, 9)
(36, 19, 9)
(36, 20, 9)
(36, 21, 9)
(36, 22, 7)
(36, 23, 7)
(36, 24, 7)
(36, 25, 6)
(36, 26, 6)
(36, 27, 5)
(36, 28, 4)
(36, 29, 4)
(36, 30, 3)
(36, 31, 3)
(36, 32, 3)
(36, 33, 1)
(36, 34, 1)
(36, 35, 1)
(36, 36, 1)
(36, 37, 1)
(36, 38, 1)
(36, 39, 1)

(37, 0, 99)
(37, 1, 78)
(37, 2, 64)
(37, 3, 64)
(37, 4, 39)
(37, 5, 13)
(37, 6, 13)
(37, 7, 13)
(37, 8, 13)
(37, 9, 9)
(37, 10, 9)
(37, 11, 9)
(37, 12, 9)
(37, 13, 9)
(37, 14, 9)
(37, 15, 9)
(37, 16, 9)
(37, 17, 9)
(37, 18, 9)
(37, 19, 9)
(37, 20, 9)
(37, 21, 9)
(37, 22, 7)
(37, 23, 7)
(37, 24, 7)
(37, 25, 6)
(37, 26, 6)
(37, 27, 5)
(37, 28, 4)
(37, 29, 4)
(37, 30, 3)
(37, 31, 3)
(37, 32, 3)
(37, 33, 1)
(37, 34, 1)
(37, 35, 1)
(37, 36, 1)
(37, 37, 1)
(37, 38, 1)
(37, 39, 1)

(38, 0, 104)
(38, 1, 83)
(38, 2, 69)
(38, 3, 69)
(38, 4, 42)
(38, 5, 13)
(38, 6, 13)
(38, 7, 13)
(38, 8, 13)
(38, 9, 9)
(38, 10, 9)
(38, 11, 9)
(38, 12, 9)
(38, 13, 9)
(38, 14, 9)
(38, 15, 9)
(38, 16, 9)
(38, 17, 9)
(38, 18, 9)
(38, 19, 9)
(38, 20, 9)
(38, 21, 9)
(38, 22, 7)
(38, 23, 7)
(38, 24, 7)
(38, 25, 6)
(38, 26, 6)
(38, 27, 5)
(38, 28, 4)
(38, 29, 4)
(38, 30, 3)
(38, 31, 3)
(38, 32, 3)
(38, 33, 1)
(38, 34, 1)
(38, 35, 1)
(38, 36, 1)
(38, 37, 1)
(38, 38, 1)
(38, 39, 1)

(39, 0, 108)
(39, 1, 84)
(39, 2, 70)
(39, 3, 70)
(39, 4, 42)
(39, 5, 13)
(39, 6, 13)
(39, 7, 13)
(39, 8, 13)
(39, 9, 9)
(39, 10, 9)
(39, 11, 9)
(39, 12, 9)
(39, 13, 9)
(39, 14, 9)
(39, 15, 9)
(39, 16, 9)
(39, 17, 9)
(39, 18, 9)
(39, 19, 9)
(39, 20, 9)
(39, 21, 9)
(39, 22, 7)
(39, 23, 7)
(39, 24, 7)
(39, 25, 6)
(39, 26, 6)
(39, 27, 5)
(39, 28, 3)
(39, 29, 3)
(39, 30, 3)
(39, 31, 3)
(39, 32, 3)
(39, 33, 1)
(39, 34, 1)
(39, 35, 1)
(39, 36, 1)
(39, 37, 1)
(39, 38, 1)
(39, 39, 1)


Betti numbers:
xi_0:
(0, 0, 2)
(1, 0, 1)
(2, 0, 1)
(10, 0, 2)
(11, 0, 3)
(12, 0, 2)
(13, 0, 1)
(14, 0, 1)
(16, 0, 2)
(20, 0, 4)
(21, 0, 4)
(22, 0, 6)
(23, 0, 9)
(24, 0, 8)
(25, 0, 4)
(26, 0, 6)
(27, 0, 6)
(28, 0, 2)
(29, 0, 9)
(30, 0, 4)
(31, 0, 6)
(32, 0, 2)
(34, 0, 7)
(35, 0, 1)
(36, 0, 6)
(38, 0, 5)
(39, 0, 4)
xi_1:
(0, 2, 1)
(1, 2, 1)
(2, 4, 1)
(10, 2, 1)
(11, 2, 2)
(12, 2, 1)
(12, 4, 1)
(13, 4, 1)
(14, 33, 1)
(16, 2, 1)
(16, 9, 1)
(20, 2, 1)
(20, 9, 1)
(20, 25, 1)
(20, 27, 1)
(20, 30, 1)
(20, 33, 1)
(21, 1, 1)
(21, 7, 2)
(21, 28, 2)
(22, 1, 4)
(22, 6, 4)
(23, 1, 2)
(23, 2, 1)
(23, 4, 3)
(23, 5, 2)
(23, 6, 2)
(23, 9, 1)
(23, 27, 1)
(24, 1, 2)
(24, 2, 1)
(24, 4, 2)
(24, 5, 3)
(24, 6, 2)
(24, 23, 1)
(25, 4, 2)
(25, 5, 2)
(25, 7, 2)
(26, 1, 2)
(26, 4, 2)
(26, 5, 4)
(26, 6, 2)
(26, 22, 1)
(27, 1, 2)
(27, 4, 2)
(27, 5, 2)
(27, 6, 2)
(28, 4, 2)
(28, 5, 2)
(29, 1, 2)
(29, 2, 3)
(29, 6, 2)
(29, 25, 1)
(30, 4, 3)
(30, 5, 2)
(30, 9, 1)
(30, 30, 1)
(31, 1, 2)
(31, 2, 1)
(31, 5, 1)
(31, 6, 2)
(32, 4, 2)
(32, 5, 2)
(34, 1, 2)
(34, 4, 2)
(34, 5, 3)
(34, 23, 1)
(35, 5, 1)
(35, 22, 1)
(36, 1, 2)
(36, 4, 2)
(36, 5, 2)
(38, 4, 2)
(38, 5, 3)
(39, 1, 3)
(39, 4, 1)
(39, 28, 1)
xi_2:
(21, 30, 1)
(22, 7, 2)
(23, 6, 2)
(23, 28, 1)
(24, 6, 2)
(24, 27, 1)
(25, 6, 2)
(26, 6, 2)
(26, 7, 2)
(26, 23, 1)
(27, 6, 2)
(28, 6, 2)
(30, 6, 2)
(32, 6, 2)
(34, 25, 1)
(35, 23, 1)
(39, 30, 1)
