x-grades
-669761827139493743/40000000000000000
-329396787580779003/20000000000000000
-647825323183622269/40000000000000000
-159214267801421633/10000000000000000
-125177763845550159/8000000000000000
-307460283624907529/20000000000000000
-603952315271879321/40000000000000000
-18530751977935737/1250000000000000
-582015811316007847/40000000000000000
-57104755933807211/4000000000000000
-560079307360136373/40000000000000000
-137277763845550159/10000000000000000
-538142803404264899/40000000000000000
-263587275713164581/20000000000000000
-20648251977935737/1600000000000000
-63154755933807211/5000000000000000
-494269795492521951/40000000000000000
-241650771757293107/20000000000000000
-472333291536650477/40000000000000000
-23068251977935737/2000000000000000
-450396787580779003/40000000000000000
-219714267801421633/20000000000000000
-428460283624907529/40000000000000000
-26093251977935737/2500000000000000
-81304755933807211/8000000000000000
-197777763845550159/20000000000000000
-384587275713164581/40000000000000000
-93404755933807211/10000000000000000
-362650771757293107/40000000000000000
-35168251977935737/4000000000000000
-340714267801421633/40000000000000000
-41218251977935737/5000000000000000
-318777763845550159/40000000000000000
-153904755933807211/20000000000000000
-59368251977935737/8000000000000000
-71468251977935737/10000000000000000
-274904755933807211/40000000000000000
-131968251977935737/20000000000000000
-252968251977935737/40000000000000000
-121/20

y-grades
1248303/500000
1248303/250000
3744909/500000
1248303/125000
1248303/100000
3744909/250000
8738121/500000
1248303/62500
11234727/500000
1248303/50000
13731333/500000
3744909/125000
16227939/500000
8738121/250000
3744909/100000
1248303/31250
21221151/500000
11234727/250000
23717757/500000
1248303/25000
26214363/500000
13731333/250000
28710969/500000
3744909/62500
1248303/20000
16227939/250000
33704181/500000
8738121/125000
36200787/500000
3744909/50000
38697393/500000
1248303/15625
41193999/500000
21221151/250000
8738121/100000
11234727/125000
46187211/500000
23717757/250000
48683817/500000
1248303/12500

Dimensions > 0:
(0, 0, 2)
(0, 1, 2)
(0, 2, 2)
(0, 3, 2)
(0, 4, 2)
(0, 5, 1)
(0, 6, 1)
(0, 7, 1)
(0, 8, 1)
(0, 9, 1)
(0, 10, 1)
(0, 11, 1)
(0, 12, 1)
(0, 13, 1)
(0, 14, 1)
(0, 15, 1)
(0, 16, 1)
(0, 17, 1)
(0, 18, 1)
(0, 19, 1)
(0, 20, 1)
(0, 21, 1)
(0, 22, 1)
(0, 23, 1)
(0, 24, 1)
(0, 25, 1)
(0, 26, 1)
(0, 27, 1)
(0, 28, 1)
(0, 29, 1)
(0, 30, 1)
(0, 31, 1)
(0, 32, 1)
(0, 33, 1)
(0, 34, 1)
(0, 35, 1)
(0, 36, 1)
(0, 37, 1)
(0, 38, 1)
(0, 39, 1)

(1, 0, 2)
(1, 1, 2)
(1, 2, 2)
(1, 3, 2)
(1, 4, 2)
(1, 5, 1)
(1, 6, 1)
(1, 7, 1)
(1, 8, 1)
(1, 9, 1)
(1, 10, 1)
(1, 11, 1)
(1, 12, 1)
(1, 13, 1)
(1, 14, 1)
(1, 15, 1)
(1, 16, 1)
(1, 17, 1)
(1, 18, 1)
(1, 19, 1)
(1, 20, 1)
(1, 21, 1)
(1, 22, 1)
(1, 23, 1)
(1, 24, 1)
(1, 25, 1)
(1, 26, 1)
(1, 27, 1)
(1, 28, 1)
(1, 29, 1)
(1, 30, 1)
(1, 31, 1)
(1, 32, 1)
(1, 33, 1)
(1, 34, 1)
(1, 35, 1)
(1, 36, 1)
(1, 37, 1)
(1, 38, 1)
(1, 39, 1)

(2, 0, 2)
(2, 1, 2)
(2, 2, 2)
(2, 3, 2)
(2, 4, 2)
(2, 5, 1)
(2, 6, 1)
(2, 7, 1)
(2, 8, 1)
(2, 9, 1)
(2, 10, 1)
(2, 11, 1)
(2, 12, 1)
(2, 13, 1)
(2, 14, 1)
(2, 15, 1)
(2, 16, 1)
(2, 17, 1)
(2, 18, 1)
(2, 19, 1)
(2, 20, 1)
(2, 21, 1)
(2, 22, 1)
(2, 23, 1)
(2, 24, 1)
(2, 25, 1)
(2, 26, 1)
(2, 27, 1)
(2, 28, 1)
(2, 29, 1)
(2, 30, 1)
(2, 31, 1)
(2, 32, 1)
(2, 33, 1)
(2, 34, 1)
(2, 35, 1)
(2, 36, 1)
(2, 37, 1)
(2, 38, 1)
(2, 39, 1)

(3, 0, 2)
(3, 1, 2)
(3, 2, 2)
(3, 3, 2)
(3, 4, 2)
(3, 5, 1)
(3, 6, 1)
(3, 7, 1)
(3, 8, 1)
(3, 9, 1)
(3, 10, 1)
(3, 11, 1)
(3, 12, 1)
(3, 13, 1)
(3, 14, 1)
(3, 15, 1)
(3, 16, 1)
(3, 17, 1)
(3, 18, 1)
(3, 19, 1)
(3, 20, 1)
(3, 21, 1)
(3, 22, 1)
(3, 23, 1)
(3, 24, 1)
(3, 25, 1)
(3, 26, 1)
(3, 27, 1)
(3, 28, 1)
(3, 29, 1)
(3, 30, 1)
(3, 31, 1)
(3, 32, 1)
(3, 33, 1)
(3, 34, 1)
(3, 35, 1)
(3, 36, 1)
(3, 37, 1)
(3, 38, 1)
(3, 39, 1)

(4, 0, 2)
(4, 1, 2)
(4, 2, 2)
(4, 3, 2)
(4, 4, 2)
(4, 5, 1)
(4, 6, 1)
(4, 7, 1)
(4, 8, 1)
(4, 9, 1)
(4, 10, 1)
(4, 11, 1)
(4, 12, 1)
(4, 13, 1)
(4, 14, 1)
(4, 15, 1)
(4, 16, 1)
(4, 17, 1)
(4, 18, 1)
(4, 19, 1)
(4, 20, 1)
(4, 21, 1)
(4, 22, 1)
(4, 23, 1)
(4, 24, 1)
(4, 25, 1)
(4, 26, 1)
(4, 27, 1)
(4, 28, 1)
(4, 29, 1)
(4, 30, 1)
(4, 31, 1)
(4, 32, 1)
(4, 33, 1)
(4, 34, 1)
(4, 35, 1)
(4, 36, 1)
(4, 37, 1)
(4, 38, 1)
(4, 39, 1)

(5, 0, 2)
(5, 1, 2)
(5, 2, 2)
(5, 3, 2)
(5, 4, 2)
(5, 5, 1)
(5, 6, 1)
(5, 7, 1)
(5, 8, 1)
(5, 9, 1)
(5, 10, 1)
(5, 11, 1)
(5, 12, 1)
(5, 13, 1)
(5, 14, 1)
(5, 15, 1)
(5, 16, 1)
(5, 17, 1)
(5, 18, 1)
(5, 19, 1)
(5, 20, 1)
(5, 21, 1)
(5, 22, 1)
(5, 23, 1)
(5, 24, 1)
(5, 25, 1)
(5, 26, 1)
(5, 27, 1)
(5, 28, 1)
(5, 29, 1)
(5, 30, 1)
(5, 31, 1)
(5, 32, 1)
(5, 33, 1)
(5, 34, 1)
(5, 35, 1)
(5, 36, 1)
(5, 37, 1)
(5, 38, 1)
(5, 39, 1)

(6, 0, 2)
(6, 1, 2)
(6, 2, 2)
(6, 3, 2)
(6, 4, 2)
(6, 5, 1)
(6, 6, 1)
(6, 7, 1)
(6, 8, 1)
(6, 9, 1)
(6, 10, 1)
(6, 11, 1)
(6, 12, 1)
(6, 13, 1)
(6, 14, 1)
(6, 15, 1)
(6, 16, 1)
(6, 17, 1)
(6, 18, 1)
(6, 19, 1)
(6, 20, 1)
(6, 21, 1)
(6, 22, 1)
(6, 23, 1)
(6, 24, 1)
(6, 25, 1)
(6, 26, 1)
(6, 27, 1)
(6, 28, 1)
(6, 29, 1)
(6, 30, 1)
(6, 31, 1)
(6, 32, 1)
(6, 33, 1)
(6, 34, 1)
(6, 35, 1)
(6, 36, 1)
(6, 37, 1)
(6, 38, 1)
(6, 39, 1)

(7, 0, 2)
(7, 1, 2)
(7, 2, 2)
(7, 3, 2)
(7, 4, 2)
(7, 5, 1)
(7, 6, 1)
(7, 7, 1)
(7, 8, 1)
(7, 9, 1)
(7, 10, 1)
(7, 11, 1)
(7, 12, 1)
(7, 13, 1)
(7, 14, 1)
(7, 15, 1)
(7, 16, 1)
(7, 17, 1)
(7, 18, 1)
(7, 19, 1)
(7, 20, 1)
(7, 21, 1)
(7, 22, 1)
(7, 23, 1)
(7, 24, 1)
(7, 25, 1)
(7, 26, 1)
(7, 27, 1)
(7, 28, 1)
(7, 29, 1)
(7, 30, 1)
(7, 31, 1)
(7, 32, 1)
(7, 33, 1)
(7, 34, 1)
(7, 35, 1)
(7, 36, 1)
(7, 37, 1)
(7, 38, 1)
(7, 39, 1)

(8, 0, 2)
(8, 1, 2)
(8, 2, 2)
(8, 3, 2)
(8, 4, 2)
(8, 5, 1)
(8, 6, 1)
(8, 7, 1)
(8, 8, 1)
(8, 9, 1)
(8, 10, 1)
(8, 11, 1)
(8, 12, 1)
(8, 13, 1)
(8, 14, 1)
(8, 15, 1)
(8, 16, 1)
(8, 17, 1)
(8, 18, 1)
(8, 19, 1)
(8, 20, 1)
(8, 21, 1)
(8, 22, 1)
(8, 23, 1)
(8, 24, 1)
(8, 25, 1)
(8, 26, 1)
(8, 27, 1)
(8, 28, 1)
(8, 29, 1)
(8, 30, 1)
(8, 31, 1)
(8, 32, 1)
(8, 33, 1)
(8, 34, 1)
(8, 35, 1)
(8, 36, 1)
(8, 37, 1)
(8, 38, 1)
(8, 39, 1)

(9, 0, 2)
(9, 1, 2)
(9, 2, 2)
(9, 3, 2)
(9, 4, 2)
(9, 5, 1)
(9, 6, 1)
(9, 7, 1)
(9, 8, 1)
(9, 9, 1)
(9, 10, 1)
(9, 11, 1)
(9, 12, 1)
(9, 13, 1)
(9, 14, 1)
(9, 15, 1)
(9, 16, 1)
(9, 17, 1)
(9, 18, 1)
(9, 19, 1)
(9, 20, 1)
(9, 21, 1)
(9, 22, 1)
(9, 23, 1)
(9, 24, 1)
(9, 25, 1)
(9, 26, 1)
(9, 27, 1)
(9, 28, 1)
(9, 29, 1)
(9, 30, 1)
(9, 31, 1)
(9, 32, 1)
(9, 33, 1)
(9, 34, 1)
(9, 35, 1)
(9, 36, 1)
(9, 37, 1)
(9, 38, 1)
(9, 39, 1)

(10, 0, 4)
(10, 1, 4)
(10, 2, 4)
(10, 3, 4)
(10, 4, 4)
(10, 5, 3)
(10, 6, 3)
(10, 7, 3)
(10, 8, 3)
(10, 9, 3)
(10, 10, 2)
(10, 11, 2)
(10, 12, 2)
(10, 13, 2)
(10, 14, 2)
(10, 15, 2)
(10, 16, 2)
(10, 17, 2)
(10, 18, 2)
(10, 19, 2)
(10, 20, 2)
(10, 21, 2)
(10, 22, 2)
(10, 23, 2)
(10, 24, 2)
(10, 25, 2)
(10, 26, 2)
(10, 27, 2)
(10, 28, 2)
(10, 29, 2)
(10, 30, 2)
(10, 31, 2)
(10, 32, 2)
(10, 33, 2)
(10, 34, 2)
(10, 35, 2)
(10, 36, 2)
(10, 37, 2)
(10, 38, 2)
(10, 39, 2)

(11, 0, 6)
(11, 1, 6)
(11, 2, 6)
(11, 3, 6)
(11, 4, 6)
(11, 5, 5)
(11, 6, 4)
(11, 7, 4)
(11, 8, 3)
(11, 9, 2)
(11, 10, 2)
(11, 11, 2)
(11, 12, 2)
(11, 13, 2)
(11, 14, 2)
(11, 15, 2)
(11, 16, 2)
(11, 17, 2)
(11, 18, 2)
(11, 19, 2)
(11, 20, 2)
(11, 21, 2)
(11, 22, 2)
(11, 23, 2)
(11, 24, 2)
(11, 25, 2)
(11, 26, 2)
(11, 27, 2)
(11, 28, 2)
(11, 29, 2)
(11, 30, 2)
(11, 31, 2)
(11, 32, 2)
(11, 33, 2)
(11, 34, 2)
(11, 35, 2)
(11, 36, 2)
(11, 37, 2)
(11, 38, 2)
(11, 39, 2)

(12, 0, 8)
(12, 1, 8)
(12, 2, 8)
(12, 3, 8)
(12, 4, 8)
(12, 5, 6)
(12, 6, 5)
(12, 7, 5)
(12, 8, 4)
(12, 9, 3)
(12, 10, 3)
(12, 11, 3)
(12, 12, 3)
(12, 13, 3)
(12, 14, 3)
(12, 15, 3)
(12, 16, 3)
(12, 17, 3)
(12, 18, 3)
(12, 19, 3)
(12, 20, 3)
(12, 21, 3)
(12, 22, 3)
(12, 23, 3)
(12, 24, 3)
(12, 25, 3)
(12, 26, 3)
(12, 27, 3)
(12, 28, 3)
(12, 29, 3)
(12, 30, 3)
(12, 31, 3)
(12, 32, 3)
(12, 33, 3)
(12, 34, 3)
(12, 35, 3)
(12, 36, 3)
(12, 37, 3)
(12, 38, 3)
(12, 39, 3)

(13, 0, 8)
(13, 1, 8)
(13, 2, 8)
(13, 3, 8)
(13, 4, 8)
(13, 5, 6)
(13, 6, 5)
(13, 7, 5)
(13, 8, 4)
(13, 9, 3)
(13, 10, 3)
(13, 11, 3)
(13, 12, 3)
(13, 13, 3)
(13, 14, 3)
(13, 15, 3)
(13, 16, 3)
(13, 17, 3)
(13, 18, 3)
(13, 19, 3)
(13, 20, 3)
(13, 21, 3)
(13, 22, 3)
(13, 23, 3)
(13, 24, 3)
(13, 25, 3)
(13, 26, 3)
(13, 27, 3)
(13, 28, 3)
(13, 29, 3)
(13, 30, 3)
(13, 31, 3)
(13, 32, 3)
(13, 33, 3)
(13, 34, 3)
(13, 35, 3)
(13, 36, 3)
(13, 37, 3)
(13, 38, 3)
(13, 39, 3)

(14, 0, 8)
(14, 1, 8)
(14, 2, 8)
(14, 3, 8)
(14, 4, 8)
(14, 5, 6)
(14, 6, 5)
(14, 7, 5)
(14, 8, 4)
(14, 9, 3)
(14, 10, 3)
(14, 11, 3)
(14, 12, 3)
(14, 13, 3)
(14, 14, 3)
(14, 15, 3)
(14, 16, 3)
(14, 17, 3)
(14, 18, 3)
(14, 19, 3)
(14, 20, 3)
(14, 21, 3)
(14, 22, 3)
(14, 23, 3)
(14, 24, 3)
(14, 25, 3)
(14, 26, 3)
(14, 27, 3)
(14, 28, 3)
(14, 29, 3)
(14, 30, 3)
(14, 31, 3)
(14, 32, 3)
(14, 33, 3)
(14, 34, 3)
(14, 35, 3)
(14, 36, 3)
(14, 37, 3)
(14, 38, 3)
(14, 39, 3)

(15, 0, 8)
(15, 1, 8)
(15, 2, 8)
(15, 3, 8)
(15, 4, 8)
(15, 5, 6)
(15, 6, 5)
(15, 7, 5)
(15, 8, 4)
(15, 9, 3)
(15, 10, 3)
(15, 11, 3)
(15, 12, 3)
(15, 13, 3)
(15, 14, 3)
(15, 15, 3)
(15, 16, 3)
(15, 17, 3)
(15, 18, 3)
(15, 19, 3)
(15, 20, 3)
(15, 21, 3)
(15, 22, 3)
(15, 23, 3)
(15, 24, 3)
(15, 25, 3)
(15, 26, 3)
(15, 27, 3)
(15, 28, 3)
(15, 29, 3)
(15, 30, 3)
(15, 31, 3)
(15, 32, 3)
(15, 33, 3)
(15, 34, 3)
(15, 35, 3)
(15, 36, 3)
(15, 37, 3)
(15, 38, 3)
(15, 39, 3)

(16, 0, 9)
(16, 1, 9)
(16, 2, 9)
(16, 3, 9)
(16, 4, 9)
(16, 5, 7)
(16, 6, 6)
(16, 7, 6)
(16, 8, 5)
(16, 9, 4)
(16, 10, 4)
(16, 11, 4)
(16, 12, 4)
(16, 13, 4)
(16, 14, 4)
(16, 15, 4)
(16, 16, 4)
(16, 17, 4)
(16, 18, 4)
(16, 19, 4)
(16, 20, 4)
(16, 21, 4)
(16, 22, 4)
(16, 23, 4)
(16, 24, 4)
(16, 25, 4)
(16, 26, 4)
(16, 27, 4)
(16, 28, 4)
(16, 29, 4)
(16, 30, 3)
(16, 31, 3)
(16, 32, 3)
(16, 33, 3)
(16, 34, 3)
(16, 35, 3)
(16, 36, 3)
(16, 37, 3)
(16, 38, 3)
(16, 39, 3)

(17, 0, 12)
(17, 1, 12)
(17, 2, 12)
(17, 3, 12)
(17, 4, 11)
(17, 5, 8)
(17, 6, 6)
(17, 7, 6)
(17, 8, 5)
(17, 9, 4)
(17, 10, 4)
(17, 11, 4)
(17, 12, 4)
(17, 13, 4)
(17, 14, 4)
(17, 15, 4)
(17, 16, 4)
(17, 17, 4)
(17, 18, 4)
(17, 19, 4)
(17, 20, 4)
(17, 21, 4)
(17, 22, 4)
(17, 23, 4)
(17, 24, 4)
(17, 25, 4)
(17, 26, 4)
(17, 27, 4)
(17, 28, 3)
(17, 29, 3)
(17, 30, 3)
(17, 31, 3)
(17, 32, 3)
(17, 33, 3)
(17, 34, 3)
(17, 35, 3)
(17, 36, 3)
(17, 37, 3)
(17, 38, 3)
(17, 39, 3)

(18, 0, 13)
(18, 1, 13)
(18, 2, 13)
(18, 3, 13)
(18, 4, 12)
(18, 5, 9)
(18, 6, 7)
(18, 7, 7)
(18, 8, 6)
(18, 9, 5)
(18, 10, 5)
(18, 11, 5)
(18, 12, 5)
(18, 13, 5)
(18, 14, 5)
(18, 15, 5)
(18, 16, 5)
(18, 17, 5)
(18, 18, 5)
(18, 19, 5)
(18, 20, 5)
(18, 21, 5)
(18, 22, 5)
(18, 23, 5)
(18, 24, 5)
(18, 25, 5)
(18, 26, 5)
(18, 27, 5)
(18, 28, 4)
(18, 29, 4)
(18, 30, 4)
(18, 31, 4)
(18, 32, 4)
(18, 33, 4)
(18, 34, 4)
(18, 35, 4)
(18, 36, 4)
(18, 37, 4)
(18, 38, 4)
(18, 39, 4)

(19, 0, 16)
(19, 1, 16)
(19, 2, 16)
(19, 3, 16)
(19, 4, 15)
(19, 5, 11)
(19, 6, 9)
(19, 7, 9)
(19, 8, 8)
(19, 9, 7)
(19, 10, 7)
(19, 11, 7)
(19, 12, 7)
(19, 13, 7)
(19, 14, 7)
(19, 15, 7)
(19, 16, 7)
(19, 17, 7)
(19, 18, 7)
(19, 19, 7)
(19, 20, 7)
(19, 21, 7)
(19, 22, 7)
(19, 23, 7)
(19, 24, 7)
(19, 25, 7)
(19, 26, 7)
(19, 27, 7)
(19, 28, 6)
(19, 29, 6)
(19, 30, 6)
(19, 31, 6)
(19, 32, 6)
(19, 33, 6)
(19, 34, 6)
(19, 35, 6)
(19, 36, 6)
(19, 37, 6)
(19, 38, 6)
(19, 39, 6)

(20, 0, 21)
(20, 1, 21)
(20, 2, 21)
(20, 3, 21)
(20, 4, 20)
(20, 5, 16)
(20, 6, 13)
(20, 7, 12)
(20, 8, 11)
(20, 9, 8)
(20, 10, 8)
(20, 11, 8)
(20, 12, 8)
(20, 13, 8)
(20, 14, 8)
(20, 15, 8)
(20, 16, 8)
(20, 17, 8)
(20, 18, 8)
(20, 19, 8)
(20, 20, 7)
(20, 21, 7)
(20, 22, 7)
(20, 23, 7)
(20, 24, 7)
(20, 25, 7)
(20, 26, 7)
(20, 27, 7)
(20, 28, 6)
(20, 29, 6)
(20, 30, 6)
(20, 31, 6)
(20, 32, 6)
(20, 33, 6)
(20, 34, 6)
(20, 35, 6)
(20, 36, 6)
(20, 37, 6)
(20, 38, 6)
(20, 39, 6)

(21, 0, 26)
(21, 1, 26)
(21, 2, 26)
(21, 3, 26)
(21, 4, 25)
(21, 5, 21)
(21, 6, 18)
(21, 7, 16)
(21, 8, 15)
(21, 9, 11)
(21, 10, 11)
(21, 11, 11)
(21, 12, 10)
(21, 13, 10)
(21, 14, 10)
(21, 15, 10)
(21, 16, 10)
(21, 17, 10)
(21, 18, 9)
(21, 19, 9)
(21, 20, 8)
(21, 21, 8)
(21, 22, 8)
(21, 23, 8)
(21, 24, 8)
(21, 25, 8)
(21, 26, 8)
(21, 27, 8)
(21, 28, 7)
(21, 29, 7)
(21, 30, 7)
(21, 31, 7)
(21, 32, 7)
(21, 33, 7)
(21, 34, 7)
(21, 35, 7)
(21, 36, 7)
(21, 37, 7)
(21, 38, 7)
(21, 39, 7)

(22, 0, 32)
(22, 1, 32)
(22, 2, 32)
(22, 3, 32)
(22, 4, 31)
(22, 5, 27)
(22, 6, 24)
(22, 7, 19)
(22, 8, 17)
(22, 9, 12)
(22, 10, 12)
(22, 11, 12)
(22, 12, 11)
(22, 13, 11)
(22, 14, 10)
(22, 15, 10)
(22, 16, 10)
(22, 17, 10)
(22, 18, 9)
(22, 19, 9)
(22, 20, 8)
(22, 21, 8)
(22, 22, 8)
(22, 23, 8)
(22, 24, 8)
(22, 25, 8)
(22, 26, 8)
(22, 27, 8)
(22, 28, 7)
(22, 29, 7)
(22, 30, 7)
(22, 31, 7)
(22, 32, 7)
(22, 33, 7)
(22, 34, 7)
(22, 35, 7)
(22, 36, 7)
(22, 37, 7)
(22, 38, 7)
(22, 39, 7)

(23, 0, 44)
(23, 1, 44)
(23, 2, 44)
(23, 3, 44)
(23, 4, 42)
(23, 5, 37)
(23, 6, 32)
(23, 7, 23)
(23, 8, 21)
(23, 9, 16)
(23, 10, 16)
(23, 11, 16)
(23, 12, 15)
(23, 13, 15)
(23, 14, 13)
(23, 15, 12)
(23, 16, 12)
(23, 17, 12)
(23, 18, 11)
(23, 19, 11)
(23, 20, 10)
(23, 21, 10)
(23, 22, 10)
(23, 23, 9)
(23, 24, 9)
(23, 25, 9)
(23, 26, 9)
(23, 27, 9)
(23, 28, 8)
(23, 29, 8)
(23, 30, 8)
(23, 31, 8)
(23, 32, 8)
(23, 33, 8)
(23, 34, 8)
(23, 35, 8)
(23, 36, 8)
(23, 37, 8)
(23, 38, 8)
(23, 39, 8)

(24, 0, 50)
(24, 1, 50)
(24, 2, 50)
(24, 3, 49)
(24, 4, 47)
(24, 5, 42)
(24, 6, 36)
(24, 7, 26)
(24, 8, 24)
(24, 9, 19)
(24, 10, 19)
(24, 11, 19)
(24, 12, 18)
(24, 13, 18)
(24, 14, 14)
(24, 15, 14)
(24, 16, 14)
(24, 17, 13)
(24, 18, 12)
(24, 19, 12)
(24, 20, 11)
(24, 21, 11)
(24, 22, 11)
(24, 23, 10)
(24, 24, 10)
(24, 25, 10)
(24, 26, 10)
(24, 27, 10)
(24, 28, 9)
(24, 29, 9)
(24, 30, 9)
(24, 31, 9)
(24, 32, 9)
(24, 33, 9)
(24, 34, 9)
(24, 35, 9)
(24, 36, 7)
(24, 37, 7)
(24, 38, 7)
(24, 39, 7)

(25, 0, 56)
(25, 1, 56)
(25, 2, 56)
(25, 3, 55)
(25, 4, 53)
(25, 5, 48)
(25, 6, 42)
(25, 7, 30)
(25, 8, 28)
(25, 9, 23)
(25, 10, 23)
(25, 11, 23)
(25, 12, 21)
(25, 13, 21)
(25, 14, 15)
(25, 15, 14)
(25, 16, 14)
(25, 17, 14)
(25, 18, 13)
(25, 19, 13)
(25, 20, 12)
(25, 21, 12)
(25, 22, 12)
(25, 23, 11)
(25, 24, 11)
(25, 25, 11)
(25, 26, 11)
(25, 27, 11)
(25, 28, 10)
(25, 29, 10)
(25, 30, 10)
(25, 31, 10)
(25, 32, 9)
(25, 33, 9)
(25, 34, 9)
(25, 35, 9)
(25, 36, 8)
(25, 37, 8)
(25, 38, 8)
(25, 39, 8)

(26, 0, 64)
(26, 1, 64)
(26, 2, 64)
(26, 3, 63)
(26, 4, 61)
(26, 5, 56)
(26, 6, 49)
(26, 7, 34)
(26, 8, 32)
(26, 9, 27)
(26, 10, 27)
(26, 11, 27)
(26, 12, 25)
(26, 13, 25)
(26, 14, 17)
(26, 15, 15)
(26, 16, 15)
(26, 17, 15)
(26, 18, 14)
(26, 19, 14)
(26, 20, 13)
(26, 21, 13)
(26, 22, 13)
(26, 23, 12)
(26, 24, 12)
(26, 25, 11)
(26, 26, 11)
(26, 27, 11)
(26, 28, 10)
(26, 29, 10)
(26, 30, 10)
(26, 31, 9)
(26, 32, 9)
(26, 33, 9)
(26, 34, 9)
(26, 35, 9)
(26, 36, 8)
(26, 37, 8)
(26, 38, 8)
(26, 39, 8)

(27, 0, 69)
(27, 1, 69)
(27, 2, 69)
(27, 3, 68)
(27, 4, 66)
(27, 5, 61)
(27, 6, 54)
(27, 7, 37)
(27, 8, 35)
(27, 9, 30)
(27, 10, 30)
(27, 11, 30)
(27, 12, 28)
(27, 13, 28)
(27, 14, 18)
(27, 15, 16)
(27, 16, 16)
(27, 17, 16)
(27, 18, 15)
(27, 19, 14)
(27, 20, 13)
(27, 21, 13)
(27, 22, 13)
(27, 23, 12)
(27, 24, 12)
(27, 25, 11)
(27, 26, 11)
(27, 27, 11)
(27, 28, 10)
(27, 29, 10)
(27, 30, 10)
(27, 31, 9)
(27, 32, 9)
(27, 33, 9)
(27, 34, 9)
(27, 35, 9)
(27, 36, 8)
(27, 37, 8)
(27, 38, 8)
(27, 39, 8)

(28, 0, 76)
(28, 1, 76)
(28, 2, 76)
(28, 3, 75)
(28, 4, 73)
(28, 5, 68)
(28, 6, 60)
(28, 7, 41)
(28, 8, 39)
(28, 9, 34)
(28, 10, 34)
(28, 11, 34)
(28, 12, 31)
(28, 13, 31)
(28, 14, 19)
(28, 15, 15)
(28, 16, 15)
(28, 17, 15)
(28, 18, 14)
(28, 19, 14)
(28, 20, 14)
(28, 21, 14)
(28, 22, 14)
(28, 23, 13)
(28, 24, 13)
(28, 25, 11)
(28, 26, 11)
(28, 27, 11)
(28, 28, 10)
(28, 29, 10)
(28, 30, 10)
(28, 31, 9)
(28, 32, 9)
(28, 33, 9)
(28, 34, 9)
(28, 35, 9)
(28, 36, 8)
(28, 37, 8)
(28, 38, 8)
(28, 39, 8)

(29, 0, 80)
(29, 1, 80)
(29, 2, 80)
(29, 3, 79)
(29, 4, 77)
(29, 5, 72)
(29, 6, 64)
(29, 7, 43)
(29, 8, 41)
(29, 9, 36)
(29, 10, 36)
(29, 11, 36)
(29, 12, 33)
(29, 13, 33)
(29, 14, 19)
(29, 15, 15)
(29, 16, 15)
(29, 17, 15)
(29, 18, 14)
(29, 19, 14)
(29, 20, 14)
(29, 21, 14)
(29, 22, 14)
(29, 23, 13)
(29, 24, 13)
(29, 25, 11)
(29, 26, 11)
(29, 27, 11)
(29, 28, 10)
(29, 29, 10)
(29, 30, 10)
(29, 31, 9)
(29, 32, 9)
(29, 33, 9)
(29, 34, 9)
(29, 35, 9)
(29, 36, 8)
(29, 37, 8)
(29, 38, 8)
(29, 39, 8)

(30, 0, 83)
(30, 1, 83)
(30, 2, 83)
(30, 3, 82)
(30, 4, 80)
(30, 5, 75)
(30, 6, 67)
(30, 7, 44)
(30, 8, 42)
(30, 9, 37)
(30, 10, 37)
(30, 11, 37)
(30, 12, 34)
(30, 13, 34)
(30, 14, 20)
(30, 15, 16)
(30, 16, 16)
(30, 17, 16)
(30, 18, 15)
(30, 19, 15)
(30, 20, 15)
(30, 21, 15)
(30, 22, 15)
(30, 23, 14)
(30, 24, 14)
(30, 25, 12)
(30, 26, 12)
(30, 27, 12)
(30, 28, 10)
(30, 29, 10)
(30, 30, 10)
(30, 31, 9)
(30, 32, 9)
(30, 33, 9)
(30, 34, 9)
(30, 35, 9)
(30, 36, 8)
(30, 37, 8)
(30, 38, 8)
(30, 39, 8)

(31, 0, 89)
(31, 1, 89)
(31, 2, 89)
(31, 3, 87)
(31, 4, 85)
(31, 5, 80)
(31, 6, 70)
(31, 7, 46)
(31, 8, 44)
(31, 9, 39)
(31, 10, 39)
(31, 11, 39)
(31, 12, 36)
(31, 13, 36)
(31, 14, 20)
(31, 15, 16)
(31, 16, 16)
(31, 17, 16)
(31, 18, 15)
(31, 19, 15)
(31, 20, 15)
(31, 21, 15)
(31, 22, 15)
(31, 23, 14)
(31, 24, 14)
(31, 25, 12)
(31, 26, 12)
(31, 27, 12)
(31, 28, 10)
(31, 29, 10)
(31, 30, 10)
(31, 31, 9)
(31, 32, 9)
(31, 33, 9)
(31, 34, 9)
(31, 35, 9)
(31, 36, 8)
(31, 37, 8)
(31, 38, 8)
(31, 39, 8)

(32, 0, 94)
(32, 1, 94)
(32, 2, 94)
(32, 3, 92)
(32, 4, 90)
(32, 5, 85)
(32, 6, 75)
(32, 7, 49)
(32, 8, 47)
(32, 9, 42)
(32, 10, 42)
(32, 11, 42)
(32, 12, 39)
(32, 13, 39)
(32, 14, 22)
(32, 15, 18)
(32, 16, 18)
(32, 17, 18)
(32, 18, 16)
(32, 19, 16)
(32, 20, 16)
(32, 21, 16)
(32, 22, 16)
(32, 23, 15)
(32, 24, 15)
(32, 25, 13)
(32, 26, 13)
(32, 27, 13)
(32, 28, 11)
(32, 29, 10)
(32, 30, 10)
(32, 31, 9)
(32, 32, 9)
(32, 33, 9)
(32, 34, 9)
(32, 35, 9)
(32, 36, 8)
(32, 37, 8)
(32, 38, 8)
(32, 39, 8)

(33, 0, 100)
(33, 1, 100)
(33, 2, 100)
(33, 3, 98)
(33, 4, 96)
(33, 5, 91)
(33, 6, 81)
(33, 7, 52)
(33, 8, 50)
(33, 9, 44)
(33, 10, 44)
(33, 11, 44)
(33, 12, 40)
(33, 13, 40)
(33, 14, 21)
(33, 15, 17)
(33, 16, 17)
(33, 17, 17)
(33, 18, 15)
(33, 19, 15)
(33, 20, 15)
(33, 21, 15)
(33, 22, 15)
(33, 23, 14)
(33, 24, 14)
(33, 25, 12)
(33, 26, 12)
(33, 27, 12)
(33, 28, 10)
(33, 29, 10)
(33, 30, 10)
(33, 31, 9)
(33, 32, 9)
(33, 33, 9)
(33, 34, 9)
(33, 35, 9)
(33, 36, 8)
(33, 37, 8)
(33, 38, 8)
(33, 39, 8)

(34, 0, 103)
(34, 1, 103)
(34, 2, 103)
(34, 3, 101)
(34, 4, 99)
(34, 5, 94)
(34, 6, 84)
(34, 7, 53)
(34, 8, 51)
(34, 9, 45)
(34, 10, 45)
(34, 11, 45)
(34, 12, 41)
(34, 13, 41)
(34, 14, 22)
(34, 15, 18)
(34, 16, 18)
(34, 17, 18)
(34, 18, 16)
(34, 19, 16)
(34, 20, 16)
(34, 21, 16)
(34, 22, 16)
(34, 23, 15)
(34, 24, 15)
(34, 25, 13)
(34, 26, 13)
(34, 27, 13)
(34, 28, 11)
(34, 29, 11)
(34, 30, 11)
(34, 31, 10)
(34, 32, 9)
(34, 33, 9)
(34, 34, 9)
(34, 35, 9)
(34, 36, 8)
(34, 37, 8)
(34, 38, 8)
(34, 39, 8)

(35, 0, 106)
(35, 1, 106)
(35, 2, 106)
(35, 3, 104)
(35, 4, 102)
(35, 5, 97)
(35, 6, 87)
(35, 7, 55)
(35, 8, 53)
(35, 9, 45)
(35, 10, 45)
(35, 11, 45)
(35, 12, 41)
(35, 13, 41)
(35, 14, 22)
(35, 15, 18)
(35, 16, 18)
(35, 17, 18)
(35, 18, 16)
(35, 19, 16)
(35, 20, 16)
(35, 21, 16)
(35, 22, 16)
(35, 23, 15)
(35, 24, 15)
(35, 25, 13)
(35, 26, 13)
(35, 27, 13)
(35, 28, 11)
(35, 29, 11)
(35, 30, 11)
(35, 31, 10)
(35, 32, 9)
(35, 33, 9)
(35, 34, 9)
(35, 35, 9)
(35, 36, 8)
(35, 37, 8)
(35, 38, 8)
(35, 39, 8)

(36, 0, 106)
(36, 1, 106)
(36, 2, 106)
(36, 3, 104)
(36, 4, 102)
(36, 5, 97)
(36, 6, 87)
(36, 7, 55)
(36, 8, 53)
(36, 9, 45)
(36, 10, 45)
(36, 11, 45)
(36, 12, 41)
(36, 13, 41)
(36, 14, 22)
(36, 15, 18)
(36, 16, 18)
(36, 17, 18)
(36, 18, 16)
(36, 19, 16)
(36, 20, 16)
(36, 21, 16)
(36, 22, 16)
(36, 23, 15)
(36, 24, 15)
(36, 25, 13)
(36, 26, 13)
(36, 27, 13)
(36, 28, 11)
(36, 29, 11)
(36, 30, 11)
(36, 31, 10)
(36, 32, 9)
(36, 33, 9)
(36, 34, 9)
(36, 35, 9)
(36, 36, 8)
(36, 37, 8)
(36, 38, 8)
(36, 39, 8)

(37, 0, 106)
(37, 1, 106)
(37, 2, 106)
(37, 3, 104)
(37, 4, 102)
(37, 5, 97)
(37, 6, 87)
(37, 7, 55)
(37, 8, 53)
(37, 9, 45)
(37, 10, 45)
(37, 11, 45)
(37, 12, 41)
(37, 13, 41)
(37, 14, 22)
(37, 15, 18)
(37, 16, 18)
(37, 17, 18)
(37, 18, 16)
(37, 19, 16)
(37, 20, 16)
(37, 21, 16)
(37, 22, 16)
(37, 23, 15)
(37, 24, 15)
(37, 25, 13)
(37, 26, 13)
(37, 27, 13)
(37, 28, 11)
(37, 29, 11)
(37, 30, 11)
(37, 31, 10)
(37, 32, 9)
(37, 33, 9)
(37, 34, 9)
(37, 35, 9)
(37, 36, 8)
(37, 37, 8)
(37, 38, 8)
(37, 39, 8)

(38, 0, 106)
(38, 1, 106)
(38, 2, 106)
(38, 3, 104)
(38, 4, 102)
(38, 5, 97)
(38, 6, 87)
(38, 7, 55)
(38, 8, 53)
(38, 9, 45)
(38, 10, 45)
(38, 11, 45)
(38, 12, 41)
(38, 13, 41)
(38, 14, 22)
(38, 15, 18)
(38, 16, 18)
(38, 17, 18)
(38, 18, 16)
(38, 19, 16)
(38, 20, 16)
(38, 21, 16)
(38, 22, 16)
(38, 23, 15)
(38, 24, 15)
(38, 25, 13)
(38, 26, 13)
(38, 27, 13)
(38, 28, 11)
(38, 29, 11)
(38, 30, 11)
(38, 31, 10)
(38, 32, 9)
(38, 33, 9)
(38, 34, 9)
(38, 35, 9)
(38, 36, 8)
(38, 37, 8)
(38, 38, 8)
(38, 39, 8)

(39, 0, 108)
(39, 1, 108)
(39, 2, 108)
(39, 3, 106)
(39, 4, 104)
(39, 5, 98)
(39, 6, 88)
(39, 7, 56)
(39, 8, 54)
(39, 9, 46)
(39, 10, 46)
(39, 11, 46)
(39, 12, 42)
(39, 13, 42)
(39, 14, 23)
(39, 15, 19)
(39, 16, 19)
(39, 17, 19)
(39, 18, 17)
(39, 19, 17)
(39, 20, 17)
(39, 21, 17)
(39, 22, 17)
(39, 23, 16)
(39, 24, 16)
(39, 25, 14)
(39, 26, 14)
(39, 27, 14)
(39, 28, 12)
(39, 29, 12)
(39, 30, 12)
(39, 31, 11)
(39, 32, 10)
(39, 33, 10)
(39, 34, 10)
(39, 35, 10)
(39, 36, 9)
(39, 37, 9)
(39, 38, 9)
(39, 39, 9)


Betti numbers:
xi_0:
(0, 0, 2)
(10, 0, 2)
(11, 0, 2)
(12, 0, 2)
(16, 0, 1)
(17, 0, 3)
(18, 0, 1)
(19, 0, 3)
(20, 0, 5)
(21, 0, 5)
(22, 0, 6)
(23, 0, 12)
(24, 0, 6)
(25, 0, 6)
(26, 0, 8)
(27, 0, 5)
(28, 0, 7)
(29, 0, 4)
(30, 0, 3)
(31, 0, 6)
(32, 0, 5)
(33, 0, 6)
(34, 0, 3)
(35, 0, 3)
(39, 0, 2)
xi_1:
(0, 5, 1)
(10, 10, 1)
(11, 6, 1)
(11, 8, 1)
(11, 9, 1)
(12, 5, 1)
(16, 30, 1)
(17, 4, 1)
(17, 5, 1)
(17, 6, 1)
(17, 28, 1)
(19, 5, 1)
(20, 6, 1)
(20, 7, 1)
(20, 9, 2)
(20, 20, 1)
(21, 7, 1)
(21, 9, 1)
(21, 12, 1)
(21, 18, 1)
(21, 20, 1)
(22, 7, 3)
(22, 8, 1)
(22, 9, 1)
(22, 12, 1)
(22, 14, 1)
(22, 20, 1)
(23, 4, 1)
(23, 5, 1)
(23, 6, 2)
(23, 7, 4)
(23, 14, 1)
(23, 15, 1)
(23, 20, 1)
(23, 23, 1)
(24, 3, 1)
(24, 6, 1)
(24, 7, 1)
(24, 14, 2)
(24, 17, 1)
(24, 20, 1)
(24, 36, 2)
(25, 7, 2)
(25, 12, 1)
(25, 14, 2)
(25, 15, 1)
(25, 32, 1)
(26, 6, 1)
(26, 7, 3)
(26, 14, 2)
(26, 15, 1)
(26, 20, 1)
(26, 25, 1)
(26, 31, 1)
(27, 7, 2)
(27, 14, 2)
(27, 19, 1)
(27, 20, 1)
(28, 6, 1)
(28, 7, 2)
(28, 12, 1)
(28, 14, 2)
(28, 15, 2)
(28, 25, 1)
(29, 7, 2)
(29, 14, 2)
(30, 7, 2)
(30, 28, 1)
(31, 3, 1)
(31, 6, 2)
(31, 7, 1)
(31, 14, 2)
(32, 7, 2)
(32, 14, 1)
(32, 18, 1)
(32, 29, 1)
(33, 7, 3)
(33, 9, 1)
(33, 12, 1)
(33, 14, 2)
(34, 7, 2)
(34, 32, 1)
(35, 7, 1)
(35, 9, 2)
(39, 5, 1)
xi_2:
(11, 10, 1)
(17, 30, 1)
(21, 20, 1)
(22, 12, 1)
(22, 20, 1)
(23, 20, 1)
(24, 15, 1)
(24, 20, 1)
(25, 17, 1)
(25, 36, 1)
(26, 20, 1)
(26, 32, 1)
(27, 20, 1)
(28, 19, 1)
(28, 20, 1)
(33, 29, 1)
