x-grades
-206932233012781189/40000000000000000
-101451250442124169/20000000000000000
-198872768755715487/40000000000000000
-48710759156795659/10000000000000000
-38162660899729957/8000000000000000
-93391786185058467/20000000000000000
-182753840241584083/40000000000000000
-5585128378532851/1250000000000000
-174694375984518381/40000000000000000
-17066464385598553/4000000000000000
-166634911727452679/40000000000000000
-40651294899729957/10000000000000000
-158575447470386977/40000000000000000
-77272857670927063/20000000000000000
-6020639328532851/1600000000000000
-18310781385598553/5000000000000000
-142456518956255573/40000000000000000
-69213393413861361/20000000000000000
-134397054699189871/40000000000000000
-6518366128532851/2000000000000000
-126337590442124169/40000000000000000
-61153929156795659/20000000000000000
-118278126185058467/40000000000000000
-7140524628532851/2500000000000000
-22043732385598553/8000000000000000
-53094464899729957/20000000000000000
-102159197670927063/40000000000000000
-24532366385598553/10000000000000000
-94099733413861361/40000000000000000
-9007000128532851/4000000000000000
-86040269156795659/40000000000000000
-10251317128532851/5000000000000000
-77980804899729957/40000000000000000
-36975536385598553/20000000000000000
-13984268128532851/8000000000000000
-16472902128532851/10000000000000000
-61861876385598553/40000000000000000
-28916072128532851/20000000000000000
-53802412128532851/40000000000000000
-1244317/1000000

y-grades
9996081/4000000
9996081/2000000
29988243/4000000
9996081/1000000
9996081/800000
29988243/2000000
69972567/4000000
9996081/500000
89964729/4000000
9996081/400000
109956891/4000000
29988243/1000000
129949053/4000000
69972567/2000000
29988243/800000
9996081/250000
169933377/4000000
89964729/2000000
189925539/4000000
9996081/200000
209917701/4000000
109956891/2000000
229909863/4000000
29988243/500000
9996081/160000
129949053/2000000
269894187/4000000
69972567/1000000
289886349/4000000
29988243/400000
309878511/4000000
9996081/125000
329870673/4000000
169933377/2000000
69972567/800000
89964729/1000000
369854997/4000000
189925539/2000000
389847159/4000000
9996081/100000

Dimensions > 0:
(0, 0, 2)
(0, 1, 2)
(0, 2, 2)
(0, 3, 2)
(0, 4, 2)
(0, 5, 2)
(0, 6, 2)
(0, 7, 2)
(0, 8, 1)
(0, 9, 1)
(0, 10, 1)
(0, 11, 1)
(0, 12, 1)
(0, 13, 1)
(0, 14, 1)
(0, 15, 1)
(0, 16, 1)
(0, 17, 1)
(0, 18, 1)
(0, 19, 1)
(0, 20, 1)
(0, 21, 1)
(0, 22, 1)
(0, 23, 1)
(0, 24, 1)
(0, 25, 1)
(0, 26, 1)
(0, 27, 1)
(0, 28, 1)
(0, 29, 1)
(0, 30, 1)
(0, 31, 1)
(0, 32, 1)
(0, 33, 1)
(0, 34, 1)
(0, 35, 1)
(0, 36, 1)
(0, 37, 1)
(0, 38, 1)
(0, 39, 1)

(1, 0, 3)
(1, 1, 3)
(1, 2, 2)
(1, 3, 2)
(1, 4, 2)
(1, 5, 2)
(1, 6, 2)
(1, 7, 2)
(1, 8, 1)
(1, 9, 1)
(1, 10, 1)
(1, 11, 1)
(1, 12, 1)
(1, 13, 1)
(1, 14, 1)
(1, 15, 1)
(1, 16, 1)
(1, 17, 1)
(1, 18, 1)
(1, 19, 1)
(1, 20, 1)
(1, 21, 1)
(1, 22, 1)
(1, 23, 1)
(1, 24, 1)
(1, 25, 1)
(1, 26, 1)
(1, 27, 1)
(1, 28, 1)
(1, 29, 1)
(1, 30, 1)
(1, 31, 1)
(1, 32, 1)
(1, 33, 1)
(1, 34, 1)
(1, 35, 1)
(1, 36, 1)
(1, 37, 1)
(1, 38, 1)
(1, 39, 1)

(2, 0, 6)
(2, 1, 6)
(2, 2, 4)
(2, 3, 4)
(2, 4, 4)
(2, 5, 4)
(2, 6, 4)
(2, 7, 4)
(2, 8, 2)
(2, 9, 2)
(2, 10, 2)
(2, 11, 2)
(2, 12, 2)
(2, 13, 2)
(2, 14, 2)
(2, 15, 2)
(2, 16, 2)
(2, 17, 2)
(2, 18, 2)
(2, 19, 2)
(2, 20, 2)
(2, 21, 2)
(2, 22, 2)
(2, 23, 2)
(2, 24, 2)
(2, 25, 2)
(2, 26, 2)
(2, 27, 2)
(2, 28, 2)
(2, 29, 2)
(2, 30, 2)
(2, 31, 2)
(2, 32, 2)
(2, 33, 2)
(2, 34, 2)
(2, 35, 2)
(2, 36, 2)
(2, 37, 2)
(2, 38, 2)
(2, 39, 2)

(3, 0, 7)
(3, 1, 6)
(3, 2, 4)
(3, 3, 4)
(3, 4, 4)
(3, 5, 4)
(3, 6, 4)
(3, 7, 4)
(3, 8, 2)
(3, 9, 2)
(3, 10, 2)
(3, 11, 2)
(3, 12, 2)
(3, 13, 2)
(3, 14, 2)
(3, 15, 2)
(3, 16, 2)
(3, 17, 2)
(3, 18, 2)
(3, 19, 2)
(3, 20, 2)
(3, 21, 2)
(3, 22, 2)
(3, 23, 2)
(3, 24, 2)
(3, 25, 2)
(3, 26, 2)
(3, 27, 2)
(3, 28, 2)
(3, 29, 2)
(3, 30, 2)
(3, 31, 2)
(3, 32, 2)
(3, 33, 2)
(3, 34, 2)
(3, 35, 2)
(3, 36, 2)
(3, 37, 2)
(3, 38, 2)
(3, 39, 2)

(4, 0, 8)
(4, 1, 7)
(4, 2, 4)
(4, 3, 4)
(4, 4, 4)
(4, 5, 4)
(4, 6, 4)
(4, 7, 4)
(4, 8, 2)
(4, 9, 2)
(4, 10, 2)
(4, 11, 2)
(4, 12, 2)
(4, 13, 2)
(4, 14, 2)
(4, 15, 2)
(4, 16, 2)
(4, 17, 2)
(4, 18, 2)
(4, 19, 2)
(4, 20, 2)
(4, 21, 2)
(4, 22, 2)
(4, 23, 2)
(4, 24, 2)
(4, 25, 2)
(4, 26, 2)
(4, 27, 2)
(4, 28, 2)
(4, 29, 2)
(4, 30, 2)
(4, 31, 2)
(4, 32, 2)
(4, 33, 2)
(4, 34, 2)
(4, 35, 2)
(4, 36, 2)
(4, 37, 2)
(4, 38, 2)
(4, 39, 2)

(5, 0, 9)
(5, 1, 8)
(5, 2, 4)
(5, 3, 4)
(5, 4, 4)
(5, 5, 4)
(5, 6, 4)
(5, 7, 4)
(5, 8, 2)
(5, 9, 2)
(5, 10, 2)
(5, 11, 2)
(5, 12, 2)
(5, 13, 2)
(5, 14, 2)
(5, 15, 2)
(5, 16, 2)
(5, 17, 2)
(5, 18, 2)
(5, 19, 2)
(5, 20, 2)
(5, 21, 2)
(5, 22, 2)
(5, 23, 2)
(5, 24, 2)
(5, 25, 2)
(5, 26, 2)
(5, 27, 2)
(5, 28, 2)
(5, 29, 2)
(5, 30, 2)
(5, 31, 2)
(5, 32, 2)
(5, 33, 2)
(5, 34, 2)
(5, 35, 2)
(5, 36, 2)
(5, 37, 2)
(5, 38, 2)
(5, 39, 1)

(6, 0, 10)
(6, 1, 8)
(6, 2, 4)
(6, 3, 4)
(6, 4, 4)
(6, 5, 4)
(6, 6, 4)
(6, 7, 4)
(6, 8, 2)
(6, 9, 2)
(6, 10, 2)
(6, 11, 2)
(6, 12, 2)
(6, 13, 2)
(6, 14, 2)
(6, 15, 2)
(6, 16, 2)
(6, 17, 2)
(6, 18, 2)
(6, 19, 2)
(6, 20, 2)
(6, 21, 2)
(6, 22, 2)
(6, 23, 2)
(6, 24, 2)
(6, 25, 2)
(6, 26, 2)
(6, 27, 2)
(6, 28, 2)
(6, 29, 2)
(6, 30, 2)
(6, 31, 2)
(6, 32, 2)
(6, 33, 2)
(6, 34, 2)
(6, 35, 2)
(6, 36, 2)
(6, 37, 2)
(6, 38, 1)
(6, 39, 1)

(7, 0, 10)
(7, 1, 8)
(7, 2, 4)
(7, 3, 4)
(7, 4, 4)
(7, 5, 4)
(7, 6, 4)
(7, 7, 4)
(7, 8, 2)
(7, 9, 2)
(7, 10, 2)
(7, 11, 2)
(7, 12, 2)
(7, 13, 2)
(7, 14, 2)
(7, 15, 2)
(7, 16, 2)
(7, 17, 2)
(7, 18, 2)
(7, 19, 2)
(7, 20, 2)
(7, 21, 2)
(7, 22, 2)
(7, 23, 2)
(7, 24, 2)
(7, 25, 2)
(7, 26, 2)
(7, 27, 2)
(7, 28, 2)
(7, 29, 2)
(7, 30, 2)
(7, 31, 2)
(7, 32, 2)
(7, 33, 2)
(7, 34, 2)
(7, 35, 2)
(7, 36, 2)
(7, 37, 2)
(7, 38, 1)
(7, 39, 1)

(8, 0, 12)
(8, 1, 9)
(8, 2, 5)
(8, 3, 5)
(8, 4, 5)
(8, 5, 5)
(8, 6, 5)
(8, 7, 5)
(8, 8, 3)
(8, 9, 3)
(8, 10, 3)
(8, 11, 3)
(8, 12, 3)
(8, 13, 3)
(8, 14, 3)
(8, 15, 3)
(8, 16, 2)
(8, 17, 2)
(8, 18, 2)
(8, 19, 2)
(8, 20, 2)
(8, 21, 2)
(8, 22, 2)
(8, 23, 2)
(8, 24, 2)
(8, 25, 2)
(8, 26, 2)
(8, 27, 2)
(8, 28, 2)
(8, 29, 2)
(8, 30, 2)
(8, 31, 2)
(8, 32, 2)
(8, 33, 2)
(8, 34, 2)
(8, 35, 2)
(8, 36, 2)
(8, 37, 2)
(8, 38, 1)
(8, 39, 1)

(9, 0, 13)
(9, 1, 10)
(9, 2, 6)
(9, 3, 6)
(9, 4, 5)
(9, 5, 5)
(9, 6, 5)
(9, 7, 5)
(9, 8, 3)
(9, 9, 3)
(9, 10, 3)
(9, 11, 3)
(9, 12, 3)
(9, 13, 3)
(9, 14, 3)
(9, 15, 3)
(9, 16, 2)
(9, 17, 2)
(9, 18, 2)
(9, 19, 2)
(9, 20, 2)
(9, 21, 2)
(9, 22, 2)
(9, 23, 2)
(9, 24, 2)
(9, 25, 2)
(9, 26, 2)
(9, 27, 2)
(9, 28, 2)
(9, 29, 2)
(9, 30, 2)
(9, 31, 2)
(9, 32, 2)
(9, 33, 2)
(9, 34, 2)
(9, 35, 2)
(9, 36, 2)
(9, 37, 2)
(9, 38, 1)
(9, 39, 1)

(10, 0, 14)
(10, 1, 10)
(10, 2, 6)
(10, 3, 6)
(10, 4, 5)
(10, 5, 5)
(10, 6, 5)
(10, 7, 5)
(10, 8, 3)
(10, 9, 3)
(10, 10, 3)
(10, 11, 3)
(10, 12, 3)
(10, 13, 3)
(10, 14, 3)
(10, 15, 3)
(10, 16, 2)
(10, 17, 2)
(10, 18, 2)
(10, 19, 2)
(10, 20, 2)
(10, 21, 2)
(10, 22, 2)
(10, 23, 2)
(10, 24, 2)
(10, 25, 2)
(10, 26, 2)
(10, 27, 2)
(10, 28, 2)
(10, 29, 2)
(10, 30, 2)
(10, 31, 2)
(10, 32, 2)
(10, 33, 2)
(10, 34, 2)
(10, 35, 2)
(10, 36, 2)
(10, 37, 2)
(10, 38, 1)
(10, 39, 1)

(11, 0, 14)
(11, 1, 10)
(11, 2, 6)
(11, 3, 6)
(11, 4, 5)
(11, 5, 5)
(11, 6, 5)
(11, 7, 5)
(11, 8, 3)
(11, 9, 3)
(11, 10, 3)
(11, 11, 3)
(11, 12, 3)
(11, 13, 3)
(11, 14, 3)
(11, 15, 3)
(11, 16, 2)
(11, 17, 2)
(11, 18, 2)
(11, 19, 2)
(11, 20, 2)
(11, 21, 2)
(11, 22, 2)
(11, 23, 2)
(11, 24, 2)
(11, 25, 2)
(11, 26, 2)
(11, 27, 2)
(11, 28, 2)
(11, 29, 2)
(11, 30, 2)
(11, 31, 2)
(11, 32, 2)
(11, 33, 2)
(11, 34, 2)
(11, 35, 2)
(11, 36, 2)
(11, 37, 2)
(11, 38, 1)
(11, 39, 1)

(12, 0, 14)
(12, 1, 10)
(12, 2, 6)
(12, 3, 6)
(12, 4, 5)
(12, 5, 5)
(12, 6, 5)
(12, 7, 5)
(12, 8, 3)
(12, 9, 3)
(12, 10, 3)
(12, 11, 3)
(12, 12, 3)
(12, 13, 3)
(12, 14, 3)
(12, 15, 3)
(12, 16, 2)
(12, 17, 2)
(12, 18, 2)
(12, 19, 2)
(12, 20, 2)
(12, 21, 2)
(12, 22, 2)
(12, 23, 2)
(12, 24, 2)
(12, 25, 2)
(12, 26, 2)
(12, 27, 2)
(12, 28, 2)
(12, 29, 2)
(12, 30, 2)
(12, 31, 2)
(12, 32, 2)
(12, 33, 2)
(12, 34, 2)
(12, 35, 2)
(12, 36, 2)
(12, 37, 2)
(12, 38, 1)
(12, 39, 1)

(13, 0, 14)
(13, 1, 10)
(13, 2, 6)
(13, 3, 6)
(13, 4, 5)
(13, 5, 5)
(13, 6, 5)
(13, 7, 5)
(13, 8, 3)
(13, 9, 3)
(13, 10, 3)
(13, 11, 3)
(13, 12, 3)
(13, 13, 3)
(13, 14, 3)
(13, 15, 3)
(13, 16, 2)
(13, 17, 2)
(13, 18, 2)
(13, 19, 2)
(13, 20, 2)
(13, 21, 2)
(13, 22, 2)
(13, 23, 2)
(13, 24, 2)
(13, 25, 2)
(13, 26, 2)
(13, 27, 2)
(13, 28, 2)
(13, 29, 2)
(13, 30, 2)
(13, 31, 2)
(13, 32, 2)
(13, 33, 2)
(13, 34, 2)
(13, 35, 2)
(13, 36, 2)
(13, 37, 2)
(13, 38, 1)
(13, 39, 1)

(14, 0, 14)
(14, 1, 10)
(14, 2, 6)
(14, 3, 6)
(14, 4, 5)
(14, 5, 5)
(14, 6, 5)
(14, 7, 5)
(14, 8, 3)
(14, 9, 3)
(14, 10, 3)
(14, 11, 3)
(14, 12, 3)
(14, 13, 3)
(14, 14, 3)
(14, 15, 3)
(14, 16, 2)
(14, 17, 2)
(14, 18, 2)
(14, 19, 2)
(14, 20, 2)
(14, 21, 2)
(14, 22, 2)
(14, 23, 2)
(14, 24, 2)
(14, 25, 2)
(14, 26, 2)
(14, 27, 2)
(14, 28, 2)
(14, 29, 2)
(14, 30, 2)
(14, 31, 2)
(14, 32, 2)
(14, 33, 2)
(14, 34, 2)
(14, 35, 2)
(14, 36, 2)
(14, 37, 2)
(14, 38, 1)
(14, 39, 1)

(15, 0, 14)
(15, 1, 10)
(15, 2, 6)
(15, 3, 6)
(15, 4, 5)
(15, 5, 5)
(15, 6, 5)
(15, 7, 5)
(15, 8, 3)
(15, 9, 3)
(15, 10, 3)
(15, 11, 3)
(15, 12, 3)
(15, 13, 3)
(15, 14, 3)
(15, 15, 3)
(15, 16, 2)
(15, 17, 2)
(15, 18, 2)
(15, 19, 2)
(15, 20, 2)
(15, 21, 2)
(15, 22, 2)
(15, 23, 2)
(15, 24, 2)
(15, 25, 2)
(15, 26, 2)
(15, 27, 2)
(15, 28, 2)
(15, 29, 2)
(15, 30, 2)
(15, 31, 2)
(15, 32, 2)
(15, 33, 2)
(15, 34, 2)
(15, 35, 2)
(15, 36, 2)
(15, 37, 2)
(15, 38, 1)
(15, 39, 1)

(16, 0, 14)
(16, 1, 10)
(16, 2, 6)
(16, 3, 6)
(16, 4, 5)
(16, 5, 5)
(16, 6, 5)
(16, 7, 5)
(16, 8, 3)
(16, 9, 3)
(16, 10, 3)
(16, 11, 3)
(16, 12, 3)
(16, 13, 3)
(16, 14, 3)
(16, 15, 3)
(16, 16, 2)
(16, 17, 2)
(16, 18, 2)
(16, 19, 2)
(16, 20, 2)
(16, 21, 2)
(16, 22, 2)
(16, 23, 2)
(16, 24, 2)
(16, 25, 2)
(16, 26, 2)
(16, 27, 2)
(16, 28, 2)
(16, 29, 2)
(16, 30, 2)
(16, 31, 2)
(16, 32, 2)
(16, 33, 2)
(16, 34, 2)
(16, 35, 2)
(16, 36, 2)
(16, 37, 2)
(16, 38, 1)
(16, 39, 1)

(17, 0, 14)
(17, 1, 10)
(17, 2, 6)
(17, 3, 6)
(17, 4, 5)
(17, 5, 5)
(17, 6, 5)
(17, 7, 5)
(17, 8, 3)
(17, 9, 3)
(17, 10, 3)
(17, 11, 3)
(17, 12, 3)
(17, 13, 3)
(17, 14, 3)
(17, 15, 3)
(17, 16, 2)
(17, 17, 2)
(17, 18, 2)
(17, 19, 2)
(17, 20, 2)
(17, 21, 2)
(17, 22, 2)
(17, 23, 2)
(17, 24, 2)
(17, 25, 2)
(17, 26, 2)
(17, 27, 2)
(17, 28, 2)
(17, 29, 2)
(17, 30, 2)
(17, 31, 2)
(17, 32, 2)
(17, 33, 2)
(17, 34, 2)
(17, 35, 2)
(17, 36, 2)
(17, 37, 2)
(17, 38, 1)
(17, 39, 1)

(18, 0, 18)
(18, 1, 14)
(18, 2, 9)
(18, 3, 8)
(18, 4, 6)
(18, 5, 6)
(18, 6, 6)
(18, 7, 6)
(18, 8, 4)
(18, 9, 4)
(18, 10, 4)
(18, 11, 4)
(18, 12, 4)
(18, 13, 4)
(18, 14, 4)
(18, 15, 4)
(18, 16, 3)
(18, 17, 2)
(18, 18, 2)
(18, 19, 2)
(18, 20, 2)
(18, 21, 2)
(18, 22, 2)
(18, 23, 2)
(18, 24, 2)
(18, 25, 2)
(18, 26, 2)
(18, 27, 2)
(18, 28, 2)
(18, 29, 2)
(18, 30, 2)
(18, 31, 2)
(18, 32, 2)
(18, 33, 2)
(18, 34, 2)
(18, 35, 2)
(18, 36, 2)
(18, 37, 2)
(18, 38, 1)
(18, 39, 1)

(19, 0, 20)
(19, 1, 15)
(19, 2, 9)
(19, 3, 8)
(19, 4, 6)
(19, 5, 6)
(19, 6, 6)
(19, 7, 6)
(19, 8, 4)
(19, 9, 4)
(19, 10, 4)
(19, 11, 4)
(19, 12, 4)
(19, 13, 4)
(19, 14, 4)
(19, 15, 4)
(19, 16, 3)
(19, 17, 2)
(19, 18, 2)
(19, 19, 2)
(19, 20, 2)
(19, 21, 2)
(19, 22, 2)
(19, 23, 2)
(19, 24, 2)
(19, 25, 2)
(19, 26, 2)
(19, 27, 2)
(19, 28, 2)
(19, 29, 2)
(19, 30, 2)
(19, 31, 2)
(19, 32, 2)
(19, 33, 2)
(19, 34, 2)
(19, 35, 2)
(19, 36, 2)
(19, 37, 2)
(19, 38, 1)
(19, 39, 1)

(20, 0, 23)
(20, 1, 16)
(20, 2, 9)
(20, 3, 8)
(20, 4, 6)
(20, 5, 6)
(20, 6, 6)
(20, 7, 6)
(20, 8, 4)
(20, 9, 4)
(20, 10, 4)
(20, 11, 4)
(20, 12, 4)
(20, 13, 4)
(20, 14, 4)
(20, 15, 4)
(20, 16, 3)
(20, 17, 2)
(20, 18, 2)
(20, 19, 2)
(20, 20, 2)
(20, 21, 2)
(20, 22, 2)
(20, 23, 2)
(20, 24, 2)
(20, 25, 2)
(20, 26, 2)
(20, 27, 2)
(20, 28, 2)
(20, 29, 2)
(20, 30, 2)
(20, 31, 2)
(20, 32, 2)
(20, 33, 2)
(20, 34, 2)
(20, 35, 2)
(20, 36, 2)
(20, 37, 2)
(20, 38, 1)
(20, 39, 1)

(21, 0, 25)
(21, 1, 18)
(21, 2, 10)
(21, 3, 8)
(21, 4, 6)
(21, 5, 6)
(21, 6, 6)
(21, 7, 6)
(21, 8, 4)
(21, 9, 4)
(21, 10, 4)
(21, 11, 4)
(21, 12, 4)
(21, 13, 4)
(21, 14, 4)
(21, 15, 4)
(21, 16, 3)
(21, 17, 2)
(21, 18, 2)
(21, 19, 2)
(21, 20, 2)
(21, 21, 2)
(21, 22, 2)
(21, 23, 2)
(21, 24, 2)
(21, 25, 2)
(21, 26, 2)
(21, 27, 2)
(21, 28, 2)
(21, 29, 2)
(21, 30, 2)
(21, 31, 2)
(21, 32, 2)
(21, 33, 2)
(21, 34, 2)
(21, 35, 2)
(21, 36, 2)
(21, 37, 2)
(21, 38, 1)
(21, 39, 1)

(22, 0, 27)
(22, 1, 20)
(22, 2, 11)
(22, 3, 9)
(22, 4, 7)
(22, 5, 7)
(22, 6, 7)
(22, 7, 7)
(22, 8, 5)
(22, 9, 5)
(22, 10, 4)
(22, 11, 4)
(22, 12, 4)
(22, 13, 4)
(22, 14, 4)
(22, 15, 4)
(22, 16, 3)
(22, 17, 2)
(22, 18, 2)
(22, 19, 2)
(22, 20, 2)
(22, 21, 2)
(22, 22, 2)
(22, 23, 2)
(22, 24, 2)
(22, 25, 2)
(22, 26, 2)
(22, 27, 2)
(22, 28, 2)
(22, 29, 2)
(22, 30, 2)
(22, 31, 2)
(22, 32, 2)
(22, 33, 2)
(22, 34, 2)
(22, 35, 2)
(22, 36, 2)
(22, 37, 2)
(22, 38, 1)
(22, 39, 1)

(23, 0, 27)
(23, 1, 20)
(23, 2, 11)
(23, 3, 9)
(23, 4, 7)
(23, 5, 7)
(23, 6, 7)
(23, 7, 7)
(23, 8, 5)
(23, 9, 5)
(23, 10, 4)
(23, 11, 4)
(23, 12, 4)
(23, 13, 4)
(23, 14, 4)
(23, 15, 4)
(23, 16, 3)
(23, 17, 2)
(23, 18, 2)
(23, 19, 2)
(23, 20, 2)
(23, 21, 2)
(23, 22, 2)
(23, 23, 2)
(23, 24, 2)
(23, 25, 2)
(23, 26, 2)
(23, 27, 2)
(23, 28, 2)
(23, 29, 2)
(23, 30, 2)
(23, 31, 2)
(23, 32, 2)
(23, 33, 2)
(23, 34, 2)
(23, 35, 2)
(23, 36, 2)
(23, 37, 2)
(23, 38, 1)
(23, 39, 1)

(24, 0, 30)
(24, 1, 23)
(24, 2, 13)
(24, 3, 10)
(24, 4, 8)
(24, 5, 8)
(24, 6, 8)
(24, 7, 8)
(24, 8, 6)
(24, 9, 6)
(24, 10, 5)
(24, 11, 5)
(24, 12, 5)
(24, 13, 5)
(24, 14, 5)
(24, 15, 5)
(24, 16, 4)
(24, 17, 2)
(24, 18, 2)
(24, 19, 2)
(24, 20, 2)
(24, 21, 2)
(24, 22, 2)
(24, 23, 2)
(24, 24, 2)
(24, 25, 2)
(24, 26, 2)
(24, 27, 2)
(24, 28, 2)
(24, 29, 2)
(24, 30, 2)
(24, 31, 2)
(24, 32, 2)
(24, 33, 2)
(24, 34, 2)
(24, 35, 2)
(24, 36, 2)
(24, 37, 2)
(24, 38, 1)
(24, 39, 1)

(25, 0, 31)
(25, 1, 23)
(25, 2, 13)
(25, 3, 10)
(25, 4, 8)
(25, 5, 8)
(25, 6, 8)
(25, 7, 8)
(25, 8, 6)
(25, 9, 6)
(25, 10, 5)
(25, 11, 5)
(25, 12, 5)
(25, 13, 5)
(25, 14, 5)
(25, 15, 5)
(25, 16, 4)
(25, 17, 2)
(25, 18, 2)
(25, 19, 2)
(25, 20, 2)
(25, 21, 2)
(25, 22, 2)
(25, 23, 2)
(25, 24, 2)
(25, 25, 2)
(25, 26, 2)
(25, 27, 2)
(25, 28, 2)
(25, 29, 2)
(25, 30, 2)
(25, 31, 2)
(25, 32, 2)
(25, 33, 2)
(25, 34, 2)
(25, 35, 2)
(25, 36, 2)
(25, 37, 2)
(25, 38, 1)
(25, 39, 1)

(26, 0, 32)
(26, 1, 24)
(26, 2, 14)
(26, 3, 11)
(26, 4, 8)
(26, 5, 8)
(26, 6, 8)
(26, 7, 8)
(26, 8, 6)
(26, 9, 6)
(26, 10, 5)
(26, 11, 5)
(26, 12, 5)
(26, 13, 5)
(26, 14, 5)
(26, 15, 5)
(26, 16, 4)
(26, 17, 2)
(26, 18, 2)
(26, 19, 2)
(26, 20, 2)
(26, 21, 2)
(26, 22, 2)
(26, 23, 2)
(26, 24, 2)
(26, 25, 2)
(26, 26, 2)
(26, 27, 2)
(26, 28, 2)
(26, 29, 2)
(26, 30, 2)
(26, 31, 2)
(26, 32, 2)
(26, 33, 2)
(26, 34, 2)
(26, 35, 2)
(26, 36, 2)
(26, 37, 2)
(26, 38, 1)
(26, 39, 1)

(27, 0, 33)
(27, 1, 24)
(27, 2, 14)
(27, 3, 11)
(27, 4, 8)
(27, 5, 8)
(27, 6, 8)
(27, 7, 8)
(27, 8, 6)
(27, 9, 6)
(27, 10, 5)
(27, 11, 5)
(27, 12, 5)
(27, 13, 5)
(27, 14, 5)
(27, 15, 5)
(27, 16, 4)
(27, 17, 2)
(27, 18, 2)
(27, 19, 2)
(27, 20, 2)
(27, 21, 2)
(27, 22, 2)
(27, 23, 2)
(27, 24, 2)
(27, 25, 2)
(27, 26, 2)
(27, 27, 2)
(27, 28, 2)
(27, 29, 2)
(27, 30, 2)
(27, 31, 2)
(27, 32, 2)
(27, 33, 2)
(27, 34, 2)
(27, 35, 2)
(27, 36, 2)
(27, 37, 2)
(27, 38, 1)
(27, 39, 1)

(28, 0, 33)
(28, 1, 24)
(28, 2, 14)
(28, 3, 11)
(28, 4, 8)
(28, 5, 8)
(28, 6, 8)
(28, 7, 8)
(28, 8, 6)
(28, 9, 6)
(28, 10, 5)
(28, 11, 5)
(28, 12, 5)
(28, 13, 5)
(28, 14, 5)
(28, 15, 5)
(28, 16, 4)
(28, 17, 2)
(28, 18, 2)
(28, 19, 2)
(28, 20, 2)
(28, 21, 2)
(28, 22, 2)
(28, 23, 2)
(28, 24, 2)
(28, 25, 2)
(28, 26, 2)
(28, 27, 2)
(28, 28, 2)
(28, 29, 2)
(28, 30, 2)
(28, 31, 2)
(28, 32, 2)
(28, 33, 2)
(28, 34, 2)
(28, 35, 2)
(28, 36, 2)
(28, 37, 2)
(28, 38, 1)
(28, 39, 1)

(29, 0, 34)
(29, 1, 25)
(29, 2, 15)
(29, 3, 12)
(29, 4, 9)
(29, 5, 9)
(29, 6, 9)
(29, 7, 9)
(29, 8, 7)
(29, 9, 6)
(29, 10, 5)
(29, 11, 5)
(29, 12, 5)
(29, 13, 4)
(29, 14, 4)
(29, 15, 4)
(29, 16, 3)
(29, 17, 2)
(29, 18, 2)
(29, 19, 2)
(29, 20, 2)
(29, 21, 2)
(29, 22, 2)
(29, 23, 2)
(29, 24, 2)
(29, 25, 2)
(29, 26, 2)
(29, 27, 2)
(29, 28, 2)
(29, 29, 2)
(29, 30, 2)
(29, 31, 2)
(29, 32, 2)
(29, 33, 2)
(29, 34, 2)
(29, 35, 2)
(29, 36, 2)
(29, 37, 2)
(29, 38, 1)
(29, 39, 1)

(30, 0, 37)
(30, 1, 27)
(30, 2, 17)
(30, 3, 14)
(30, 4, 11)
(30, 5, 11)
(30, 6, 11)
(30, 7, 11)
(30, 8, 9)
(30, 9, 8)
(30, 10, 6)
(30, 11, 6)
(30, 12, 5)
(30, 13, 5)
(30, 14, 5)
(30, 15, 5)
(30, 16, 4)
(30, 17, 3)
(30, 18, 3)
(30, 19, 3)
(30, 20, 3)
(30, 21, 3)
(30, 22, 3)
(30, 23, 3)
(30, 24, 3)
(30, 25, 3)
(30, 26, 3)
(30, 27, 3)
(30, 28, 3)
(30, 29, 3)
(30, 30, 3)
(30, 31, 3)
(30, 32, 3)
(30, 33, 3)
(30, 34, 3)
(30, 35, 3)
(30, 36, 3)
(30, 37, 3)
(30, 38, 2)
(30, 39, 2)

(31, 0, 40)
(31, 1, 28)
(31, 2, 17)
(31, 3, 14)
(31, 4, 11)
(31, 5, 11)
(31, 6, 11)
(31, 7, 11)
(31, 8, 8)
(31, 9, 7)
(31, 10, 6)
(31, 11, 6)
(31, 12, 5)
(31, 13, 5)
(31, 14, 5)
(31, 15, 5)
(31, 16, 4)
(31, 17, 3)
(31, 18, 3)
(31, 19, 3)
(31, 20, 3)
(31, 21, 3)
(31, 22, 3)
(31, 23, 3)
(31, 24, 3)
(31, 25, 3)
(31, 26, 3)
(31, 27, 3)
(31, 28, 3)
(31, 29, 3)
(31, 30, 3)
(31, 31, 3)
(31, 32, 3)
(31, 33, 3)
(31, 34, 3)
(31, 35, 3)
(31, 36, 3)
(31, 37, 3)
(31, 38, 2)
(31, 39, 2)

(32, 0, 41)
(32, 1, 29)
(32, 2, 18)
(32, 3, 14)
(32, 4, 11)
(32, 5, 11)
(32, 6, 11)
(32, 7, 11)
(32, 8, 8)
(32, 9, 7)
(32, 10, 6)
(32, 11, 5)
(32, 12, 5)
(32, 13, 5)
(32, 14, 5)
(32, 15, 5)
(32, 16, 4)
(32, 17, 3)
(32, 18, 3)
(32, 19, 3)
(32, 20, 3)
(32, 21, 3)
(32, 22, 3)
(32, 23, 3)
(32, 24, 3)
(32, 25, 3)
(32, 26, 3)
(32, 27, 3)
(32, 28, 3)
(32, 29, 3)
(32, 30, 3)
(32, 31, 3)
(32, 32, 3)
(32, 33, 3)
(32, 34, 3)
(32, 35, 3)
(32, 36, 3)
(32, 37, 3)
(32, 38, 2)
(32, 39, 2)

(33, 0, 41)
(33, 1, 29)
(33, 2, 18)
(33, 3, 14)
(33, 4, 11)
(33, 5, 11)
(33, 6, 11)
(33, 7, 11)
(33, 8, 8)
(33, 9, 7)
(33, 10, 6)
(33, 11, 5)
(33, 12, 5)
(33, 13, 5)
(33, 14, 5)
(33, 15, 5)
(33, 16, 4)
(33, 17, 3)
(33, 18, 3)
(33, 19, 3)
(33, 20, 3)
(33, 21, 3)
(33, 22, 3)
(33, 23, 3)
(33, 24, 3)
(33, 25, 3)
(33, 26, 3)
(33, 27, 3)
(33, 28, 3)
(33, 29, 3)
(33, 30, 3)
(33, 31, 3)
(33, 32, 3)
(33, 33, 3)
(33, 34, 3)
(33, 35, 3)
(33, 36, 3)
(33, 37, 3)
(33, 38, 2)
(33, 39, 2)

(34, 0, 42)
(34, 1, 30)
(34, 2, 19)
(34, 3, 14)
(34, 4, 11)
(34, 5, 11)
(34, 6, 11)
(34, 7, 11)
(34, 8, 8)
(34, 9, 7)
(34, 10, 6)
(34, 11, 5)
(34, 12, 5)
(34, 13, 5)
(34, 14, 5)
(34, 15, 5)
(34, 16, 4)
(34, 17, 3)
(34, 18, 3)
(34, 19, 3)
(34, 20, 3)
(34, 21, 3)
(34, 22, 3)
(34, 23, 3)
(34, 24, 3)
(34, 25, 3)
(34, 26, 3)
(34, 27, 3)
(34, 28, 3)
(34, 29, 3)
(34, 30, 3)
(34, 31, 3)
(34, 32, 3)
(34, 33, 3)
(34, 34, 3)
(34, 35, 3)
(34, 36, 3)
(34, 37, 3)
(34, 38, 2)
(34, 39, 2)

(35, 0, 42)
(35, 1, 30)
(35, 2, 19)
(35, 3, 14)
(35, 4, 11)
(35, 5, 11)
(35, 6, 11)
(35, 7, 11)
(35, 8, 8)
(35, 9, 7)
(35, 10, 6)
(35, 11, 5)
(35, 12, 5)
(35, 13, 5)
(35, 14, 5)
(35, 15, 5)
(35, 16, 4)
(35, 17, 3)
(35, 18, 3)
(35, 19, 3)
(35, 20, 3)
(35, 21, 3)
(35, 22, 3)
(35, 23, 3)
(35, 24, 3)
(35, 25, 3)
(35, 26, 3)
(35, 27, 3)
(35, 28, 3)
(35, 29, 3)
(35, 30, 3)
(35, 31, 3)
(35, 32, 3)
(35, 33, 3)
(35, 34, 3)
(35, 35, 3)
(35, 36, 3)
(35, 37, 3)
(35, 38, 2)
(35, 39, 2)

(36, 0, 43)
(36, 1, 31)
(36, 2, 20)
(36, 3, 14)
(36, 4, 11)
(36, 5, 11)
(36, 6, 11)
(36, 7, 11)
(36, 8, 8)
(36, 9, 7)
(36, 10, 6)
(36, 11, 5)
(36, 12, 5)
(36, 13, 5)
(36, 14, 5)
(36, 15, 5)
(36, 16, 4)
(36, 17, 3)
(36, 18, 3)
(36, 19, 3)
(36, 20, 3)
(36, 21, 3)
(36, 22, 3)
(36, 23, 3)
(36, 24, 3)
(36, 25, 3)
(36, 26, 3)
(36, 27, 3)
(36, 28, 3)
(36, 29, 3)
(36, 30, 3)
(36, 31, 3)
(36, 32, 3)
(36, 33, 3)
(36, 34, 3)
(36, 35, 3)
(36, 36, 3)
(36, 37, 3)
(36, 38, 2)
(36, 39, 2)

(37, 0, 43)
(37, 1, 31)
(37, 2, 20)
(37, 3, 14)
(37, 4, 11)
(37, 5, 11)
(37, 6, 11)
(37, 7, 11)
(37, 8, 8)
(37, 9, 7)
(37, 10, 6)
(37, 11, 5)
(37, 12, 5)
(37, 13, 5)
(37, 14, 5)
(37, 15, 5)
(37, 16, 4)
(37, 17, 3)
(37, 18, 3)
(37, 19, 3)
(37, 20, 3)
(37, 21, 3)
(37, 22, 3)
(37, 23, 3)
(37, 24, 3)
(37, 25, 3)
(37, 26, 3)
(37, 27, 3)
(37, 28, 3)
(37, 29, 3)
(37, 30, 3)
(37, 31, 3)
(37, 32, 3)
(37, 33, 3)
(37, 34, 3)
(37, 35, 3)
(37, 36, 3)
(37, 37, 3)
(37, 38, 2)
(37, 39, 2)

(38, 0, 47)
(38, 1, 34)
(38, 2, 22)
(38, 3, 16)
(38, 4, 12)
(38, 5, 12)
(38, 6, 12)
(38, 7, 12)
(38, 8, 9)
(38, 9, 8)
(38, 10, 6)
(38, 11, 5)
(38, 12, 5)
(38, 13, 5)
(38, 14, 5)
(38, 15, 5)
(38, 16, 4)
(38, 17, 3)
(38, 18, 3)
(38, 19, 3)
(38, 20, 3)
(38, 21, 3)
(38, 22, 3)
(38, 23, 3)
(38, 24, 3)
(38, 25, 3)
(38, 26, 3)
(38, 27, 3)
(38, 28, 3)
(38, 29, 3)
(38, 30, 3)
(38, 31, 3)
(38, 32, 3)
(38, 33, 3)
(38, 34, 3)
(38, 35, 3)
(38, 36, 3)
(38, 37, 3)
(38, 38, 1)
(38, 39, 1)

(39, 0, 50)
(39, 1, 35)
(39, 2, 22)
(39, 3, 16)
(39, 4, 12)
(39, 5, 12)
(39, 6, 12)
(39, 7, 12)
(39, 8, 8)
(39, 9, 7)
(39, 10, 6)
(39, 11, 5)
(39, 12, 5)
(39, 13, 5)
(39, 14, 5)
(39, 15, 5)
(39, 16, 4)
(39, 17, 3)
(39, 18, 3)
(39, 19, 3)
(39, 20, 3)
(39, 21, 3)
(39, 22, 3)
(39, 23, 3)
(39, 24, 3)
(39, 25, 3)
(39, 26, 3)
(39, 27, 3)
(39, 28, 3)
(39, 29, 3)
(39, 30, 3)
(39, 31, 3)
(39, 32, 3)
(39, 33, 3)
(39, 34, 3)
(39, 35, 3)
(39, 36, 3)
(39, 37, 3)
(39, 38, 1)
(39, 39, 1)


Betti numbers:
xi_0:
(0, 0, 2)
(1, 0, 1)
(2, 0, 3)
(3, 0, 1)
(4, 0, 1)
(5, 0, 1)
(6, 0, 1)
(8, 0, 2)
(9, 0, 1)
(10, 0, 1)
(18, 0, 4)
(19, 0, 2)
(20, 0, 3)
(21, 0, 2)
(22, 0, 2)
(24, 0, 3)
(25, 0, 1)
(26, 0, 1)
(27, 0, 1)
(29, 0, 1)
(30, 0, 3)
(31, 0, 3)
(32, 0, 1)
(34, 0, 1)
(36, 0, 1)
(38, 0, 4)
(39, 0, 3)
xi_1:
(0, 8, 1)
(1, 2, 1)
(2, 2, 1)
(2, 8, 1)
(3, 1, 1)
(4, 2, 1)
(5, 2, 1)
(5, 39, 1)
(6, 1, 1)
(6, 38, 1)
(8, 1, 1)
(8, 16, 1)
(9, 4, 1)
(10, 1, 1)
(18, 2, 1)
(18, 3, 1)
(18, 4, 1)
(18, 17, 1)
(19, 1, 1)
(19, 2, 1)
(20, 1, 2)
(20, 2, 1)
(21, 2, 1)
(21, 3, 1)
(22, 2, 1)
(22, 10, 1)
(24, 2, 1)
(24, 3, 1)
(24, 17, 1)
(25, 1, 1)
(26, 4, 1)
(27, 1, 1)
(29, 9, 1)
(29, 13, 1)
(30, 1, 1)
(30, 10, 1)
(30, 12, 1)
(31, 1, 2)
(31, 2, 1)
(31, 8, 1)
(32, 3, 1)
(32, 11, 1)
(34, 3, 1)
(36, 3, 1)
(38, 1, 1)
(38, 2, 1)
(38, 4, 1)
(38, 10, 1)
(38, 38, 1)
(39, 1, 2)
(39, 2, 1)
(39, 8, 1)
xi_2:
(6, 39, 1)
(29, 17, 1)
(30, 13, 1)
(31, 10, 1)
(32, 12, 1)
(39, 10, 1)
