x-grades
-7169787029271927/200000000000000
-879385324398087/25000000000000
-1380075632219493/40000000000000
-3382836863505117/100000000000000
-6630969292923003/200000000000000
-1624066214708943/50000000000000
-6361560424748541/200000000000000
-622685599066131/20000000000000
-6092151556574079/200000000000000
-93085111288857/3125000000000
-5822742688399617/200000000000000
-2844019127156193/100000000000000
-1110666764045031/40000000000000
-1354657346534481/50000000000000
-5283924952050693/200000000000000
-2574610258981731/100000000000000
-5014516083876231/200000000000000
-4879811649789/200000000000
-4745107215701769/200000000000000
-2305201390807269/100000000000000
-4475698347527307/200000000000000
-1085248478360019/50000000000000
-841257895870569/40000000000000
-2035792522632807/100000000000000
-3936880611178383/200000000000000
-237636011068197/12500000000000
-3667471743003921/200000000000000
-353276730891669/20000000000000
-3398062874829459/200000000000000
-815839610185557/50000000000000
-3128654006654997/200000000000000
-1496974786283883/100000000000000
-571849027696107/40000000000000
-340567588049163/25000000000000
-2589836270306073/200000000000000
-1227565918109421/100000000000000
-2320427402131611/200000000000000
-109286148402219/10000000000000
-2051018533957149/200000000000000
-958157049934959/100000000000000

y-grades
1999971/800000
1999971/400000
5999913/800000
1999971/200000
1999971/160000
5999913/400000
13999797/800000
1999971/100000
17999739/800000
1999971/80000
21999681/800000
5999913/200000
25999623/800000
13999797/400000
5999913/160000
1999971/50000
33999507/800000
17999739/400000
37999449/800000
1999971/40000
41999391/800000
21999681/400000
45999333/800000
5999913/100000
1999971/32000
25999623/400000
53999217/800000
13999797/200000
57999159/800000
5999913/80000
61999101/800000
1999971/25000
65999043/800000
33999507/400000
13999797/160000
17999739/200000
73998927/800000
37999449/400000
77998869/800000
1999971/20000

Dimensions > 0:
(0, 0, 9)
(0, 1, 2)
(0, 2, 2)
(0, 3, 2)
(0, 4, 2)
(0, 5, 2)
(0, 6, 2)
(0, 7, 2)
(0, 8, 2)
(0, 9, 2)
(0, 10, 2)
(0, 11, 2)
(0, 12, 2)
(0, 13, 2)
(0, 14, 2)
(0, 15, 2)
(0, 16, 2)
(0, 17, 2)
(0, 18, 2)
(0, 19, 2)
(0, 20, 2)
(0, 21, 2)
(0, 22, 2)
(0, 23, 2)
(0, 24, 2)
(0, 25, 2)
(0, 26, 2)
(0, 27, 2)
(0, 28, 2)
(0, 29, 2)
(0, 30, 2)
(0, 31, 2)
(0, 32, 2)
(0, 33, 2)
(0, 34, 2)
(0, 35, 2)
(0, 36, 2)
(0, 37, 2)
(0, 38, 2)
(0, 39, 2)

(1, 0, 9)
(1, 1, 2)
(1, 2, 2)
(1, 3, 2)
(1, 4, 2)
(1, 5, 2)
(1, 6, 2)
(1, 7, 2)
(1, 8, 2)
(1, 9, 2)
(1, 10, 2)
(1, 11, 2)
(1, 12, 2)
(1, 13, 2)
(1, 14, 2)
(1, 15, 2)
(1, 16, 2)
(1, 17, 2)
(1, 18, 2)
(1, 19, 2)
(1, 20, 2)
(1, 21, 2)
(1, 22, 2)
(1, 23, 2)
(1, 24, 2)
(1, 25, 2)
(1, 26, 2)
(1, 27, 2)
(1, 28, 2)
(1, 29, 2)
(1, 30, 2)
(1, 31, 2)
(1, 32, 2)
(1, 33, 2)
(1, 34, 2)
(1, 35, 2)
(1, 36, 2)
(1, 37, 2)
(1, 38, 2)
(1, 39, 2)

(2, 0, 9)
(2, 1, 2)
(2, 2, 2)
(2, 3, 2)
(2, 4, 2)
(2, 5, 2)
(2, 6, 2)
(2, 7, 2)
(2, 8, 2)
(2, 9, 2)
(2, 10, 2)
(2, 11, 2)
(2, 12, 2)
(2, 13, 2)
(2, 14, 2)
(2, 15, 2)
(2, 16, 2)
(2, 17, 2)
(2, 18, 2)
(2, 19, 2)
(2, 20, 2)
(2, 21, 2)
(2, 22, 2)
(2, 23, 2)
(2, 24, 2)
(2, 25, 2)
(2, 26, 2)
(2, 27, 2)
(2, 28, 2)
(2, 29, 2)
(2, 30, 2)
(2, 31, 2)
(2, 32, 2)
(2, 33, 2)
(2, 34, 2)
(2, 35, 2)
(2, 36, 2)
(2, 37, 2)
(2, 38, 2)
(2, 39, 2)

(3, 0, 19)
(3, 1, 7)
(3, 2, 5)
(3, 3, 5)
(3, 4, 5)
(3, 5, 5)
(3, 6, 5)
(3, 7, 5)
(3, 8, 5)
(3, 9, 5)
(3, 10, 5)
(3, 11, 5)
(3, 12, 5)
(3, 13, 5)
(3, 14, 5)
(3, 15, 5)
(3, 16, 5)
(3, 17, 5)
(3, 18, 5)
(3, 19, 5)
(3, 20, 5)
(3, 21, 5)
(3, 22, 5)
(3, 23, 5)
(3, 24, 5)
(3, 25, 5)
(3, 26, 5)
(3, 27, 5)
(3, 28, 5)
(3, 29, 5)
(3, 30, 5)
(3, 31, 4)
(3, 32, 4)
(3, 33, 4)
(3, 34, 4)
(3, 35, 4)
(3, 36, 4)
(3, 37, 4)
(3, 38, 4)
(3, 39, 4)

(4, 0, 19)
(4, 1, 7)
(4, 2, 5)
(4, 3, 5)
(4, 4, 5)
(4, 5, 5)
(4, 6, 5)
(4, 7, 5)
(4, 8, 5)
(4, 9, 5)
(4, 10, 5)
(4, 11, 5)
(4, 12, 5)
(4, 13, 5)
(4, 14, 5)
(4, 15, 5)
(4, 16, 5)
(4, 17, 5)
(4, 18, 5)
(4, 19, 5)
(4, 20, 5)
(4, 21, 5)
(4, 22, 5)
(4, 23, 5)
(4, 24, 5)
(4, 25, 5)
(4, 26, 5)
(4, 27, 5)
(4, 28, 5)
(4, 29, 5)
(4, 30, 5)
(4, 31, 4)
(4, 32, 4)
(4, 33, 4)
(4, 34, 4)
(4, 35, 4)
(4, 36, 4)
(4, 37, 4)
(4, 38, 4)
(4, 39, 4)

(5, 0, 19)
(5, 1, 7)
(5, 2, 5)
(5, 3, 5)
(5, 4, 5)
(5, 5, 5)
(5, 6, 5)
(5, 7, 5)
(5, 8, 5)
(5, 9, 5)
(5, 10, 5)
(5, 11, 5)
(5, 12, 5)
(5, 13, 5)
(5, 14, 5)
(5, 15, 5)
(5, 16, 5)
(5, 17, 5)
(5, 18, 5)
(5, 19, 5)
(5, 20, 5)
(5, 21, 5)
(5, 22, 5)
(5, 23, 5)
(5, 24, 5)
(5, 25, 5)
(5, 26, 5)
(5, 27, 5)
(5, 28, 5)
(5, 29, 5)
(5, 30, 5)
(5, 31, 4)
(5, 32, 4)
(5, 33, 4)
(5, 34, 4)
(5, 35, 4)
(5, 36, 4)
(5, 37, 4)
(5, 38, 4)
(5, 39, 4)

(6, 0, 19)
(6, 1, 7)
(6, 2, 5)
(6, 3, 5)
(6, 4, 5)
(6, 5, 5)
(6, 6, 5)
(6, 7, 5)
(6, 8, 5)
(6, 9, 5)
(6, 10, 5)
(6, 11, 5)
(6, 12, 5)
(6, 13, 5)
(6, 14, 5)
(6, 15, 5)
(6, 16, 5)
(6, 17, 5)
(6, 18, 5)
(6, 19, 5)
(6, 20, 5)
(6, 21, 5)
(6, 22, 5)
(6, 23, 5)
(6, 24, 5)
(6, 25, 5)
(6, 26, 5)
(6, 27, 5)
(6, 28, 5)
(6, 29, 5)
(6, 30, 5)
(6, 31, 4)
(6, 32, 4)
(6, 33, 4)
(6, 34, 4)
(6, 35, 4)
(6, 36, 4)
(6, 37, 4)
(6, 38, 4)
(6, 39, 4)

(7, 0, 22)
(7, 1, 10)
(7, 2, 6)
(7, 3, 6)
(7, 4, 6)
(7, 5, 6)
(7, 6, 6)
(7, 7, 6)
(7, 8, 6)
(7, 9, 6)
(7, 10, 6)
(7, 11, 6)
(7, 12, 6)
(7, 13, 6)
(7, 14, 6)
(7, 15, 6)
(7, 16, 6)
(7, 17, 6)
(7, 18, 6)
(7, 19, 6)
(7, 20, 6)
(7, 21, 6)
(7, 22, 6)
(7, 23, 6)
(7, 24, 6)
(7, 25, 6)
(7, 26, 6)
(7, 27, 6)
(7, 28, 6)
(7, 29, 6)
(7, 30, 6)
(7, 31, 4)
(7, 32, 4)
(7, 33, 4)
(7, 34, 4)
(7, 35, 4)
(7, 36, 4)
(7, 37, 4)
(7, 38, 4)
(7, 39, 4)

(8, 0, 22)
(8, 1, 10)
(8, 2, 6)
(8, 3, 6)
(8, 4, 6)
(8, 5, 6)
(8, 6, 6)
(8, 7, 6)
(8, 8, 6)
(8, 9, 6)
(8, 10, 6)
(8, 11, 6)
(8, 12, 6)
(8, 13, 6)
(8, 14, 6)
(8, 15, 6)
(8, 16, 6)
(8, 17, 6)
(8, 18, 6)
(8, 19, 6)
(8, 20, 6)
(8, 21, 6)
(8, 22, 6)
(8, 23, 6)
(8, 24, 6)
(8, 25, 6)
(8, 26, 6)
(8, 27, 6)
(8, 28, 6)
(8, 29, 6)
(8, 30, 6)
(8, 31, 4)
(8, 32, 4)
(8, 33, 4)
(8, 34, 4)
(8, 35, 4)
(8, 36, 4)
(8, 37, 4)
(8, 38, 4)
(8, 39, 4)

(9, 0, 22)
(9, 1, 10)
(9, 2, 6)
(9, 3, 6)
(9, 4, 6)
(9, 5, 6)
(9, 6, 6)
(9, 7, 6)
(9, 8, 6)
(9, 9, 6)
(9, 10, 6)
(9, 11, 6)
(9, 12, 6)
(9, 13, 6)
(9, 14, 6)
(9, 15, 6)
(9, 16, 6)
(9, 17, 6)
(9, 18, 6)
(9, 19, 6)
(9, 20, 6)
(9, 21, 6)
(9, 22, 6)
(9, 23, 6)
(9, 24, 6)
(9, 25, 6)
(9, 26, 6)
(9, 27, 6)
(9, 28, 6)
(9, 29, 6)
(9, 30, 6)
(9, 31, 4)
(9, 32, 4)
(9, 33, 4)
(9, 34, 4)
(9, 35, 4)
(9, 36, 4)
(9, 37, 4)
(9, 38, 4)
(9, 39, 4)

(10, 0, 22)
(10, 1, 10)
(10, 2, 6)
(10, 3, 6)
(10, 4, 6)
(10, 5, 6)
(10, 6, 6)
(10, 7, 6)
(10, 8, 6)
(10, 9, 6)
(10, 10, 6)
(10, 11, 6)
(10, 12, 6)
(10, 13, 6)
(10, 14, 6)
(10, 15, 6)
(10, 16, 6)
(10, 17, 6)
(10, 18, 6)
(10, 19, 6)
(10, 20, 6)
(10, 21, 6)
(10, 22, 6)
(10, 23, 6)
(10, 24, 6)
(10, 25, 6)
(10, 26, 6)
(10, 27, 6)
(10, 28, 6)
(10, 29, 6)
(10, 30, 6)
(10, 31, 4)
(10, 32, 4)
(10, 33, 4)
(10, 34, 4)
(10, 35, 4)
(10, 36, 4)
(10, 37, 4)
(10, 38, 4)
(10, 39, 4)

(11, 0, 22)
(11, 1, 10)
(11, 2, 6)
(11, 3, 6)
(11, 4, 6)
(11, 5, 6)
(11, 6, 6)
(11, 7, 6)
(11, 8, 6)
(11, 9, 6)
(11, 10, 6)
(11, 11, 6)
(11, 12, 6)
(11, 13, 6)
(11, 14, 6)
(11, 15, 6)
(11, 16, 6)
(11, 17, 6)
(11, 18, 6)
(11, 19, 6)
(11, 20, 6)
(11, 21, 6)
(11, 22, 6)
(11, 23, 6)
(11, 24, 6)
(11, 25, 6)
(11, 26, 6)
(11, 27, 6)
(11, 28, 6)
(11, 29, 6)
(11, 30, 6)
(11, 31, 4)
(11, 32, 4)
(11, 33, 4)
(11, 34, 4)
(11, 35, 4)
(11, 36, 4)
(11, 37, 4)
(11, 38, 4)
(11, 39, 4)

(12, 0, 22)
(12, 1, 10)
(12, 2, 6)
(12, 3, 6)
(12, 4, 6)
(12, 5, 6)
(12, 6, 6)
(12, 7, 6)
(12, 8, 6)
(12, 9, 6)
(12, 10, 6)
(12, 11, 6)
(12, 12, 6)
(12, 13, 6)
(12, 14, 6)
(12, 15, 6)
(12, 16, 6)
(12, 17, 6)
(12, 18, 6)
(12, 19, 6)
(12, 20, 6)
(12, 21, 6)
(12, 22, 6)
(12, 23, 6)
(12, 24, 6)
(12, 25, 6)
(12, 26, 6)
(12, 27, 6)
(12, 28, 6)
(12, 29, 6)
(12, 30, 6)
(12, 31, 4)
(12, 32, 4)
(12, 33, 4)
(12, 34, 4)
(12, 35, 4)
(12, 36, 4)
(12, 37, 4)
(12, 38, 4)
(12, 39, 4)

(13, 0, 22)
(13, 1, 10)
(13, 2, 6)
(13, 3, 6)
(13, 4, 6)
(13, 5, 6)
(13, 6, 6)
(13, 7, 6)
(13, 8, 6)
(13, 9, 6)
(13, 10, 6)
(13, 11, 6)
(13, 12, 6)
(13, 13, 6)
(13, 14, 6)
(13, 15, 6)
(13, 16, 6)
(13, 17, 6)
(13, 18, 6)
(13, 19, 6)
(13, 20, 6)
(13, 21, 6)
(13, 22, 6)
(13, 23, 6)
(13, 24, 6)
(13, 25, 6)
(13, 26, 6)
(13, 27, 6)
(13, 28, 6)
(13, 29, 6)
(13, 30, 6)
(13, 31, 4)
(13, 32, 4)
(13, 33, 4)
(13, 34, 4)
(13, 35, 4)
(13, 36, 4)
(13, 37, 4)
(13, 38, 4)
(13, 39, 4)

(14, 0, 22)
(14, 1, 10)
(14, 2, 6)
(14, 3, 6)
(14, 4, 6)
(14, 5, 6)
(14, 6, 6)
(14, 7, 6)
(14, 8, 6)
(14, 9, 6)
(14, 10, 6)
(14, 11, 6)
(14, 12, 6)
(14, 13, 6)
(14, 14, 6)
(14, 15, 6)
(14, 16, 6)
(14, 17, 6)
(14, 18, 6)
(14, 19, 6)
(14, 20, 6)
(14, 21, 6)
(14, 22, 6)
(14, 23, 6)
(14, 24, 6)
(14, 25, 6)
(14, 26, 6)
(14, 27, 6)
(14, 28, 6)
(14, 29, 6)
(14, 30, 6)
(14, 31, 4)
(14, 32, 4)
(14, 33, 4)
(14, 34, 4)
(14, 35, 4)
(14, 36, 4)
(14, 37, 4)
(14, 38, 4)
(14, 39, 4)

(15, 0, 22)
(15, 1, 10)
(15, 2, 6)
(15, 3, 6)
(15, 4, 6)
(15, 5, 6)
(15, 6, 6)
(15, 7, 6)
(15, 8, 6)
(15, 9, 6)
(15, 10, 6)
(15, 11, 6)
(15, 12, 6)
(15, 13, 6)
(15, 14, 6)
(15, 15, 6)
(15, 16, 6)
(15, 17, 6)
(15, 18, 6)
(15, 19, 6)
(15, 20, 6)
(15, 21, 6)
(15, 22, 6)
(15, 23, 6)
(15, 24, 6)
(15, 25, 6)
(15, 26, 6)
(15, 27, 6)
(15, 28, 6)
(15, 29, 6)
(15, 30, 6)
(15, 31, 4)
(15, 32, 4)
(15, 33, 4)
(15, 34, 4)
(15, 35, 4)
(15, 36, 4)
(15, 37, 4)
(15, 38, 4)
(15, 39, 4)

(16, 0, 22)
(16, 1, 10)
(16, 2, 6)
(16, 3, 6)
(16, 4, 6)
(16, 5, 6)
(16, 6, 6)
(16, 7, 6)
(16, 8, 6)
(16, 9, 6)
(16, 10, 6)
(16, 11, 6)
(16, 12, 6)
(16, 13, 6)
(16, 14, 6)
(16, 15, 6)
(16, 16, 6)
(16, 17, 6)
(16, 18, 6)
(16, 19, 6)
(16, 20, 6)
(16, 21, 6)
(16, 22, 6)
(16, 23, 6)
(16, 24, 6)
(16, 25, 6)
(16, 26, 6)
(16, 27, 6)
(16, 28, 6)
(16, 29, 6)
(16, 30, 6)
(16, 31, 4)
(16, 32, 4)
(16, 33, 4)
(16, 34, 4)
(16, 35, 4)
(16, 36, 4)
(16, 37, 4)
(16, 38, 4)
(16, 39, 4)

(17, 0, 39)
(17, 1, 12)
(17, 2, 7)
(17, 3, 7)
(17, 4, 7)
(17, 5, 7)
(17, 6, 7)
(17, 7, 7)
(17, 8, 7)
(17, 9, 7)
(17, 10, 7)
(17, 11, 7)
(17, 12, 7)
(17, 13, 7)
(17, 14, 7)
(17, 15, 7)
(17, 16, 7)
(17, 17, 7)
(17, 18, 7)
(17, 19, 7)
(17, 20, 7)
(17, 21, 7)
(17, 22, 7)
(17, 23, 7)
(17, 24, 7)
(17, 25, 7)
(17, 26, 7)
(17, 27, 7)
(17, 28, 7)
(17, 29, 7)
(17, 30, 7)
(17, 31, 5)
(17, 32, 5)
(17, 33, 5)
(17, 34, 5)
(17, 35, 5)
(17, 36, 5)
(17, 37, 5)
(17, 38, 5)
(17, 39, 5)

(18, 0, 54)
(18, 1, 12)
(18, 2, 7)
(18, 3, 7)
(18, 4, 7)
(18, 5, 7)
(18, 6, 7)
(18, 7, 7)
(18, 8, 7)
(18, 9, 7)
(18, 10, 7)
(18, 11, 7)
(18, 12, 7)
(18, 13, 7)
(18, 14, 7)
(18, 15, 7)
(18, 16, 7)
(18, 17, 7)
(18, 18, 7)
(18, 19, 7)
(18, 20, 7)
(18, 21, 7)
(18, 22, 7)
(18, 23, 7)
(18, 24, 7)
(18, 25, 7)
(18, 26, 7)
(18, 27, 7)
(18, 28, 7)
(18, 29, 7)
(18, 30, 7)
(18, 31, 5)
(18, 32, 5)
(18, 33, 5)
(18, 34, 5)
(18, 35, 5)
(18, 36, 5)
(18, 37, 5)
(18, 38, 5)
(18, 39, 5)

(19, 0, 72)
(19, 1, 14)
(19, 2, 9)
(19, 3, 9)
(19, 4, 9)
(19, 5, 9)
(19, 6, 9)
(19, 7, 9)
(19, 8, 9)
(19, 9, 9)
(19, 10, 9)
(19, 11, 9)
(19, 12, 9)
(19, 13, 9)
(19, 14, 9)
(19, 15, 9)
(19, 16, 9)
(19, 17, 9)
(19, 18, 9)
(19, 19, 9)
(19, 20, 9)
(19, 21, 9)
(19, 22, 9)
(19, 23, 9)
(19, 24, 9)
(19, 25, 9)
(19, 26, 9)
(19, 27, 9)
(19, 28, 9)
(19, 29, 9)
(19, 30, 9)
(19, 31, 7)
(19, 32, 7)
(19, 33, 7)
(19, 34, 7)
(19, 35, 7)
(19, 36, 7)
(19, 37, 7)
(19, 38, 7)
(19, 39, 7)

(20, 0, 85)
(20, 1, 14)
(20, 2, 9)
(20, 3, 9)
(20, 4, 9)
(20, 5, 9)
(20, 6, 9)
(20, 7, 9)
(20, 8, 9)
(20, 9, 9)
(20, 10, 9)
(20, 11, 9)
(20, 12, 9)
(20, 13, 9)
(20, 14, 9)
(20, 15, 9)
(20, 16, 9)
(20, 17, 9)
(20, 18, 9)
(20, 19, 9)
(20, 20, 9)
(20, 21, 9)
(20, 22, 9)
(20, 23, 9)
(20, 24, 9)
(20, 25, 9)
(20, 26, 9)
(20, 27, 9)
(20, 28, 9)
(20, 29, 9)
(20, 30, 9)
(20, 31, 7)
(20, 32, 7)
(20, 33, 7)
(20, 34, 7)
(20, 35, 7)
(20, 36, 7)
(20, 37, 7)
(20, 38, 7)
(20, 39, 7)

(21, 0, 104)
(21, 1, 17)
(21, 2, 10)
(21, 3, 10)
(21, 4, 10)
(21, 5, 10)
(21, 6, 10)
(21, 7, 10)
(21, 8, 10)
(21, 9, 10)
(21, 10, 10)
(21, 11, 10)
(21, 12, 10)
(21, 13, 10)
(21, 14, 10)
(21, 15, 10)
(21, 16, 10)
(21, 17, 10)
(21, 18, 10)
(21, 19, 10)
(21, 20, 10)
(21, 21, 10)
(21, 22, 10)
(21, 23, 10)
(21, 24, 10)
(21, 25, 10)
(21, 26, 10)
(21, 27, 10)
(21, 28, 10)
(21, 29, 10)
(21, 30, 10)
(21, 31, 7)
(21, 32, 7)
(21, 33, 7)
(21, 34, 7)
(21, 35, 7)
(21, 36, 7)
(21, 37, 7)
(21, 38, 7)
(21, 39, 7)

(22, 0, 104)
(22, 1, 17)
(22, 2, 10)
(22, 3, 10)
(22, 4, 10)
(22, 5, 10)
(22, 6, 10)
(22, 7, 10)
(22, 8, 10)
(22, 9, 10)
(22, 10, 10)
(22, 11, 10)
(22, 12, 10)
(22, 13, 10)
(22, 14, 10)
(22, 15, 10)
(22, 16, 10)
(22, 17, 10)
(22, 18, 10)
(22, 19, 10)
(22, 20, 10)
(22, 21, 10)
(22, 22, 10)
(22, 23, 10)
(22, 24, 10)
(22, 25, 10)
(22, 26, 10)
(22, 27, 10)
(22, 28, 10)
(22, 29, 10)
(22, 30, 10)
(22, 31, 7)
(22, 32, 7)
(22, 33, 7)
(22, 34, 7)
(22, 35, 7)
(22, 36, 7)
(22, 37, 7)
(22, 38, 7)
(22, 39, 7)

(23, 0, 128)
(23, 1, 21)
(23, 2, 11)
(23, 3, 11)
(23, 4, 11)
(23, 5, 11)
(23, 6, 11)
(23, 7, 11)
(23, 8, 11)
(23, 9, 11)
(23, 10, 11)
(23, 11, 11)
(23, 12, 11)
(23, 13, 11)
(23, 14, 11)
(23, 15, 11)
(23, 16, 11)
(23, 17, 11)
(23, 18, 11)
(23, 19, 11)
(23, 20, 11)
(23, 21, 11)
(23, 22, 11)
(23, 23, 11)
(23, 24, 11)
(23, 25, 11)
(23, 26, 11)
(23, 27, 11)
(23, 28, 11)
(23, 29, 11)
(23, 30, 11)
(23, 31, 8)
(23, 32, 8)
(23, 33, 8)
(23, 34, 8)
(23, 35, 8)
(23, 36, 8)
(23, 37, 8)
(23, 38, 8)
(23, 39, 8)

(24, 0, 223)
(24, 1, 28)
(24, 2, 18)
(24, 3, 17)
(24, 4, 16)
(24, 5, 16)
(24, 6, 16)
(24, 7, 16)
(24, 8, 15)
(24, 9, 15)
(24, 10, 15)
(24, 11, 15)
(24, 12, 15)
(24, 13, 14)
(24, 14, 14)
(24, 15, 14)
(24, 16, 14)
(24, 17, 14)
(24, 18, 13)
(24, 19, 13)
(24, 20, 13)
(24, 21, 13)
(24, 22, 11)
(24, 23, 11)
(24, 24, 11)
(24, 25, 11)
(24, 26, 11)
(24, 27, 11)
(24, 28, 11)
(24, 29, 11)
(24, 30, 11)
(24, 31, 8)
(24, 32, 8)
(24, 33, 8)
(24, 34, 8)
(24, 35, 8)
(24, 36, 8)
(24, 37, 8)
(24, 38, 8)
(24, 39, 8)

(25, 0, 223)
(25, 1, 28)
(25, 2, 18)
(25, 3, 17)
(25, 4, 16)
(25, 5, 16)
(25, 6, 16)
(25, 7, 16)
(25, 8, 15)
(25, 9, 15)
(25, 10, 15)
(25, 11, 15)
(25, 12, 15)
(25, 13, 14)
(25, 14, 14)
(25, 15, 14)
(25, 16, 14)
(25, 17, 14)
(25, 18, 13)
(25, 19, 13)
(25, 20, 13)
(25, 21, 13)
(25, 22, 11)
(25, 23, 11)
(25, 24, 11)
(25, 25, 11)
(25, 26, 11)
(25, 27, 11)
(25, 28, 11)
(25, 29, 11)
(25, 30, 11)
(25, 31, 8)
(25, 32, 8)
(25, 33, 8)
(25, 34, 8)
(25, 35, 8)
(25, 36, 8)
(25, 37, 8)
(25, 38, 8)
(25, 39, 8)

(26, 0, 226)
(26, 1, 31)
(26, 2, 19)
(26, 3, 18)
(26, 4, 17)
(26, 5, 17)
(26, 6, 17)
(26, 7, 17)
(26, 8, 16)
(26, 9, 16)
(26, 10, 16)
(26, 11, 16)
(26, 12, 16)
(26, 13, 15)
(26, 14, 15)
(26, 15, 15)
(26, 16, 15)
(26, 17, 15)
(26, 18, 14)
(26, 19, 14)
(26, 20, 14)
(26, 21, 14)
(26, 22, 12)
(26, 23, 12)
(26, 24, 12)
(26, 25, 12)
(26, 26, 11)
(26, 27, 11)
(26, 28, 11)
(26, 29, 11)
(26, 30, 11)
(26, 31, 8)
(26, 32, 8)
(26, 33, 8)
(26, 34, 8)
(26, 35, 8)
(26, 36, 8)
(26, 37, 8)
(26, 38, 8)
(26, 39, 8)

(27, 0, 226)
(27, 1, 31)
(27, 2, 19)
(27, 3, 18)
(27, 4, 17)
(27, 5, 17)
(27, 6, 17)
(27, 7, 17)
(27, 8, 16)
(27, 9, 16)
(27, 10, 16)
(27, 11, 16)
(27, 12, 16)
(27, 13, 15)
(27, 14, 15)
(27, 15, 15)
(27, 16, 15)
(27, 17, 15)
(27, 18, 14)
(27, 19, 14)
(27, 20, 14)
(27, 21, 14)
(27, 22, 12)
(27, 23, 12)
(27, 24, 12)
(27, 25, 12)
(27, 26, 11)
(27, 27, 11)
(27, 28, 11)
(27, 29, 11)
(27, 30, 11)
(27, 31, 8)
(27, 32, 8)
(27, 33, 8)
(27, 34, 8)
(27, 35, 8)
(27, 36, 8)
(27, 37, 8)
(27, 38, 8)
(27, 39, 8)

(28, 0, 226)
(28, 1, 31)
(28, 2, 19)
(28, 3, 18)
(28, 4, 17)
(28, 5, 17)
(28, 6, 17)
(28, 7, 17)
(28, 8, 16)
(28, 9, 16)
(28, 10, 16)
(28, 11, 16)
(28, 12, 16)
(28, 13, 15)
(28, 14, 15)
(28, 15, 15)
(28, 16, 15)
(28, 17, 15)
(28, 18, 14)
(28, 19, 14)
(28, 20, 14)
(28, 21, 14)
(28, 22, 12)
(28, 23, 12)
(28, 24, 12)
(28, 25, 12)
(28, 26, 11)
(28, 27, 11)
(28, 28, 11)
(28, 29, 11)
(28, 30, 11)
(28, 31, 8)
(28, 32, 8)
(28, 33, 8)
(28, 34, 8)
(28, 35, 8)
(28, 36, 8)
(28, 37, 8)
(28, 38, 8)
(28, 39, 8)

(29, 0, 227)
(29, 1, 32)
(29, 2, 20)
(29, 3, 19)
(29, 4, 18)
(29, 5, 18)
(29, 6, 18)
(29, 7, 18)
(29, 8, 17)
(29, 9, 17)
(29, 10, 17)
(29, 11, 17)
(29, 12, 17)
(29, 13, 16)
(29, 14, 16)
(29, 15, 16)
(29, 16, 16)
(29, 17, 16)
(29, 18, 15)
(29, 19, 15)
(29, 20, 15)
(29, 21, 15)
(29, 22, 13)
(29, 23, 13)
(29, 24, 13)
(29, 25, 13)
(29, 26, 12)
(29, 27, 12)
(29, 28, 12)
(29, 29, 12)
(29, 30, 12)
(29, 31, 9)
(29, 32, 9)
(29, 33, 9)
(29, 34, 9)
(29, 35, 9)
(29, 36, 9)
(29, 37, 9)
(29, 38, 9)
(29, 39, 9)

(30, 0, 238)
(30, 1, 43)
(30, 2, 31)
(30, 3, 30)
(30, 4, 29)
(30, 5, 19)
(30, 6, 19)
(30, 7, 19)
(30, 8, 18)
(30, 9, 18)
(30, 10, 18)
(30, 11, 18)
(30, 12, 18)
(30, 13, 17)
(30, 14, 17)
(30, 15, 17)
(30, 16, 17)
(30, 17, 17)
(30, 18, 16)
(30, 19, 16)
(30, 20, 16)
(30, 21, 16)
(30, 22, 14)
(30, 23, 14)
(30, 24, 14)
(30, 25, 14)
(30, 26, 13)
(30, 27, 13)
(30, 28, 13)
(30, 29, 13)
(30, 30, 13)
(30, 31, 10)
(30, 32, 10)
(30, 33, 10)
(30, 34, 10)
(30, 35, 10)
(30, 36, 10)
(30, 37, 10)
(30, 38, 10)
(30, 39, 10)

(31, 0, 248)
(31, 1, 53)
(31, 2, 38)
(31, 3, 37)
(31, 4, 34)
(31, 5, 22)
(31, 6, 22)
(31, 7, 22)
(31, 8, 21)
(31, 9, 21)
(31, 10, 20)
(31, 11, 20)
(31, 12, 20)
(31, 13, 19)
(31, 14, 19)
(31, 15, 18)
(31, 16, 18)
(31, 17, 18)
(31, 18, 17)
(31, 19, 17)
(31, 20, 17)
(31, 21, 17)
(31, 22, 15)
(31, 23, 15)
(31, 24, 15)
(31, 25, 15)
(31, 26, 14)
(31, 27, 14)
(31, 28, 14)
(31, 29, 14)
(31, 30, 14)
(31, 31, 11)
(31, 32, 11)
(31, 33, 11)
(31, 34, 11)
(31, 35, 11)
(31, 36, 11)
(31, 37, 11)
(31, 38, 11)
(31, 39, 11)

(32, 0, 270)
(32, 1, 63)
(32, 2, 42)
(32, 3, 39)
(32, 4, 37)
(32, 5, 24)
(32, 6, 24)
(32, 7, 24)
(32, 8, 23)
(32, 9, 23)
(32, 10, 22)
(32, 11, 22)
(32, 12, 22)
(32, 13, 21)
(32, 14, 21)
(32, 15, 20)
(32, 16, 20)
(32, 17, 20)
(32, 18, 19)
(32, 19, 19)
(32, 20, 19)
(32, 21, 19)
(32, 22, 17)
(32, 23, 17)
(32, 24, 17)
(32, 25, 17)
(32, 26, 16)
(32, 27, 16)
(32, 28, 16)
(32, 29, 16)
(32, 30, 16)
(32, 31, 13)
(32, 32, 13)
(32, 33, 13)
(32, 34, 13)
(32, 35, 13)
(32, 36, 13)
(32, 37, 13)
(32, 38, 13)
(32, 39, 13)

(33, 0, 327)
(33, 1, 85)
(33, 2, 62)
(33, 3, 57)
(33, 4, 54)
(33, 5, 32)
(33, 6, 30)
(33, 7, 30)
(33, 8, 29)
(33, 9, 29)
(33, 10, 27)
(33, 11, 27)
(33, 12, 26)
(33, 13, 24)
(33, 14, 24)
(33, 15, 23)
(33, 16, 23)
(33, 17, 23)
(33, 18, 22)
(33, 19, 22)
(33, 20, 22)
(33, 21, 22)
(33, 22, 20)
(33, 23, 20)
(33, 24, 20)
(33, 25, 20)
(33, 26, 19)
(33, 27, 19)
(33, 28, 19)
(33, 29, 19)
(33, 30, 19)
(33, 31, 16)
(33, 32, 16)
(33, 33, 16)
(33, 34, 16)
(33, 35, 16)
(33, 36, 16)
(33, 37, 16)
(33, 38, 16)
(33, 39, 16)

(34, 0, 382)
(34, 1, 119)
(34, 2, 88)
(34, 3, 82)
(34, 4, 71)
(34, 5, 42)
(34, 6, 33)
(34, 7, 33)
(34, 8, 32)
(34, 9, 31)
(34, 10, 30)
(34, 11, 30)
(34, 12, 27)
(34, 13, 26)
(34, 14, 26)
(34, 15, 24)
(34, 16, 24)
(34, 17, 24)
(34, 18, 23)
(34, 19, 23)
(34, 20, 23)
(34, 21, 23)
(34, 22, 21)
(34, 23, 21)
(34, 24, 21)
(34, 25, 21)
(34, 26, 20)
(34, 27, 20)
(34, 28, 20)
(34, 29, 20)
(34, 30, 20)
(34, 31, 17)
(34, 32, 17)
(34, 33, 17)
(34, 34, 17)
(34, 35, 17)
(34, 36, 17)
(34, 37, 17)
(34, 38, 17)
(34, 39, 17)

(35, 0, 406)
(35, 1, 141)
(35, 2, 109)
(35, 3, 99)
(35, 4, 83)
(35, 5, 54)
(35, 6, 36)
(35, 7, 36)
(35, 8, 35)
(35, 9, 34)
(35, 10, 33)
(35, 11, 33)
(35, 12, 29)
(35, 13, 28)
(35, 14, 27)
(35, 15, 25)
(35, 16, 25)
(35, 17, 25)
(35, 18, 24)
(35, 19, 24)
(35, 20, 24)
(35, 21, 24)
(35, 22, 22)
(35, 23, 22)
(35, 24, 22)
(35, 25, 22)
(35, 26, 21)
(35, 27, 21)
(35, 28, 21)
(35, 29, 21)
(35, 30, 21)
(35, 31, 18)
(35, 32, 18)
(35, 33, 18)
(35, 34, 18)
(35, 35, 18)
(35, 36, 18)
(35, 37, 18)
(35, 38, 18)
(35, 39, 18)

(36, 0, 421)
(36, 1, 156)
(36, 2, 122)
(36, 3, 112)
(36, 4, 89)
(36, 5, 58)
(36, 6, 40)
(36, 7, 36)
(36, 8, 35)
(36, 9, 33)
(36, 10, 32)
(36, 11, 32)
(36, 12, 28)
(36, 13, 27)
(36, 14, 27)
(36, 15, 25)
(36, 16, 25)
(36, 17, 25)
(36, 18, 24)
(36, 19, 24)
(36, 20, 24)
(36, 21, 24)
(36, 22, 22)
(36, 23, 22)
(36, 24, 22)
(36, 25, 22)
(36, 26, 21)
(36, 27, 21)
(36, 28, 21)
(36, 29, 21)
(36, 30, 21)
(36, 31, 18)
(36, 32, 18)
(36, 33, 18)
(36, 34, 18)
(36, 35, 18)
(36, 36, 18)
(36, 37, 18)
(36, 38, 18)
(36, 39, 18)

(37, 0, 449)
(37, 1, 177)
(37, 2, 140)
(37, 3, 126)
(37, 4, 101)
(37, 5, 69)
(37, 6, 47)
(37, 7, 40)
(37, 8, 39)
(37, 9, 37)
(37, 10, 36)
(37, 11, 35)
(37, 12, 31)
(37, 13, 30)
(37, 14, 29)
(37, 15, 27)
(37, 16, 27)
(37, 17, 27)
(37, 18, 26)
(37, 19, 26)
(37, 20, 26)
(37, 21, 26)
(37, 22, 24)
(37, 23, 24)
(37, 24, 24)
(37, 25, 24)
(37, 26, 23)
(37, 27, 23)
(37, 28, 23)
(37, 29, 23)
(37, 30, 23)
(37, 31, 20)
(37, 32, 20)
(37, 33, 20)
(37, 34, 20)
(37, 35, 20)
(37, 36, 20)
(37, 37, 20)
(37, 38, 20)
(37, 39, 20)

(38, 0, 488)
(38, 1, 208)
(38, 2, 162)
(38, 3, 147)
(38, 4, 121)
(38, 5, 79)
(38, 6, 50)
(38, 7, 42)
(38, 8, 41)
(38, 9, 39)
(38, 10, 37)
(38, 11, 35)
(38, 12, 31)
(38, 13, 30)
(38, 14, 29)
(38, 15, 27)
(38, 16, 27)
(38, 17, 27)
(38, 18, 26)
(38, 19, 26)
(38, 20, 26)
(38, 21, 26)
(38, 22, 24)
(38, 23, 24)
(38, 24, 24)
(38, 25, 24)
(38, 26, 23)
(38, 27, 23)
(38, 28, 23)
(38, 29, 23)
(38, 30, 23)
(38, 31, 20)
(38, 32, 20)
(38, 33, 20)
(38, 34, 20)
(38, 35, 20)
(38, 36, 20)
(38, 37, 20)
(38, 38, 20)
(38, 39, 20)

(39, 0, 544)
(39, 1, 229)
(39, 2, 175)
(39, 3, 160)
(39, 4, 134)
(39, 5, 92)
(39, 6, 54)
(39, 7, 45)
(39, 8, 44)
(39, 9, 42)
(39, 10, 40)
(39, 11, 38)
(39, 12, 34)
(39, 13, 33)
(39, 14, 32)
(39, 15, 30)
(39, 16, 30)
(39, 17, 30)
(39, 18, 29)
(39, 19, 28)
(39, 20, 28)
(39, 21, 28)
(39, 22, 25)
(39, 23, 24)
(39, 24, 24)
(39, 25, 24)
(39, 26, 23)
(39, 27, 23)
(39, 28, 23)
(39, 29, 23)
(39, 30, 23)
(39, 31, 20)
(39, 32, 20)
(39, 33, 20)
(39, 34, 20)
(39, 35, 20)
(39, 36, 20)
(39, 37, 20)
(39, 38, 20)
(39, 39, 20)


Betti numbers:
xi_0:
(0, 0, 9)
(3, 0, 10)
(7, 0, 3)
(17, 0, 17)
(18, 0, 15)
(19, 0, 18)
(20, 0, 13)
(21, 0, 19)
(23, 0, 24)
(24, 0, 95)
(26, 0, 3)
(29, 0, 1)
(30, 0, 11)
(31, 0, 10)
(32, 0, 22)
(33, 0, 57)
(34, 0, 55)
(35, 0, 24)
(36, 0, 15)
(37, 0, 28)
(38, 0, 39)
(39, 0, 56)
xi_1:
(0, 1, 7)
(3, 1, 5)
(3, 2, 2)
(3, 31, 1)
(7, 2, 2)
(7, 31, 1)
(17, 1, 15)
(17, 2, 1)
(18, 1, 15)
(18, 2, 1)
(19, 1, 16)
(20, 1, 13)
(21, 1, 16)
(21, 2, 2)
(21, 31, 1)
(23, 1, 20)
(23, 2, 3)
(24, 1, 88)
(24, 3, 1)
(24, 4, 1)
(24, 8, 1)
(24, 13, 1)
(24, 18, 1)
(24, 22, 2)
(26, 2, 2)
(26, 26, 1)
(30, 5, 10)
(31, 2, 3)
(31, 4, 2)
(31, 5, 2)
(31, 10, 1)
(31, 15, 1)
(32, 1, 12)
(32, 2, 6)
(32, 3, 2)
(32, 5, 1)
(33, 1, 35)
(33, 2, 2)
(33, 3, 2)
(33, 4, 1)
(33, 5, 9)
(33, 6, 2)
(33, 10, 1)
(33, 12, 1)
(33, 13, 1)
(34, 1, 21)
(34, 2, 8)
(34, 3, 1)
(34, 4, 8)
(34, 5, 7)
(34, 6, 7)
(34, 9, 1)
(34, 12, 3)
(34, 15, 1)
(35, 1, 2)
(35, 2, 2)
(35, 3, 4)
(35, 4, 5)
(35, 6, 9)
(35, 12, 1)
(35, 14, 1)
(36, 2, 2)
(36, 4, 7)
(36, 5, 2)
(36, 7, 4)
(36, 9, 1)
(37, 1, 7)
(37, 2, 3)
(37, 3, 4)
(37, 4, 2)
(37, 5, 1)
(37, 6, 4)
(37, 7, 3)
(37, 11, 1)
(37, 14, 1)
(38, 1, 8)
(38, 2, 9)
(38, 3, 1)
(38, 4, 1)
(38, 5, 10)
(38, 6, 7)
(38, 7, 2)
(38, 10, 1)
(38, 11, 1)
(39, 1, 35)
(39, 2, 8)
(39, 6, 9)
(39, 7, 1)
(39, 19, 1)
(39, 22, 1)
(39, 23, 1)
xi_2:
(18, 2, 1)
(32, 4, 1)
(34, 10, 1)
(34, 12, 1)
(34, 13, 1)
(35, 2, 1)
(36, 14, 1)
(38, 7, 1)
