x-grades
-540476391191391251/80000000000000000
-265825289084562851/40000000000000000
-522824765146860153/80000000000000000
-128499738031148651/20000000000000000
-101034627820465811/16000000000000000
-248173663040031753/40000000000000000
-487521513057797957/80000000000000000
-59836962504441551/10000000000000000
-469869887013266859/80000000000000000
-46104407399100131/8000000000000000
-452218260968735761/80000000000000000
-110848111986617553/20000000000000000
-434566634924204663/80000000000000000
-212870410950969557/40000000000000000
-83383001775934713/16000000000000000
-25505574741088001/5000000000000000
-399263382835142467/80000000000000000
-195218784906438459/40000000000000000
-381611756790611369/80000000000000000
-18639297188417291/4000000000000000
-363960130746080271/80000000000000000
-177567158861907361/40000000000000000
-346308504701549173/80000000000000000
-42185336459910453/10000000000000000
-13146275146280723/3200000000000000
-159915532817376263/40000000000000000
-311005252612486977/80000000000000000
-75544859897555357/20000000000000000
-293353626567955879/80000000000000000
-28452781354569033/8000000000000000
-275702000523424781/80000000000000000
-4169940429705613/1250000000000000
-258050374478893683/80000000000000000
-124612280728314067/40000000000000000
-48079749686872517/16000000000000000
-57893233853024259/20000000000000000
-222747122389831487/80000000000000000
-106960654683782969/40000000000000000
-205095496345300389/80000000000000000
-4906742083075871/2000000000000000

y-grades
2499971/1000000
2499971/500000
7499913/1000000
2499971/250000
2499971/200000
7499913/500000
17499797/1000000
2499971/125000
22499739/1000000
2499971/100000
27499681/1000000
7499913/250000
32499623/1000000
17499797/500000
7499913/200000
2499971/62500
42499507/1000000
22499739/500000
47499449/1000000
2499971/50000
52499391/1000000
27499681/500000
57499333/1000000
7499913/125000
2499971/40000
32499623/500000
67499217/1000000
17499797/250000
72499159/1000000
7499913/100000
77499101/1000000
2499971/31250
82499043/1000000
42499507/500000
17499797/200000
22499739/250000
92498927/1000000
47499449/500000
97498869/1000000
2499971/25000

Dimensions > 0:
(0, 0, 3)
(0, 1, 3)
(0, 2, 2)
(0, 3, 2)
(0, 4, 2)
(0, 5, 2)
(0, 6, 2)
(0, 7, 2)
(0, 8, 2)
(0, 9, 2)
(0, 10, 2)
(0, 11, 2)
(0, 12, 2)
(0, 13, 2)
(0, 14, 2)
(0, 15, 2)
(0, 16, 2)
(0, 17, 2)
(0, 18, 1)
(0, 19, 1)
(0, 20, 1)
(0, 21, 1)
(0, 22, 1)
(0, 23, 1)
(0, 24, 1)
(0, 25, 1)
(0, 26, 1)
(0, 27, 1)
(0, 28, 1)
(0, 29, 1)
(0, 30, 1)
(0, 31, 1)
(0, 32, 1)
(0, 33, 1)
(0, 34, 1)
(0, 35, 1)
(0, 36, 1)
(0, 37, 1)
(0, 38, 1)
(0, 39, 1)

(1, 0, 5)
(1, 1, 5)
(1, 2, 3)
(1, 3, 2)
(1, 4, 2)
(1, 5, 2)
(1, 6, 2)
(1, 7, 2)
(1, 8, 2)
(1, 9, 2)
(1, 10, 2)
(1, 11, 2)
(1, 12, 2)
(1, 13, 2)
(1, 14, 2)
(1, 15, 2)
(1, 16, 1)
(1, 17, 1)
(1, 18, 1)
(1, 19, 1)
(1, 20, 1)
(1, 21, 1)
(1, 22, 1)
(1, 23, 1)
(1, 24, 1)
(1, 25, 1)
(1, 26, 1)
(1, 27, 1)
(1, 28, 1)
(1, 29, 1)
(1, 30, 1)
(1, 31, 1)
(1, 32, 1)
(1, 33, 1)
(1, 34, 1)
(1, 35, 1)
(1, 36, 1)
(1, 37, 1)
(1, 38, 1)
(1, 39, 1)

(2, 0, 6)
(2, 1, 6)
(2, 2, 5)
(2, 3, 3)
(2, 4, 3)
(2, 5, 3)
(2, 6, 3)
(2, 7, 3)
(2, 8, 2)
(2, 9, 2)
(2, 10, 2)
(2, 11, 2)
(2, 12, 2)
(2, 13, 2)
(2, 14, 2)
(2, 15, 2)
(2, 16, 1)
(2, 17, 1)
(2, 18, 1)
(2, 19, 1)
(2, 20, 1)
(2, 21, 1)
(2, 22, 1)
(2, 23, 1)
(2, 24, 1)
(2, 25, 1)
(2, 26, 1)
(2, 27, 1)
(2, 28, 1)
(2, 29, 1)
(2, 30, 1)
(2, 31, 1)
(2, 32, 1)
(2, 33, 1)
(2, 34, 1)
(2, 35, 1)
(2, 36, 1)
(2, 37, 1)
(2, 38, 1)
(2, 39, 1)

(3, 0, 8)
(3, 1, 7)
(3, 2, 6)
(3, 3, 3)
(3, 4, 3)
(3, 5, 3)
(3, 6, 3)
(3, 7, 3)
(3, 8, 2)
(3, 9, 2)
(3, 10, 2)
(3, 11, 2)
(3, 12, 2)
(3, 13, 2)
(3, 14, 2)
(3, 15, 2)
(3, 16, 1)
(3, 17, 1)
(3, 18, 1)
(3, 19, 1)
(3, 20, 1)
(3, 21, 1)
(3, 22, 1)
(3, 23, 1)
(3, 24, 1)
(3, 25, 1)
(3, 26, 1)
(3, 27, 1)
(3, 28, 1)
(3, 29, 1)
(3, 30, 1)
(3, 31, 1)
(3, 32, 1)
(3, 33, 1)
(3, 34, 1)
(3, 35, 1)
(3, 36, 1)
(3, 37, 1)
(3, 38, 1)
(3, 39, 1)

(4, 0, 8)
(4, 1, 8)
(4, 2, 6)
(4, 3, 3)
(4, 4, 3)
(4, 5, 3)
(4, 6, 3)
(4, 7, 3)
(4, 8, 2)
(4, 9, 2)
(4, 10, 2)
(4, 11, 2)
(4, 12, 2)
(4, 13, 2)
(4, 14, 2)
(4, 15, 1)
(4, 16, 1)
(4, 17, 1)
(4, 18, 1)
(4, 19, 1)
(4, 20, 1)
(4, 21, 1)
(4, 22, 1)
(4, 23, 1)
(4, 24, 1)
(4, 25, 1)
(4, 26, 1)
(4, 27, 1)
(4, 28, 1)
(4, 29, 1)
(4, 30, 1)
(4, 31, 1)
(4, 32, 1)
(4, 33, 1)
(4, 34, 1)
(4, 35, 1)
(4, 36, 1)
(4, 37, 1)
(4, 38, 1)
(4, 39, 1)

(5, 0, 9)
(5, 1, 8)
(5, 2, 6)
(5, 3, 3)
(5, 4, 3)
(5, 5, 3)
(5, 6, 3)
(5, 7, 3)
(5, 8, 2)
(5, 9, 2)
(5, 10, 2)
(5, 11, 2)
(5, 12, 2)
(5, 13, 2)
(5, 14, 2)
(5, 15, 1)
(5, 16, 1)
(5, 17, 1)
(5, 18, 1)
(5, 19, 1)
(5, 20, 1)
(5, 21, 1)
(5, 22, 1)
(5, 23, 1)
(5, 24, 1)
(5, 25, 1)
(5, 26, 1)
(5, 27, 1)
(5, 28, 1)
(5, 29, 1)
(5, 30, 1)
(5, 31, 1)
(5, 32, 1)
(5, 33, 1)
(5, 34, 1)
(5, 35, 1)
(5, 36, 1)
(5, 37, 1)
(5, 38, 1)
(5, 39, 1)

(6, 0, 11)
(6, 1, 10)
(6, 2, 7)
(6, 3, 3)
(6, 4, 3)
(6, 5, 3)
(6, 6, 3)
(6, 7, 3)
(6, 8, 2)
(6, 9, 2)
(6, 10, 2)
(6, 11, 2)
(6, 12, 1)
(6, 13, 1)
(6, 14, 1)
(6, 15, 1)
(6, 16, 1)
(6, 17, 1)
(6, 18, 1)
(6, 19, 1)
(6, 20, 1)
(6, 21, 1)
(6, 22, 1)
(6, 23, 1)
(6, 24, 1)
(6, 25, 1)
(6, 26, 1)
(6, 27, 1)
(6, 28, 1)
(6, 29, 1)
(6, 30, 1)
(6, 31, 1)
(6, 32, 1)
(6, 33, 1)
(6, 34, 1)
(6, 35, 1)
(6, 36, 1)
(6, 37, 1)
(6, 38, 1)
(6, 39, 1)

(7, 0, 13)
(7, 1, 11)
(7, 2, 7)
(7, 3, 3)
(7, 4, 3)
(7, 5, 3)
(7, 6, 3)
(7, 7, 3)
(7, 8, 2)
(7, 9, 2)
(7, 10, 1)
(7, 11, 1)
(7, 12, 1)
(7, 13, 1)
(7, 14, 1)
(7, 15, 1)
(7, 16, 1)
(7, 17, 1)
(7, 18, 1)
(7, 19, 1)
(7, 20, 1)
(7, 21, 1)
(7, 22, 1)
(7, 23, 1)
(7, 24, 1)
(7, 25, 1)
(7, 26, 1)
(7, 27, 1)
(7, 28, 1)
(7, 29, 1)
(7, 30, 1)
(7, 31, 1)
(7, 32, 1)
(7, 33, 1)
(7, 34, 1)
(7, 35, 1)
(7, 36, 1)
(7, 37, 1)
(7, 38, 1)
(7, 39, 1)

(8, 0, 13)
(8, 1, 11)
(8, 2, 7)
(8, 3, 3)
(8, 4, 3)
(8, 5, 3)
(8, 6, 3)
(8, 7, 3)
(8, 8, 2)
(8, 9, 2)
(8, 10, 1)
(8, 11, 1)
(8, 12, 1)
(8, 13, 1)
(8, 14, 1)
(8, 15, 1)
(8, 16, 1)
(8, 17, 1)
(8, 18, 1)
(8, 19, 1)
(8, 20, 1)
(8, 21, 1)
(8, 22, 1)
(8, 23, 1)
(8, 24, 1)
(8, 25, 1)
(8, 26, 1)
(8, 27, 1)
(8, 28, 1)
(8, 29, 1)
(8, 30, 1)
(8, 31, 1)
(8, 32, 1)
(8, 33, 1)
(8, 34, 1)
(8, 35, 1)
(8, 36, 1)
(8, 37, 1)
(8, 38, 1)
(8, 39, 1)

(9, 0, 13)
(9, 1, 11)
(9, 2, 7)
(9, 3, 3)
(9, 4, 3)
(9, 5, 3)
(9, 6, 3)
(9, 7, 3)
(9, 8, 2)
(9, 9, 2)
(9, 10, 1)
(9, 11, 1)
(9, 12, 1)
(9, 13, 1)
(9, 14, 1)
(9, 15, 1)
(9, 16, 1)
(9, 17, 1)
(9, 18, 1)
(9, 19, 1)
(9, 20, 1)
(9, 21, 1)
(9, 22, 1)
(9, 23, 1)
(9, 24, 1)
(9, 25, 1)
(9, 26, 1)
(9, 27, 1)
(9, 28, 1)
(9, 29, 1)
(9, 30, 1)
(9, 31, 1)
(9, 32, 1)
(9, 33, 1)
(9, 34, 1)
(9, 35, 1)
(9, 36, 1)
(9, 37, 1)
(9, 38, 1)
(9, 39, 1)

(10, 0, 13)
(10, 1, 11)
(10, 2, 7)
(10, 3, 3)
(10, 4, 3)
(10, 5, 3)
(10, 6, 3)
(10, 7, 3)
(10, 8, 2)
(10, 9, 2)
(10, 10, 1)
(10, 11, 1)
(10, 12, 1)
(10, 13, 1)
(10, 14, 1)
(10, 15, 1)
(10, 16, 1)
(10, 17, 1)
(10, 18, 1)
(10, 19, 1)
(10, 20, 1)
(10, 21, 1)
(10, 22, 1)
(10, 23, 1)
(10, 24, 1)
(10, 25, 1)
(10, 26, 1)
(10, 27, 1)
(10, 28, 1)
(10, 29, 1)
(10, 30, 1)
(10, 31, 1)
(10, 32, 1)
(10, 33, 1)
(10, 34, 1)
(10, 35, 1)
(10, 36, 1)
(10, 37, 1)
(10, 38, 1)
(10, 39, 1)

(11, 0, 14)
(11, 1, 12)
(11, 2, 8)
(11, 3, 4)
(11, 4, 4)
(11, 5, 4)
(11, 6, 4)
(11, 7, 4)
(11, 8, 3)
(11, 9, 3)
(11, 10, 2)
(11, 11, 2)
(11, 12, 2)
(11, 13, 2)
(11, 14, 2)
(11, 15, 2)
(11, 16, 2)
(11, 17, 2)
(11, 18, 2)
(11, 19, 2)
(11, 20, 2)
(11, 21, 2)
(11, 22, 2)
(11, 23, 2)
(11, 24, 2)
(11, 25, 2)
(11, 26, 2)
(11, 27, 2)
(11, 28, 2)
(11, 29, 2)
(11, 30, 2)
(11, 31, 2)
(11, 32, 2)
(11, 33, 2)
(11, 34, 2)
(11, 35, 2)
(11, 36, 2)
(11, 37, 2)
(11, 38, 2)
(11, 39, 2)

(12, 0, 16)
(12, 1, 13)
(12, 2, 9)
(12, 3, 5)
(12, 4, 5)
(12, 5, 5)
(12, 6, 5)
(12, 7, 5)
(12, 8, 4)
(12, 9, 4)
(12, 10, 3)
(12, 11, 3)
(12, 12, 3)
(12, 13, 3)
(12, 14, 3)
(12, 15, 3)
(12, 16, 3)
(12, 17, 3)
(12, 18, 3)
(12, 19, 3)
(12, 20, 3)
(12, 21, 3)
(12, 22, 3)
(12, 23, 3)
(12, 24, 3)
(12, 25, 3)
(12, 26, 3)
(12, 27, 3)
(12, 28, 3)
(12, 29, 3)
(12, 30, 3)
(12, 31, 3)
(12, 32, 3)
(12, 33, 3)
(12, 34, 3)
(12, 35, 3)
(12, 36, 3)
(12, 37, 3)
(12, 38, 3)
(12, 39, 3)

(13, 0, 18)
(13, 1, 16)
(13, 2, 12)
(13, 3, 6)
(13, 4, 6)
(13, 5, 6)
(13, 6, 5)
(13, 7, 5)
(13, 8, 4)
(13, 9, 4)
(13, 10, 3)
(13, 11, 3)
(13, 12, 3)
(13, 13, 3)
(13, 14, 3)
(13, 15, 3)
(13, 16, 3)
(13, 17, 3)
(13, 18, 3)
(13, 19, 3)
(13, 20, 3)
(13, 21, 3)
(13, 22, 3)
(13, 23, 3)
(13, 24, 3)
(13, 25, 3)
(13, 26, 3)
(13, 27, 3)
(13, 28, 3)
(13, 29, 3)
(13, 30, 3)
(13, 31, 3)
(13, 32, 3)
(13, 33, 3)
(13, 34, 2)
(13, 35, 2)
(13, 36, 2)
(13, 37, 2)
(13, 38, 2)
(13, 39, 2)

(14, 0, 23)
(14, 1, 21)
(14, 2, 15)
(14, 3, 9)
(14, 4, 7)
(14, 5, 7)
(14, 6, 6)
(14, 7, 6)
(14, 8, 5)
(14, 9, 5)
(14, 10, 4)
(14, 11, 4)
(14, 12, 4)
(14, 13, 4)
(14, 14, 4)
(14, 15, 4)
(14, 16, 4)
(14, 17, 3)
(14, 18, 3)
(14, 19, 3)
(14, 20, 3)
(14, 21, 3)
(14, 22, 3)
(14, 23, 3)
(14, 24, 3)
(14, 25, 3)
(14, 26, 3)
(14, 27, 3)
(14, 28, 3)
(14, 29, 3)
(14, 30, 3)
(14, 31, 3)
(14, 32, 2)
(14, 33, 2)
(14, 34, 2)
(14, 35, 2)
(14, 36, 2)
(14, 37, 2)
(14, 38, 2)
(14, 39, 2)

(15, 0, 27)
(15, 1, 25)
(15, 2, 17)
(15, 3, 11)
(15, 4, 9)
(15, 5, 9)
(15, 6, 7)
(15, 7, 7)
(15, 8, 5)
(15, 9, 5)
(15, 10, 4)
(15, 11, 4)
(15, 12, 4)
(15, 13, 4)
(15, 14, 4)
(15, 15, 4)
(15, 16, 3)
(15, 17, 3)
(15, 18, 3)
(15, 19, 3)
(15, 20, 3)
(15, 21, 3)
(15, 22, 3)
(15, 23, 3)
(15, 24, 3)
(15, 25, 3)
(15, 26, 3)
(15, 27, 3)
(15, 28, 3)
(15, 29, 3)
(15, 30, 2)
(15, 31, 2)
(15, 32, 2)
(15, 33, 2)
(15, 34, 2)
(15, 35, 2)
(15, 36, 2)
(15, 37, 2)
(15, 38, 2)
(15, 39, 2)

(16, 0, 32)
(16, 1, 28)
(16, 2, 19)
(16, 3, 13)
(16, 4, 11)
(16, 5, 10)
(16, 6, 9)
(16, 7, 9)
(16, 8, 7)
(16, 9, 7)
(16, 10, 6)
(16, 11, 5)
(16, 12, 5)
(16, 13, 5)
(16, 14, 5)
(16, 15, 4)
(16, 16, 3)
(16, 17, 3)
(16, 18, 3)
(16, 19, 3)
(16, 20, 3)
(16, 21, 3)
(16, 22, 3)
(16, 23, 3)
(16, 24, 3)
(16, 25, 3)
(16, 26, 3)
(16, 27, 3)
(16, 28, 3)
(16, 29, 3)
(16, 30, 2)
(16, 31, 2)
(16, 32, 2)
(16, 33, 2)
(16, 34, 2)
(16, 35, 2)
(16, 36, 2)
(16, 37, 2)
(16, 38, 2)
(16, 39, 2)

(17, 0, 38)
(17, 1, 33)
(17, 2, 22)
(17, 3, 15)
(17, 4, 12)
(17, 5, 11)
(17, 6, 10)
(17, 7, 10)
(17, 8, 7)
(17, 9, 7)
(17, 10, 5)
(17, 11, 5)
(17, 12, 5)
(17, 13, 5)
(17, 14, 4)
(17, 15, 4)
(17, 16, 3)
(17, 17, 3)
(17, 18, 3)
(17, 19, 3)
(17, 20, 3)
(17, 21, 3)
(17, 22, 3)
(17, 23, 3)
(17, 24, 3)
(17, 25, 3)
(17, 26, 3)
(17, 27, 3)
(17, 28, 3)
(17, 29, 3)
(17, 30, 2)
(17, 31, 2)
(17, 32, 2)
(17, 33, 2)
(17, 34, 2)
(17, 35, 2)
(17, 36, 2)
(17, 37, 2)
(17, 38, 2)
(17, 39, 2)

(18, 0, 44)
(18, 1, 37)
(18, 2, 23)
(18, 3, 15)
(18, 4, 13)
(18, 5, 11)
(18, 6, 10)
(18, 7, 10)
(18, 8, 6)
(18, 9, 6)
(18, 10, 4)
(18, 11, 4)
(18, 12, 3)
(18, 13, 3)
(18, 14, 3)
(18, 15, 3)
(18, 16, 3)
(18, 17, 3)
(18, 18, 3)
(18, 19, 3)
(18, 20, 3)
(18, 21, 3)
(18, 22, 3)
(18, 23, 3)
(18, 24, 3)
(18, 25, 3)
(18, 26, 3)
(18, 27, 3)
(18, 28, 3)
(18, 29, 3)
(18, 30, 2)
(18, 31, 2)
(18, 32, 2)
(18, 33, 2)
(18, 34, 2)
(18, 35, 2)
(18, 36, 2)
(18, 37, 2)
(18, 38, 2)
(18, 39, 2)

(19, 0, 45)
(19, 1, 38)
(19, 2, 23)
(19, 3, 15)
(19, 4, 13)
(19, 5, 11)
(19, 6, 10)
(19, 7, 10)
(19, 8, 6)
(19, 9, 6)
(19, 10, 4)
(19, 11, 3)
(19, 12, 3)
(19, 13, 3)
(19, 14, 3)
(19, 15, 3)
(19, 16, 3)
(19, 17, 3)
(19, 18, 3)
(19, 19, 3)
(19, 20, 3)
(19, 21, 3)
(19, 22, 3)
(19, 23, 3)
(19, 24, 3)
(19, 25, 3)
(19, 26, 3)
(19, 27, 3)
(19, 28, 3)
(19, 29, 3)
(19, 30, 2)
(19, 31, 2)
(19, 32, 2)
(19, 33, 2)
(19, 34, 2)
(19, 35, 2)
(19, 36, 2)
(19, 37, 2)
(19, 38, 2)
(19, 39, 2)

(20, 0, 45)
(20, 1, 38)
(20, 2, 23)
(20, 3, 15)
(20, 4, 13)
(20, 5, 11)
(20, 6, 10)
(20, 7, 10)
(20, 8, 6)
(20, 9, 6)
(20, 10, 4)
(20, 11, 3)
(20, 12, 3)
(20, 13, 3)
(20, 14, 3)
(20, 15, 3)
(20, 16, 3)
(20, 17, 3)
(20, 18, 3)
(20, 19, 3)
(20, 20, 3)
(20, 21, 3)
(20, 22, 3)
(20, 23, 3)
(20, 24, 3)
(20, 25, 3)
(20, 26, 3)
(20, 27, 3)
(20, 28, 3)
(20, 29, 3)
(20, 30, 2)
(20, 31, 2)
(20, 32, 2)
(20, 33, 2)
(20, 34, 2)
(20, 35, 2)
(20, 36, 2)
(20, 37, 2)
(20, 38, 2)
(20, 39, 2)

(21, 0, 45)
(21, 1, 38)
(21, 2, 23)
(21, 3, 15)
(21, 4, 13)
(21, 5, 11)
(21, 6, 10)
(21, 7, 10)
(21, 8, 6)
(21, 9, 6)
(21, 10, 4)
(21, 11, 3)
(21, 12, 3)
(21, 13, 3)
(21, 14, 3)
(21, 15, 3)
(21, 16, 3)
(21, 17, 3)
(21, 18, 3)
(21, 19, 3)
(21, 20, 3)
(21, 21, 3)
(21, 22, 3)
(21, 23, 3)
(21, 24, 3)
(21, 25, 3)
(21, 26, 3)
(21, 27, 3)
(21, 28, 3)
(21, 29, 3)
(21, 30, 2)
(21, 31, 2)
(21, 32, 2)
(21, 33, 2)
(21, 34, 2)
(21, 35, 2)
(21, 36, 2)
(21, 37, 2)
(21, 38, 2)
(21, 39, 2)

(22, 0, 45)
(22, 1, 38)
(22, 2, 23)
(22, 3, 15)
(22, 4, 13)
(22, 5, 11)
(22, 6, 10)
(22, 7, 10)
(22, 8, 6)
(22, 9, 6)
(22, 10, 4)
(22, 11, 3)
(22, 12, 3)
(22, 13, 3)
(22, 14, 3)
(22, 15, 3)
(22, 16, 3)
(22, 17, 3)
(22, 18, 3)
(22, 19, 3)
(22, 20, 3)
(22, 21, 3)
(22, 22, 3)
(22, 23, 3)
(22, 24, 3)
(22, 25, 3)
(22, 26, 3)
(22, 27, 3)
(22, 28, 3)
(22, 29, 3)
(22, 30, 2)
(22, 31, 2)
(22, 32, 2)
(22, 33, 2)
(22, 34, 2)
(22, 35, 2)
(22, 36, 2)
(22, 37, 2)
(22, 38, 2)
(22, 39, 2)

(23, 0, 45)
(23, 1, 38)
(23, 2, 23)
(23, 3, 15)
(23, 4, 13)
(23, 5, 11)
(23, 6, 10)
(23, 7, 10)
(23, 8, 6)
(23, 9, 6)
(23, 10, 4)
(23, 11, 3)
(23, 12, 3)
(23, 13, 3)
(23, 14, 3)
(23, 15, 3)
(23, 16, 3)
(23, 17, 3)
(23, 18, 3)
(23, 19, 3)
(23, 20, 3)
(23, 21, 3)
(23, 22, 3)
(23, 23, 3)
(23, 24, 3)
(23, 25, 3)
(23, 26, 3)
(23, 27, 3)
(23, 28, 3)
(23, 29, 3)
(23, 30, 2)
(23, 31, 2)
(23, 32, 2)
(23, 33, 2)
(23, 34, 2)
(23, 35, 2)
(23, 36, 2)
(23, 37, 2)
(23, 38, 2)
(23, 39, 2)

(24, 0, 48)
(24, 1, 41)
(24, 2, 24)
(24, 3, 16)
(24, 4, 14)
(24, 5, 12)
(24, 6, 11)
(24, 7, 11)
(24, 8, 7)
(24, 9, 7)
(24, 10, 5)
(24, 11, 4)
(24, 12, 4)
(24, 13, 4)
(24, 14, 4)
(24, 15, 4)
(24, 16, 4)
(24, 17, 4)
(24, 18, 4)
(24, 19, 4)
(24, 20, 4)
(24, 21, 4)
(24, 22, 4)
(24, 23, 4)
(24, 24, 4)
(24, 25, 4)
(24, 26, 4)
(24, 27, 4)
(24, 28, 4)
(24, 29, 4)
(24, 30, 3)
(24, 31, 3)
(24, 32, 2)
(24, 33, 2)
(24, 34, 2)
(24, 35, 2)
(24, 36, 2)
(24, 37, 2)
(24, 38, 2)
(24, 39, 2)

(25, 0, 49)
(25, 1, 42)
(25, 2, 24)
(25, 3, 16)
(25, 4, 14)
(25, 5, 12)
(25, 6, 11)
(25, 7, 11)
(25, 8, 7)
(25, 9, 7)
(25, 10, 5)
(25, 11, 4)
(25, 12, 4)
(25, 13, 4)
(25, 14, 4)
(25, 15, 4)
(25, 16, 4)
(25, 17, 4)
(25, 18, 4)
(25, 19, 4)
(25, 20, 4)
(25, 21, 4)
(25, 22, 4)
(25, 23, 4)
(25, 24, 4)
(25, 25, 4)
(25, 26, 4)
(25, 27, 4)
(25, 28, 4)
(25, 29, 4)
(25, 30, 3)
(25, 31, 3)
(25, 32, 2)
(25, 33, 2)
(25, 34, 2)
(25, 35, 2)
(25, 36, 2)
(25, 37, 2)
(25, 38, 2)
(25, 39, 2)

(26, 0, 51)
(26, 1, 44)
(26, 2, 25)
(26, 3, 17)
(26, 4, 15)
(26, 5, 13)
(26, 6, 12)
(26, 7, 12)
(26, 8, 8)
(26, 9, 8)
(26, 10, 5)
(26, 11, 4)
(26, 12, 4)
(26, 13, 4)
(26, 14, 4)
(26, 15, 4)
(26, 16, 4)
(26, 17, 4)
(26, 18, 4)
(26, 19, 4)
(26, 20, 4)
(26, 21, 4)
(26, 22, 4)
(26, 23, 4)
(26, 24, 4)
(26, 25, 4)
(26, 26, 4)
(26, 27, 4)
(26, 28, 4)
(26, 29, 4)
(26, 30, 3)
(26, 31, 3)
(26, 32, 2)
(26, 33, 2)
(26, 34, 2)
(26, 35, 2)
(26, 36, 2)
(26, 37, 2)
(26, 38, 2)
(26, 39, 2)

(27, 0, 54)
(27, 1, 46)
(27, 2, 25)
(27, 3, 17)
(27, 4, 15)
(27, 5, 13)
(27, 6, 12)
(27, 7, 12)
(27, 8, 8)
(27, 9, 8)
(27, 10, 5)
(27, 11, 4)
(27, 12, 4)
(27, 13, 4)
(27, 14, 4)
(27, 15, 4)
(27, 16, 4)
(27, 17, 4)
(27, 18, 4)
(27, 19, 4)
(27, 20, 4)
(27, 21, 4)
(27, 22, 4)
(27, 23, 4)
(27, 24, 4)
(27, 25, 4)
(27, 26, 4)
(27, 27, 4)
(27, 28, 4)
(27, 29, 4)
(27, 30, 3)
(27, 31, 3)
(27, 32, 2)
(27, 33, 2)
(27, 34, 2)
(27, 35, 2)
(27, 36, 2)
(27, 37, 2)
(27, 38, 2)
(27, 39, 2)

(28, 0, 59)
(28, 1, 50)
(28, 2, 27)
(28, 3, 19)
(28, 4, 17)
(28, 5, 15)
(28, 6, 14)
(28, 7, 14)
(28, 8, 10)
(28, 9, 10)
(28, 10, 7)
(28, 11, 5)
(28, 12, 5)
(28, 13, 5)
(28, 14, 5)
(28, 15, 5)
(28, 16, 5)
(28, 17, 5)
(28, 18, 5)
(28, 19, 5)
(28, 20, 5)
(28, 21, 5)
(28, 22, 5)
(28, 23, 5)
(28, 24, 5)
(28, 25, 5)
(28, 26, 5)
(28, 27, 5)
(28, 28, 5)
(28, 29, 5)
(28, 30, 4)
(28, 31, 4)
(28, 32, 3)
(28, 33, 2)
(28, 34, 2)
(28, 35, 1)
(28, 36, 1)
(28, 37, 1)
(28, 38, 1)
(28, 39, 1)

(29, 0, 63)
(29, 1, 54)
(29, 2, 30)
(29, 3, 20)
(29, 4, 17)
(29, 5, 15)
(29, 6, 14)
(29, 7, 13)
(29, 8, 9)
(29, 9, 9)
(29, 10, 6)
(29, 11, 5)
(29, 12, 5)
(29, 13, 5)
(29, 14, 5)
(29, 15, 5)
(29, 16, 5)
(29, 17, 5)
(29, 18, 5)
(29, 19, 5)
(29, 20, 5)
(29, 21, 5)
(29, 22, 5)
(29, 23, 5)
(29, 24, 5)
(29, 25, 5)
(29, 26, 5)
(29, 27, 5)
(29, 28, 5)
(29, 29, 5)
(29, 30, 3)
(29, 31, 2)
(29, 32, 1)
(29, 33, 1)
(29, 34, 1)
(29, 35, 1)
(29, 36, 1)
(29, 37, 1)
(29, 38, 1)
(29, 39, 1)

(30, 0, 64)
(30, 1, 54)
(30, 2, 29)
(30, 3, 20)
(30, 4, 17)
(30, 5, 15)
(30, 6, 14)
(30, 7, 13)
(30, 8, 9)
(30, 9, 9)
(30, 10, 6)
(30, 11, 5)
(30, 12, 5)
(30, 13, 5)
(30, 14, 5)
(30, 15, 5)
(30, 16, 5)
(30, 17, 5)
(30, 18, 5)
(30, 19, 5)
(30, 20, 5)
(30, 21, 5)
(30, 22, 5)
(30, 23, 5)
(30, 24, 5)
(30, 25, 5)
(30, 26, 5)
(30, 27, 5)
(30, 28, 5)
(30, 29, 5)
(30, 30, 3)
(30, 31, 2)
(30, 32, 1)
(30, 33, 1)
(30, 34, 1)
(30, 35, 1)
(30, 36, 1)
(30, 37, 1)
(30, 38, 1)
(30, 39, 1)

(31, 0, 64)
(31, 1, 54)
(31, 2, 29)
(31, 3, 20)
(31, 4, 17)
(31, 5, 15)
(31, 6, 14)
(31, 7, 13)
(31, 8, 9)
(31, 9, 9)
(31, 10, 6)
(31, 11, 5)
(31, 12, 5)
(31, 13, 5)
(31, 14, 5)
(31, 15, 5)
(31, 16, 5)
(31, 17, 5)
(31, 18, 5)
(31, 19, 5)
(31, 20, 5)
(31, 21, 5)
(31, 22, 5)
(31, 23, 5)
(31, 24, 5)
(31, 25, 5)
(31, 26, 5)
(31, 27, 5)
(31, 28, 5)
(31, 29, 5)
(31, 30, 3)
(31, 31, 2)
(31, 32, 1)
(31, 33, 1)
(31, 34, 1)
(31, 35, 1)
(31, 36, 1)
(31, 37, 1)
(31, 38, 1)
(31, 39, 1)

(32, 0, 64)
(32, 1, 54)
(32, 2, 29)
(32, 3, 20)
(32, 4, 17)
(32, 5, 15)
(32, 6, 14)
(32, 7, 13)
(32, 8, 9)
(32, 9, 9)
(32, 10, 6)
(32, 11, 5)
(32, 12, 5)
(32, 13, 5)
(32, 14, 5)
(32, 15, 5)
(32, 16, 5)
(32, 17, 5)
(32, 18, 5)
(32, 19, 5)
(32, 20, 5)
(32, 21, 5)
(32, 22, 5)
(32, 23, 5)
(32, 24, 5)
(32, 25, 5)
(32, 26, 5)
(32, 27, 5)
(32, 28, 5)
(32, 29, 5)
(32, 30, 3)
(32, 31, 2)
(32, 32, 1)
(32, 33, 1)
(32, 34, 1)
(32, 35, 1)
(32, 36, 1)
(32, 37, 1)
(32, 38, 1)
(32, 39, 1)

(33, 0, 66)
(33, 1, 55)
(33, 2, 30)
(33, 3, 21)
(33, 4, 18)
(33, 5, 16)
(33, 6, 15)
(33, 7, 14)
(33, 8, 10)
(33, 9, 10)
(33, 10, 6)
(33, 11, 5)
(33, 12, 5)
(33, 13, 5)
(33, 14, 5)
(33, 15, 5)
(33, 16, 5)
(33, 17, 5)
(33, 18, 5)
(33, 19, 5)
(33, 20, 5)
(33, 21, 5)
(33, 22, 5)
(33, 23, 5)
(33, 24, 5)
(33, 25, 5)
(33, 26, 5)
(33, 27, 5)
(33, 28, 5)
(33, 29, 5)
(33, 30, 3)
(33, 31, 2)
(33, 32, 1)
(33, 33, 1)
(33, 34, 1)
(33, 35, 1)
(33, 36, 1)
(33, 37, 1)
(33, 38, 1)
(33, 39, 1)

(34, 0, 67)
(34, 1, 56)
(34, 2, 30)
(34, 3, 21)
(34, 4, 18)
(34, 5, 16)
(34, 6, 15)
(34, 7, 14)
(34, 8, 10)
(34, 9, 10)
(34, 10, 6)
(34, 11, 5)
(34, 12, 5)
(34, 13, 5)
(34, 14, 5)
(34, 15, 5)
(34, 16, 5)
(34, 17, 5)
(34, 18, 5)
(34, 19, 5)
(34, 20, 5)
(34, 21, 5)
(34, 22, 5)
(34, 23, 5)
(34, 24, 5)
(34, 25, 5)
(34, 26, 5)
(34, 27, 5)
(34, 28, 5)
(34, 29, 5)
(34, 30, 3)
(34, 31, 2)
(34, 32, 1)
(34, 33, 1)
(34, 34, 1)
(34, 35, 1)
(34, 36, 1)
(34, 37, 1)
(34, 38, 1)
(34, 39, 1)

(35, 0, 69)
(35, 1, 58)
(35, 2, 31)
(35, 3, 22)
(35, 4, 19)
(35, 5, 17)
(35, 6, 16)
(35, 7, 15)
(35, 8, 11)
(35, 9, 11)
(35, 10, 7)
(35, 11, 6)
(35, 12, 6)
(35, 13, 6)
(35, 14, 6)
(35, 15, 6)
(35, 16, 6)
(35, 17, 6)
(35, 18, 6)
(35, 19, 5)
(35, 20, 5)
(35, 21, 5)
(35, 22, 5)
(35, 23, 5)
(35, 24, 5)
(35, 25, 5)
(35, 26, 5)
(35, 27, 5)
(35, 28, 5)
(35, 29, 5)
(35, 30, 3)
(35, 31, 2)
(35, 32, 1)
(35, 33, 1)
(35, 34, 1)
(35, 35, 1)
(35, 36, 1)
(35, 37, 1)
(35, 38, 1)
(35, 39, 1)

(36, 0, 71)
(36, 1, 60)
(36, 2, 33)
(36, 3, 24)
(36, 4, 21)
(36, 5, 19)
(36, 6, 17)
(36, 7, 16)
(36, 8, 11)
(36, 9, 11)
(36, 10, 7)
(36, 11, 6)
(36, 12, 6)
(36, 13, 6)
(36, 14, 6)
(36, 15, 5)
(36, 16, 5)
(36, 17, 5)
(36, 18, 5)
(36, 19, 5)
(36, 20, 5)
(36, 21, 5)
(36, 22, 5)
(36, 23, 5)
(36, 24, 5)
(36, 25, 5)
(36, 26, 5)
(36, 27, 5)
(36, 28, 5)
(36, 29, 5)
(36, 30, 3)
(36, 31, 2)
(36, 32, 1)
(36, 33, 1)
(36, 34, 1)
(36, 35, 1)
(36, 36, 1)
(36, 37, 1)
(36, 38, 1)
(36, 39, 1)

(37, 0, 73)
(37, 1, 62)
(37, 2, 34)
(37, 3, 24)
(37, 4, 21)
(37, 5, 18)
(37, 6, 17)
(37, 7, 16)
(37, 8, 11)
(37, 9, 11)
(37, 10, 7)
(37, 11, 6)
(37, 12, 6)
(37, 13, 6)
(37, 14, 5)
(37, 15, 5)
(37, 16, 5)
(37, 17, 5)
(37, 18, 5)
(37, 19, 5)
(37, 20, 5)
(37, 21, 5)
(37, 22, 5)
(37, 23, 5)
(37, 24, 5)
(37, 25, 5)
(37, 26, 5)
(37, 27, 5)
(37, 28, 5)
(37, 29, 5)
(37, 30, 3)
(37, 31, 2)
(37, 32, 1)
(37, 33, 1)
(37, 34, 1)
(37, 35, 1)
(37, 36, 1)
(37, 37, 1)
(37, 38, 1)
(37, 39, 1)

(38, 0, 76)
(38, 1, 65)
(38, 2, 35)
(38, 3, 25)
(38, 4, 20)
(38, 5, 18)
(38, 6, 17)
(38, 7, 16)
(38, 8, 10)
(38, 9, 10)
(38, 10, 6)
(38, 11, 5)
(38, 12, 5)
(38, 13, 5)
(38, 14, 5)
(38, 15, 5)
(38, 16, 5)
(38, 17, 5)
(38, 18, 5)
(38, 19, 5)
(38, 20, 5)
(38, 21, 5)
(38, 22, 5)
(38, 23, 5)
(38, 24, 5)
(38, 25, 5)
(38, 26, 5)
(38, 27, 5)
(38, 28, 5)
(38, 29, 5)
(38, 30, 3)
(38, 31, 2)
(38, 32, 1)
(38, 33, 1)
(38, 34, 1)
(38, 35, 1)
(38, 36, 1)
(38, 37, 1)
(38, 38, 1)
(38, 39, 1)

(39, 0, 77)
(39, 1, 66)
(39, 2, 35)
(39, 3, 24)
(39, 4, 20)
(39, 5, 18)
(39, 6, 17)
(39, 7, 16)
(39, 8, 10)
(39, 9, 10)
(39, 10, 6)
(39, 11, 5)
(39, 12, 5)
(39, 13, 5)
(39, 14, 5)
(39, 15, 5)
(39, 16, 5)
(39, 17, 5)
(39, 18, 5)
(39, 19, 5)
(39, 20, 5)
(39, 21, 5)
(39, 22, 5)
(39, 23, 5)
(39, 24, 5)
(39, 25, 5)
(39, 26, 5)
(39, 27, 5)
(39, 28, 5)
(39, 29, 5)
(39, 30, 3)
(39, 31, 2)
(39, 32, 1)
(39, 33, 1)
(39, 34, 1)
(39, 35, 1)
(39, 36, 1)
(39, 37, 1)
(39, 38, 1)
(39, 39, 1)


Betti numbers:
xi_0:
(0, 0, 3)
(1, 0, 2)
(2, 0, 2)
(3, 0, 2)
(4, 0, 1)
(5, 0, 1)
(6, 0, 2)
(7, 0, 2)
(11, 0, 1)
(12, 0, 2)
(13, 0, 3)
(14, 0, 5)
(15, 0, 4)
(16, 0, 5)
(17, 0, 6)
(18, 0, 6)
(19, 0, 1)
(24, 0, 3)
(25, 0, 1)
(26, 0, 2)
(27, 0, 3)
(28, 0, 5)
(29, 0, 4)
(30, 0, 1)
(33, 0, 2)
(34, 0, 1)
(35, 0, 2)
(36, 0, 2)
(37, 0, 2)
(38, 0, 3)
(39, 0, 1)
xi_1:
(0, 2, 1)
(0, 18, 1)
(1, 2, 1)
(1, 3, 1)
(1, 16, 1)
(2, 0, 1)
(2, 3, 1)
(2, 8, 1)
(3, 1, 1)
(3, 3, 1)
(4, 0, 1)
(4, 2, 1)
(4, 15, 1)
(5, 1, 1)
(6, 2, 1)
(6, 3, 1)
(6, 12, 1)
(7, 1, 1)
(7, 2, 1)
(7, 10, 1)
(12, 1, 1)
(13, 0, 1)
(13, 3, 2)
(13, 6, 1)
(13, 34, 1)
(14, 2, 2)
(14, 4, 2)
(14, 17, 1)
(14, 32, 1)
(15, 2, 2)
(15, 6, 1)
(15, 8, 1)
(15, 16, 1)
(15, 30, 1)
(16, 1, 2)
(16, 2, 1)
(16, 5, 1)
(16, 11, 1)
(16, 15, 1)
(16, 16, 1)
(17, 1, 1)
(17, 2, 2)
(17, 3, 1)
(17, 4, 1)
(17, 8, 1)
(17, 10, 1)
(17, 14, 1)
(18, 1, 2)
(18, 2, 3)
(18, 3, 1)
(18, 5, 1)
(18, 8, 1)
(18, 12, 1)
(19, 2, 1)
(19, 11, 1)
(24, 2, 2)
(24, 32, 1)
(25, 2, 1)
(26, 2, 1)
(26, 10, 1)
(27, 1, 1)
(27, 2, 2)
(28, 1, 1)
(28, 2, 2)
(28, 11, 1)
(28, 33, 1)
(28, 35, 1)
(29, 2, 1)
(29, 3, 2)
(29, 4, 1)
(29, 7, 1)
(29, 30, 1)
(29, 31, 1)
(30, 1, 1)
(30, 2, 1)
(33, 1, 1)
(33, 10, 1)
(34, 2, 1)
(35, 2, 1)
(35, 19, 1)
(36, 6, 1)
(36, 8, 1)
(36, 15, 1)
(37, 2, 1)
(37, 3, 1)
(37, 5, 1)
(37, 14, 1)
(38, 2, 2)
(38, 4, 2)
(38, 8, 1)
(39, 2, 1)
(39, 3, 1)
xi_2:
(1, 18, 1)
(2, 2, 1)
(4, 1, 1)
(4, 16, 1)
(6, 15, 1)
(7, 12, 1)
(13, 1, 1)
(14, 34, 1)
(15, 17, 1)
(15, 32, 1)
(16, 6, 1)
(16, 16, 1)
(17, 11, 1)
(17, 15, 1)
(18, 4, 1)
(18, 14, 1)
(18, 16, 1)
(19, 12, 1)
(29, 11, 1)
(29, 33, 1)
(29, 35, 1)
(30, 3, 1)
(36, 19, 1)
(37, 6, 1)
(37, 15, 1)
(38, 5, 1)
(38, 14, 1)
(39, 4, 1)
