x-grades
-197448886086527991/1000000000000000
-97419236927906091/500000000000000
-192228061625096373/1000000000000000
-47404412348595141/250000000000000
-37401447432732951/200000000000000
-92198412466474473/500000000000000
-181786412702233137/1000000000000000
-11198500029469833/62500000000000
-176565588240801519/1000000000000000
-17395517601008571/100000000000000
-171344763779369901/1000000000000000
-42183587887163523/250000000000000
-166123939317938283/1000000000000000
-81756763543611237/500000000000000
-32180622971301333/200000000000000
-19786587828223857/125000000000000
-155682290395075047/1000000000000000
-76535939082179619/500000000000000
-150461465933643429/1000000000000000
-7392552685146381/50000000000000
-145240641472211811/1000000000000000
-71315114620748001/500000000000000
-140019817010780193/1000000000000000
-1073510974844253/7812500000000
-5391959701973943/40000000000000
-66094290159316383/500000000000000
-129578168087916957/1000000000000000
-31741938964300287/250000000000000
-124357343626485339/1000000000000000
-12174693139576953/100000000000000
-119136519165053721/1000000000000000
-14565763366792239/125000000000000
-113915694703622103/1000000000000000
-55652641236453147/500000000000000
-21738974048438097/200000000000000
-26521114502868669/250000000000000
-103474045780758867/1000000000000000
-50431816775021529/500000000000000
-98253221319327249/1000000000000000
-1195535113607643/12500000000000

y-grades
2499971/1000000
2499971/500000
7499913/1000000
2499971/250000
2499971/200000
7499913/500000
17499797/1000000
2499971/125000
22499739/1000000
2499971/100000
27499681/1000000
7499913/250000
32499623/1000000
17499797/500000
7499913/200000
2499971/62500
42499507/1000000
22499739/500000
47499449/1000000
2499971/50000
52499391/1000000
27499681/500000
57499333/1000000
7499913/125000
2499971/40000
32499623/500000
67499217/1000000
17499797/250000
72499159/1000000
7499913/100000
77499101/1000000
2499971/31250
82499043/1000000
42499507/500000
17499797/200000
22499739/250000
92498927/1000000
47499449/500000
97498869/1000000
2499971/25000

Dimensions > 0:
(0, 0, 13)
(0, 1, 13)
(0, 2, 7)
(0, 3, 7)
(0, 4, 5)
(0, 5, 5)
(0, 6, 3)
(0, 7, 3)
(0, 8, 3)
(0, 9, 2)
(0, 10, 2)
(0, 11, 2)
(0, 12, 2)
(0, 13, 2)
(0, 14, 2)
(0, 15, 2)
(0, 16, 2)
(0, 17, 2)
(0, 18, 2)
(0, 19, 2)
(0, 20, 2)
(0, 21, 2)
(0, 22, 2)
(0, 23, 2)
(0, 24, 2)
(0, 25, 2)
(0, 26, 2)
(0, 27, 2)
(0, 28, 2)
(0, 29, 2)
(0, 30, 2)
(0, 31, 2)
(0, 32, 2)
(0, 33, 2)
(0, 34, 2)
(0, 35, 2)
(0, 36, 2)
(0, 37, 2)
(0, 38, 2)
(0, 39, 2)

(1, 0, 15)
(1, 1, 15)
(1, 2, 8)
(1, 3, 8)
(1, 4, 6)
(1, 5, 6)
(1, 6, 4)
(1, 7, 3)
(1, 8, 3)
(1, 9, 2)
(1, 10, 2)
(1, 11, 2)
(1, 12, 2)
(1, 13, 2)
(1, 14, 2)
(1, 15, 2)
(1, 16, 2)
(1, 17, 2)
(1, 18, 2)
(1, 19, 2)
(1, 20, 2)
(1, 21, 2)
(1, 22, 2)
(1, 23, 2)
(1, 24, 2)
(1, 25, 2)
(1, 26, 2)
(1, 27, 2)
(1, 28, 2)
(1, 29, 2)
(1, 30, 2)
(1, 31, 2)
(1, 32, 2)
(1, 33, 2)
(1, 34, 2)
(1, 35, 2)
(1, 36, 2)
(1, 37, 2)
(1, 38, 2)
(1, 39, 2)

(2, 0, 15)
(2, 1, 15)
(2, 2, 8)
(2, 3, 8)
(2, 4, 6)
(2, 5, 6)
(2, 6, 4)
(2, 7, 3)
(2, 8, 3)
(2, 9, 2)
(2, 10, 2)
(2, 11, 2)
(2, 12, 2)
(2, 13, 2)
(2, 14, 2)
(2, 15, 2)
(2, 16, 2)
(2, 17, 2)
(2, 18, 2)
(2, 19, 2)
(2, 20, 2)
(2, 21, 2)
(2, 22, 2)
(2, 23, 2)
(2, 24, 2)
(2, 25, 2)
(2, 26, 2)
(2, 27, 2)
(2, 28, 2)
(2, 29, 2)
(2, 30, 2)
(2, 31, 2)
(2, 32, 2)
(2, 33, 2)
(2, 34, 2)
(2, 35, 2)
(2, 36, 2)
(2, 37, 2)
(2, 38, 2)
(2, 39, 2)

(3, 0, 31)
(3, 1, 31)
(3, 2, 24)
(3, 3, 24)
(3, 4, 12)
(3, 5, 12)
(3, 6, 10)
(3, 7, 7)
(3, 8, 4)
(3, 9, 3)
(3, 10, 3)
(3, 11, 3)
(3, 12, 3)
(3, 13, 3)
(3, 14, 3)
(3, 15, 3)
(3, 16, 3)
(3, 17, 3)
(3, 18, 3)
(3, 19, 3)
(3, 20, 3)
(3, 21, 3)
(3, 22, 3)
(3, 23, 3)
(3, 24, 3)
(3, 25, 3)
(3, 26, 3)
(3, 27, 3)
(3, 28, 3)
(3, 29, 3)
(3, 30, 3)
(3, 31, 3)
(3, 32, 3)
(3, 33, 3)
(3, 34, 3)
(3, 35, 3)
(3, 36, 3)
(3, 37, 3)
(3, 38, 3)
(3, 39, 3)

(4, 0, 33)
(4, 1, 33)
(4, 2, 26)
(4, 3, 26)
(4, 4, 12)
(4, 5, 12)
(4, 6, 10)
(4, 7, 7)
(4, 8, 4)
(4, 9, 3)
(4, 10, 3)
(4, 11, 3)
(4, 12, 3)
(4, 13, 3)
(4, 14, 3)
(4, 15, 3)
(4, 16, 3)
(4, 17, 3)
(4, 18, 3)
(4, 19, 3)
(4, 20, 3)
(4, 21, 3)
(4, 22, 3)
(4, 23, 3)
(4, 24, 3)
(4, 25, 3)
(4, 26, 3)
(4, 27, 3)
(4, 28, 3)
(4, 29, 3)
(4, 30, 3)
(4, 31, 3)
(4, 32, 3)
(4, 33, 3)
(4, 34, 3)
(4, 35, 3)
(4, 36, 3)
(4, 37, 3)
(4, 38, 3)
(4, 39, 3)

(5, 0, 44)
(5, 1, 44)
(5, 2, 37)
(5, 3, 36)
(5, 4, 16)
(5, 5, 16)
(5, 6, 14)
(5, 7, 11)
(5, 8, 5)
(5, 9, 4)
(5, 10, 4)
(5, 11, 4)
(5, 12, 4)
(5, 13, 4)
(5, 14, 4)
(5, 15, 4)
(5, 16, 4)
(5, 17, 4)
(5, 18, 4)
(5, 19, 4)
(5, 20, 4)
(5, 21, 4)
(5, 22, 4)
(5, 23, 4)
(5, 24, 4)
(5, 25, 4)
(5, 26, 4)
(5, 27, 4)
(5, 28, 4)
(5, 29, 4)
(5, 30, 4)
(5, 31, 4)
(5, 32, 4)
(5, 33, 4)
(5, 34, 4)
(5, 35, 4)
(5, 36, 4)
(5, 37, 4)
(5, 38, 4)
(5, 39, 4)

(6, 0, 53)
(6, 1, 53)
(6, 2, 46)
(6, 3, 43)
(6, 4, 16)
(6, 5, 16)
(6, 6, 14)
(6, 7, 11)
(6, 8, 5)
(6, 9, 4)
(6, 10, 4)
(6, 11, 4)
(6, 12, 4)
(6, 13, 4)
(6, 14, 4)
(6, 15, 4)
(6, 16, 4)
(6, 17, 4)
(6, 18, 4)
(6, 19, 4)
(6, 20, 4)
(6, 21, 4)
(6, 22, 4)
(6, 23, 4)
(6, 24, 4)
(6, 25, 4)
(6, 26, 4)
(6, 27, 4)
(6, 28, 4)
(6, 29, 4)
(6, 30, 4)
(6, 31, 4)
(6, 32, 4)
(6, 33, 4)
(6, 34, 4)
(6, 35, 4)
(6, 36, 4)
(6, 37, 4)
(6, 38, 4)
(6, 39, 4)

(7, 0, 53)
(7, 1, 53)
(7, 2, 46)
(7, 3, 43)
(7, 4, 16)
(7, 5, 16)
(7, 6, 14)
(7, 7, 11)
(7, 8, 5)
(7, 9, 4)
(7, 10, 4)
(7, 11, 4)
(7, 12, 4)
(7, 13, 4)
(7, 14, 4)
(7, 15, 4)
(7, 16, 4)
(7, 17, 4)
(7, 18, 4)
(7, 19, 4)
(7, 20, 4)
(7, 21, 4)
(7, 22, 4)
(7, 23, 4)
(7, 24, 4)
(7, 25, 4)
(7, 26, 4)
(7, 27, 4)
(7, 28, 4)
(7, 29, 4)
(7, 30, 4)
(7, 31, 4)
(7, 32, 4)
(7, 33, 4)
(7, 34, 4)
(7, 35, 4)
(7, 36, 4)
(7, 37, 4)
(7, 38, 4)
(7, 39, 4)

(8, 0, 53)
(8, 1, 53)
(8, 2, 46)
(8, 3, 43)
(8, 4, 16)
(8, 5, 16)
(8, 6, 14)
(8, 7, 11)
(8, 8, 5)
(8, 9, 4)
(8, 10, 4)
(8, 11, 4)
(8, 12, 4)
(8, 13, 4)
(8, 14, 4)
(8, 15, 4)
(8, 16, 4)
(8, 17, 4)
(8, 18, 4)
(8, 19, 4)
(8, 20, 4)
(8, 21, 4)
(8, 22, 4)
(8, 23, 4)
(8, 24, 4)
(8, 25, 4)
(8, 26, 4)
(8, 27, 4)
(8, 28, 4)
(8, 29, 4)
(8, 30, 4)
(8, 31, 4)
(8, 32, 4)
(8, 33, 4)
(8, 34, 4)
(8, 35, 4)
(8, 36, 4)
(8, 37, 4)
(8, 38, 4)
(8, 39, 4)

(9, 0, 53)
(9, 1, 53)
(9, 2, 46)
(9, 3, 43)
(9, 4, 16)
(9, 5, 16)
(9, 6, 14)
(9, 7, 11)
(9, 8, 5)
(9, 9, 4)
(9, 10, 4)
(9, 11, 4)
(9, 12, 4)
(9, 13, 4)
(9, 14, 4)
(9, 15, 4)
(9, 16, 4)
(9, 17, 4)
(9, 18, 4)
(9, 19, 4)
(9, 20, 4)
(9, 21, 4)
(9, 22, 4)
(9, 23, 4)
(9, 24, 4)
(9, 25, 4)
(9, 26, 4)
(9, 27, 4)
(9, 28, 4)
(9, 29, 4)
(9, 30, 4)
(9, 31, 4)
(9, 32, 4)
(9, 33, 4)
(9, 34, 4)
(9, 35, 4)
(9, 36, 4)
(9, 37, 4)
(9, 38, 4)
(9, 39, 4)

(10, 0, 53)
(10, 1, 53)
(10, 2, 46)
(10, 3, 43)
(10, 4, 16)
(10, 5, 16)
(10, 6, 14)
(10, 7, 11)
(10, 8, 5)
(10, 9, 4)
(10, 10, 4)
(10, 11, 4)
(10, 12, 4)
(10, 13, 4)
(10, 14, 4)
(10, 15, 4)
(10, 16, 4)
(10, 17, 4)
(10, 18, 4)
(10, 19, 4)
(10, 20, 4)
(10, 21, 4)
(10, 22, 4)
(10, 23, 4)
(10, 24, 4)
(10, 25, 4)
(10, 26, 4)
(10, 27, 4)
(10, 28, 4)
(10, 29, 4)
(10, 30, 4)
(10, 31, 4)
(10, 32, 4)
(10, 33, 4)
(10, 34, 4)
(10, 35, 4)
(10, 36, 4)
(10, 37, 4)
(10, 38, 4)
(10, 39, 4)

(11, 0, 53)
(11, 1, 53)
(11, 2, 46)
(11, 3, 43)
(11, 4, 16)
(11, 5, 16)
(11, 6, 14)
(11, 7, 11)
(11, 8, 5)
(11, 9, 4)
(11, 10, 4)
(11, 11, 4)
(11, 12, 4)
(11, 13, 4)
(11, 14, 4)
(11, 15, 4)
(11, 16, 4)
(11, 17, 4)
(11, 18, 4)
(11, 19, 4)
(11, 20, 4)
(11, 21, 4)
(11, 22, 4)
(11, 23, 4)
(11, 24, 4)
(11, 25, 4)
(11, 26, 4)
(11, 27, 4)
(11, 28, 4)
(11, 29, 4)
(11, 30, 4)
(11, 31, 4)
(11, 32, 4)
(11, 33, 4)
(11, 34, 4)
(11, 35, 4)
(11, 36, 4)
(11, 37, 4)
(11, 38, 4)
(11, 39, 4)

(12, 0, 70)
(12, 1, 70)
(12, 2, 57)
(12, 3, 54)
(12, 4, 20)
(12, 5, 20)
(12, 6, 18)
(12, 7, 15)
(12, 8, 7)
(12, 9, 6)
(12, 10, 6)
(12, 11, 6)
(12, 12, 6)
(12, 13, 6)
(12, 14, 6)
(12, 15, 6)
(12, 16, 6)
(12, 17, 6)
(12, 18, 6)
(12, 19, 6)
(12, 20, 6)
(12, 21, 6)
(12, 22, 6)
(12, 23, 6)
(12, 24, 6)
(12, 25, 6)
(12, 26, 6)
(12, 27, 6)
(12, 28, 6)
(12, 29, 6)
(12, 30, 6)
(12, 31, 6)
(12, 32, 6)
(12, 33, 6)
(12, 34, 6)
(12, 35, 6)
(12, 36, 6)
(12, 37, 6)
(12, 38, 6)
(12, 39, 6)

(13, 0, 88)
(13, 1, 88)
(13, 2, 65)
(13, 3, 62)
(13, 4, 24)
(13, 5, 24)
(13, 6, 22)
(13, 7, 19)
(13, 8, 9)
(13, 9, 8)
(13, 10, 8)
(13, 11, 8)
(13, 12, 8)
(13, 13, 8)
(13, 14, 8)
(13, 15, 7)
(13, 16, 7)
(13, 17, 7)
(13, 18, 7)
(13, 19, 7)
(13, 20, 7)
(13, 21, 7)
(13, 22, 7)
(13, 23, 7)
(13, 24, 7)
(13, 25, 7)
(13, 26, 7)
(13, 27, 7)
(13, 28, 7)
(13, 29, 7)
(13, 30, 7)
(13, 31, 7)
(13, 32, 7)
(13, 33, 7)
(13, 34, 7)
(13, 35, 7)
(13, 36, 7)
(13, 37, 7)
(13, 38, 7)
(13, 39, 7)

(14, 0, 89)
(14, 1, 89)
(14, 2, 66)
(14, 3, 63)
(14, 4, 25)
(14, 5, 25)
(14, 6, 23)
(14, 7, 20)
(14, 8, 10)
(14, 9, 9)
(14, 10, 9)
(14, 11, 9)
(14, 12, 9)
(14, 13, 9)
(14, 14, 9)
(14, 15, 8)
(14, 16, 8)
(14, 17, 8)
(14, 18, 8)
(14, 19, 8)
(14, 20, 8)
(14, 21, 8)
(14, 22, 8)
(14, 23, 8)
(14, 24, 8)
(14, 25, 8)
(14, 26, 8)
(14, 27, 8)
(14, 28, 8)
(14, 29, 8)
(14, 30, 8)
(14, 31, 8)
(14, 32, 8)
(14, 33, 8)
(14, 34, 8)
(14, 35, 8)
(14, 36, 8)
(14, 37, 8)
(14, 38, 8)
(14, 39, 8)

(15, 0, 131)
(15, 1, 131)
(15, 2, 108)
(15, 3, 105)
(15, 4, 37)
(15, 5, 37)
(15, 6, 35)
(15, 7, 32)
(15, 8, 17)
(15, 9, 16)
(15, 10, 16)
(15, 11, 16)
(15, 12, 16)
(15, 13, 16)
(15, 14, 16)
(15, 15, 15)
(15, 16, 15)
(15, 17, 15)
(15, 18, 15)
(15, 19, 15)
(15, 20, 15)
(15, 21, 15)
(15, 22, 15)
(15, 23, 14)
(15, 24, 14)
(15, 25, 14)
(15, 26, 14)
(15, 27, 14)
(15, 28, 14)
(15, 29, 14)
(15, 30, 14)
(15, 31, 13)
(15, 32, 13)
(15, 33, 13)
(15, 34, 13)
(15, 35, 13)
(15, 36, 13)
(15, 37, 13)
(15, 38, 13)
(15, 39, 13)

(16, 0, 134)
(16, 1, 134)
(16, 2, 111)
(16, 3, 108)
(16, 4, 39)
(16, 5, 39)
(16, 6, 37)
(16, 7, 34)
(16, 8, 19)
(16, 9, 18)
(16, 10, 18)
(16, 11, 18)
(16, 12, 18)
(16, 13, 18)
(16, 14, 18)
(16, 15, 17)
(16, 16, 17)
(16, 17, 17)
(16, 18, 17)
(16, 19, 17)
(16, 20, 17)
(16, 21, 17)
(16, 22, 17)
(16, 23, 15)
(16, 24, 15)
(16, 25, 15)
(16, 26, 15)
(16, 27, 15)
(16, 28, 15)
(16, 29, 15)
(16, 30, 15)
(16, 31, 14)
(16, 32, 14)
(16, 33, 14)
(16, 34, 14)
(16, 35, 14)
(16, 36, 14)
(16, 37, 14)
(16, 38, 14)
(16, 39, 14)

(17, 0, 160)
(17, 1, 152)
(17, 2, 119)
(17, 3, 115)
(17, 4, 45)
(17, 5, 42)
(17, 6, 40)
(17, 7, 37)
(17, 8, 22)
(17, 9, 21)
(17, 10, 21)
(17, 11, 21)
(17, 12, 21)
(17, 13, 21)
(17, 14, 21)
(17, 15, 20)
(17, 16, 20)
(17, 17, 20)
(17, 18, 20)
(17, 19, 20)
(17, 20, 20)
(17, 21, 20)
(17, 22, 20)
(17, 23, 18)
(17, 24, 18)
(17, 25, 18)
(17, 26, 18)
(17, 27, 18)
(17, 28, 18)
(17, 29, 18)
(17, 30, 18)
(17, 31, 16)
(17, 32, 16)
(17, 33, 16)
(17, 34, 16)
(17, 35, 16)
(17, 36, 16)
(17, 37, 16)
(17, 38, 16)
(17, 39, 16)

(18, 0, 169)
(18, 1, 161)
(18, 2, 128)
(18, 3, 120)
(18, 4, 50)
(18, 5, 47)
(18, 6, 41)
(18, 7, 38)
(18, 8, 23)
(18, 9, 22)
(18, 10, 22)
(18, 11, 22)
(18, 12, 22)
(18, 13, 22)
(18, 14, 22)
(18, 15, 21)
(18, 16, 21)
(18, 17, 21)
(18, 18, 21)
(18, 19, 21)
(18, 20, 21)
(18, 21, 21)
(18, 22, 21)
(18, 23, 19)
(18, 24, 19)
(18, 25, 19)
(18, 26, 19)
(18, 27, 19)
(18, 28, 19)
(18, 29, 19)
(18, 30, 19)
(18, 31, 17)
(18, 32, 17)
(18, 33, 17)
(18, 34, 17)
(18, 35, 17)
(18, 36, 17)
(18, 37, 17)
(18, 38, 17)
(18, 39, 17)

(19, 0, 175)
(19, 1, 167)
(19, 2, 133)
(19, 3, 125)
(19, 4, 55)
(19, 5, 50)
(19, 6, 44)
(19, 7, 41)
(19, 8, 26)
(19, 9, 25)
(19, 10, 25)
(19, 11, 25)
(19, 12, 25)
(19, 13, 25)
(19, 14, 24)
(19, 15, 23)
(19, 16, 23)
(19, 17, 23)
(19, 18, 23)
(19, 19, 23)
(19, 20, 23)
(19, 21, 23)
(19, 22, 23)
(19, 23, 21)
(19, 24, 21)
(19, 25, 21)
(19, 26, 21)
(19, 27, 21)
(19, 28, 21)
(19, 29, 21)
(19, 30, 21)
(19, 31, 19)
(19, 32, 19)
(19, 33, 19)
(19, 34, 19)
(19, 35, 19)
(19, 36, 19)
(19, 37, 19)
(19, 38, 19)
(19, 39, 19)

(20, 0, 202)
(20, 1, 194)
(20, 2, 160)
(20, 3, 143)
(20, 4, 70)
(20, 5, 64)
(20, 6, 57)
(20, 7, 54)
(20, 8, 39)
(20, 9, 35)
(20, 10, 35)
(20, 11, 35)
(20, 12, 35)
(20, 13, 35)
(20, 14, 34)
(20, 15, 33)
(20, 16, 33)
(20, 17, 33)
(20, 18, 33)
(20, 19, 33)
(20, 20, 33)
(20, 21, 33)
(20, 22, 33)
(20, 23, 30)
(20, 24, 30)
(20, 25, 30)
(20, 26, 30)
(20, 27, 30)
(20, 28, 30)
(20, 29, 30)
(20, 30, 30)
(20, 31, 28)
(20, 32, 28)
(20, 33, 28)
(20, 34, 28)
(20, 35, 28)
(20, 36, 28)
(20, 37, 28)
(20, 38, 28)
(20, 39, 28)

(21, 0, 234)
(21, 1, 219)
(21, 2, 184)
(21, 3, 165)
(21, 4, 86)
(21, 5, 80)
(21, 6, 73)
(21, 7, 70)
(21, 8, 55)
(21, 9, 51)
(21, 10, 51)
(21, 11, 51)
(21, 12, 51)
(21, 13, 51)
(21, 14, 49)
(21, 15, 48)
(21, 16, 48)
(21, 17, 48)
(21, 18, 48)
(21, 19, 48)
(21, 20, 48)
(21, 21, 48)
(21, 22, 48)
(21, 23, 44)
(21, 24, 44)
(21, 25, 44)
(21, 26, 44)
(21, 27, 44)
(21, 28, 44)
(21, 29, 44)
(21, 30, 44)
(21, 31, 41)
(21, 32, 41)
(21, 33, 41)
(21, 34, 41)
(21, 35, 41)
(21, 36, 41)
(21, 37, 41)
(21, 38, 41)
(21, 39, 41)

(22, 0, 282)
(22, 1, 253)
(22, 2, 210)
(22, 3, 189)
(22, 4, 102)
(22, 5, 96)
(22, 6, 89)
(22, 7, 86)
(22, 8, 70)
(22, 9, 64)
(22, 10, 64)
(22, 11, 64)
(22, 12, 64)
(22, 13, 64)
(22, 14, 61)
(22, 15, 60)
(22, 16, 60)
(22, 17, 60)
(22, 18, 60)
(22, 19, 60)
(22, 20, 60)
(22, 21, 60)
(22, 22, 60)
(22, 23, 56)
(22, 24, 56)
(22, 25, 56)
(22, 26, 56)
(22, 27, 56)
(22, 28, 56)
(22, 29, 56)
(22, 30, 56)
(22, 31, 50)
(22, 32, 50)
(22, 33, 50)
(22, 34, 50)
(22, 35, 50)
(22, 36, 50)
(22, 37, 50)
(22, 38, 50)
(22, 39, 50)

(23, 0, 296)
(23, 1, 267)
(23, 2, 224)
(23, 3, 203)
(23, 4, 111)
(23, 5, 105)
(23, 6, 98)
(23, 7, 95)
(23, 8, 78)
(23, 9, 72)
(23, 10, 72)
(23, 11, 72)
(23, 12, 70)
(23, 13, 70)
(23, 14, 67)
(23, 15, 66)
(23, 16, 66)
(23, 17, 66)
(23, 18, 66)
(23, 19, 66)
(23, 20, 66)
(23, 21, 66)
(23, 22, 66)
(23, 23, 62)
(23, 24, 62)
(23, 25, 62)
(23, 26, 62)
(23, 27, 62)
(23, 28, 62)
(23, 29, 62)
(23, 30, 62)
(23, 31, 56)
(23, 32, 56)
(23, 33, 56)
(23, 34, 56)
(23, 35, 56)
(23, 36, 56)
(23, 37, 56)
(23, 38, 56)
(23, 39, 56)

(24, 0, 326)
(24, 1, 293)
(24, 2, 248)
(24, 3, 222)
(24, 4, 128)
(24, 5, 121)
(24, 6, 112)
(24, 7, 109)
(24, 8, 87)
(24, 9, 80)
(24, 10, 80)
(24, 11, 80)
(24, 12, 78)
(24, 13, 78)
(24, 14, 75)
(24, 15, 74)
(24, 16, 74)
(24, 17, 74)
(24, 18, 74)
(24, 19, 74)
(24, 20, 74)
(24, 21, 74)
(24, 22, 74)
(24, 23, 70)
(24, 24, 70)
(24, 25, 70)
(24, 26, 70)
(24, 27, 70)
(24, 28, 70)
(24, 29, 70)
(24, 30, 70)
(24, 31, 63)
(24, 32, 63)
(24, 33, 63)
(24, 34, 63)
(24, 35, 63)
(24, 36, 63)
(24, 37, 63)
(24, 38, 63)
(24, 39, 63)

(25, 0, 351)
(25, 1, 310)
(25, 2, 262)
(25, 3, 230)
(25, 4, 136)
(25, 5, 129)
(25, 6, 119)
(25, 7, 116)
(25, 8, 94)
(25, 9, 86)
(25, 10, 86)
(25, 11, 86)
(25, 12, 84)
(25, 13, 84)
(25, 14, 81)
(25, 15, 80)
(25, 16, 80)
(25, 17, 80)
(25, 18, 80)
(25, 19, 80)
(25, 20, 80)
(25, 21, 80)
(25, 22, 80)
(25, 23, 76)
(25, 24, 76)
(25, 25, 76)
(25, 26, 76)
(25, 27, 76)
(25, 28, 76)
(25, 29, 76)
(25, 30, 76)
(25, 31, 68)
(25, 32, 68)
(25, 33, 68)
(25, 34, 68)
(25, 35, 68)
(25, 36, 68)
(25, 37, 68)
(25, 38, 68)
(25, 39, 68)

(26, 0, 360)
(26, 1, 319)
(26, 2, 271)
(26, 3, 239)
(26, 4, 145)
(26, 5, 138)
(26, 6, 128)
(26, 7, 125)
(26, 8, 103)
(26, 9, 95)
(26, 10, 95)
(26, 11, 95)
(26, 12, 93)
(26, 13, 93)
(26, 14, 90)
(26, 15, 89)
(26, 16, 89)
(26, 17, 89)
(26, 18, 89)
(26, 19, 89)
(26, 20, 89)
(26, 21, 89)
(26, 22, 89)
(26, 23, 85)
(26, 24, 85)
(26, 25, 85)
(26, 26, 85)
(26, 27, 85)
(26, 28, 85)
(26, 29, 85)
(26, 30, 85)
(26, 31, 75)
(26, 32, 75)
(26, 33, 75)
(26, 34, 75)
(26, 35, 75)
(26, 36, 75)
(26, 37, 75)
(26, 38, 75)
(26, 39, 75)

(27, 0, 377)
(27, 1, 336)
(27, 2, 288)
(27, 3, 256)
(27, 4, 162)
(27, 5, 155)
(27, 6, 145)
(27, 7, 142)
(27, 8, 120)
(27, 9, 112)
(27, 10, 112)
(27, 11, 112)
(27, 12, 110)
(27, 13, 110)
(27, 14, 107)
(27, 15, 105)
(27, 16, 105)
(27, 17, 105)
(27, 18, 105)
(27, 19, 105)
(27, 20, 105)
(27, 21, 105)
(27, 22, 105)
(27, 23, 98)
(27, 24, 98)
(27, 25, 98)
(27, 26, 98)
(27, 27, 98)
(27, 28, 98)
(27, 29, 98)
(27, 30, 98)
(27, 31, 87)
(27, 32, 87)
(27, 33, 87)
(27, 34, 87)
(27, 35, 87)
(27, 36, 87)
(27, 37, 87)
(27, 38, 87)
(27, 39, 87)

(28, 0, 387)
(28, 1, 346)
(28, 2, 298)
(28, 3, 266)
(28, 4, 172)
(28, 5, 165)
(28, 6, 155)
(28, 7, 152)
(28, 8, 130)
(28, 9, 122)
(28, 10, 122)
(28, 11, 122)
(28, 12, 120)
(28, 13, 120)
(28, 14, 117)
(28, 15, 115)
(28, 16, 115)
(28, 17, 115)
(28, 18, 114)
(28, 19, 112)
(28, 20, 112)
(28, 21, 112)
(28, 22, 112)
(28, 23, 105)
(28, 24, 105)
(28, 25, 104)
(28, 26, 103)
(28, 27, 103)
(28, 28, 103)
(28, 29, 103)
(28, 30, 103)
(28, 31, 92)
(28, 32, 92)
(28, 33, 92)
(28, 34, 92)
(28, 35, 92)
(28, 36, 91)
(28, 37, 91)
(28, 38, 91)
(28, 39, 91)

(29, 0, 426)
(29, 1, 384)
(29, 2, 335)
(29, 3, 303)
(29, 4, 209)
(29, 5, 202)
(29, 6, 192)
(29, 7, 189)
(29, 8, 167)
(29, 9, 159)
(29, 10, 158)
(29, 11, 158)
(29, 12, 156)
(29, 13, 156)
(29, 14, 153)
(29, 15, 151)
(29, 16, 151)
(29, 17, 150)
(29, 18, 148)
(29, 19, 144)
(29, 20, 142)
(29, 21, 142)
(29, 22, 142)
(29, 23, 132)
(29, 24, 131)
(29, 25, 130)
(29, 26, 128)
(29, 27, 126)
(29, 28, 126)
(29, 29, 126)
(29, 30, 126)
(29, 31, 114)
(29, 32, 114)
(29, 33, 114)
(29, 34, 114)
(29, 35, 114)
(29, 36, 113)
(29, 37, 113)
(29, 38, 111)
(29, 39, 110)

(30, 0, 476)
(30, 1, 434)
(30, 2, 385)
(30, 3, 353)
(30, 4, 259)
(30, 5, 252)
(30, 6, 242)
(30, 7, 239)
(30, 8, 217)
(30, 9, 209)
(30, 10, 208)
(30, 11, 208)
(30, 12, 204)
(30, 13, 204)
(30, 14, 201)
(30, 15, 195)
(30, 16, 195)
(30, 17, 194)
(30, 18, 191)
(30, 19, 187)
(30, 20, 185)
(30, 21, 185)
(30, 22, 185)
(30, 23, 175)
(30, 24, 174)
(30, 25, 173)
(30, 26, 170)
(30, 27, 166)
(30, 28, 165)
(30, 29, 165)
(30, 30, 163)
(30, 31, 144)
(30, 32, 144)
(30, 33, 142)
(30, 34, 142)
(30, 35, 141)
(30, 36, 139)
(30, 37, 138)
(30, 38, 129)
(30, 39, 118)

(31, 0, 552)
(31, 1, 507)
(31, 2, 458)
(31, 3, 426)
(31, 4, 332)
(31, 5, 325)
(31, 6, 315)
(31, 7, 312)
(31, 8, 286)
(31, 9, 278)
(31, 10, 272)
(31, 11, 272)
(31, 12, 266)
(31, 13, 265)
(31, 14, 262)
(31, 15, 254)
(31, 16, 253)
(31, 17, 252)
(31, 18, 246)
(31, 19, 242)
(31, 20, 239)
(31, 21, 238)
(31, 22, 237)
(31, 23, 225)
(31, 24, 221)
(31, 25, 219)
(31, 26, 214)
(31, 27, 209)
(31, 28, 208)
(31, 29, 208)
(31, 30, 206)
(31, 31, 184)
(31, 32, 182)
(31, 33, 179)
(31, 34, 177)
(31, 35, 174)
(31, 36, 171)
(31, 37, 169)
(31, 38, 160)
(31, 39, 141)

(32, 0, 616)
(32, 1, 571)
(32, 2, 522)
(32, 3, 490)
(32, 4, 394)
(32, 5, 387)
(32, 6, 375)
(32, 7, 371)
(32, 8, 345)
(32, 9, 337)
(32, 10, 327)
(32, 11, 326)
(32, 12, 320)
(32, 13, 319)
(32, 14, 316)
(32, 15, 307)
(32, 16, 305)
(32, 17, 302)
(32, 18, 296)
(32, 19, 292)
(32, 20, 289)
(32, 21, 286)
(32, 22, 285)
(32, 23, 270)
(32, 24, 264)
(32, 25, 262)
(32, 26, 257)
(32, 27, 252)
(32, 28, 250)
(32, 29, 249)
(32, 30, 246)
(32, 31, 222)
(32, 32, 220)
(32, 33, 214)
(32, 34, 211)
(32, 35, 207)
(32, 36, 203)
(32, 37, 201)
(32, 38, 192)
(32, 39, 172)

(33, 0, 676)
(33, 1, 628)
(33, 2, 578)
(33, 3, 545)
(33, 4, 449)
(33, 5, 442)
(33, 6, 430)
(33, 7, 426)
(33, 8, 400)
(33, 9, 392)
(33, 10, 382)
(33, 11, 381)
(33, 12, 374)
(33, 13, 373)
(33, 14, 368)
(33, 15, 359)
(33, 16, 357)
(33, 17, 353)
(33, 18, 346)
(33, 19, 339)
(33, 20, 333)
(33, 21, 330)
(33, 22, 329)
(33, 23, 310)
(33, 24, 302)
(33, 25, 300)
(33, 26, 291)
(33, 27, 284)
(33, 28, 279)
(33, 29, 277)
(33, 30, 274)
(33, 31, 249)
(33, 32, 246)
(33, 33, 240)
(33, 34, 237)
(33, 35, 232)
(33, 36, 228)
(33, 37, 224)
(33, 38, 215)
(33, 39, 194)

(34, 0, 795)
(34, 1, 746)
(34, 2, 696)
(34, 3, 658)
(34, 4, 561)
(34, 5, 554)
(34, 6, 539)
(34, 7, 535)
(34, 8, 507)
(34, 9, 497)
(34, 10, 485)
(34, 11, 482)
(34, 12, 474)
(34, 13, 471)
(34, 14, 465)
(34, 15, 456)
(34, 16, 448)
(34, 17, 444)
(34, 18, 435)
(34, 19, 427)
(34, 20, 415)
(34, 21, 404)
(34, 22, 399)
(34, 23, 367)
(34, 24, 358)
(34, 25, 356)
(34, 26, 344)
(34, 27, 331)
(34, 28, 324)
(34, 29, 322)
(34, 30, 316)
(34, 31, 289)
(34, 32, 285)
(34, 33, 279)
(34, 34, 276)
(34, 35, 270)
(34, 36, 265)
(34, 37, 261)
(34, 38, 252)
(34, 39, 230)

(35, 0, 974)
(35, 1, 921)
(35, 2, 871)
(35, 3, 828)
(35, 4, 728)
(35, 5, 721)
(35, 6, 701)
(35, 7, 697)
(35, 8, 666)
(35, 9, 653)
(35, 10, 636)
(35, 11, 629)
(35, 12, 613)
(35, 13, 610)
(35, 14, 604)
(35, 15, 593)
(35, 16, 582)
(35, 17, 574)
(35, 18, 563)
(35, 19, 555)
(35, 20, 535)
(35, 21, 511)
(35, 22, 503)
(35, 23, 463)
(35, 24, 450)
(35, 25, 447)
(35, 26, 428)
(35, 27, 409)
(35, 28, 400)
(35, 29, 398)
(35, 30, 388)
(35, 31, 358)
(35, 32, 352)
(35, 33, 342)
(35, 34, 338)
(35, 35, 328)
(35, 36, 321)
(35, 37, 315)
(35, 38, 305)
(35, 39, 277)

(36, 0, 1140)
(36, 1, 1085)
(36, 2, 1033)
(36, 3, 990)
(36, 4, 887)
(36, 5, 880)
(36, 6, 855)
(36, 7, 848)
(36, 8, 815)
(36, 9, 799)
(36, 10, 778)
(36, 11, 770)
(36, 12, 751)
(36, 13, 747)
(36, 14, 738)
(36, 15, 727)
(36, 16, 714)
(36, 17, 705)
(36, 18, 691)
(36, 19, 681)
(36, 20, 659)
(36, 21, 623)
(36, 22, 614)
(36, 23, 558)
(36, 24, 535)
(36, 25, 532)
(36, 26, 505)
(36, 27, 476)
(36, 28, 459)
(36, 29, 456)
(36, 30, 445)
(36, 31, 409)
(36, 32, 402)
(36, 33, 392)
(36, 34, 383)
(36, 35, 369)
(36, 36, 361)
(36, 37, 350)
(36, 38, 340)
(36, 39, 311)

(37, 0, 1376)
(37, 1, 1314)
(37, 2, 1260)
(37, 3, 1206)
(37, 4, 1100)
(37, 5, 1093)
(37, 6, 1063)
(37, 7, 1055)
(37, 8, 1018)
(37, 9, 1001)
(37, 10, 970)
(37, 11, 957)
(37, 12, 933)
(37, 13, 927)
(37, 14, 916)
(37, 15, 903)
(37, 16, 889)
(37, 17, 879)
(37, 18, 862)
(37, 19, 850)
(37, 20, 823)
(37, 21, 775)
(37, 22, 763)
(37, 23, 690)
(37, 24, 664)
(37, 25, 659)
(37, 26, 626)
(37, 27, 589)
(37, 28, 570)
(37, 29, 566)
(37, 30, 555)
(37, 31, 514)
(37, 32, 502)
(37, 33, 488)
(37, 34, 476)
(37, 35, 455)
(37, 36, 444)
(37, 37, 429)
(37, 38, 419)
(37, 39, 380)

(38, 0, 1592)
(38, 1, 1527)
(38, 2, 1463)
(38, 3, 1396)
(38, 4, 1290)
(38, 5, 1275)
(38, 6, 1237)
(38, 7, 1226)
(38, 8, 1183)
(38, 9, 1163)
(38, 10, 1128)
(38, 11, 1115)
(38, 12, 1085)
(38, 13, 1078)
(38, 14, 1066)
(38, 15, 1049)
(38, 16, 1033)
(38, 17, 1020)
(38, 18, 1000)
(38, 19, 987)
(38, 20, 956)
(38, 21, 900)
(38, 22, 887)
(38, 23, 804)
(38, 24, 774)
(38, 25, 768)
(38, 26, 732)
(38, 27, 688)
(38, 28, 668)
(38, 29, 662)
(38, 30, 649)
(38, 31, 602)
(38, 32, 589)
(38, 33, 574)
(38, 34, 560)
(38, 35, 538)
(38, 36, 525)
(38, 37, 506)
(38, 38, 488)
(38, 39, 438)

(39, 0, 1669)
(39, 1, 1604)
(39, 2, 1540)
(39, 3, 1472)
(39, 4, 1366)
(39, 5, 1351)
(39, 6, 1312)
(39, 7, 1301)
(39, 8, 1257)
(39, 9, 1238)
(39, 10, 1201)
(39, 11, 1188)
(39, 12, 1157)
(39, 13, 1148)
(39, 14, 1136)
(39, 15, 1117)
(39, 16, 1100)
(39, 17, 1085)
(39, 18, 1064)
(39, 19, 1049)
(39, 20, 1016)
(39, 21, 959)
(39, 22, 946)
(39, 23, 862)
(39, 24, 831)
(39, 25, 825)
(39, 26, 786)
(39, 27, 736)
(39, 28, 715)
(39, 29, 709)
(39, 30, 693)
(39, 31, 644)
(39, 32, 629)
(39, 33, 613)
(39, 34, 598)
(39, 35, 573)
(39, 36, 559)
(39, 37, 538)
(39, 38, 519)
(39, 39, 464)


Betti numbers:
xi_0:
(0, 0, 13)
(1, 0, 2)
(3, 0, 16)
(4, 0, 2)
(5, 0, 11)
(6, 0, 9)
(12, 0, 17)
(13, 0, 18)
(14, 0, 1)
(15, 0, 42)
(16, 0, 3)
(17, 0, 26)
(18, 0, 9)
(19, 0, 6)
(20, 0, 27)
(21, 0, 32)
(22, 0, 48)
(23, 0, 14)
(24, 0, 30)
(25, 0, 25)
(26, 0, 9)
(27, 0, 17)
(28, 0, 10)
(29, 0, 39)
(30, 0, 50)
(31, 0, 76)
(32, 0, 64)
(33, 0, 60)
(34, 0, 119)
(35, 0, 179)
(36, 0, 166)
(37, 0, 236)
(38, 0, 216)
(39, 0, 77)
xi_1:
(0, 2, 6)
(0, 4, 2)
(0, 6, 2)
(0, 9, 1)
(1, 2, 1)
(1, 7, 1)
(3, 4, 10)
(3, 7, 2)
(3, 8, 3)
(4, 4, 2)
(5, 3, 1)
(5, 4, 6)
(5, 8, 3)
(6, 3, 2)
(6, 4, 7)
(12, 2, 6)
(12, 4, 7)
(12, 8, 2)
(13, 2, 10)
(13, 4, 4)
(13, 8, 2)
(13, 15, 1)
(15, 4, 30)
(15, 8, 5)
(15, 23, 1)
(15, 31, 1)
(16, 4, 1)
(16, 23, 1)
(17, 1, 8)
(17, 2, 10)
(17, 3, 1)
(17, 4, 1)
(17, 5, 3)
(17, 31, 1)
(18, 3, 4)
(18, 6, 4)
(19, 2, 1)
(19, 5, 2)
(19, 14, 1)
(20, 3, 9)
(20, 4, 3)
(20, 5, 1)
(20, 6, 1)
(20, 9, 3)
(20, 23, 1)
(21, 1, 7)
(21, 2, 1)
(21, 3, 2)
(21, 4, 6)
(21, 14, 1)
(21, 23, 1)
(21, 31, 1)
(22, 1, 14)
(22, 2, 8)
(22, 3, 2)
(22, 4, 8)
(22, 8, 1)
(22, 9, 2)
(22, 14, 1)
(22, 31, 3)
(23, 4, 5)
(23, 8, 1)
(23, 12, 2)
(24, 1, 4)
(24, 2, 2)
(24, 3, 5)
(24, 4, 2)
(24, 5, 1)
(24, 6, 2)
(24, 8, 5)
(24, 9, 1)
(24, 31, 1)
(25, 1, 8)
(25, 2, 3)
(25, 3, 6)
(25, 6, 1)
(25, 9, 1)
(25, 31, 1)
(26, 31, 2)
(27, 15, 1)
(27, 23, 3)
(27, 31, 1)
(28, 18, 1)
(28, 19, 2)
(28, 25, 1)
(28, 26, 1)
(28, 36, 1)
(29, 1, 1)
(29, 2, 1)
(29, 10, 1)
(29, 17, 1)
(29, 18, 1)
(29, 19, 2)
(29, 20, 2)
(29, 23, 3)
(29, 24, 1)
(29, 26, 1)
(29, 27, 2)
(29, 31, 1)
(29, 38, 2)
(29, 39, 1)
(30, 12, 2)
(30, 15, 4)
(30, 18, 1)
(30, 26, 1)
(30, 27, 2)
(30, 28, 1)
(30, 30, 2)
(30, 31, 7)
(30, 33, 2)
(30, 35, 1)
(30, 36, 1)
(30, 37, 1)
(30, 38, 7)
(30, 39, 10)
(31, 1, 3)
(31, 8, 4)
(31, 10, 5)
(31, 12, 2)
(31, 13, 1)
(31, 15, 2)
(31, 16, 1)
(31, 18, 3)
(31, 20, 1)
(31, 21, 1)
(31, 22, 1)
(31, 23, 2)
(31, 24, 3)
(31, 25, 1)
(31, 26, 2)
(31, 27, 1)
(31, 31, 3)
(31, 32, 2)
(31, 33, 1)
(31, 34, 2)
(31, 35, 2)
(31, 36, 1)
(31, 37, 1)
(31, 39, 8)
(32, 4, 2)
(32, 6, 2)
(32, 7, 1)
(32, 10, 4)
(32, 11, 1)
(32, 15, 1)
(32, 16, 1)
(32, 17, 2)
(32, 21, 2)
(32, 23, 3)
(32, 24, 2)
(32, 28, 1)
(32, 29, 1)
(32, 30, 1)
(32, 31, 2)
(32, 33, 3)
(32, 34, 1)
(32, 35, 1)
(32, 36, 1)
(32, 39, 1)
(33, 1, 3)
(33, 2, 1)
(33, 3, 1)
(33, 12, 1)
(33, 14, 2)
(33, 17, 1)
(33, 18, 1)
(33, 19, 3)
(33, 20, 3)
(33, 23, 4)
(33, 24, 2)
(33, 26, 4)
(33, 27, 2)
(33, 28, 3)
(33, 29, 1)
(33, 31, 1)
(33, 32, 1)
(33, 35, 1)
(33, 37, 2)
(33, 39, 1)
(34, 1, 1)
(34, 3, 5)
(34, 4, 1)
(34, 6, 3)
(34, 8, 2)
(34, 9, 2)
(34, 10, 2)
(34, 11, 2)
(34, 12, 1)
(34, 13, 2)
(34, 14, 1)
(34, 16, 6)
(34, 18, 2)
(34, 19, 1)
(34, 20, 6)
(34, 21, 8)
(34, 22, 4)
(34, 23, 13)
(34, 24, 1)
(34, 26, 3)
(34, 27, 6)
(34, 28, 2)
(34, 30, 3)
(34, 31, 2)
(34, 32, 1)
(34, 35, 1)
(34, 36, 1)
(34, 39, 1)
(35, 1, 4)
(35, 3, 5)
(35, 4, 3)
(35, 6, 5)
(35, 8, 3)
(35, 9, 3)
(35, 10, 5)
(35, 11, 4)
(35, 12, 8)
(35, 15, 2)
(35, 16, 3)
(35, 17, 4)
(35, 18, 2)
(35, 20, 8)
(35, 21, 13)
(35, 22, 3)
(35, 23, 8)
(35, 24, 4)
(35, 25, 1)
(35, 26, 7)
(35, 27, 6)
(35, 28, 2)
(35, 30, 4)
(35, 31, 3)
(35, 32, 2)
(35, 33, 4)
(35, 34, 1)
(35, 35, 4)
(35, 36, 2)
(35, 37, 2)
(35, 38, 1)
(35, 39, 6)
(36, 1, 2)
(36, 2, 2)
(36, 4, 3)
(36, 6, 5)
(36, 7, 3)
(36, 8, 2)
(36, 9, 3)
(36, 10, 4)
(36, 11, 1)
(36, 12, 3)
(36, 13, 1)
(36, 14, 3)
(36, 16, 2)
(36, 17, 1)
(36, 18, 3)
(36, 19, 2)
(36, 20, 2)
(36, 21, 12)
(36, 22, 1)
(36, 23, 16)
(36, 24, 10)
(36, 26, 8)
(36, 27, 10)
(36, 28, 8)
(36, 29, 1)
(36, 30, 1)
(36, 31, 6)
(36, 32, 1)
(36, 34, 5)
(36, 35, 4)
(36, 36, 1)
(36, 37, 5)
(36, 39, 1)
(37, 1, 7)
(37, 2, 2)
(37, 3, 11)
(37, 4, 3)
(37, 6, 5)
(37, 7, 1)
(37, 8, 4)
(37, 9, 1)
(37, 10, 10)
(37, 11, 5)
(37, 12, 5)
(37, 13, 2)
(37, 14, 2)
(37, 15, 2)
(37, 16, 1)
(37, 17, 1)
(37, 18, 3)
(37, 19, 2)
(37, 20, 5)
(37, 21, 12)
(37, 22, 3)
(37, 23, 17)
(37, 24, 3)
(37, 25, 2)
(37, 26, 6)
(37, 27, 8)
(37, 28, 2)
(37, 29, 1)
(37, 31, 5)
(37, 32, 5)
(37, 33, 4)
(37, 34, 3)
(37, 35, 7)
(37, 36, 3)
(37, 37, 4)
(37, 39, 10)
(38, 1, 3)
(38, 2, 10)
(38, 3, 13)
(38, 5, 8)
(38, 6, 8)
(38, 7, 3)
(38, 8, 6)
(38, 9, 3)
(38, 10, 4)
(38, 12, 6)
(38, 13, 1)
(38, 14, 1)
(38, 15, 4)
(38, 16, 2)
(38, 17, 3)
(38, 18, 3)
(38, 19, 1)
(38, 20, 4)
(38, 21, 8)
(38, 22, 1)
(38, 23, 10)
(38, 24, 4)
(38, 25, 1)
(38, 26, 3)
(38, 27, 7)
(38, 28, 1)
(38, 29, 2)
(38, 30, 2)
(38, 31, 6)
(38, 32, 1)
(38, 33, 1)
(38, 34, 2)
(38, 35, 1)
(38, 36, 2)
(38, 37, 4)
(38, 38, 8)
(38, 39, 11)
(39, 3, 1)
(39, 6, 1)
(39, 8, 1)
(39, 10, 2)
(39, 12, 1)
(39, 13, 2)
(39, 15, 2)
(39, 16, 1)
(39, 17, 2)
(39, 18, 1)
(39, 19, 2)
(39, 20, 2)
(39, 21, 1)
(39, 23, 1)
(39, 24, 1)
(39, 26, 3)
(39, 27, 6)
(39, 28, 1)
(39, 30, 3)
(39, 31, 2)
(39, 32, 2)
(39, 33, 1)
(39, 34, 1)
(39, 35, 3)
(39, 36, 1)
(39, 37, 2)
(39, 38, 1)
(39, 39, 5)
xi_2:
(39, 9, 1)
