x-grades
-5210176890267674619/20000000000000000
-2542486267767264319/10000000000000000
-4959768180801382657/20000000000000000
-1208640956517059169/5000000000000000
-941871894267018139/4000000000000000
-2292077558300972357/10000000000000000
-4458950761868798733/20000000000000000
-270859150445978297/1250000000000000
-4208542052402506771/20000000000000000
-408333769766936079/2000000000000000
-3958133342936214809/20000000000000000
-958232247050767207/5000000000000000
-3707724633469922847/20000000000000000
-1791260139368388433/10000000000000000
-691463184800726177/4000000000000000
-416513946158810613/2500000000000000
-3206907214537338923/20000000000000000
-1540851429902096471/10000000000000000
-2956498505071046961/20000000000000000
-141564707516895049/1000000000000000
-2706089795604754999/20000000000000000
-1290442720435804509/10000000000000000
-2455681086138463037/20000000000000000
-36413698928208079/312500000000000
-88210895066886843/800000000000000
-1040034010969512547/10000000000000000
-1954863667205879113/20000000000000000
-457414828118183283/5000000000000000
-1704454957739587151/20000000000000000
-157925060300644117/2000000000000000
-1454046248273295189/20000000000000000
-166105236692518651/2500000000000000
-1203637538807003227/20000000000000000
-539216592036928623/10000000000000000
-190645765868142253/4000000000000000
-207006118651891321/5000000000000000
-702820119874419303/20000000000000000
-288807882570636661/10000000000000000
-452411410408127341/20000000000000000
-4090088195937267/250000000000000

y-grades
4999993/2000000
4999993/1000000
14999979/2000000
4999993/500000
4999993/400000
14999979/1000000
34999951/2000000
4999993/250000
44999937/2000000
4999993/200000
54999923/2000000
14999979/500000
64999909/2000000
34999951/1000000
14999979/400000
4999993/125000
84999881/2000000
44999937/1000000
94999867/2000000
4999993/100000
104999853/2000000
54999923/1000000
114999839/2000000
14999979/250000
4999993/80000
64999909/1000000
134999811/2000000
34999951/500000
144999797/2000000
14999979/200000
154999783/2000000
4999993/62500
164999769/2000000
84999881/1000000
34999951/400000
44999937/500000
184999741/2000000
94999867/1000000
194999727/2000000
4999993/50000

Dimensions > 0:
(0, 0, 2)
(0, 1, 2)
(0, 2, 2)
(0, 3, 2)
(0, 4, 2)
(0, 5, 2)
(0, 6, 2)
(0, 7, 2)
(0, 8, 2)
(0, 9, 2)
(0, 10, 2)
(0, 11, 2)
(0, 12, 2)
(0, 13, 2)
(0, 14, 2)
(0, 15, 2)
(0, 16, 2)
(0, 17, 2)
(0, 18, 2)
(0, 19, 2)
(0, 20, 2)
(0, 21, 2)
(0, 22, 2)
(0, 23, 2)
(0, 24, 2)
(0, 25, 2)
(0, 26, 2)
(0, 27, 2)
(0, 28, 2)
(0, 29, 2)
(0, 30, 2)
(0, 31, 2)
(0, 32, 2)
(0, 33, 2)
(0, 34, 2)
(0, 35, 2)
(0, 36, 2)
(0, 37, 2)
(0, 38, 2)
(0, 39, 2)

(1, 0, 2)
(1, 1, 2)
(1, 2, 2)
(1, 3, 2)
(1, 4, 2)
(1, 5, 2)
(1, 6, 2)
(1, 7, 2)
(1, 8, 2)
(1, 9, 2)
(1, 10, 2)
(1, 11, 2)
(1, 12, 2)
(1, 13, 2)
(1, 14, 2)
(1, 15, 2)
(1, 16, 2)
(1, 17, 2)
(1, 18, 2)
(1, 19, 2)
(1, 20, 2)
(1, 21, 2)
(1, 22, 2)
(1, 23, 2)
(1, 24, 2)
(1, 25, 2)
(1, 26, 2)
(1, 27, 2)
(1, 28, 2)
(1, 29, 2)
(1, 30, 2)
(1, 31, 2)
(1, 32, 2)
(1, 33, 2)
(1, 34, 2)
(1, 35, 2)
(1, 36, 2)
(1, 37, 2)
(1, 38, 2)
(1, 39, 2)

(2, 0, 3)
(2, 1, 3)
(2, 2, 3)
(2, 3, 3)
(2, 4, 3)
(2, 5, 3)
(2, 6, 3)
(2, 7, 3)
(2, 8, 3)
(2, 9, 3)
(2, 10, 3)
(2, 11, 3)
(2, 12, 3)
(2, 13, 3)
(2, 14, 3)
(2, 15, 3)
(2, 16, 3)
(2, 17, 3)
(2, 18, 3)
(2, 19, 3)
(2, 20, 3)
(2, 21, 3)
(2, 22, 3)
(2, 23, 3)
(2, 24, 3)
(2, 25, 3)
(2, 26, 3)
(2, 27, 3)
(2, 28, 3)
(2, 29, 3)
(2, 30, 3)
(2, 31, 3)
(2, 32, 3)
(2, 33, 3)
(2, 34, 3)
(2, 35, 3)
(2, 36, 3)
(2, 37, 3)
(2, 38, 3)
(2, 39, 3)

(3, 0, 11)
(3, 1, 11)
(3, 2, 11)
(3, 3, 11)
(3, 4, 11)
(3, 5, 11)
(3, 6, 11)
(3, 7, 11)
(3, 8, 11)
(3, 9, 11)
(3, 10, 11)
(3, 11, 11)
(3, 12, 11)
(3, 13, 11)
(3, 14, 11)
(3, 15, 11)
(3, 16, 11)
(3, 17, 11)
(3, 18, 11)
(3, 19, 11)
(3, 20, 11)
(3, 21, 11)
(3, 22, 11)
(3, 23, 11)
(3, 24, 11)
(3, 25, 11)
(3, 26, 11)
(3, 27, 11)
(3, 28, 11)
(3, 29, 10)
(3, 30, 10)
(3, 31, 10)
(3, 32, 10)
(3, 33, 10)
(3, 34, 10)
(3, 35, 10)
(3, 36, 10)
(3, 37, 10)
(3, 38, 9)
(3, 39, 9)

(4, 0, 31)
(4, 1, 31)
(4, 2, 31)
(4, 3, 30)
(4, 4, 30)
(4, 5, 30)
(4, 6, 30)
(4, 7, 30)
(4, 8, 30)
(4, 9, 30)
(4, 10, 28)
(4, 11, 28)
(4, 12, 28)
(4, 13, 28)
(4, 14, 28)
(4, 15, 28)
(4, 16, 28)
(4, 17, 28)
(4, 18, 27)
(4, 19, 25)
(4, 20, 25)
(4, 21, 25)
(4, 22, 25)
(4, 23, 25)
(4, 24, 25)
(4, 25, 25)
(4, 26, 25)
(4, 27, 23)
(4, 28, 22)
(4, 29, 21)
(4, 30, 20)
(4, 31, 20)
(4, 32, 19)
(4, 33, 19)
(4, 34, 19)
(4, 35, 19)
(4, 36, 19)
(4, 37, 18)
(4, 38, 17)
(4, 39, 17)

(5, 0, 41)
(5, 1, 41)
(5, 2, 41)
(5, 3, 40)
(5, 4, 40)
(5, 5, 40)
(5, 6, 40)
(5, 7, 40)
(5, 8, 40)
(5, 9, 40)
(5, 10, 38)
(5, 11, 38)
(5, 12, 38)
(5, 13, 38)
(5, 14, 38)
(5, 15, 38)
(5, 16, 38)
(5, 17, 38)
(5, 18, 36)
(5, 19, 32)
(5, 20, 32)
(5, 21, 32)
(5, 22, 32)
(5, 23, 31)
(5, 24, 31)
(5, 25, 31)
(5, 26, 31)
(5, 27, 28)
(5, 28, 27)
(5, 29, 26)
(5, 30, 25)
(5, 31, 25)
(5, 32, 24)
(5, 33, 24)
(5, 34, 24)
(5, 35, 24)
(5, 36, 24)
(5, 37, 23)
(5, 38, 22)
(5, 39, 22)

(6, 0, 60)
(6, 1, 60)
(6, 2, 60)
(6, 3, 59)
(6, 4, 59)
(6, 5, 59)
(6, 6, 59)
(6, 7, 58)
(6, 8, 58)
(6, 9, 58)
(6, 10, 56)
(6, 11, 56)
(6, 12, 56)
(6, 13, 56)
(6, 14, 56)
(6, 15, 56)
(6, 16, 56)
(6, 17, 56)
(6, 18, 53)
(6, 19, 46)
(6, 20, 46)
(6, 21, 46)
(6, 22, 46)
(6, 23, 45)
(6, 24, 45)
(6, 25, 45)
(6, 26, 45)
(6, 27, 41)
(6, 28, 40)
(6, 29, 39)
(6, 30, 38)
(6, 31, 38)
(6, 32, 35)
(6, 33, 34)
(6, 34, 34)
(6, 35, 34)
(6, 36, 34)
(6, 37, 32)
(6, 38, 30)
(6, 39, 30)

(7, 0, 72)
(7, 1, 72)
(7, 2, 72)
(7, 3, 71)
(7, 4, 71)
(7, 5, 71)
(7, 6, 71)
(7, 7, 70)
(7, 8, 70)
(7, 9, 70)
(7, 10, 68)
(7, 11, 68)
(7, 12, 68)
(7, 13, 68)
(7, 14, 68)
(7, 15, 68)
(7, 16, 68)
(7, 17, 68)
(7, 18, 63)
(7, 19, 55)
(7, 20, 55)
(7, 21, 55)
(7, 22, 55)
(7, 23, 54)
(7, 24, 53)
(7, 25, 53)
(7, 26, 53)
(7, 27, 49)
(7, 28, 48)
(7, 29, 47)
(7, 30, 45)
(7, 31, 44)
(7, 32, 40)
(7, 33, 39)
(7, 34, 39)
(7, 35, 39)
(7, 36, 39)
(7, 37, 36)
(7, 38, 34)
(7, 39, 34)

(8, 0, 94)
(8, 1, 94)
(8, 2, 94)
(8, 3, 93)
(8, 4, 93)
(8, 5, 93)
(8, 6, 93)
(8, 7, 91)
(8, 8, 91)
(8, 9, 91)
(8, 10, 87)
(8, 11, 87)
(8, 12, 87)
(8, 13, 87)
(8, 14, 87)
(8, 15, 87)
(8, 16, 87)
(8, 17, 87)
(8, 18, 81)
(8, 19, 72)
(8, 20, 72)
(8, 21, 72)
(8, 22, 72)
(8, 23, 71)
(8, 24, 70)
(8, 25, 70)
(8, 26, 70)
(8, 27, 66)
(8, 28, 65)
(8, 29, 64)
(8, 30, 62)
(8, 31, 61)
(8, 32, 54)
(8, 33, 53)
(8, 34, 52)
(8, 35, 52)
(8, 36, 52)
(8, 37, 47)
(8, 38, 43)
(8, 39, 43)

(9, 0, 118)
(9, 1, 118)
(9, 2, 118)
(9, 3, 117)
(9, 4, 117)
(9, 5, 117)
(9, 6, 117)
(9, 7, 114)
(9, 8, 114)
(9, 9, 114)
(9, 10, 110)
(9, 11, 110)
(9, 12, 110)
(9, 13, 110)
(9, 14, 110)
(9, 15, 110)
(9, 16, 110)
(9, 17, 110)
(9, 18, 102)
(9, 19, 93)
(9, 20, 93)
(9, 21, 93)
(9, 22, 93)
(9, 23, 92)
(9, 24, 90)
(9, 25, 90)
(9, 26, 90)
(9, 27, 86)
(9, 28, 85)
(9, 29, 84)
(9, 30, 82)
(9, 31, 81)
(9, 32, 69)
(9, 33, 68)
(9, 34, 67)
(9, 35, 66)
(9, 36, 66)
(9, 37, 59)
(9, 38, 53)
(9, 39, 53)

(10, 0, 146)
(10, 1, 146)
(10, 2, 146)
(10, 3, 145)
(10, 4, 145)
(10, 5, 145)
(10, 6, 145)
(10, 7, 138)
(10, 8, 138)
(10, 9, 138)
(10, 10, 133)
(10, 11, 133)
(10, 12, 133)
(10, 13, 133)
(10, 14, 133)
(10, 15, 133)
(10, 16, 133)
(10, 17, 133)
(10, 18, 124)
(10, 19, 114)
(10, 20, 114)
(10, 21, 114)
(10, 22, 114)
(10, 23, 113)
(10, 24, 111)
(10, 25, 111)
(10, 26, 111)
(10, 27, 105)
(10, 28, 104)
(10, 29, 103)
(10, 30, 101)
(10, 31, 100)
(10, 32, 86)
(10, 33, 84)
(10, 34, 82)
(10, 35, 81)
(10, 36, 81)
(10, 37, 72)
(10, 38, 66)
(10, 39, 66)

(11, 0, 180)
(11, 1, 180)
(11, 2, 180)
(11, 3, 179)
(11, 4, 179)
(11, 5, 179)
(11, 6, 179)
(11, 7, 170)
(11, 8, 170)
(11, 9, 170)
(11, 10, 163)
(11, 11, 163)
(11, 12, 163)
(11, 13, 163)
(11, 14, 163)
(11, 15, 163)
(11, 16, 163)
(11, 17, 163)
(11, 18, 154)
(11, 19, 144)
(11, 20, 144)
(11, 21, 144)
(11, 22, 144)
(11, 23, 143)
(11, 24, 141)
(11, 25, 141)
(11, 26, 141)
(11, 27, 134)
(11, 28, 133)
(11, 29, 132)
(11, 30, 130)
(11, 31, 129)
(11, 32, 113)
(11, 33, 109)
(11, 34, 106)
(11, 35, 105)
(11, 36, 105)
(11, 37, 90)
(11, 38, 84)
(11, 39, 84)

(12, 0, 206)
(12, 1, 206)
(12, 2, 206)
(12, 3, 205)
(12, 4, 205)
(12, 5, 205)
(12, 6, 205)
(12, 7, 195)
(12, 8, 195)
(12, 9, 195)
(12, 10, 187)
(12, 11, 187)
(12, 12, 187)
(12, 13, 187)
(12, 14, 187)
(12, 15, 187)
(12, 16, 187)
(12, 17, 187)
(12, 18, 177)
(12, 19, 166)
(12, 20, 166)
(12, 21, 166)
(12, 22, 166)
(12, 23, 165)
(12, 24, 163)
(12, 25, 163)
(12, 26, 162)
(12, 27, 154)
(12, 28, 152)
(12, 29, 151)
(12, 30, 149)
(12, 31, 148)
(12, 32, 130)
(12, 33, 126)
(12, 34, 123)
(12, 35, 122)
(12, 36, 122)
(12, 37, 106)
(12, 38, 99)
(12, 39, 99)

(13, 0, 271)
(13, 1, 271)
(13, 2, 271)
(13, 3, 270)
(13, 4, 270)
(13, 5, 270)
(13, 6, 270)
(13, 7, 255)
(13, 8, 255)
(13, 9, 255)
(13, 10, 244)
(13, 11, 244)
(13, 12, 244)
(13, 13, 244)
(13, 14, 244)
(13, 15, 244)
(13, 16, 244)
(13, 17, 244)
(13, 18, 232)
(13, 19, 220)
(13, 20, 220)
(13, 21, 220)
(13, 22, 220)
(13, 23, 219)
(13, 24, 217)
(13, 25, 217)
(13, 26, 216)
(13, 27, 206)
(13, 28, 203)
(13, 29, 201)
(13, 30, 198)
(13, 31, 195)
(13, 32, 174)
(13, 33, 168)
(13, 34, 165)
(13, 35, 164)
(13, 36, 164)
(13, 37, 141)
(13, 38, 134)
(13, 39, 133)

(14, 0, 353)
(14, 1, 353)
(14, 2, 353)
(14, 3, 351)
(14, 4, 351)
(14, 5, 351)
(14, 6, 351)
(14, 7, 330)
(14, 8, 330)
(14, 9, 330)
(14, 10, 318)
(14, 11, 318)
(14, 12, 318)
(14, 13, 318)
(14, 14, 318)
(14, 15, 318)
(14, 16, 318)
(14, 17, 318)
(14, 18, 306)
(14, 19, 286)
(14, 20, 286)
(14, 21, 286)
(14, 22, 286)
(14, 23, 285)
(14, 24, 283)
(14, 25, 283)
(14, 26, 280)
(14, 27, 266)
(14, 28, 263)
(14, 29, 261)
(14, 30, 257)
(14, 31, 254)
(14, 32, 228)
(14, 33, 219)
(14, 34, 216)
(14, 35, 215)
(14, 36, 215)
(14, 37, 185)
(14, 38, 175)
(14, 39, 174)

(15, 0, 365)
(15, 1, 365)
(15, 2, 365)
(15, 3, 363)
(15, 4, 363)
(15, 5, 363)
(15, 6, 363)
(15, 7, 341)
(15, 8, 341)
(15, 9, 340)
(15, 10, 328)
(15, 11, 328)
(15, 12, 328)
(15, 13, 328)
(15, 14, 328)
(15, 15, 328)
(15, 16, 328)
(15, 17, 328)
(15, 18, 316)
(15, 19, 296)
(15, 20, 296)
(15, 21, 296)
(15, 22, 296)
(15, 23, 295)
(15, 24, 293)
(15, 25, 293)
(15, 26, 290)
(15, 27, 276)
(15, 28, 272)
(15, 29, 270)
(15, 30, 266)
(15, 31, 263)
(15, 32, 236)
(15, 33, 227)
(15, 34, 224)
(15, 35, 223)
(15, 36, 223)
(15, 37, 193)
(15, 38, 183)
(15, 39, 181)

(16, 0, 376)
(16, 1, 376)
(16, 2, 376)
(16, 3, 374)
(16, 4, 374)
(16, 5, 374)
(16, 6, 374)
(16, 7, 351)
(16, 8, 351)
(16, 9, 350)
(16, 10, 338)
(16, 11, 338)
(16, 12, 338)
(16, 13, 338)
(16, 14, 338)
(16, 15, 338)
(16, 16, 338)
(16, 17, 338)
(16, 18, 325)
(16, 19, 305)
(16, 20, 305)
(16, 21, 305)
(16, 22, 305)
(16, 23, 303)
(16, 24, 301)
(16, 25, 301)
(16, 26, 297)
(16, 27, 283)
(16, 28, 279)
(16, 29, 277)
(16, 30, 273)
(16, 31, 270)
(16, 32, 243)
(16, 33, 234)
(16, 34, 231)
(16, 35, 230)
(16, 36, 230)
(16, 37, 200)
(16, 38, 190)
(16, 39, 188)

(17, 0, 389)
(17, 1, 389)
(17, 2, 389)
(17, 3, 387)
(17, 4, 387)
(17, 5, 387)
(17, 6, 387)
(17, 7, 363)
(17, 8, 363)
(17, 9, 362)
(17, 10, 350)
(17, 11, 350)
(17, 12, 350)
(17, 13, 350)
(17, 14, 350)
(17, 15, 350)
(17, 16, 350)
(17, 17, 350)
(17, 18, 336)
(17, 19, 316)
(17, 20, 316)
(17, 21, 316)
(17, 22, 316)
(17, 23, 314)
(17, 24, 312)
(17, 25, 311)
(17, 26, 307)
(17, 27, 293)
(17, 28, 289)
(17, 29, 287)
(17, 30, 283)
(17, 31, 280)
(17, 32, 253)
(17, 33, 243)
(17, 34, 240)
(17, 35, 239)
(17, 36, 239)
(17, 37, 209)
(17, 38, 199)
(17, 39, 197)

(18, 0, 409)
(18, 1, 409)
(18, 2, 409)
(18, 3, 407)
(18, 4, 407)
(18, 5, 407)
(18, 6, 406)
(18, 7, 381)
(18, 8, 380)
(18, 9, 379)
(18, 10, 367)
(18, 11, 367)
(18, 12, 366)
(18, 13, 366)
(18, 14, 366)
(18, 15, 366)
(18, 16, 366)
(18, 17, 366)
(18, 18, 351)
(18, 19, 331)
(18, 20, 331)
(18, 21, 331)
(18, 22, 331)
(18, 23, 329)
(18, 24, 327)
(18, 25, 325)
(18, 26, 321)
(18, 27, 307)
(18, 28, 303)
(18, 29, 300)
(18, 30, 296)
(18, 31, 293)
(18, 32, 266)
(18, 33, 256)
(18, 34, 253)
(18, 35, 252)
(18, 36, 252)
(18, 37, 222)
(18, 38, 212)
(18, 39, 210)

(19, 0, 454)
(19, 1, 454)
(19, 2, 450)
(19, 3, 448)
(19, 4, 447)
(19, 5, 444)
(19, 6, 439)
(19, 7, 414)
(19, 8, 413)
(19, 9, 412)
(19, 10, 396)
(19, 11, 394)
(19, 12, 393)
(19, 13, 389)
(19, 14, 388)
(19, 15, 388)
(19, 16, 388)
(19, 17, 387)
(19, 18, 371)
(19, 19, 351)
(19, 20, 350)
(19, 21, 349)
(19, 22, 349)
(19, 23, 347)
(19, 24, 344)
(19, 25, 342)
(19, 26, 338)
(19, 27, 324)
(19, 28, 320)
(19, 29, 317)
(19, 30, 313)
(19, 31, 310)
(19, 32, 281)
(19, 33, 271)
(19, 34, 268)
(19, 35, 266)
(19, 36, 266)
(19, 37, 234)
(19, 38, 224)
(19, 39, 222)

(20, 0, 692)
(20, 1, 691)
(20, 2, 664)
(20, 3, 660)
(20, 4, 627)
(20, 5, 623)
(20, 6, 596)
(20, 7, 540)
(20, 8, 532)
(20, 9, 511)
(20, 10, 488)
(20, 11, 466)
(20, 12, 453)
(20, 13, 432)
(20, 14, 422)
(20, 15, 413)
(20, 16, 412)
(20, 17, 411)
(20, 18, 393)
(20, 19, 371)
(20, 20, 369)
(20, 21, 369)
(20, 22, 367)
(20, 23, 365)
(20, 24, 363)
(20, 25, 361)
(20, 26, 356)
(20, 27, 341)
(20, 28, 337)
(20, 29, 333)
(20, 30, 328)
(20, 31, 324)
(20, 32, 296)
(20, 33, 285)
(20, 34, 282)
(20, 35, 278)
(20, 36, 278)
(20, 37, 246)
(20, 38, 236)
(20, 39, 234)

(21, 0, 974)
(21, 1, 967)
(21, 2, 899)
(21, 3, 891)
(21, 4, 822)
(21, 5, 815)
(21, 6, 747)
(21, 7, 653)
(21, 8, 640)
(21, 9, 591)
(21, 10, 567)
(21, 11, 530)
(21, 12, 497)
(21, 13, 465)
(21, 14, 448)
(21, 15, 438)
(21, 16, 438)
(21, 17, 437)
(21, 18, 416)
(21, 19, 395)
(21, 20, 392)
(21, 21, 392)
(21, 22, 390)
(21, 23, 388)
(21, 24, 386)
(21, 25, 384)
(21, 26, 379)
(21, 27, 364)
(21, 28, 360)
(21, 29, 356)
(21, 30, 351)
(21, 31, 347)
(21, 32, 320)
(21, 33, 309)
(21, 34, 306)
(21, 35, 301)
(21, 36, 301)
(21, 37, 269)
(21, 38, 259)
(21, 39, 257)

(22, 0, 1195)
(22, 1, 1187)
(22, 2, 1094)
(22, 3, 1080)
(22, 4, 982)
(22, 5, 973)
(22, 6, 886)
(22, 7, 760)
(22, 8, 738)
(22, 9, 669)
(22, 10, 642)
(22, 11, 601)
(22, 12, 558)
(22, 13, 508)
(22, 14, 482)
(22, 15, 469)
(22, 16, 465)
(22, 17, 463)
(22, 18, 442)
(22, 19, 420)
(22, 20, 415)
(22, 21, 414)
(22, 22, 409)
(22, 23, 406)
(22, 24, 402)
(22, 25, 400)
(22, 26, 391)
(22, 27, 376)
(22, 28, 372)
(22, 29, 368)
(22, 30, 363)
(22, 31, 359)
(22, 32, 332)
(22, 33, 321)
(22, 34, 318)
(22, 35, 312)
(22, 36, 311)
(22, 37, 279)
(22, 38, 269)
(22, 39, 267)

(23, 0, 1362)
(23, 1, 1354)
(23, 2, 1243)
(23, 3, 1226)
(23, 4, 1110)
(23, 5, 1101)
(23, 6, 1005)
(23, 7, 858)
(23, 8, 831)
(23, 9, 747)
(23, 10, 719)
(23, 11, 660)
(23, 12, 607)
(23, 13, 544)
(23, 14, 511)
(23, 15, 490)
(23, 16, 485)
(23, 17, 480)
(23, 18, 458)
(23, 19, 434)
(23, 20, 426)
(23, 21, 424)
(23, 22, 417)
(23, 23, 414)
(23, 24, 410)
(23, 25, 408)
(23, 26, 399)
(23, 27, 384)
(23, 28, 380)
(23, 29, 376)
(23, 30, 371)
(23, 31, 367)
(23, 32, 340)
(23, 33, 329)
(23, 34, 326)
(23, 35, 320)
(23, 36, 319)
(23, 37, 287)
(23, 38, 276)
(23, 39, 274)

(24, 0, 1571)
(24, 1, 1547)
(24, 2, 1411)
(24, 3, 1384)
(24, 4, 1244)
(24, 5, 1235)
(24, 6, 1123)
(24, 7, 961)
(24, 8, 930)
(24, 9, 824)
(24, 10, 793)
(24, 11, 717)
(24, 12, 651)
(24, 13, 574)
(24, 14, 535)
(24, 15, 504)
(24, 16, 496)
(24, 17, 492)
(24, 18, 470)
(24, 19, 446)
(24, 20, 434)
(24, 21, 430)
(24, 22, 423)
(24, 23, 421)
(24, 24, 417)
(24, 25, 415)
(24, 26, 405)
(24, 27, 390)
(24, 28, 386)
(24, 29, 382)
(24, 30, 377)
(24, 31, 373)
(24, 32, 346)
(24, 33, 335)
(24, 34, 332)
(24, 35, 326)
(24, 36, 325)
(24, 37, 292)
(24, 38, 281)
(24, 39, 279)

(25, 0, 1642)
(25, 1, 1617)
(25, 2, 1469)
(25, 3, 1439)
(25, 4, 1294)
(25, 5, 1283)
(25, 6, 1165)
(25, 7, 996)
(25, 8, 963)
(25, 9, 850)
(25, 10, 819)
(25, 11, 738)
(25, 12, 668)
(25, 13, 587)
(25, 14, 547)
(25, 15, 516)
(25, 16, 507)
(25, 17, 502)
(25, 18, 480)
(25, 19, 456)
(25, 20, 443)
(25, 21, 440)
(25, 22, 433)
(25, 23, 431)
(25, 24, 426)
(25, 25, 424)
(25, 26, 414)
(25, 27, 398)
(25, 28, 394)
(25, 29, 390)
(25, 30, 385)
(25, 31, 381)
(25, 32, 354)
(25, 33, 343)
(25, 34, 340)
(25, 35, 334)
(25, 36, 332)
(25, 37, 299)
(25, 38, 288)
(25, 39, 286)

(26, 0, 1651)
(26, 1, 1626)
(26, 2, 1478)
(26, 3, 1448)
(26, 4, 1303)
(26, 5, 1292)
(26, 6, 1174)
(26, 7, 1005)
(26, 8, 972)
(26, 9, 859)
(26, 10, 828)
(26, 11, 747)
(26, 12, 677)
(26, 13, 596)
(26, 14, 556)
(26, 15, 525)
(26, 16, 516)
(26, 17, 510)
(26, 18, 488)
(26, 19, 464)
(26, 20, 451)
(26, 21, 448)
(26, 22, 440)
(26, 23, 438)
(26, 24, 433)
(26, 25, 431)
(26, 26, 421)
(26, 27, 404)
(26, 28, 400)
(26, 29, 396)
(26, 30, 391)
(26, 31, 387)
(26, 32, 360)
(26, 33, 349)
(26, 34, 346)
(26, 35, 340)
(26, 36, 338)
(26, 37, 305)
(26, 38, 294)
(26, 39, 292)

(27, 0, 1654)
(27, 1, 1629)
(27, 2, 1481)
(27, 3, 1451)
(27, 4, 1306)
(27, 5, 1295)
(27, 6, 1177)
(27, 7, 1008)
(27, 8, 975)
(27, 9, 862)
(27, 10, 831)
(27, 11, 750)
(27, 12, 680)
(27, 13, 599)
(27, 14, 559)
(27, 15, 528)
(27, 16, 519)
(27, 17, 513)
(27, 18, 491)
(27, 19, 467)
(27, 20, 454)
(27, 21, 451)
(27, 22, 443)
(27, 23, 441)
(27, 24, 436)
(27, 25, 434)
(27, 26, 424)
(27, 27, 407)
(27, 28, 403)
(27, 29, 399)
(27, 30, 394)
(27, 31, 390)
(27, 32, 363)
(27, 33, 352)
(27, 34, 349)
(27, 35, 343)
(27, 36, 341)
(27, 37, 308)
(27, 38, 297)
(27, 39, 295)

(28, 0, 1658)
(28, 1, 1633)
(28, 2, 1485)
(28, 3, 1455)
(28, 4, 1310)
(28, 5, 1299)
(28, 6, 1181)
(28, 7, 1012)
(28, 8, 979)
(28, 9, 866)
(28, 10, 835)
(28, 11, 754)
(28, 12, 684)
(28, 13, 603)
(28, 14, 563)
(28, 15, 532)
(28, 16, 523)
(28, 17, 517)
(28, 18, 495)
(28, 19, 471)
(28, 20, 458)
(28, 21, 455)
(28, 22, 447)
(28, 23, 445)
(28, 24, 440)
(28, 25, 438)
(28, 26, 428)
(28, 27, 411)
(28, 28, 407)
(28, 29, 403)
(28, 30, 398)
(28, 31, 394)
(28, 32, 367)
(28, 33, 356)
(28, 34, 353)
(28, 35, 347)
(28, 36, 344)
(28, 37, 311)
(28, 38, 300)
(28, 39, 298)

(29, 0, 1671)
(29, 1, 1646)
(29, 2, 1498)
(29, 3, 1467)
(29, 4, 1322)
(29, 5, 1310)
(29, 6, 1191)
(29, 7, 1021)
(29, 8, 988)
(29, 9, 875)
(29, 10, 844)
(29, 11, 763)
(29, 12, 693)
(29, 13, 612)
(29, 14, 572)
(29, 15, 541)
(29, 16, 532)
(29, 17, 526)
(29, 18, 504)
(29, 19, 479)
(29, 20, 466)
(29, 21, 463)
(29, 22, 455)
(29, 23, 453)
(29, 24, 447)
(29, 25, 445)
(29, 26, 435)
(29, 27, 418)
(29, 28, 414)
(29, 29, 410)
(29, 30, 405)
(29, 31, 401)
(29, 32, 374)
(29, 33, 363)
(29, 34, 360)
(29, 35, 353)
(29, 36, 349)
(29, 37, 316)
(29, 38, 305)
(29, 39, 303)

(30, 0, 1679)
(30, 1, 1654)
(30, 2, 1506)
(30, 3, 1475)
(30, 4, 1330)
(30, 5, 1318)
(30, 6, 1199)
(30, 7, 1029)
(30, 8, 996)
(30, 9, 883)
(30, 10, 852)
(30, 11, 771)
(30, 12, 701)
(30, 13, 620)
(30, 14, 580)
(30, 15, 549)
(30, 16, 540)
(30, 17, 534)
(30, 18, 512)
(30, 19, 486)
(30, 20, 472)
(30, 21, 469)
(30, 22, 461)
(30, 23, 459)
(30, 24, 453)
(30, 25, 451)
(30, 26, 441)
(30, 27, 424)
(30, 28, 420)
(30, 29, 416)
(30, 30, 411)
(30, 31, 407)
(30, 32, 380)
(30, 33, 369)
(30, 34, 366)
(30, 35, 359)
(30, 36, 355)
(30, 37, 322)
(30, 38, 311)
(30, 39, 309)

(31, 0, 1705)
(31, 1, 1680)
(31, 2, 1532)
(31, 3, 1501)
(31, 4, 1356)
(31, 5, 1344)
(31, 6, 1225)
(31, 7, 1053)
(31, 8, 1019)
(31, 9, 906)
(31, 10, 875)
(31, 11, 793)
(31, 12, 722)
(31, 13, 640)
(31, 14, 599)
(31, 15, 568)
(31, 16, 558)
(31, 17, 552)
(31, 18, 530)
(31, 19, 504)
(31, 20, 489)
(31, 21, 485)
(31, 22, 476)
(31, 23, 474)
(31, 24, 468)
(31, 25, 466)
(31, 26, 456)
(31, 27, 439)
(31, 28, 431)
(31, 29, 426)
(31, 30, 420)
(31, 31, 416)
(31, 32, 389)
(31, 33, 378)
(31, 34, 375)
(31, 35, 368)
(31, 36, 364)
(31, 37, 331)
(31, 38, 320)
(31, 39, 318)

(32, 0, 1724)
(32, 1, 1699)
(32, 2, 1551)
(32, 3, 1519)
(32, 4, 1374)
(32, 5, 1362)
(32, 6, 1243)
(32, 7, 1070)
(32, 8, 1036)
(32, 9, 923)
(32, 10, 891)
(32, 11, 809)
(32, 12, 738)
(32, 13, 656)
(32, 14, 615)
(32, 15, 583)
(32, 16, 573)
(32, 17, 567)
(32, 18, 544)
(32, 19, 517)
(32, 20, 502)
(32, 21, 498)
(32, 22, 488)
(32, 23, 485)
(32, 24, 478)
(32, 25, 476)
(32, 26, 466)
(32, 27, 449)
(32, 28, 441)
(32, 29, 436)
(32, 30, 430)
(32, 31, 426)
(32, 32, 399)
(32, 33, 388)
(32, 34, 385)
(32, 35, 377)
(32, 36, 372)
(32, 37, 339)
(32, 38, 327)
(32, 39, 325)

(33, 0, 1742)
(33, 1, 1717)
(33, 2, 1569)
(33, 3, 1537)
(33, 4, 1392)
(33, 5, 1380)
(33, 6, 1261)
(33, 7, 1086)
(33, 8, 1052)
(33, 9, 939)
(33, 10, 907)
(33, 11, 823)
(33, 12, 752)
(33, 13, 670)
(33, 14, 628)
(33, 15, 596)
(33, 16, 586)
(33, 17, 579)
(33, 18, 556)
(33, 19, 528)
(33, 20, 513)
(33, 21, 508)
(33, 22, 498)
(33, 23, 495)
(33, 24, 488)
(33, 25, 485)
(33, 26, 474)
(33, 27, 457)
(33, 28, 449)
(33, 29, 441)
(33, 30, 435)
(33, 31, 431)
(33, 32, 404)
(33, 33, 393)
(33, 34, 390)
(33, 35, 382)
(33, 36, 376)
(33, 37, 343)
(33, 38, 331)
(33, 39, 329)

(34, 0, 1762)
(34, 1, 1737)
(34, 2, 1589)
(34, 3, 1556)
(34, 4, 1411)
(34, 5, 1399)
(34, 6, 1280)
(34, 7, 1105)
(34, 8, 1071)
(34, 9, 958)
(34, 10, 926)
(34, 11, 841)
(34, 12, 770)
(34, 13, 687)
(34, 14, 643)
(34, 15, 611)
(34, 16, 601)
(34, 17, 594)
(34, 18, 571)
(34, 19, 542)
(34, 20, 527)
(34, 21, 519)
(34, 22, 509)
(34, 23, 506)
(34, 24, 498)
(34, 25, 495)
(34, 26, 485)
(34, 27, 468)
(34, 28, 459)
(34, 29, 450)
(34, 30, 444)
(34, 31, 440)
(34, 32, 413)
(34, 33, 401)
(34, 34, 398)
(34, 35, 389)
(34, 36, 383)
(34, 37, 349)
(34, 38, 337)
(34, 39, 335)

(35, 0, 1780)
(35, 1, 1755)
(35, 2, 1607)
(35, 3, 1574)
(35, 4, 1429)
(35, 5, 1417)
(35, 6, 1297)
(35, 7, 1122)
(35, 8, 1088)
(35, 9, 975)
(35, 10, 943)
(35, 11, 858)
(35, 12, 787)
(35, 13, 704)
(35, 14, 660)
(35, 15, 628)
(35, 16, 618)
(35, 17, 611)
(35, 18, 588)
(35, 19, 558)
(35, 20, 543)
(35, 21, 535)
(35, 22, 523)
(35, 23, 520)
(35, 24, 512)
(35, 25, 509)
(35, 26, 499)
(35, 27, 482)
(35, 28, 473)
(35, 29, 463)
(35, 30, 457)
(35, 31, 452)
(35, 32, 425)
(35, 33, 413)
(35, 34, 410)
(35, 35, 400)
(35, 36, 394)
(35, 37, 359)
(35, 38, 346)
(35, 39, 344)

(36, 0, 1790)
(36, 1, 1765)
(36, 2, 1616)
(36, 3, 1582)
(36, 4, 1436)
(36, 5, 1424)
(36, 6, 1304)
(36, 7, 1129)
(36, 8, 1095)
(36, 9, 982)
(36, 10, 950)
(36, 11, 865)
(36, 12, 794)
(36, 13, 711)
(36, 14, 667)
(36, 15, 635)
(36, 16, 625)
(36, 17, 618)
(36, 18, 594)
(36, 19, 564)
(36, 20, 549)
(36, 21, 541)
(36, 22, 529)
(36, 23, 526)
(36, 24, 518)
(36, 25, 515)
(36, 26, 505)
(36, 27, 488)
(36, 28, 479)
(36, 29, 469)
(36, 30, 463)
(36, 31, 458)
(36, 32, 430)
(36, 33, 418)
(36, 34, 415)
(36, 35, 405)
(36, 36, 399)
(36, 37, 363)
(36, 38, 350)
(36, 39, 348)

(37, 0, 1819)
(37, 1, 1794)
(37, 2, 1639)
(37, 3, 1605)
(37, 4, 1457)
(37, 5, 1445)
(37, 6, 1323)
(37, 7, 1147)
(37, 8, 1111)
(37, 9, 996)
(37, 10, 962)
(37, 11, 877)
(37, 12, 803)
(37, 13, 719)
(37, 14, 674)
(37, 15, 641)
(37, 16, 631)
(37, 17, 624)
(37, 18, 600)
(37, 19, 570)
(37, 20, 555)
(37, 21, 547)
(37, 22, 535)
(37, 23, 532)
(37, 24, 524)
(37, 25, 521)
(37, 26, 511)
(37, 27, 494)
(37, 28, 484)
(37, 29, 474)
(37, 30, 468)
(37, 31, 463)
(37, 32, 434)
(37, 33, 422)
(37, 34, 419)
(37, 35, 409)
(37, 36, 403)
(37, 37, 367)
(37, 38, 354)
(37, 39, 352)

(38, 0, 2153)
(38, 1, 2128)
(38, 2, 1927)
(38, 3, 1892)
(38, 4, 1705)
(38, 5, 1693)
(38, 6, 1538)
(38, 7, 1313)
(38, 8, 1266)
(38, 9, 1110)
(38, 10, 1073)
(38, 11, 968)
(38, 12, 875)
(38, 13, 765)
(38, 14, 709)
(38, 15, 662)
(38, 16, 650)
(38, 17, 641)
(38, 18, 616)
(38, 19, 586)
(38, 20, 568)
(38, 21, 557)
(38, 22, 545)
(38, 23, 541)
(38, 24, 532)
(38, 25, 528)
(38, 26, 518)
(38, 27, 501)
(38, 28, 490)
(38, 29, 480)
(38, 30, 474)
(38, 31, 469)
(38, 32, 439)
(38, 33, 427)
(38, 34, 424)
(38, 35, 414)
(38, 36, 407)
(38, 37, 371)
(38, 38, 358)
(38, 39, 356)

(39, 0, 2704)
(39, 1, 2679)
(39, 2, 2399)
(39, 3, 2362)
(39, 4, 2120)
(39, 5, 2105)
(39, 6, 1894)
(39, 7, 1609)
(39, 8, 1553)
(39, 9, 1334)
(39, 10, 1291)
(39, 11, 1143)
(39, 12, 1008)
(39, 13, 854)
(39, 14, 762)
(39, 15, 698)
(39, 16, 673)
(39, 17, 656)
(39, 18, 623)
(39, 19, 591)
(39, 20, 571)
(39, 21, 560)
(39, 22, 545)
(39, 23, 541)
(39, 24, 532)
(39, 25, 529)
(39, 26, 519)
(39, 27, 502)
(39, 28, 492)
(39, 29, 482)
(39, 30, 476)
(39, 31, 471)
(39, 32, 443)
(39, 33, 431)
(39, 34, 428)
(39, 35, 418)
(39, 36, 410)
(39, 37, 374)
(39, 38, 361)
(39, 39, 359)


Betti numbers:
xi_0:
(0, 0, 2)
(2, 0, 1)
(3, 0, 8)
(4, 0, 20)
(5, 0, 10)
(6, 0, 19)
(7, 0, 12)
(8, 0, 22)
(9, 0, 24)
(10, 0, 28)
(11, 0, 34)
(12, 0, 26)
(13, 0, 65)
(14, 0, 82)
(15, 0, 12)
(16, 0, 11)
(17, 0, 13)
(18, 0, 20)
(19, 0, 45)
(20, 0, 238)
(21, 0, 282)
(22, 0, 221)
(23, 0, 167)
(24, 0, 209)
(25, 0, 71)
(26, 0, 9)
(27, 0, 3)
(28, 0, 4)
(29, 0, 13)
(30, 0, 8)
(31, 0, 26)
(32, 0, 19)
(33, 0, 18)
(34, 0, 20)
(35, 0, 18)
(36, 0, 10)
(37, 0, 29)
(38, 0, 334)
(39, 0, 551)
xi_1:
(3, 29, 1)
(3, 38, 1)
(4, 3, 1)
(4, 10, 2)
(4, 18, 1)
(4, 19, 2)
(4, 27, 2)
(4, 28, 1)
(4, 30, 1)
(4, 32, 1)
(4, 37, 1)
(5, 18, 1)
(5, 19, 2)
(5, 23, 1)
(5, 27, 1)
(6, 7, 1)
(6, 18, 1)
(6, 19, 3)
(6, 27, 1)
(6, 32, 2)
(6, 33, 1)
(6, 37, 1)
(6, 38, 1)
(7, 18, 2)
(7, 19, 1)
(7, 24, 1)
(7, 30, 1)
(7, 31, 1)
(7, 32, 1)
(7, 37, 1)
(8, 7, 1)
(8, 10, 2)
(8, 18, 1)
(8, 19, 1)
(8, 32, 3)
(8, 34, 1)
(8, 37, 2)
(8, 38, 2)
(9, 7, 1)
(9, 18, 2)
(9, 24, 1)
(9, 32, 5)
(9, 35, 1)
(9, 37, 2)
(9, 38, 2)
(10, 7, 4)
(10, 10, 1)
(10, 18, 1)
(10, 19, 1)
(10, 27, 2)
(10, 32, 2)
(10, 33, 1)
(10, 34, 1)
(10, 37, 2)
(11, 7, 2)
(11, 10, 2)
(11, 27, 1)
(11, 32, 2)
(11, 33, 2)
(11, 34, 1)
(11, 37, 6)
(12, 7, 1)
(12, 10, 1)
(12, 18, 1)
(12, 19, 1)
(12, 26, 1)
(12, 27, 1)
(12, 28, 1)
(12, 32, 2)
(12, 37, 1)
(12, 38, 1)
(13, 7, 5)
(13, 10, 3)
(13, 18, 2)
(13, 19, 1)
(13, 27, 2)
(13, 28, 1)
(13, 29, 1)
(13, 30, 1)
(13, 31, 2)
(13, 32, 3)
(13, 33, 2)
(13, 37, 7)
(13, 39, 1)
(14, 3, 1)
(14, 7, 6)
(14, 10, 1)
(14, 19, 8)
(14, 26, 2)
(14, 27, 4)
(14, 30, 1)
(14, 32, 5)
(14, 33, 3)
(14, 37, 7)
(14, 38, 3)
(15, 7, 1)
(15, 9, 1)
(15, 28, 1)
(15, 32, 1)
(15, 39, 1)
(16, 7, 1)
(16, 18, 1)
(16, 23, 1)
(16, 26, 1)
(17, 7, 1)
(17, 18, 1)
(17, 25, 1)
(17, 33, 1)
(18, 6, 1)
(18, 7, 1)
(18, 8, 1)
(18, 12, 1)
(18, 18, 1)
(18, 25, 1)
(18, 29, 1)
(19, 2, 4)
(19, 4, 1)
(19, 5, 3)
(19, 6, 4)
(19, 10, 4)
(19, 11, 2)
(19, 13, 4)
(19, 14, 1)
(19, 17, 1)
(19, 18, 1)
(19, 20, 1)
(19, 21, 1)
(19, 24, 1)
(19, 32, 2)
(19, 35, 1)
(19, 37, 2)
(20, 1, 1)
(20, 2, 23)
(20, 3, 2)
(20, 4, 32)
(20, 5, 1)
(20, 6, 22)
(20, 7, 31)
(20, 8, 7)
(20, 9, 20)
(20, 10, 7)
(20, 11, 21)
(20, 12, 12)
(20, 13, 18)
(20, 14, 9)
(20, 15, 9)
(20, 16, 1)
(20, 18, 3)
(20, 19, 2)
(20, 20, 1)
(20, 22, 2)
(20, 26, 1)
(20, 27, 1)
(20, 29, 1)
(20, 30, 1)
(20, 31, 1)
(20, 33, 1)
(20, 35, 2)
(20, 37, 1)
(21, 1, 6)
(21, 2, 41)
(21, 3, 4)
(21, 4, 36)
(21, 5, 3)
(21, 6, 41)
(21, 7, 38)
(21, 8, 5)
(21, 9, 28)
(21, 10, 1)
(21, 11, 15)
(21, 12, 20)
(21, 13, 11)
(21, 14, 8)
(21, 15, 5)
(21, 18, 3)
(21, 20, 1)
(21, 35, 1)
(22, 1, 1)
(22, 2, 25)
(22, 3, 6)
(22, 4, 29)
(22, 5, 2)
(22, 6, 19)
(22, 7, 32)
(22, 8, 9)
(22, 9, 20)
(22, 10, 3)
(22, 11, 5)
(22, 12, 10)
(22, 13, 18)
(22, 14, 9)
(22, 15, 4)
(22, 16, 4)
(22, 17, 1)
(22, 19, 1)
(22, 20, 2)
(22, 21, 1)
(22, 22, 3)
(22, 23, 1)
(22, 24, 2)
(22, 26, 4)
(22, 35, 1)
(22, 36, 1)
(23, 2, 18)
(23, 3, 3)
(23, 4, 18)
(23, 6, 9)
(23, 7, 21)
(23, 8, 5)
(23, 9, 15)
(23, 10, 1)
(23, 11, 18)
(23, 12, 10)
(23, 13, 13)
(23, 14, 7)
(23, 15, 8)
(23, 16, 1)
(23, 17, 3)
(23, 18, 1)
(23, 19, 2)
(23, 20, 3)
(23, 21, 1)
(23, 22, 2)
(23, 23, 1)
(23, 38, 1)
(24, 1, 16)
(24, 2, 25)
(24, 3, 10)
(24, 4, 24)
(24, 6, 16)
(24, 7, 15)
(24, 8, 4)
(24, 9, 23)
(24, 10, 3)
(24, 11, 17)
(24, 12, 13)
(24, 13, 14)
(24, 14, 6)
(24, 15, 10)
(24, 16, 3)
(24, 17, 1)
(24, 20, 4)
(24, 21, 2)
(24, 26, 1)
(24, 37, 1)
(25, 1, 1)
(25, 2, 12)
(25, 3, 3)
(25, 4, 5)
(25, 5, 2)
(25, 6, 6)
(25, 7, 7)
(25, 8, 2)
(25, 9, 7)
(25, 11, 5)
(25, 12, 5)
(25, 13, 4)
(25, 14, 1)
(25, 15, 1)
(25, 16, 1)
(25, 17, 1)
(25, 20, 1)
(25, 24, 1)
(25, 27, 1)
(25, 36, 1)
(26, 17, 1)
(26, 22, 1)
(26, 27, 1)
(28, 36, 1)
(29, 3, 1)
(29, 5, 1)
(29, 6, 1)
(29, 7, 1)
(29, 19, 1)
(29, 24, 1)
(29, 35, 1)
(29, 36, 1)
(30, 19, 1)
(30, 20, 1)
(31, 7, 2)
(31, 8, 1)
(31, 11, 1)
(31, 12, 1)
(31, 13, 1)
(31, 14, 1)
(31, 16, 1)
(31, 20, 1)
(31, 21, 1)
(31, 22, 1)
(31, 28, 4)
(31, 29, 1)
(31, 30, 1)
(32, 3, 1)
(32, 7, 1)
(32, 10, 1)
(32, 15, 1)
(32, 18, 1)
(32, 19, 1)
(32, 22, 1)
(32, 23, 1)
(32, 24, 1)
(32, 35, 1)
(32, 36, 1)
(32, 38, 1)
(33, 7, 2)
(33, 11, 2)
(33, 14, 1)
(33, 17, 1)
(33, 19, 1)
(33, 21, 1)
(33, 25, 1)
(33, 26, 1)
(33, 29, 3)
(33, 36, 1)
(34, 3, 1)
(34, 11, 1)
(34, 13, 1)
(34, 14, 2)
(34, 19, 1)
(34, 21, 3)
(34, 24, 1)
(34, 28, 1)
(34, 29, 1)
(34, 33, 1)
(34, 35, 1)
(34, 37, 1)
(35, 6, 1)
(35, 19, 1)
(35, 22, 2)
(35, 29, 1)
(35, 31, 1)
(35, 35, 1)
(35, 37, 1)
(35, 38, 1)
(36, 2, 1)
(36, 3, 1)
(36, 4, 1)
(36, 18, 1)
(36, 32, 1)
(36, 37, 1)
(37, 2, 6)
(37, 4, 2)
(37, 6, 2)
(37, 7, 1)
(37, 8, 2)
(37, 9, 2)
(37, 10, 2)
(37, 12, 3)
(37, 13, 1)
(37, 14, 1)
(37, 15, 1)
(37, 28, 1)
(37, 32, 1)
(38, 2, 46)
(38, 3, 1)
(38, 4, 39)
(38, 6, 33)
(38, 7, 49)
(38, 8, 11)
(38, 9, 41)
(38, 10, 3)
(38, 11, 20)
(38, 12, 19)
(38, 13, 26)
(38, 14, 11)
(38, 15, 15)
(38, 16, 2)
(38, 17, 2)
(38, 18, 1)
(38, 20, 3)
(38, 21, 3)
(38, 23, 1)
(38, 24, 1)
(38, 25, 1)
(38, 28, 1)
(38, 32, 1)
(38, 36, 1)
(39, 2, 79)
(39, 3, 2)
(39, 4, 55)
(39, 5, 3)
(39, 6, 56)
(39, 7, 60)
(39, 8, 9)
(39, 9, 63)
(39, 10, 6)
(39, 11, 44)
(39, 12, 42)
(39, 13, 45)
(39, 14, 37)
(39, 15, 18)
(39, 16, 13)
(39, 17, 8)
(39, 18, 8)
(39, 19, 2)
(39, 20, 3)
(39, 21, 1)
(39, 22, 3)
(39, 24, 1)
(39, 36, 1)
xi_2:
(20, 11, 1)
(20, 13, 1)
(20, 18, 1)
(20, 21, 1)
(20, 24, 1)
(20, 32, 1)
(20, 37, 1)
(21, 14, 1)
(21, 15, 4)
(21, 16, 1)
(21, 19, 1)
(21, 32, 1)
(22, 11, 1)
(22, 15, 1)
(23, 23, 1)
(24, 9, 1)
(24, 17, 2)
(24, 23, 1)
(25, 12, 1)
(25, 15, 1)
(25, 21, 1)
(34, 26, 1)
(38, 15, 1)
(39, 11, 1)
(39, 13, 1)
(39, 14, 1)
(39, 15, 1)
(39, 20, 1)
(39, 21, 1)
(39, 24, 1)
(39, 25, 1)
(39, 28, 1)
(39, 32, 2)
