x-grades
-84511510865179073/4000000000000000
-8297027133102801/400000000000000
-81429031796876947/4000000000000000
-19971948065681471/1000000000000000
-78346552728574821/4000000000000000
-38402656597211879/2000000000000000
-15052814732054539/800000000000000
-2303838566441301/125000000000000
-72181594591970569/4000000000000000
-35320177528909753/2000000000000000
-69099115523668443/4000000000000000
-3377893799475869/200000000000000
-66016636455366317/4000000000000000
-32237698460607627/2000000000000000
-62934157387064191/4000000000000000
-7674114731614141/500000000000000
-11970335663752413/800000000000000
-29155219392305501/2000000000000000
-56769199250459939/4000000000000000
-13806989929077219/1000000000000000
-53686720182157813/4000000000000000
-208581922592027/16000000000000
-50604241113855687/4000000000000000
-3066437598731539/250000000000000
-47521762045553561/4000000000000000
-22990261255701249/2000000000000000
-8887856595450287/800000000000000
-10724510860775093/1000000000000000
-41356803908949309/4000000000000000
-19907782187399123/2000000000000000
-38274324840647183/4000000000000000
-918327132662403/100000000000000
-35191845772345057/4000000000000000
-16825303119096997/2000000000000000
-32109366704042931/4000000000000000
-7642031792472967/1000000000000000
-5805377527148161/800000000000000
-13742824050794871/2000000000000000
-25944408567438679/4000000000000000
-381299516145119/62500000000000

y-grades
5/2
5
15/2
10
25/2
15
35/2
20
45/2
25
55/2
30
65/2
35
75/2
40
85/2
45
95/2
50
105/2
55
115/2
60
125/2
65
135/2
70
145/2
75
155/2
80
165/2
85
175/2
90
185/2
95
195/2
100

Dimensions > 0:
(0, 0, 25)
(0, 1, 25)
(0, 2, 9)
(0, 3, 9)
(0, 4, 5)
(0, 5, 5)
(0, 6, 3)
(0, 7, 2)
(0, 8, 1)
(0, 9, 1)
(0, 10, 1)
(0, 11, 1)
(0, 12, 1)
(0, 13, 1)
(0, 14, 1)
(0, 15, 1)
(0, 16, 1)
(0, 17, 1)
(0, 18, 1)
(0, 19, 1)
(0, 20, 1)
(0, 21, 1)
(0, 22, 1)
(0, 23, 1)
(0, 24, 1)
(0, 25, 1)
(0, 26, 1)
(0, 27, 1)
(0, 28, 1)
(0, 29, 1)
(0, 30, 1)
(0, 31, 1)
(0, 32, 1)
(0, 33, 1)
(0, 34, 1)
(0, 35, 1)
(0, 36, 1)
(0, 37, 1)
(0, 38, 1)
(0, 39, 1)

(1, 0, 32)
(1, 1, 32)
(1, 2, 11)
(1, 3, 11)
(1, 4, 7)
(1, 5, 7)
(1, 6, 2)
(1, 7, 2)
(1, 8, 1)
(1, 9, 1)
(1, 10, 1)
(1, 11, 1)
(1, 12, 1)
(1, 13, 1)
(1, 14, 1)
(1, 15, 1)
(1, 16, 1)
(1, 17, 1)
(1, 18, 1)
(1, 19, 1)
(1, 20, 1)
(1, 21, 1)
(1, 22, 1)
(1, 23, 1)
(1, 24, 1)
(1, 25, 1)
(1, 26, 1)
(1, 27, 1)
(1, 28, 1)
(1, 29, 1)
(1, 30, 1)
(1, 31, 1)
(1, 32, 1)
(1, 33, 1)
(1, 34, 1)
(1, 35, 1)
(1, 36, 1)
(1, 37, 1)
(1, 38, 1)
(1, 39, 1)

(2, 0, 38)
(2, 1, 35)
(2, 2, 14)
(2, 3, 14)
(2, 4, 9)
(2, 5, 7)
(2, 6, 3)
(2, 7, 3)
(2, 8, 2)
(2, 9, 2)
(2, 10, 2)
(2, 11, 2)
(2, 12, 2)
(2, 13, 2)
(2, 14, 2)
(2, 15, 2)
(2, 16, 2)
(2, 17, 2)
(2, 18, 2)
(2, 19, 2)
(2, 20, 2)
(2, 21, 2)
(2, 22, 2)
(2, 23, 2)
(2, 24, 2)
(2, 25, 2)
(2, 26, 2)
(2, 27, 2)
(2, 28, 2)
(2, 29, 2)
(2, 30, 1)
(2, 31, 1)
(2, 32, 1)
(2, 33, 1)
(2, 34, 1)
(2, 35, 1)
(2, 36, 1)
(2, 37, 1)
(2, 38, 1)
(2, 39, 1)

(3, 0, 52)
(3, 1, 49)
(3, 2, 23)
(3, 3, 23)
(3, 4, 14)
(3, 5, 12)
(3, 6, 8)
(3, 7, 8)
(3, 8, 5)
(3, 9, 5)
(3, 10, 5)
(3, 11, 5)
(3, 12, 5)
(3, 13, 4)
(3, 14, 3)
(3, 15, 3)
(3, 16, 3)
(3, 17, 3)
(3, 18, 3)
(3, 19, 3)
(3, 20, 3)
(3, 21, 3)
(3, 22, 3)
(3, 23, 3)
(3, 24, 3)
(3, 25, 3)
(3, 26, 3)
(3, 27, 3)
(3, 28, 3)
(3, 29, 3)
(3, 30, 2)
(3, 31, 2)
(3, 32, 2)
(3, 33, 2)
(3, 34, 2)
(3, 35, 2)
(3, 36, 2)
(3, 37, 2)
(3, 38, 2)
(3, 39, 2)

(4, 0, 64)
(4, 1, 60)
(4, 2, 28)
(4, 3, 28)
(4, 4, 17)
(4, 5, 15)
(4, 6, 8)
(4, 7, 7)
(4, 8, 4)
(4, 9, 4)
(4, 10, 4)
(4, 11, 4)
(4, 12, 4)
(4, 13, 3)
(4, 14, 3)
(4, 15, 3)
(4, 16, 3)
(4, 17, 3)
(4, 18, 3)
(4, 19, 3)
(4, 20, 3)
(4, 21, 3)
(4, 22, 3)
(4, 23, 3)
(4, 24, 3)
(4, 25, 3)
(4, 26, 3)
(4, 27, 3)
(4, 28, 3)
(4, 29, 3)
(4, 30, 2)
(4, 31, 2)
(4, 32, 2)
(4, 33, 2)
(4, 34, 2)
(4, 35, 2)
(4, 36, 2)
(4, 37, 2)
(4, 38, 2)
(4, 39, 2)

(5, 0, 85)
(5, 1, 73)
(5, 2, 33)
(5, 3, 32)
(5, 4, 20)
(5, 5, 18)
(5, 6, 9)
(5, 7, 9)
(5, 8, 7)
(5, 9, 7)
(5, 10, 7)
(5, 11, 7)
(5, 12, 7)
(5, 13, 6)
(5, 14, 6)
(5, 15, 6)
(5, 16, 6)
(5, 17, 6)
(5, 18, 6)
(5, 19, 6)
(5, 20, 6)
(5, 21, 6)
(5, 22, 6)
(5, 23, 6)
(5, 24, 5)
(5, 25, 5)
(5, 26, 5)
(5, 27, 5)
(5, 28, 5)
(5, 29, 4)
(5, 30, 3)
(5, 31, 3)
(5, 32, 3)
(5, 33, 3)
(5, 34, 3)
(5, 35, 3)
(5, 36, 3)
(5, 37, 3)
(5, 38, 3)
(5, 39, 3)

(6, 0, 95)
(6, 1, 80)
(6, 2, 40)
(6, 3, 39)
(6, 4, 27)
(6, 5, 20)
(6, 6, 11)
(6, 7, 11)
(6, 8, 9)
(6, 9, 9)
(6, 10, 7)
(6, 11, 7)
(6, 12, 7)
(6, 13, 6)
(6, 14, 6)
(6, 15, 6)
(6, 16, 6)
(6, 17, 6)
(6, 18, 6)
(6, 19, 6)
(6, 20, 6)
(6, 21, 6)
(6, 22, 6)
(6, 23, 6)
(6, 24, 5)
(6, 25, 5)
(6, 26, 5)
(6, 27, 5)
(6, 28, 5)
(6, 29, 4)
(6, 30, 3)
(6, 31, 3)
(6, 32, 3)
(6, 33, 3)
(6, 34, 3)
(6, 35, 3)
(6, 36, 3)
(6, 37, 3)
(6, 38, 3)
(6, 39, 3)

(7, 0, 95)
(7, 1, 80)
(7, 2, 40)
(7, 3, 39)
(7, 4, 27)
(7, 5, 20)
(7, 6, 11)
(7, 7, 11)
(7, 8, 9)
(7, 9, 9)
(7, 10, 7)
(7, 11, 7)
(7, 12, 7)
(7, 13, 6)
(7, 14, 6)
(7, 15, 6)
(7, 16, 6)
(7, 17, 6)
(7, 18, 6)
(7, 19, 6)
(7, 20, 6)
(7, 21, 6)
(7, 22, 6)
(7, 23, 6)
(7, 24, 5)
(7, 25, 5)
(7, 26, 5)
(7, 27, 5)
(7, 28, 5)
(7, 29, 4)
(7, 30, 3)
(7, 31, 3)
(7, 32, 3)
(7, 33, 3)
(7, 34, 3)
(7, 35, 3)
(7, 36, 3)
(7, 37, 3)
(7, 38, 3)
(7, 39, 3)

(8, 0, 95)
(8, 1, 80)
(8, 2, 40)
(8, 3, 39)
(8, 4, 27)
(8, 5, 20)
(8, 6, 11)
(8, 7, 11)
(8, 8, 9)
(8, 9, 9)
(8, 10, 7)
(8, 11, 7)
(8, 12, 7)
(8, 13, 6)
(8, 14, 6)
(8, 15, 6)
(8, 16, 6)
(8, 17, 6)
(8, 18, 6)
(8, 19, 6)
(8, 20, 6)
(8, 21, 6)
(8, 22, 6)
(8, 23, 6)
(8, 24, 5)
(8, 25, 5)
(8, 26, 5)
(8, 27, 5)
(8, 28, 5)
(8, 29, 4)
(8, 30, 3)
(8, 31, 3)
(8, 32, 3)
(8, 33, 3)
(8, 34, 3)
(8, 35, 3)
(8, 36, 3)
(8, 37, 3)
(8, 38, 3)
(8, 39, 3)

(9, 0, 95)
(9, 1, 80)
(9, 2, 40)
(9, 3, 39)
(9, 4, 27)
(9, 5, 20)
(9, 6, 11)
(9, 7, 11)
(9, 8, 9)
(9, 9, 9)
(9, 10, 7)
(9, 11, 7)
(9, 12, 7)
(9, 13, 6)
(9, 14, 6)
(9, 15, 6)
(9, 16, 6)
(9, 17, 6)
(9, 18, 6)
(9, 19, 6)
(9, 20, 6)
(9, 21, 6)
(9, 22, 6)
(9, 23, 6)
(9, 24, 5)
(9, 25, 5)
(9, 26, 5)
(9, 27, 5)
(9, 28, 5)
(9, 29, 4)
(9, 30, 3)
(9, 31, 3)
(9, 32, 3)
(9, 33, 3)
(9, 34, 3)
(9, 35, 3)
(9, 36, 3)
(9, 37, 3)
(9, 38, 3)
(9, 39, 3)

(10, 0, 96)
(10, 1, 81)
(10, 2, 41)
(10, 3, 40)
(10, 4, 28)
(10, 5, 21)
(10, 6, 12)
(10, 7, 12)
(10, 8, 10)
(10, 9, 10)
(10, 10, 8)
(10, 11, 8)
(10, 12, 8)
(10, 13, 7)
(10, 14, 7)
(10, 15, 7)
(10, 16, 7)
(10, 17, 7)
(10, 18, 7)
(10, 19, 7)
(10, 20, 7)
(10, 21, 7)
(10, 22, 7)
(10, 23, 7)
(10, 24, 6)
(10, 25, 6)
(10, 26, 6)
(10, 27, 6)
(10, 28, 6)
(10, 29, 5)
(10, 30, 4)
(10, 31, 4)
(10, 32, 4)
(10, 33, 4)
(10, 34, 4)
(10, 35, 4)
(10, 36, 4)
(10, 37, 3)
(10, 38, 3)
(10, 39, 3)

(11, 0, 96)
(11, 1, 81)
(11, 2, 41)
(11, 3, 40)
(11, 4, 28)
(11, 5, 21)
(11, 6, 12)
(11, 7, 12)
(11, 8, 10)
(11, 9, 10)
(11, 10, 8)
(11, 11, 8)
(11, 12, 8)
(11, 13, 7)
(11, 14, 7)
(11, 15, 7)
(11, 16, 7)
(11, 17, 7)
(11, 18, 7)
(11, 19, 7)
(11, 20, 7)
(11, 21, 7)
(11, 22, 7)
(11, 23, 7)
(11, 24, 6)
(11, 25, 6)
(11, 26, 6)
(11, 27, 6)
(11, 28, 6)
(11, 29, 5)
(11, 30, 4)
(11, 31, 4)
(11, 32, 4)
(11, 33, 4)
(11, 34, 4)
(11, 35, 4)
(11, 36, 4)
(11, 37, 3)
(11, 38, 3)
(11, 39, 3)

(12, 0, 97)
(12, 1, 82)
(12, 2, 42)
(12, 3, 41)
(12, 4, 29)
(12, 5, 22)
(12, 6, 13)
(12, 7, 13)
(12, 8, 11)
(12, 9, 11)
(12, 10, 9)
(12, 11, 9)
(12, 12, 9)
(12, 13, 8)
(12, 14, 8)
(12, 15, 8)
(12, 16, 8)
(12, 17, 8)
(12, 18, 8)
(12, 19, 8)
(12, 20, 8)
(12, 21, 8)
(12, 22, 8)
(12, 23, 8)
(12, 24, 7)
(12, 25, 7)
(12, 26, 7)
(12, 27, 7)
(12, 28, 7)
(12, 29, 6)
(12, 30, 5)
(12, 31, 5)
(12, 32, 5)
(12, 33, 5)
(12, 34, 5)
(12, 35, 5)
(12, 36, 5)
(12, 37, 4)
(12, 38, 4)
(12, 39, 4)

(13, 0, 97)
(13, 1, 82)
(13, 2, 42)
(13, 3, 41)
(13, 4, 29)
(13, 5, 22)
(13, 6, 13)
(13, 7, 13)
(13, 8, 11)
(13, 9, 11)
(13, 10, 9)
(13, 11, 9)
(13, 12, 9)
(13, 13, 8)
(13, 14, 8)
(13, 15, 8)
(13, 16, 8)
(13, 17, 8)
(13, 18, 8)
(13, 19, 8)
(13, 20, 8)
(13, 21, 8)
(13, 22, 8)
(13, 23, 8)
(13, 24, 7)
(13, 25, 7)
(13, 26, 7)
(13, 27, 7)
(13, 28, 7)
(13, 29, 6)
(13, 30, 5)
(13, 31, 5)
(13, 32, 5)
(13, 33, 5)
(13, 34, 5)
(13, 35, 5)
(13, 36, 5)
(13, 37, 4)
(13, 38, 4)
(13, 39, 4)

(14, 0, 97)
(14, 1, 82)
(14, 2, 42)
(14, 3, 41)
(14, 4, 29)
(14, 5, 22)
(14, 6, 13)
(14, 7, 13)
(14, 8, 11)
(14, 9, 11)
(14, 10, 9)
(14, 11, 9)
(14, 12, 9)
(14, 13, 8)
(14, 14, 8)
(14, 15, 8)
(14, 16, 8)
(14, 17, 8)
(14, 18, 8)
(14, 19, 8)
(14, 20, 8)
(14, 21, 8)
(14, 22, 8)
(14, 23, 8)
(14, 24, 7)
(14, 25, 7)
(14, 26, 7)
(14, 27, 7)
(14, 28, 7)
(14, 29, 6)
(14, 30, 5)
(14, 31, 5)
(14, 32, 5)
(14, 33, 5)
(14, 34, 5)
(14, 35, 5)
(14, 36, 5)
(14, 37, 4)
(14, 38, 4)
(14, 39, 4)

(15, 0, 97)
(15, 1, 82)
(15, 2, 42)
(15, 3, 41)
(15, 4, 29)
(15, 5, 22)
(15, 6, 13)
(15, 7, 13)
(15, 8, 11)
(15, 9, 11)
(15, 10, 9)
(15, 11, 9)
(15, 12, 9)
(15, 13, 8)
(15, 14, 8)
(15, 15, 8)
(15, 16, 8)
(15, 17, 8)
(15, 18, 8)
(15, 19, 8)
(15, 20, 8)
(15, 21, 8)
(15, 22, 8)
(15, 23, 8)
(15, 24, 7)
(15, 25, 7)
(15, 26, 7)
(15, 27, 7)
(15, 28, 7)
(15, 29, 6)
(15, 30, 5)
(15, 31, 5)
(15, 32, 5)
(15, 33, 5)
(15, 34, 5)
(15, 35, 5)
(15, 36, 5)
(15, 37, 4)
(15, 38, 4)
(15, 39, 4)

(16, 0, 98)
(16, 1, 83)
(16, 2, 43)
(16, 3, 42)
(16, 4, 30)
(16, 5, 23)
(16, 6, 14)
(16, 7, 14)
(16, 8, 12)
(16, 9, 12)
(16, 10, 10)
(16, 11, 10)
(16, 12, 10)
(16, 13, 9)
(16, 14, 9)
(16, 15, 9)
(16, 16, 9)
(16, 17, 9)
(16, 18, 9)
(16, 19, 9)
(16, 20, 9)
(16, 21, 9)
(16, 22, 9)
(16, 23, 9)
(16, 24, 8)
(16, 25, 8)
(16, 26, 8)
(16, 27, 8)
(16, 28, 8)
(16, 29, 7)
(16, 30, 6)
(16, 31, 6)
(16, 32, 6)
(16, 33, 6)
(16, 34, 6)
(16, 35, 6)
(16, 36, 6)
(16, 37, 5)
(16, 38, 5)
(16, 39, 5)

(17, 0, 98)
(17, 1, 83)
(17, 2, 43)
(17, 3, 42)
(17, 4, 30)
(17, 5, 23)
(17, 6, 14)
(17, 7, 14)
(17, 8, 12)
(17, 9, 12)
(17, 10, 10)
(17, 11, 10)
(17, 12, 10)
(17, 13, 9)
(17, 14, 9)
(17, 15, 9)
(17, 16, 9)
(17, 17, 9)
(17, 18, 9)
(17, 19, 9)
(17, 20, 9)
(17, 21, 9)
(17, 22, 9)
(17, 23, 9)
(17, 24, 8)
(17, 25, 8)
(17, 26, 8)
(17, 27, 8)
(17, 28, 8)
(17, 29, 7)
(17, 30, 6)
(17, 31, 6)
(17, 32, 6)
(17, 33, 6)
(17, 34, 6)
(17, 35, 6)
(17, 36, 6)
(17, 37, 5)
(17, 38, 5)
(17, 39, 5)

(18, 0, 98)
(18, 1, 83)
(18, 2, 43)
(18, 3, 42)
(18, 4, 30)
(18, 5, 23)
(18, 6, 14)
(18, 7, 14)
(18, 8, 12)
(18, 9, 12)
(18, 10, 10)
(18, 11, 10)
(18, 12, 10)
(18, 13, 9)
(18, 14, 9)
(18, 15, 9)
(18, 16, 9)
(18, 17, 9)
(18, 18, 9)
(18, 19, 9)
(18, 20, 9)
(18, 21, 9)
(18, 22, 9)
(18, 23, 9)
(18, 24, 8)
(18, 25, 8)
(18, 26, 8)
(18, 27, 8)
(18, 28, 8)
(18, 29, 7)
(18, 30, 6)
(18, 31, 6)
(18, 32, 6)
(18, 33, 6)
(18, 34, 6)
(18, 35, 6)
(18, 36, 6)
(18, 37, 5)
(18, 38, 5)
(18, 39, 5)

(19, 0, 98)
(19, 1, 83)
(19, 2, 43)
(19, 3, 42)
(19, 4, 30)
(19, 5, 23)
(19, 6, 14)
(19, 7, 14)
(19, 8, 12)
(19, 9, 12)
(19, 10, 10)
(19, 11, 10)
(19, 12, 10)
(19, 13, 9)
(19, 14, 9)
(19, 15, 9)
(19, 16, 9)
(19, 17, 9)
(19, 18, 9)
(19, 19, 9)
(19, 20, 9)
(19, 21, 9)
(19, 22, 9)
(19, 23, 9)
(19, 24, 8)
(19, 25, 8)
(19, 26, 8)
(19, 27, 8)
(19, 28, 8)
(19, 29, 7)
(19, 30, 6)
(19, 31, 6)
(19, 32, 6)
(19, 33, 6)
(19, 34, 6)
(19, 35, 6)
(19, 36, 6)
(19, 37, 5)
(19, 38, 5)
(19, 39, 5)

(20, 0, 99)
(20, 1, 84)
(20, 2, 44)
(20, 3, 43)
(20, 4, 31)
(20, 5, 24)
(20, 6, 15)
(20, 7, 15)
(20, 8, 13)
(20, 9, 13)
(20, 10, 11)
(20, 11, 11)
(20, 12, 11)
(20, 13, 10)
(20, 14, 10)
(20, 15, 10)
(20, 16, 10)
(20, 17, 10)
(20, 18, 10)
(20, 19, 10)
(20, 20, 10)
(20, 21, 10)
(20, 22, 10)
(20, 23, 10)
(20, 24, 9)
(20, 25, 9)
(20, 26, 9)
(20, 27, 9)
(20, 28, 9)
(20, 29, 8)
(20, 30, 7)
(20, 31, 7)
(20, 32, 7)
(20, 33, 7)
(20, 34, 7)
(20, 35, 7)
(20, 36, 7)
(20, 37, 6)
(20, 38, 6)
(20, 39, 6)

(21, 0, 99)
(21, 1, 84)
(21, 2, 44)
(21, 3, 43)
(21, 4, 31)
(21, 5, 24)
(21, 6, 15)
(21, 7, 15)
(21, 8, 13)
(21, 9, 13)
(21, 10, 11)
(21, 11, 11)
(21, 12, 11)
(21, 13, 10)
(21, 14, 10)
(21, 15, 10)
(21, 16, 10)
(21, 17, 10)
(21, 18, 10)
(21, 19, 10)
(21, 20, 10)
(21, 21, 10)
(21, 22, 10)
(21, 23, 10)
(21, 24, 9)
(21, 25, 9)
(21, 26, 9)
(21, 27, 9)
(21, 28, 9)
(21, 29, 8)
(21, 30, 7)
(21, 31, 7)
(21, 32, 7)
(21, 33, 7)
(21, 34, 7)
(21, 35, 7)
(21, 36, 7)
(21, 37, 6)
(21, 38, 6)
(21, 39, 6)

(22, 0, 101)
(22, 1, 86)
(22, 2, 46)
(22, 3, 45)
(22, 4, 33)
(22, 5, 26)
(22, 6, 17)
(22, 7, 17)
(22, 8, 15)
(22, 9, 15)
(22, 10, 13)
(22, 11, 13)
(22, 12, 13)
(22, 13, 12)
(22, 14, 12)
(22, 15, 12)
(22, 16, 12)
(22, 17, 12)
(22, 18, 12)
(22, 19, 12)
(22, 20, 12)
(22, 21, 12)
(22, 22, 12)
(22, 23, 12)
(22, 24, 11)
(22, 25, 11)
(22, 26, 11)
(22, 27, 11)
(22, 28, 11)
(22, 29, 10)
(22, 30, 9)
(22, 31, 8)
(22, 32, 8)
(22, 33, 8)
(22, 34, 7)
(22, 35, 7)
(22, 36, 7)
(22, 37, 6)
(22, 38, 6)
(22, 39, 6)

(23, 0, 114)
(23, 1, 99)
(23, 2, 57)
(23, 3, 56)
(23, 4, 42)
(23, 5, 35)
(23, 6, 26)
(23, 7, 22)
(23, 8, 20)
(23, 9, 19)
(23, 10, 17)
(23, 11, 16)
(23, 12, 15)
(23, 13, 14)
(23, 14, 14)
(23, 15, 14)
(23, 16, 14)
(23, 17, 13)
(23, 18, 13)
(23, 19, 13)
(23, 20, 13)
(23, 21, 13)
(23, 22, 13)
(23, 23, 13)
(23, 24, 12)
(23, 25, 12)
(23, 26, 12)
(23, 27, 12)
(23, 28, 12)
(23, 29, 11)
(23, 30, 10)
(23, 31, 9)
(23, 32, 9)
(23, 33, 9)
(23, 34, 8)
(23, 35, 8)
(23, 36, 8)
(23, 37, 7)
(23, 38, 7)
(23, 39, 7)

(24, 0, 138)
(24, 1, 117)
(24, 2, 65)
(24, 3, 64)
(24, 4, 50)
(24, 5, 42)
(24, 6, 31)
(24, 7, 26)
(24, 8, 23)
(24, 9, 21)
(24, 10, 18)
(24, 11, 17)
(24, 12, 17)
(24, 13, 16)
(24, 14, 16)
(24, 15, 16)
(24, 16, 15)
(24, 17, 14)
(24, 18, 14)
(24, 19, 13)
(24, 20, 13)
(24, 21, 13)
(24, 22, 13)
(24, 23, 13)
(24, 24, 12)
(24, 25, 12)
(24, 26, 12)
(24, 27, 12)
(24, 28, 12)
(24, 29, 11)
(24, 30, 10)
(24, 31, 9)
(24, 32, 9)
(24, 33, 9)
(24, 34, 8)
(24, 35, 8)
(24, 36, 8)
(24, 37, 7)
(24, 38, 7)
(24, 39, 7)

(25, 0, 160)
(25, 1, 129)
(25, 2, 70)
(25, 3, 69)
(25, 4, 52)
(25, 5, 44)
(25, 6, 33)
(25, 7, 28)
(25, 8, 25)
(25, 9, 22)
(25, 10, 19)
(25, 11, 18)
(25, 12, 18)
(25, 13, 17)
(25, 14, 17)
(25, 15, 17)
(25, 16, 16)
(25, 17, 15)
(25, 18, 15)
(25, 19, 14)
(25, 20, 14)
(25, 21, 14)
(25, 22, 14)
(25, 23, 14)
(25, 24, 13)
(25, 25, 13)
(25, 26, 13)
(25, 27, 13)
(25, 28, 13)
(25, 29, 12)
(25, 30, 11)
(25, 31, 10)
(25, 32, 10)
(25, 33, 10)
(25, 34, 9)
(25, 35, 8)
(25, 36, 8)
(25, 37, 7)
(25, 38, 7)
(25, 39, 7)

(26, 0, 184)
(26, 1, 150)
(26, 2, 85)
(26, 3, 82)
(26, 4, 60)
(26, 5, 52)
(26, 6, 41)
(26, 7, 32)
(26, 8, 28)
(26, 9, 25)
(26, 10, 22)
(26, 11, 21)
(26, 12, 21)
(26, 13, 20)
(26, 14, 20)
(26, 15, 18)
(26, 16, 17)
(26, 17, 16)
(26, 18, 16)
(26, 19, 15)
(26, 20, 15)
(26, 21, 15)
(26, 22, 15)
(26, 23, 15)
(26, 24, 14)
(26, 25, 13)
(26, 26, 13)
(26, 27, 13)
(26, 28, 13)
(26, 29, 12)
(26, 30, 11)
(26, 31, 10)
(26, 32, 10)
(26, 33, 9)
(26, 34, 8)
(26, 35, 8)
(26, 36, 8)
(26, 37, 7)
(26, 38, 7)
(26, 39, 7)

(27, 0, 199)
(27, 1, 163)
(27, 2, 94)
(27, 3, 87)
(27, 4, 64)
(27, 5, 56)
(27, 6, 45)
(27, 7, 34)
(27, 8, 30)
(27, 9, 27)
(27, 10, 24)
(27, 11, 23)
(27, 12, 23)
(27, 13, 22)
(27, 14, 22)
(27, 15, 20)
(27, 16, 19)
(27, 17, 18)
(27, 18, 18)
(27, 19, 17)
(27, 20, 17)
(27, 21, 17)
(27, 22, 17)
(27, 23, 17)
(27, 24, 16)
(27, 25, 15)
(27, 26, 15)
(27, 27, 15)
(27, 28, 15)
(27, 29, 14)
(27, 30, 13)
(27, 31, 12)
(27, 32, 12)
(27, 33, 11)
(27, 34, 10)
(27, 35, 10)
(27, 36, 10)
(27, 37, 9)
(27, 38, 9)
(27, 39, 9)

(28, 0, 215)
(28, 1, 175)
(28, 2, 101)
(28, 3, 90)
(28, 4, 67)
(28, 5, 59)
(28, 6, 48)
(28, 7, 36)
(28, 8, 32)
(28, 9, 29)
(28, 10, 26)
(28, 11, 25)
(28, 12, 25)
(28, 13, 24)
(28, 14, 23)
(28, 15, 19)
(28, 16, 18)
(28, 17, 17)
(28, 18, 17)
(28, 19, 17)
(28, 20, 17)
(28, 21, 17)
(28, 22, 17)
(28, 23, 17)
(28, 24, 16)
(28, 25, 15)
(28, 26, 15)
(28, 27, 15)
(28, 28, 15)
(28, 29, 14)
(28, 30, 13)
(28, 31, 12)
(28, 32, 12)
(28, 33, 11)
(28, 34, 10)
(28, 35, 10)
(28, 36, 10)
(28, 37, 9)
(28, 38, 9)
(28, 39, 9)

(29, 0, 237)
(29, 1, 189)
(29, 2, 109)
(29, 3, 93)
(29, 4, 69)
(29, 5, 61)
(29, 6, 50)
(29, 7, 38)
(29, 8, 33)
(29, 9, 30)
(29, 10, 27)
(29, 11, 26)
(29, 12, 24)
(29, 13, 23)
(29, 14, 23)
(29, 15, 20)
(29, 16, 19)
(29, 17, 18)
(29, 18, 18)
(29, 19, 18)
(29, 20, 18)
(29, 21, 18)
(29, 22, 18)
(29, 23, 18)
(29, 24, 17)
(29, 25, 16)
(29, 26, 16)
(29, 27, 16)
(29, 28, 16)
(29, 29, 15)
(29, 30, 14)
(29, 31, 13)
(29, 32, 13)
(29, 33, 12)
(29, 34, 11)
(29, 35, 11)
(29, 36, 11)
(29, 37, 10)
(29, 38, 10)
(29, 39, 10)

(30, 0, 300)
(30, 1, 227)
(30, 2, 127)
(30, 3, 107)
(30, 4, 78)
(30, 5, 70)
(30, 6, 55)
(30, 7, 43)
(30, 8, 38)
(30, 9, 35)
(30, 10, 31)
(30, 11, 30)
(30, 12, 28)
(30, 13, 26)
(30, 14, 26)
(30, 15, 22)
(30, 16, 20)
(30, 17, 19)
(30, 18, 19)
(30, 19, 19)
(30, 20, 19)
(30, 21, 19)
(30, 22, 19)
(30, 23, 19)
(30, 24, 18)
(30, 25, 17)
(30, 26, 17)
(30, 27, 17)
(30, 28, 17)
(30, 29, 16)
(30, 30, 15)
(30, 31, 14)
(30, 32, 14)
(30, 33, 13)
(30, 34, 12)
(30, 35, 12)
(30, 36, 12)
(30, 37, 11)
(30, 38, 11)
(30, 39, 11)

(31, 0, 353)
(31, 1, 263)
(31, 2, 148)
(31, 3, 119)
(31, 4, 89)
(31, 5, 77)
(31, 6, 62)
(31, 7, 49)
(31, 8, 42)
(31, 9, 37)
(31, 10, 32)
(31, 11, 31)
(31, 12, 29)
(31, 13, 27)
(31, 14, 27)
(31, 15, 23)
(31, 16, 21)
(31, 17, 20)
(31, 18, 20)
(31, 19, 20)
(31, 20, 20)
(31, 21, 20)
(31, 22, 20)
(31, 23, 20)
(31, 24, 19)
(31, 25, 18)
(31, 26, 18)
(31, 27, 18)
(31, 28, 18)
(31, 29, 17)
(31, 30, 16)
(31, 31, 15)
(31, 32, 15)
(31, 33, 14)
(31, 34, 13)
(31, 35, 13)
(31, 36, 13)
(31, 37, 12)
(31, 38, 12)
(31, 39, 11)

(32, 0, 387)
(32, 1, 279)
(32, 2, 161)
(32, 3, 123)
(32, 4, 91)
(32, 5, 79)
(32, 6, 64)
(32, 7, 51)
(32, 8, 44)
(32, 9, 39)
(32, 10, 33)
(32, 11, 32)
(32, 12, 30)
(32, 13, 28)
(32, 14, 28)
(32, 15, 24)
(32, 16, 22)
(32, 17, 21)
(32, 18, 21)
(32, 19, 21)
(32, 20, 21)
(32, 21, 21)
(32, 22, 21)
(32, 23, 20)
(32, 24, 19)
(32, 25, 18)
(32, 26, 18)
(32, 27, 18)
(32, 28, 18)
(32, 29, 17)
(32, 30, 16)
(32, 31, 15)
(32, 32, 14)
(32, 33, 13)
(32, 34, 12)
(32, 35, 12)
(32, 36, 12)
(32, 37, 11)
(32, 38, 11)
(32, 39, 11)

(33, 0, 418)
(33, 1, 296)
(33, 2, 172)
(33, 3, 127)
(33, 4, 94)
(33, 5, 81)
(33, 6, 66)
(33, 7, 53)
(33, 8, 46)
(33, 9, 40)
(33, 10, 34)
(33, 11, 33)
(33, 12, 31)
(33, 13, 29)
(33, 14, 29)
(33, 15, 25)
(33, 16, 23)
(33, 17, 22)
(33, 18, 22)
(33, 19, 22)
(33, 20, 22)
(33, 21, 22)
(33, 22, 22)
(33, 23, 21)
(33, 24, 20)
(33, 25, 19)
(33, 26, 19)
(33, 27, 19)
(33, 28, 19)
(33, 29, 18)
(33, 30, 17)
(33, 31, 16)
(33, 32, 15)
(33, 33, 14)
(33, 34, 13)
(33, 35, 13)
(33, 36, 13)
(33, 37, 12)
(33, 38, 12)
(33, 39, 12)

(34, 0, 482)
(34, 1, 332)
(34, 2, 191)
(34, 3, 133)
(34, 4, 98)
(34, 5, 83)
(34, 6, 67)
(34, 7, 54)
(34, 8, 47)
(34, 9, 42)
(34, 10, 36)
(34, 11, 35)
(34, 12, 32)
(34, 13, 30)
(34, 14, 30)
(34, 15, 26)
(34, 16, 25)
(34, 17, 24)
(34, 18, 24)
(34, 19, 24)
(34, 20, 24)
(34, 21, 24)
(34, 22, 24)
(34, 23, 23)
(34, 24, 22)
(34, 25, 21)
(34, 26, 20)
(34, 27, 20)
(34, 28, 20)
(34, 29, 19)
(34, 30, 18)
(34, 31, 17)
(34, 32, 16)
(34, 33, 14)
(34, 34, 13)
(34, 35, 13)
(34, 36, 13)
(34, 37, 12)
(34, 38, 12)
(34, 39, 12)

(35, 0, 536)
(35, 1, 362)
(35, 2, 202)
(35, 3, 136)
(35, 4, 99)
(35, 5, 84)
(35, 6, 68)
(35, 7, 55)
(35, 8, 48)
(35, 9, 43)
(35, 10, 37)
(35, 11, 36)
(35, 12, 33)
(35, 13, 31)
(35, 14, 31)
(35, 15, 27)
(35, 16, 26)
(35, 17, 25)
(35, 18, 25)
(35, 19, 25)
(35, 20, 24)
(35, 21, 24)
(35, 22, 24)
(35, 23, 23)
(35, 24, 22)
(35, 25, 21)
(35, 26, 20)
(35, 27, 20)
(35, 28, 20)
(35, 29, 19)
(35, 30, 18)
(35, 31, 17)
(35, 32, 16)
(35, 33, 14)
(35, 34, 13)
(35, 35, 13)
(35, 36, 13)
(35, 37, 12)
(35, 38, 12)
(35, 39, 12)

(36, 0, 601)
(36, 1, 399)
(36, 2, 212)
(36, 3, 146)
(36, 4, 107)
(36, 5, 90)
(36, 6, 72)
(36, 7, 59)
(36, 8, 52)
(36, 9, 45)
(36, 10, 39)
(36, 11, 38)
(36, 12, 35)
(36, 13, 33)
(36, 14, 33)
(36, 15, 29)
(36, 16, 28)
(36, 17, 27)
(36, 18, 27)
(36, 19, 27)
(36, 20, 25)
(36, 21, 24)
(36, 22, 24)
(36, 23, 22)
(36, 24, 21)
(36, 25, 20)
(36, 26, 19)
(36, 27, 19)
(36, 28, 19)
(36, 29, 18)
(36, 30, 17)
(36, 31, 16)
(36, 32, 15)
(36, 33, 13)
(36, 34, 12)
(36, 35, 12)
(36, 36, 12)
(36, 37, 11)
(36, 38, 11)
(36, 39, 10)

(37, 0, 660)
(37, 1, 430)
(37, 2, 223)
(37, 3, 156)
(37, 4, 115)
(37, 5, 93)
(37, 6, 76)
(37, 7, 63)
(37, 8, 56)
(37, 9, 50)
(37, 10, 43)
(37, 11, 42)
(37, 12, 38)
(37, 13, 36)
(37, 14, 36)
(37, 15, 30)
(37, 16, 29)
(37, 17, 28)
(37, 18, 28)
(37, 19, 26)
(37, 20, 24)
(37, 21, 23)
(37, 22, 23)
(37, 23, 22)
(37, 24, 21)
(37, 25, 20)
(37, 26, 19)
(37, 27, 19)
(37, 28, 19)
(37, 29, 18)
(37, 30, 17)
(37, 31, 16)
(37, 32, 15)
(37, 33, 12)
(37, 34, 11)
(37, 35, 11)
(37, 36, 11)
(37, 37, 10)
(37, 38, 10)
(37, 39, 10)

(38, 0, 757)
(38, 1, 472)
(38, 2, 248)
(38, 3, 177)
(38, 4, 129)
(38, 5, 102)
(38, 6, 84)
(38, 7, 71)
(38, 8, 64)
(38, 9, 57)
(38, 10, 49)
(38, 11, 46)
(38, 12, 41)
(38, 13, 37)
(38, 14, 37)
(38, 15, 31)
(38, 16, 30)
(38, 17, 28)
(38, 18, 27)
(38, 19, 27)
(38, 20, 26)
(38, 21, 25)
(38, 22, 23)
(38, 23, 20)
(38, 24, 19)
(38, 25, 18)
(38, 26, 17)
(38, 27, 17)
(38, 28, 17)
(38, 29, 16)
(38, 30, 15)
(38, 31, 14)
(38, 32, 13)
(38, 33, 11)
(38, 34, 10)
(38, 35, 10)
(38, 36, 10)
(38, 37, 9)
(38, 38, 9)
(38, 39, 9)

(39, 0, 853)
(39, 1, 518)
(39, 2, 251)
(39, 3, 178)
(39, 4, 126)
(39, 5, 100)
(39, 6, 82)
(39, 7, 69)
(39, 8, 62)
(39, 9, 55)
(39, 10, 47)
(39, 11, 43)
(39, 12, 38)
(39, 13, 34)
(39, 14, 34)
(39, 15, 29)
(39, 16, 28)
(39, 17, 27)
(39, 18, 26)
(39, 19, 26)
(39, 20, 25)
(39, 21, 24)
(39, 22, 23)
(39, 23, 20)
(39, 24, 19)
(39, 25, 18)
(39, 26, 17)
(39, 27, 17)
(39, 28, 17)
(39, 29, 16)
(39, 30, 15)
(39, 31, 14)
(39, 32, 13)
(39, 33, 11)
(39, 34, 10)
(39, 35, 10)
(39, 36, 10)
(39, 37, 9)
(39, 38, 9)
(39, 39, 9)


Betti numbers:
xi_0:
(0, 0, 25)
(1, 0, 7)
(2, 0, 6)
(3, 0, 14)
(4, 0, 12)
(5, 0, 21)
(6, 0, 10)
(10, 0, 1)
(12, 0, 1)
(16, 0, 1)
(20, 0, 1)
(22, 0, 2)
(23, 0, 13)
(24, 0, 24)
(25, 0, 22)
(26, 0, 24)
(27, 0, 15)
(28, 0, 16)
(29, 0, 22)
(30, 0, 63)
(31, 0, 53)
(32, 0, 34)
(33, 0, 31)
(34, 0, 64)
(35, 0, 54)
(36, 0, 65)
(37, 0, 59)
(38, 0, 98)
(39, 0, 96)
xi_1:
(0, 2, 16)
(0, 4, 4)
(0, 6, 2)
(0, 7, 1)
(0, 8, 1)
(1, 2, 5)
(1, 6, 3)
(2, 1, 3)
(2, 4, 1)
(2, 5, 2)
(2, 30, 1)
(3, 2, 5)
(3, 4, 4)
(3, 8, 2)
(3, 13, 1)
(3, 14, 1)
(4, 1, 1)
(4, 2, 6)
(4, 4, 2)
(4, 6, 3)
(4, 7, 1)
(4, 8, 1)
(5, 1, 8)
(5, 2, 8)
(5, 3, 1)
(5, 4, 1)
(5, 6, 2)
(5, 24, 1)
(5, 29, 1)
(6, 1, 3)
(6, 5, 5)
(6, 10, 2)
(10, 37, 1)
(22, 31, 1)
(22, 34, 1)
(23, 2, 2)
(23, 4, 2)
(23, 7, 4)
(23, 9, 1)
(23, 11, 1)
(23, 12, 1)
(23, 17, 1)
(24, 1, 6)
(24, 2, 10)
(24, 5, 1)
(24, 6, 2)
(24, 7, 1)
(24, 8, 1)
(24, 9, 1)
(24, 10, 1)
(24, 16, 1)
(24, 19, 1)
(25, 1, 10)
(25, 2, 7)
(25, 4, 3)
(25, 9, 1)
(25, 35, 1)
(26, 1, 3)
(26, 2, 6)
(26, 3, 2)
(26, 4, 5)
(26, 7, 4)
(26, 8, 1)
(26, 15, 2)
(26, 25, 1)
(26, 33, 1)
(27, 1, 2)
(27, 2, 4)
(27, 3, 4)
(27, 4, 1)
(27, 7, 2)
(28, 1, 4)
(28, 2, 5)
(28, 3, 4)
(28, 7, 1)
(28, 14, 1)
(28, 15, 2)
(29, 1, 8)
(29, 2, 6)
(29, 3, 5)
(29, 4, 1)
(29, 8, 1)
(29, 12, 2)
(30, 1, 25)
(30, 2, 20)
(30, 3, 4)
(30, 4, 5)
(30, 6, 4)
(30, 8, 1)
(30, 10, 1)
(30, 13, 1)
(30, 15, 1)
(30, 16, 1)
(31, 1, 17)
(31, 2, 15)
(31, 3, 9)
(31, 4, 1)
(31, 5, 4)
(31, 7, 1)
(31, 8, 2)
(31, 9, 2)
(31, 10, 1)
(31, 39, 1)
(32, 1, 18)
(32, 2, 3)
(32, 3, 9)
(32, 4, 2)
(32, 10, 1)
(32, 23, 1)
(32, 32, 1)
(33, 1, 14)
(33, 2, 6)
(33, 3, 7)
(33, 4, 1)
(33, 5, 1)
(33, 9, 1)
(34, 1, 28)
(34, 2, 17)
(34, 3, 13)
(34, 4, 2)
(34, 5, 2)
(34, 6, 1)
(34, 12, 1)
(34, 26, 1)
(34, 33, 1)
(35, 1, 24)
(35, 2, 20)
(35, 3, 8)
(35, 4, 2)
(35, 20, 1)
(36, 1, 28)
(36, 2, 27)
(36, 4, 2)
(36, 5, 2)
(36, 6, 2)
(36, 9, 2)
(36, 20, 1)
(36, 21, 1)
(36, 23, 1)
(36, 39, 1)
(37, 1, 28)
(37, 2, 20)
(37, 3, 1)
(37, 4, 2)
(37, 5, 5)
(37, 10, 1)
(37, 12, 1)
(37, 15, 2)
(37, 19, 2)
(37, 33, 1)
(38, 0, 1)
(38, 1, 56)
(38, 2, 17)
(38, 3, 4)
(38, 4, 7)
(38, 5, 5)
(38, 6, 1)
(38, 9, 1)
(38, 10, 1)
(38, 11, 2)
(38, 12, 1)
(38, 13, 2)
(38, 15, 1)
(38, 17, 1)
(38, 18, 1)
(38, 22, 2)
(38, 23, 2)
(39, 1, 50)
(39, 2, 43)
(39, 3, 2)
(39, 4, 4)
(39, 11, 1)
xi_2:
(1, 7, 1)
(2, 6, 1)
(4, 8, 1)
(4, 14, 1)
(5, 7, 1)
(5, 8, 1)
(24, 12, 1)
(26, 35, 1)
(28, 19, 1)
(29, 14, 1)
(29, 15, 1)
(30, 8, 1)
(32, 39, 1)
(34, 9, 1)
(34, 16, 1)
(35, 2, 1)
(37, 6, 1)
(37, 9, 1)
(37, 23, 1)
(37, 39, 1)
(38, 1, 1)
(38, 15, 1)
(38, 19, 2)
(38, 20, 1)
(38, 33, 1)
(39, 5, 1)
(39, 15, 1)
(39, 17, 1)
(39, 22, 1)
