x-grades
-501555831829599417/80000000000000000
-245634124463143217/40000000000000000
-480980666022973451/80000000000000000
-117673270779915117/20000000000000000
-92081100043269497/16000000000000000
-225058958656517251/40000000000000000
-439830334409721519/80000000000000000
-53692843938301067/10000000000000000
-419255168603095553/80000000000000000
-40896758569978257/8000000000000000
-398680002796469587/80000000000000000
-97098104973289151/20000000000000000
-378104836989843621/80000000000000000
-183908627043265319/40000000000000000
-71505934236643531/16000000000000000
-10851315258747021/2500000000000000
-336954505376591689/80000000000000000
-163333461236639353/40000000000000000
-316379339569965723/80000000000000000
-15304587833332637/4000000000000000
-295804173763339757/80000000000000000
-142758295430013387/40000000000000000
-275229007956713791/80000000000000000
-33117678131675101/10000000000000000
-10186153686003513/3200000000000000
-122183129623387421/40000000000000000
-234078676343461859/80000000000000000
-55947773360037219/20000000000000000
-213503510536835893/80000000000000000
-20321592763352291/8000000000000000
-192928344730209927/80000000000000000
-11415047614181059/5000000000000000
-172353178923583961/80000000000000000
-81032798010135489/40000000000000000
-30355602623391599/16000000000000000
-35372607553411253/20000000000000000
-131202847310332029/80000000000000000
-60457632203509523/40000000000000000
-110627681503706063/80000000000000000
-2508502465009827/2000000000000000

y-grades
1993031/800000
1993031/400000
5979093/800000
1993031/200000
1993031/160000
5979093/400000
13951217/800000
1993031/100000
17937279/800000
1993031/80000
21923341/800000
5979093/200000
25909403/800000
13951217/400000
5979093/160000
1993031/50000
33881527/800000
17937279/400000
37867589/800000
1993031/40000
41853651/800000
21923341/400000
45839713/800000
5979093/100000
1993031/32000
25909403/400000
53811837/800000
13951217/200000
57797899/800000
5979093/80000
61783961/800000
1993031/25000
65770023/800000
33881527/400000
13951217/160000
17937279/200000
73742147/800000
37867589/400000
77728209/800000
1993031/20000

Dimensions > 0:
(0, 0, 2)
(0, 1, 2)
(0, 2, 2)
(0, 3, 2)
(0, 4, 2)
(0, 5, 1)
(0, 6, 1)
(0, 7, 1)
(0, 8, 1)
(0, 9, 1)
(0, 10, 1)
(0, 11, 1)
(0, 12, 1)
(0, 13, 1)
(0, 14, 1)
(0, 15, 1)
(0, 16, 1)
(0, 17, 1)
(0, 18, 1)
(0, 19, 1)
(0, 20, 1)
(0, 21, 1)
(0, 22, 1)
(0, 23, 1)
(0, 24, 1)
(0, 25, 1)
(0, 26, 1)
(0, 27, 1)
(0, 28, 1)
(0, 29, 1)
(0, 30, 1)
(0, 31, 1)
(0, 32, 1)
(0, 33, 1)
(0, 34, 1)
(0, 35, 1)
(0, 36, 1)
(0, 37, 1)
(0, 38, 1)
(0, 39, 1)

(1, 0, 4)
(1, 1, 4)
(1, 2, 4)
(1, 3, 4)
(1, 4, 4)
(1, 5, 2)
(1, 6, 2)
(1, 7, 2)
(1, 8, 2)
(1, 9, 2)
(1, 10, 2)
(1, 11, 2)
(1, 12, 2)
(1, 13, 2)
(1, 14, 2)
(1, 15, 2)
(1, 16, 2)
(1, 17, 2)
(1, 18, 2)
(1, 19, 2)
(1, 20, 2)
(1, 21, 2)
(1, 22, 2)
(1, 23, 2)
(1, 24, 2)
(1, 25, 2)
(1, 26, 2)
(1, 27, 2)
(1, 28, 2)
(1, 29, 2)
(1, 30, 2)
(1, 31, 2)
(1, 32, 2)
(1, 33, 2)
(1, 34, 2)
(1, 35, 2)
(1, 36, 2)
(1, 37, 2)
(1, 38, 2)
(1, 39, 2)

(2, 0, 4)
(2, 1, 4)
(2, 2, 4)
(2, 3, 4)
(2, 4, 4)
(2, 5, 2)
(2, 6, 2)
(2, 7, 2)
(2, 8, 2)
(2, 9, 2)
(2, 10, 2)
(2, 11, 2)
(2, 12, 2)
(2, 13, 2)
(2, 14, 2)
(2, 15, 2)
(2, 16, 2)
(2, 17, 2)
(2, 18, 2)
(2, 19, 2)
(2, 20, 2)
(2, 21, 2)
(2, 22, 2)
(2, 23, 2)
(2, 24, 2)
(2, 25, 2)
(2, 26, 2)
(2, 27, 2)
(2, 28, 2)
(2, 29, 2)
(2, 30, 2)
(2, 31, 2)
(2, 32, 2)
(2, 33, 2)
(2, 34, 2)
(2, 35, 2)
(2, 36, 2)
(2, 37, 2)
(2, 38, 2)
(2, 39, 2)

(3, 0, 5)
(3, 1, 5)
(3, 2, 5)
(3, 3, 5)
(3, 4, 5)
(3, 5, 2)
(3, 6, 2)
(3, 7, 2)
(3, 8, 2)
(3, 9, 2)
(3, 10, 2)
(3, 11, 2)
(3, 12, 2)
(3, 13, 2)
(3, 14, 2)
(3, 15, 2)
(3, 16, 2)
(3, 17, 2)
(3, 18, 2)
(3, 19, 2)
(3, 20, 2)
(3, 21, 2)
(3, 22, 2)
(3, 23, 2)
(3, 24, 2)
(3, 25, 2)
(3, 26, 2)
(3, 27, 2)
(3, 28, 2)
(3, 29, 2)
(3, 30, 2)
(3, 31, 2)
(3, 32, 2)
(3, 33, 2)
(3, 34, 2)
(3, 35, 2)
(3, 36, 2)
(3, 37, 2)
(3, 38, 2)
(3, 39, 2)

(4, 0, 6)
(4, 1, 6)
(4, 2, 6)
(4, 3, 6)
(4, 4, 6)
(4, 5, 2)
(4, 6, 2)
(4, 7, 2)
(4, 8, 2)
(4, 9, 2)
(4, 10, 2)
(4, 11, 2)
(4, 12, 2)
(4, 13, 2)
(4, 14, 2)
(4, 15, 2)
(4, 16, 2)
(4, 17, 2)
(4, 18, 2)
(4, 19, 2)
(4, 20, 2)
(4, 21, 2)
(4, 22, 2)
(4, 23, 2)
(4, 24, 2)
(4, 25, 2)
(4, 26, 2)
(4, 27, 2)
(4, 28, 2)
(4, 29, 2)
(4, 30, 2)
(4, 31, 2)
(4, 32, 2)
(4, 33, 2)
(4, 34, 2)
(4, 35, 2)
(4, 36, 2)
(4, 37, 2)
(4, 38, 2)
(4, 39, 2)

(5, 0, 6)
(5, 1, 6)
(5, 2, 6)
(5, 3, 6)
(5, 4, 6)
(5, 5, 2)
(5, 6, 2)
(5, 7, 2)
(5, 8, 2)
(5, 9, 2)
(5, 10, 2)
(5, 11, 2)
(5, 12, 2)
(5, 13, 2)
(5, 14, 2)
(5, 15, 2)
(5, 16, 2)
(5, 17, 2)
(5, 18, 2)
(5, 19, 2)
(5, 20, 2)
(5, 21, 2)
(5, 22, 2)
(5, 23, 2)
(5, 24, 2)
(5, 25, 2)
(5, 26, 2)
(5, 27, 2)
(5, 28, 2)
(5, 29, 2)
(5, 30, 2)
(5, 31, 2)
(5, 32, 2)
(5, 33, 2)
(5, 34, 2)
(5, 35, 2)
(5, 36, 2)
(5, 37, 2)
(5, 38, 2)
(5, 39, 2)

(6, 0, 7)
(6, 1, 7)
(6, 2, 7)
(6, 3, 7)
(6, 4, 7)
(6, 5, 3)
(6, 6, 3)
(6, 7, 3)
(6, 8, 3)
(6, 9, 2)
(6, 10, 2)
(6, 11, 2)
(6, 12, 2)
(6, 13, 2)
(6, 14, 2)
(6, 15, 2)
(6, 16, 2)
(6, 17, 2)
(6, 18, 2)
(6, 19, 2)
(6, 20, 2)
(6, 21, 2)
(6, 22, 2)
(6, 23, 2)
(6, 24, 2)
(6, 25, 2)
(6, 26, 2)
(6, 27, 2)
(6, 28, 2)
(6, 29, 2)
(6, 30, 2)
(6, 31, 2)
(6, 32, 2)
(6, 33, 2)
(6, 34, 2)
(6, 35, 2)
(6, 36, 2)
(6, 37, 2)
(6, 38, 2)
(6, 39, 2)

(7, 0, 7)
(7, 1, 7)
(7, 2, 7)
(7, 3, 7)
(7, 4, 7)
(7, 5, 3)
(7, 6, 3)
(7, 7, 3)
(7, 8, 3)
(7, 9, 2)
(7, 10, 2)
(7, 11, 2)
(7, 12, 2)
(7, 13, 2)
(7, 14, 2)
(7, 15, 2)
(7, 16, 2)
(7, 17, 2)
(7, 18, 2)
(7, 19, 2)
(7, 20, 2)
(7, 21, 2)
(7, 22, 2)
(7, 23, 2)
(7, 24, 2)
(7, 25, 2)
(7, 26, 2)
(7, 27, 2)
(7, 28, 2)
(7, 29, 2)
(7, 30, 2)
(7, 31, 2)
(7, 32, 2)
(7, 33, 2)
(7, 34, 2)
(7, 35, 2)
(7, 36, 2)
(7, 37, 2)
(7, 38, 2)
(7, 39, 2)

(8, 0, 7)
(8, 1, 7)
(8, 2, 7)
(8, 3, 7)
(8, 4, 7)
(8, 5, 3)
(8, 6, 3)
(8, 7, 3)
(8, 8, 3)
(8, 9, 2)
(8, 10, 2)
(8, 11, 2)
(8, 12, 2)
(8, 13, 2)
(8, 14, 2)
(8, 15, 2)
(8, 16, 2)
(8, 17, 2)
(8, 18, 2)
(8, 19, 2)
(8, 20, 2)
(8, 21, 2)
(8, 22, 2)
(8, 23, 2)
(8, 24, 2)
(8, 25, 2)
(8, 26, 2)
(8, 27, 2)
(8, 28, 2)
(8, 29, 2)
(8, 30, 2)
(8, 31, 2)
(8, 32, 2)
(8, 33, 2)
(8, 34, 2)
(8, 35, 2)
(8, 36, 2)
(8, 37, 2)
(8, 38, 2)
(8, 39, 2)

(9, 0, 8)
(9, 1, 8)
(9, 2, 8)
(9, 3, 8)
(9, 4, 8)
(9, 5, 4)
(9, 6, 4)
(9, 7, 4)
(9, 8, 4)
(9, 9, 3)
(9, 10, 3)
(9, 11, 3)
(9, 12, 3)
(9, 13, 3)
(9, 14, 3)
(9, 15, 3)
(9, 16, 3)
(9, 17, 3)
(9, 18, 3)
(9, 19, 3)
(9, 20, 3)
(9, 21, 3)
(9, 22, 3)
(9, 23, 3)
(9, 24, 3)
(9, 25, 3)
(9, 26, 2)
(9, 27, 2)
(9, 28, 2)
(9, 29, 2)
(9, 30, 2)
(9, 31, 2)
(9, 32, 1)
(9, 33, 1)
(9, 34, 1)
(9, 35, 1)
(9, 36, 1)
(9, 37, 1)
(9, 38, 1)
(9, 39, 1)

(10, 0, 8)
(10, 1, 8)
(10, 2, 8)
(10, 3, 8)
(10, 4, 8)
(10, 5, 4)
(10, 6, 4)
(10, 7, 4)
(10, 8, 4)
(10, 9, 3)
(10, 10, 3)
(10, 11, 3)
(10, 12, 3)
(10, 13, 3)
(10, 14, 3)
(10, 15, 3)
(10, 16, 3)
(10, 17, 3)
(10, 18, 3)
(10, 19, 3)
(10, 20, 3)
(10, 21, 3)
(10, 22, 3)
(10, 23, 3)
(10, 24, 3)
(10, 25, 3)
(10, 26, 2)
(10, 27, 2)
(10, 28, 2)
(10, 29, 2)
(10, 30, 2)
(10, 31, 2)
(10, 32, 1)
(10, 33, 1)
(10, 34, 1)
(10, 35, 1)
(10, 36, 1)
(10, 37, 1)
(10, 38, 1)
(10, 39, 1)

(11, 0, 9)
(11, 1, 9)
(11, 2, 9)
(11, 3, 9)
(11, 4, 9)
(11, 5, 5)
(11, 6, 5)
(11, 7, 5)
(11, 8, 5)
(11, 9, 4)
(11, 10, 4)
(11, 11, 3)
(11, 12, 3)
(11, 13, 3)
(11, 14, 3)
(11, 15, 3)
(11, 16, 3)
(11, 17, 3)
(11, 18, 3)
(11, 19, 3)
(11, 20, 3)
(11, 21, 3)
(11, 22, 3)
(11, 23, 3)
(11, 24, 3)
(11, 25, 3)
(11, 26, 2)
(11, 27, 1)
(11, 28, 1)
(11, 29, 1)
(11, 30, 1)
(11, 31, 1)
(11, 32, 1)
(11, 33, 1)
(11, 34, 1)
(11, 35, 1)
(11, 36, 1)
(11, 37, 1)
(11, 38, 1)
(11, 39, 1)

(12, 0, 10)
(12, 1, 10)
(12, 2, 10)
(12, 3, 10)
(12, 4, 10)
(12, 5, 6)
(12, 6, 6)
(12, 7, 6)
(12, 8, 6)
(12, 9, 5)
(12, 10, 5)
(12, 11, 3)
(12, 12, 3)
(12, 13, 3)
(12, 14, 3)
(12, 15, 3)
(12, 16, 3)
(12, 17, 3)
(12, 18, 3)
(12, 19, 3)
(12, 20, 3)
(12, 21, 3)
(12, 22, 3)
(12, 23, 3)
(12, 24, 3)
(12, 25, 3)
(12, 26, 2)
(12, 27, 1)
(12, 28, 1)
(12, 29, 1)
(12, 30, 1)
(12, 31, 1)
(12, 32, 1)
(12, 33, 1)
(12, 34, 1)
(12, 35, 1)
(12, 36, 1)
(12, 37, 1)
(12, 38, 1)
(12, 39, 1)

(13, 0, 11)
(13, 1, 11)
(13, 2, 11)
(13, 3, 11)
(13, 4, 11)
(13, 5, 7)
(13, 6, 7)
(13, 7, 7)
(13, 8, 7)
(13, 9, 6)
(13, 10, 6)
(13, 11, 3)
(13, 12, 3)
(13, 13, 3)
(13, 14, 3)
(13, 15, 3)
(13, 16, 2)
(13, 17, 2)
(13, 18, 2)
(13, 19, 2)
(13, 20, 2)
(13, 21, 2)
(13, 22, 2)
(13, 23, 2)
(13, 24, 2)
(13, 25, 2)
(13, 26, 1)
(13, 27, 1)
(13, 28, 1)
(13, 29, 1)
(13, 30, 1)
(13, 31, 1)
(13, 32, 1)
(13, 33, 1)
(13, 34, 1)
(13, 35, 1)
(13, 36, 1)
(13, 37, 1)
(13, 38, 1)
(13, 39, 1)

(14, 0, 11)
(14, 1, 11)
(14, 2, 11)
(14, 3, 11)
(14, 4, 11)
(14, 5, 7)
(14, 6, 7)
(14, 7, 7)
(14, 8, 7)
(14, 9, 6)
(14, 10, 6)
(14, 11, 3)
(14, 12, 3)
(14, 13, 3)
(14, 14, 3)
(14, 15, 3)
(14, 16, 2)
(14, 17, 2)
(14, 18, 2)
(14, 19, 2)
(14, 20, 2)
(14, 21, 2)
(14, 22, 2)
(14, 23, 2)
(14, 24, 2)
(14, 25, 2)
(14, 26, 1)
(14, 27, 1)
(14, 28, 1)
(14, 29, 1)
(14, 30, 1)
(14, 31, 1)
(14, 32, 1)
(14, 33, 1)
(14, 34, 1)
(14, 35, 1)
(14, 36, 1)
(14, 37, 1)
(14, 38, 1)
(14, 39, 1)

(15, 0, 13)
(15, 1, 13)
(15, 2, 13)
(15, 3, 13)
(15, 4, 12)
(15, 5, 8)
(15, 6, 8)
(15, 7, 8)
(15, 8, 8)
(15, 9, 7)
(15, 10, 7)
(15, 11, 4)
(15, 12, 4)
(15, 13, 3)
(15, 14, 3)
(15, 15, 3)
(15, 16, 2)
(15, 17, 1)
(15, 18, 1)
(15, 19, 1)
(15, 20, 1)
(15, 21, 1)
(15, 22, 1)
(15, 23, 1)
(15, 24, 1)
(15, 25, 1)
(15, 26, 1)
(15, 27, 1)
(15, 28, 1)
(15, 29, 1)
(15, 30, 1)
(15, 31, 1)
(15, 32, 1)
(15, 33, 1)
(15, 34, 1)
(15, 35, 1)
(15, 36, 1)
(15, 37, 1)
(15, 38, 1)
(15, 39, 1)

(16, 0, 14)
(16, 1, 14)
(16, 2, 14)
(16, 3, 14)
(16, 4, 13)
(16, 5, 9)
(16, 6, 9)
(16, 7, 9)
(16, 8, 9)
(16, 9, 8)
(16, 10, 8)
(16, 11, 4)
(16, 12, 4)
(16, 13, 2)
(16, 14, 1)
(16, 15, 1)
(16, 16, 1)
(16, 17, 1)
(16, 18, 1)
(16, 19, 1)
(16, 20, 1)
(16, 21, 1)
(16, 22, 1)
(16, 23, 1)
(16, 24, 1)
(16, 25, 1)
(16, 26, 1)
(16, 27, 1)
(16, 28, 1)
(16, 29, 1)
(16, 30, 1)
(16, 31, 1)
(16, 32, 1)
(16, 33, 1)
(16, 34, 1)
(16, 35, 1)
(16, 36, 1)
(16, 37, 1)
(16, 38, 1)
(16, 39, 1)

(17, 0, 14)
(17, 1, 14)
(17, 2, 14)
(17, 3, 14)
(17, 4, 13)
(17, 5, 9)
(17, 6, 9)
(17, 7, 9)
(17, 8, 9)
(17, 9, 8)
(17, 10, 8)
(17, 11, 4)
(17, 12, 4)
(17, 13, 2)
(17, 14, 1)
(17, 15, 1)
(17, 16, 1)
(17, 17, 1)
(17, 18, 1)
(17, 19, 1)
(17, 20, 1)
(17, 21, 1)
(17, 22, 1)
(17, 23, 1)
(17, 24, 1)
(17, 25, 1)
(17, 26, 1)
(17, 27, 1)
(17, 28, 1)
(17, 29, 1)
(17, 30, 1)
(17, 31, 1)
(17, 32, 1)
(17, 33, 1)
(17, 34, 1)
(17, 35, 1)
(17, 36, 1)
(17, 37, 1)
(17, 38, 1)
(17, 39, 1)

(18, 0, 15)
(18, 1, 15)
(18, 2, 15)
(18, 3, 15)
(18, 4, 14)
(18, 5, 10)
(18, 6, 10)
(18, 7, 10)
(18, 8, 10)
(18, 9, 9)
(18, 10, 9)
(18, 11, 5)
(18, 12, 5)
(18, 13, 3)
(18, 14, 1)
(18, 15, 1)
(18, 16, 1)
(18, 17, 1)
(18, 18, 1)
(18, 19, 1)
(18, 20, 1)
(18, 21, 1)
(18, 22, 1)
(18, 23, 1)
(18, 24, 1)
(18, 25, 1)
(18, 26, 1)
(18, 27, 1)
(18, 28, 1)
(18, 29, 1)
(18, 30, 1)
(18, 31, 1)
(18, 32, 1)
(18, 33, 1)
(18, 34, 1)
(18, 35, 1)
(18, 36, 1)
(18, 37, 1)
(18, 38, 1)
(18, 39, 1)

(19, 0, 15)
(19, 1, 15)
(19, 2, 15)
(19, 3, 15)
(19, 4, 14)
(19, 5, 10)
(19, 6, 10)
(19, 7, 10)
(19, 8, 10)
(19, 9, 9)
(19, 10, 9)
(19, 11, 5)
(19, 12, 5)
(19, 13, 3)
(19, 14, 1)
(19, 15, 1)
(19, 16, 1)
(19, 17, 1)
(19, 18, 1)
(19, 19, 1)
(19, 20, 1)
(19, 21, 1)
(19, 22, 1)
(19, 23, 1)
(19, 24, 1)
(19, 25, 1)
(19, 26, 1)
(19, 27, 1)
(19, 28, 1)
(19, 29, 1)
(19, 30, 1)
(19, 31, 1)
(19, 32, 1)
(19, 33, 1)
(19, 34, 1)
(19, 35, 1)
(19, 36, 1)
(19, 37, 1)
(19, 38, 1)
(19, 39, 1)

(20, 0, 15)
(20, 1, 15)
(20, 2, 15)
(20, 3, 15)
(20, 4, 14)
(20, 5, 10)
(20, 6, 10)
(20, 7, 10)
(20, 8, 10)
(20, 9, 9)
(20, 10, 9)
(20, 11, 5)
(20, 12, 5)
(20, 13, 3)
(20, 14, 1)
(20, 15, 1)
(20, 16, 1)
(20, 17, 1)
(20, 18, 1)
(20, 19, 1)
(20, 20, 1)
(20, 21, 1)
(20, 22, 1)
(20, 23, 1)
(20, 24, 1)
(20, 25, 1)
(20, 26, 1)
(20, 27, 1)
(20, 28, 1)
(20, 29, 1)
(20, 30, 1)
(20, 31, 1)
(20, 32, 1)
(20, 33, 1)
(20, 34, 1)
(20, 35, 1)
(20, 36, 1)
(20, 37, 1)
(20, 38, 1)
(20, 39, 1)

(21, 0, 15)
(21, 1, 15)
(21, 2, 15)
(21, 3, 15)
(21, 4, 14)
(21, 5, 10)
(21, 6, 10)
(21, 7, 10)
(21, 8, 10)
(21, 9, 9)
(21, 10, 9)
(21, 11, 5)
(21, 12, 5)
(21, 13, 3)
(21, 14, 1)
(21, 15, 1)
(21, 16, 1)
(21, 17, 1)
(21, 18, 1)
(21, 19, 1)
(21, 20, 1)
(21, 21, 1)
(21, 22, 1)
(21, 23, 1)
(21, 24, 1)
(21, 25, 1)
(21, 26, 1)
(21, 27, 1)
(21, 28, 1)
(21, 29, 1)
(21, 30, 1)
(21, 31, 1)
(21, 32, 1)
(21, 33, 1)
(21, 34, 1)
(21, 35, 1)
(21, 36, 1)
(21, 37, 1)
(21, 38, 1)
(21, 39, 1)

(22, 0, 16)
(22, 1, 16)
(22, 2, 16)
(22, 3, 16)
(22, 4, 15)
(22, 5, 11)
(22, 6, 11)
(22, 7, 11)
(22, 8, 11)
(22, 9, 10)
(22, 10, 10)
(22, 11, 6)
(22, 12, 6)
(22, 13, 3)
(22, 14, 1)
(22, 15, 1)
(22, 16, 1)
(22, 17, 1)
(22, 18, 1)
(22, 19, 1)
(22, 20, 1)
(22, 21, 1)
(22, 22, 1)
(22, 23, 1)
(22, 24, 1)
(22, 25, 1)
(22, 26, 1)
(22, 27, 1)
(22, 28, 1)
(22, 29, 1)
(22, 30, 1)
(22, 31, 1)
(22, 32, 1)
(22, 33, 1)
(22, 34, 1)
(22, 35, 1)
(22, 36, 1)
(22, 37, 1)
(22, 38, 1)
(22, 39, 1)

(23, 0, 21)
(23, 1, 21)
(23, 2, 21)
(23, 3, 21)
(23, 4, 20)
(23, 5, 15)
(23, 6, 15)
(23, 7, 15)
(23, 8, 14)
(23, 9, 13)
(23, 10, 13)
(23, 11, 9)
(23, 12, 8)
(23, 13, 4)
(23, 14, 2)
(23, 15, 2)
(23, 16, 2)
(23, 17, 2)
(23, 18, 2)
(23, 19, 2)
(23, 20, 2)
(23, 21, 2)
(23, 22, 2)
(23, 23, 2)
(23, 24, 2)
(23, 25, 2)
(23, 26, 2)
(23, 27, 2)
(23, 28, 1)
(23, 29, 1)
(23, 30, 1)
(23, 31, 1)
(23, 32, 1)
(23, 33, 1)
(23, 34, 1)
(23, 35, 1)
(23, 36, 1)
(23, 37, 1)
(23, 38, 1)
(23, 39, 1)

(24, 0, 22)
(24, 1, 22)
(24, 2, 22)
(24, 3, 22)
(24, 4, 21)
(24, 5, 16)
(24, 6, 15)
(24, 7, 15)
(24, 8, 14)
(24, 9, 13)
(24, 10, 13)
(24, 11, 9)
(24, 12, 8)
(24, 13, 4)
(24, 14, 2)
(24, 15, 2)
(24, 16, 2)
(24, 17, 2)
(24, 18, 2)
(24, 19, 2)
(24, 20, 2)
(24, 21, 2)
(24, 22, 1)
(24, 23, 1)
(24, 24, 1)
(24, 25, 1)
(24, 26, 1)
(24, 27, 1)
(24, 28, 1)
(24, 29, 1)
(24, 30, 1)
(24, 31, 1)
(24, 32, 1)
(24, 33, 1)
(24, 34, 1)
(24, 35, 1)
(24, 36, 1)
(24, 37, 1)
(24, 38, 1)
(24, 39, 1)

(25, 0, 24)
(25, 1, 24)
(25, 2, 24)
(25, 3, 24)
(25, 4, 22)
(25, 5, 17)
(25, 6, 16)
(25, 7, 16)
(25, 8, 14)
(25, 9, 13)
(25, 10, 13)
(25, 11, 8)
(25, 12, 8)
(25, 13, 4)
(25, 14, 2)
(25, 15, 2)
(25, 16, 1)
(25, 17, 1)
(25, 18, 1)
(25, 19, 1)
(25, 20, 1)
(25, 21, 1)
(25, 22, 1)
(25, 23, 1)
(25, 24, 1)
(25, 25, 1)
(25, 26, 1)
(25, 27, 1)
(25, 28, 1)
(25, 29, 1)
(25, 30, 1)
(25, 31, 1)
(25, 32, 1)
(25, 33, 1)
(25, 34, 1)
(25, 35, 1)
(25, 36, 1)
(25, 37, 1)
(25, 38, 1)
(25, 39, 1)

(26, 0, 26)
(26, 1, 26)
(26, 2, 26)
(26, 3, 26)
(26, 4, 24)
(26, 5, 18)
(26, 6, 17)
(26, 7, 17)
(26, 8, 15)
(26, 9, 14)
(26, 10, 14)
(26, 11, 9)
(26, 12, 9)
(26, 13, 5)
(26, 14, 3)
(26, 15, 3)
(26, 16, 2)
(26, 17, 2)
(26, 18, 2)
(26, 19, 2)
(26, 20, 2)
(26, 21, 2)
(26, 22, 2)
(26, 23, 1)
(26, 24, 1)
(26, 25, 1)
(26, 26, 1)
(26, 27, 1)
(26, 28, 1)
(26, 29, 1)
(26, 30, 1)
(26, 31, 1)
(26, 32, 1)
(26, 33, 1)
(26, 34, 1)
(26, 35, 1)
(26, 36, 1)
(26, 37, 1)
(26, 38, 1)
(26, 39, 1)

(27, 0, 27)
(27, 1, 27)
(27, 2, 27)
(27, 3, 27)
(27, 4, 25)
(27, 5, 19)
(27, 6, 17)
(27, 7, 17)
(27, 8, 15)
(27, 9, 14)
(27, 10, 14)
(27, 11, 9)
(27, 12, 9)
(27, 13, 5)
(27, 14, 3)
(27, 15, 3)
(27, 16, 2)
(27, 17, 1)
(27, 18, 1)
(27, 19, 1)
(27, 20, 1)
(27, 21, 1)
(27, 22, 1)
(27, 23, 1)
(27, 24, 1)
(27, 25, 1)
(27, 26, 1)
(27, 27, 1)
(27, 28, 1)
(27, 29, 1)
(27, 30, 1)
(27, 31, 1)
(27, 32, 1)
(27, 33, 1)
(27, 34, 1)
(27, 35, 1)
(27, 36, 1)
(27, 37, 1)
(27, 38, 1)
(27, 39, 1)

(28, 0, 27)
(28, 1, 27)
(28, 2, 27)
(28, 3, 27)
(28, 4, 25)
(28, 5, 19)
(28, 6, 17)
(28, 7, 17)
(28, 8, 15)
(28, 9, 14)
(28, 10, 14)
(28, 11, 9)
(28, 12, 9)
(28, 13, 5)
(28, 14, 3)
(28, 15, 3)
(28, 16, 2)
(28, 17, 1)
(28, 18, 1)
(28, 19, 1)
(28, 20, 1)
(28, 21, 1)
(28, 22, 1)
(28, 23, 1)
(28, 24, 1)
(28, 25, 1)
(28, 26, 1)
(28, 27, 1)
(28, 28, 1)
(28, 29, 1)
(28, 30, 1)
(28, 31, 1)
(28, 32, 1)
(28, 33, 1)
(28, 34, 1)
(28, 35, 1)
(28, 36, 1)
(28, 37, 1)
(28, 38, 1)
(28, 39, 1)

(29, 0, 27)
(29, 1, 27)
(29, 2, 27)
(29, 3, 27)
(29, 4, 25)
(29, 5, 19)
(29, 6, 17)
(29, 7, 17)
(29, 8, 15)
(29, 9, 14)
(29, 10, 14)
(29, 11, 9)
(29, 12, 9)
(29, 13, 5)
(29, 14, 3)
(29, 15, 3)
(29, 16, 2)
(29, 17, 1)
(29, 18, 1)
(29, 19, 1)
(29, 20, 1)
(29, 21, 1)
(29, 22, 1)
(29, 23, 1)
(29, 24, 1)
(29, 25, 1)
(29, 26, 1)
(29, 27, 1)
(29, 28, 1)
(29, 29, 1)
(29, 30, 1)
(29, 31, 1)
(29, 32, 1)
(29, 33, 1)
(29, 34, 1)
(29, 35, 1)
(29, 36, 1)
(29, 37, 1)
(29, 38, 1)
(29, 39, 1)

(30, 0, 27)
(30, 1, 27)
(30, 2, 27)
(30, 3, 27)
(30, 4, 25)
(30, 5, 19)
(30, 6, 17)
(30, 7, 17)
(30, 8, 15)
(30, 9, 14)
(30, 10, 14)
(30, 11, 9)
(30, 12, 9)
(30, 13, 5)
(30, 14, 3)
(30, 15, 3)
(30, 16, 2)
(30, 17, 1)
(30, 18, 1)
(30, 19, 1)
(30, 20, 1)
(30, 21, 1)
(30, 22, 1)
(30, 23, 1)
(30, 24, 1)
(30, 25, 1)
(30, 26, 1)
(30, 27, 1)
(30, 28, 1)
(30, 29, 1)
(30, 30, 1)
(30, 31, 1)
(30, 32, 1)
(30, 33, 1)
(30, 34, 1)
(30, 35, 1)
(30, 36, 1)
(30, 37, 1)
(30, 38, 1)
(30, 39, 1)

(31, 0, 27)
(31, 1, 27)
(31, 2, 27)
(31, 3, 27)
(31, 4, 25)
(31, 5, 19)
(31, 6, 17)
(31, 7, 17)
(31, 8, 15)
(31, 9, 14)
(31, 10, 14)
(31, 11, 9)
(31, 12, 9)
(31, 13, 5)
(31, 14, 3)
(31, 15, 3)
(31, 16, 2)
(31, 17, 1)
(31, 18, 1)
(31, 19, 1)
(31, 20, 1)
(31, 21, 1)
(31, 22, 1)
(31, 23, 1)
(31, 24, 1)
(31, 25, 1)
(31, 26, 1)
(31, 27, 1)
(31, 28, 1)
(31, 29, 1)
(31, 30, 1)
(31, 31, 1)
(31, 32, 1)
(31, 33, 1)
(31, 34, 1)
(31, 35, 1)
(31, 36, 1)
(31, 37, 1)
(31, 38, 1)
(31, 39, 1)

(32, 0, 30)
(32, 1, 30)
(32, 2, 29)
(32, 3, 29)
(32, 4, 27)
(32, 5, 21)
(32, 6, 19)
(32, 7, 19)
(32, 8, 17)
(32, 9, 16)
(32, 10, 16)
(32, 11, 11)
(32, 12, 11)
(32, 13, 7)
(32, 14, 5)
(32, 15, 5)
(32, 16, 3)
(32, 17, 2)
(32, 18, 2)
(32, 19, 2)
(32, 20, 2)
(32, 21, 2)
(32, 22, 2)
(32, 23, 2)
(32, 24, 2)
(32, 25, 2)
(32, 26, 2)
(32, 27, 2)
(32, 28, 1)
(32, 29, 1)
(32, 30, 1)
(32, 31, 1)
(32, 32, 1)
(32, 33, 1)
(32, 34, 1)
(32, 35, 1)
(32, 36, 1)
(32, 37, 1)
(32, 38, 1)
(32, 39, 1)

(33, 0, 30)
(33, 1, 30)
(33, 2, 29)
(33, 3, 29)
(33, 4, 27)
(33, 5, 21)
(33, 6, 19)
(33, 7, 19)
(33, 8, 17)
(33, 9, 16)
(33, 10, 16)
(33, 11, 11)
(33, 12, 11)
(33, 13, 7)
(33, 14, 5)
(33, 15, 5)
(33, 16, 3)
(33, 17, 2)
(33, 18, 2)
(33, 19, 2)
(33, 20, 2)
(33, 21, 2)
(33, 22, 2)
(33, 23, 2)
(33, 24, 2)
(33, 25, 2)
(33, 26, 2)
(33, 27, 2)
(33, 28, 1)
(33, 29, 1)
(33, 30, 1)
(33, 31, 1)
(33, 32, 1)
(33, 33, 1)
(33, 34, 1)
(33, 35, 1)
(33, 36, 1)
(33, 37, 1)
(33, 38, 1)
(33, 39, 1)

(34, 0, 30)
(34, 1, 30)
(34, 2, 29)
(34, 3, 29)
(34, 4, 27)
(34, 5, 21)
(34, 6, 19)
(34, 7, 19)
(34, 8, 17)
(34, 9, 16)
(34, 10, 16)
(34, 11, 11)
(34, 12, 11)
(34, 13, 7)
(34, 14, 5)
(34, 15, 5)
(34, 16, 3)
(34, 17, 2)
(34, 18, 2)
(34, 19, 2)
(34, 20, 2)
(34, 21, 2)
(34, 22, 2)
(34, 23, 2)
(34, 24, 2)
(34, 25, 2)
(34, 26, 2)
(34, 27, 2)
(34, 28, 1)
(34, 29, 1)
(34, 30, 1)
(34, 31, 1)
(34, 32, 1)
(34, 33, 1)
(34, 34, 1)
(34, 35, 1)
(34, 36, 1)
(34, 37, 1)
(34, 38, 1)
(34, 39, 1)

(35, 0, 32)
(35, 1, 32)
(35, 2, 31)
(35, 3, 31)
(35, 4, 29)
(35, 5, 22)
(35, 6, 20)
(35, 7, 20)
(35, 8, 18)
(35, 9, 17)
(35, 10, 17)
(35, 11, 11)
(35, 12, 11)
(35, 13, 7)
(35, 14, 5)
(35, 15, 5)
(35, 16, 3)
(35, 17, 2)
(35, 18, 2)
(35, 19, 2)
(35, 20, 2)
(35, 21, 1)
(35, 22, 1)
(35, 23, 1)
(35, 24, 1)
(35, 25, 1)
(35, 26, 1)
(35, 27, 1)
(35, 28, 1)
(35, 29, 1)
(35, 30, 1)
(35, 31, 1)
(35, 32, 1)
(35, 33, 1)
(35, 34, 1)
(35, 35, 1)
(35, 36, 1)
(35, 37, 1)
(35, 38, 1)
(35, 39, 1)

(36, 0, 36)
(36, 1, 36)
(36, 2, 34)
(36, 3, 34)
(36, 4, 32)
(36, 5, 24)
(36, 6, 22)
(36, 7, 22)
(36, 8, 20)
(36, 9, 19)
(36, 10, 19)
(36, 11, 13)
(36, 12, 13)
(36, 13, 8)
(36, 14, 6)
(36, 15, 5)
(36, 16, 3)
(36, 17, 2)
(36, 18, 2)
(36, 19, 2)
(36, 20, 1)
(36, 21, 1)
(36, 22, 1)
(36, 23, 1)
(36, 24, 1)
(36, 25, 1)
(36, 26, 1)
(36, 27, 1)
(36, 28, 1)
(36, 29, 1)
(36, 30, 1)
(36, 31, 1)
(36, 32, 1)
(36, 33, 1)
(36, 34, 1)
(36, 35, 1)
(36, 36, 1)
(36, 37, 1)
(36, 38, 1)
(36, 39, 1)

(37, 0, 37)
(37, 1, 37)
(37, 2, 35)
(37, 3, 35)
(37, 4, 33)
(37, 5, 25)
(37, 6, 23)
(37, 7, 23)
(37, 8, 21)
(37, 9, 19)
(37, 10, 19)
(37, 11, 12)
(37, 12, 12)
(37, 13, 7)
(37, 14, 5)
(37, 15, 5)
(37, 16, 3)
(37, 17, 2)
(37, 18, 2)
(37, 19, 2)
(37, 20, 1)
(37, 21, 1)
(37, 22, 1)
(37, 23, 1)
(37, 24, 1)
(37, 25, 1)
(37, 26, 1)
(37, 27, 1)
(37, 28, 1)
(37, 29, 1)
(37, 30, 1)
(37, 31, 1)
(37, 32, 1)
(37, 33, 1)
(37, 34, 1)
(37, 35, 1)
(37, 36, 1)
(37, 37, 1)
(37, 38, 1)
(37, 39, 1)

(38, 0, 40)
(38, 1, 40)
(38, 2, 37)
(38, 3, 37)
(38, 4, 35)
(38, 5, 26)
(38, 6, 24)
(38, 7, 24)
(38, 8, 22)
(38, 9, 20)
(38, 10, 20)
(38, 11, 13)
(38, 12, 13)
(38, 13, 8)
(38, 14, 6)
(38, 15, 6)
(38, 16, 4)
(38, 17, 2)
(38, 18, 2)
(38, 19, 2)
(38, 20, 1)
(38, 21, 1)
(38, 22, 1)
(38, 23, 1)
(38, 24, 1)
(38, 25, 1)
(38, 26, 1)
(38, 27, 1)
(38, 28, 1)
(38, 29, 1)
(38, 30, 1)
(38, 31, 1)
(38, 32, 1)
(38, 33, 1)
(38, 34, 1)
(38, 35, 1)
(38, 36, 1)
(38, 37, 1)
(38, 38, 1)
(38, 39, 1)

(39, 0, 44)
(39, 1, 44)
(39, 2, 40)
(39, 3, 40)
(39, 4, 38)
(39, 5, 28)
(39, 6, 26)
(39, 7, 25)
(39, 8, 23)
(39, 9, 21)
(39, 10, 21)
(39, 11, 13)
(39, 12, 13)
(39, 13, 8)
(39, 14, 6)
(39, 15, 6)
(39, 16, 4)
(39, 17, 1)
(39, 18, 1)
(39, 19, 1)
(39, 20, 1)
(39, 21, 1)
(39, 22, 1)
(39, 23, 1)
(39, 24, 1)
(39, 25, 1)
(39, 26, 1)
(39, 27, 1)
(39, 28, 1)
(39, 29, 1)
(39, 30, 1)
(39, 31, 1)
(39, 32, 1)
(39, 33, 1)
(39, 34, 1)
(39, 35, 1)
(39, 36, 1)
(39, 37, 1)
(39, 38, 1)
(39, 39, 1)


Betti numbers:
xi_0:
(0, 0, 2)
(1, 0, 2)
(3, 0, 1)
(4, 0, 1)
(6, 0, 1)
(9, 0, 1)
(11, 0, 1)
(12, 0, 1)
(13, 0, 1)
(15, 0, 2)
(16, 0, 1)
(18, 0, 1)
(22, 0, 1)
(23, 0, 5)
(24, 0, 1)
(25, 0, 2)
(26, 0, 2)
(27, 0, 1)
(32, 0, 3)
(35, 0, 2)
(36, 0, 4)
(37, 0, 1)
(38, 0, 3)
(39, 0, 4)
xi_1:
(0, 5, 1)
(1, 5, 1)
(3, 5, 1)
(4, 5, 1)
(6, 9, 1)
(9, 26, 1)
(9, 32, 1)
(11, 11, 1)
(11, 27, 1)
(12, 11, 1)
(13, 11, 1)
(13, 16, 1)
(15, 4, 1)
(15, 13, 1)
(15, 17, 1)
(16, 11, 1)
(16, 13, 1)
(16, 14, 1)
(18, 14, 1)
(22, 13, 1)
(23, 5, 1)
(23, 8, 1)
(23, 12, 1)
(23, 13, 1)
(23, 28, 1)
(24, 6, 1)
(24, 22, 1)
(25, 4, 1)
(25, 8, 1)
(25, 11, 1)
(25, 16, 1)
(26, 5, 1)
(26, 23, 1)
(27, 6, 1)
(27, 17, 1)
(32, 2, 1)
(32, 16, 1)
(32, 28, 1)
(35, 5, 1)
(35, 11, 1)
(35, 21, 1)
(36, 2, 1)
(36, 5, 1)
(36, 13, 1)
(36, 15, 1)
(36, 20, 1)
(37, 9, 1)
(37, 11, 1)
(38, 2, 1)
(38, 5, 1)
(38, 17, 1)
(38, 20, 1)
(39, 2, 1)
(39, 5, 1)
(39, 7, 1)
(39, 11, 1)
(39, 17, 1)
xi_2:
(11, 32, 1)
(13, 27, 1)
(15, 26, 1)
(16, 16, 1)
(16, 17, 1)
(24, 28, 1)
(25, 12, 1)
(25, 22, 1)
(27, 23, 1)
(35, 28, 1)
(36, 21, 1)
(37, 15, 1)
(38, 20, 1)
(39, 20, 1)
