x-grades
-1919243877441295947/400000000000000000
-947400837727810847/200000000000000000
-1870359473469947441/400000000000000000
-461479317871068297/100000000000000000
-364295013899719787/80000000000000000
-898516433756462341/200000000000000000
-1772590665527250429/400000000000000000
-109259278971348511/25000000000000000
-1723706261555901923/400000000000000000
-169926405957022767/40000000000000000
-1674821857584553417/400000000000000000
-412594913899719791/100000000000000000
-1625937453613204911/400000000000000000
-800747625813765329/200000000000000000
-315410609928371281/80000000000000000
-194076355957022769/50000000000000000
-1528168645670507899/400000000000000000
-751863221842416823/200000000000000000
-1479284241699159393/400000000000000000
-72742101985674257/20000000000000000
-1430399837727810887/400000000000000000
-702978817871068317/200000000000000000
-1381515433756462381/400000000000000000
-42408538492837129/12500000000000000
-10661048238280911/3200000000000000
-654094413899719811/200000000000000000
-1283746625813765369/400000000000000000
-314826105957022779/100000000000000000
-1234862221842416863/400000000000000000
-121042001985674261/40000000000000000
-1185977817871068357/400000000000000000
-145191951985674263/50000000000000000
-1137093413899719851/400000000000000000
-556325605957022799/200000000000000000
-217641801985674269/80000000000000000
-265941701985674273/100000000000000000
-1039324605957022839/400000000000000000
-507441201985674293/200000000000000000
-990440201985674333/400000000000000000
-12074975000000001/5000000000000000

y-grades
4999079/2000000
4999079/1000000
14997237/2000000
4999079/500000
4999079/400000
14997237/1000000
34993553/2000000
4999079/250000
44991711/2000000
4999079/200000
54989869/2000000
14997237/500000
64988027/2000000
34993553/1000000
14997237/400000
4999079/125000
84984343/2000000
44991711/1000000
94982501/2000000
4999079/100000
104980659/2000000
54989869/1000000
114978817/2000000
14997237/250000
4999079/80000
64988027/1000000
134975133/2000000
34993553/500000
144973291/2000000
14997237/200000
154971449/2000000
4999079/62500
164969607/2000000
84984343/1000000
34993553/400000
44991711/500000
184965923/2000000
94982501/1000000
194964081/2000000
4999079/50000

Dimensions > 0:
(0, 0, 1)
(0, 1, 1)
(0, 2, 1)
(0, 3, 1)
(0, 4, 1)
(0, 5, 1)
(0, 6, 1)
(0, 7, 1)
(0, 8, 1)
(0, 9, 1)
(0, 10, 1)
(0, 11, 1)
(0, 12, 1)
(0, 13, 1)
(0, 14, 1)
(0, 15, 1)
(0, 16, 1)
(0, 17, 1)
(0, 18, 1)
(0, 19, 1)
(0, 20, 1)
(0, 21, 1)
(0, 22, 1)
(0, 23, 1)
(0, 24, 1)
(0, 25, 1)
(0, 26, 1)
(0, 27, 1)
(0, 28, 1)
(0, 29, 1)
(0, 30, 1)
(0, 31, 1)
(0, 32, 1)
(0, 33, 1)
(0, 34, 1)
(0, 35, 1)
(0, 36, 1)
(0, 37, 1)
(0, 38, 1)
(0, 39, 1)

(1, 0, 1)
(1, 1, 1)
(1, 2, 1)
(1, 3, 1)
(1, 4, 1)
(1, 5, 1)
(1, 6, 1)
(1, 7, 1)
(1, 8, 1)
(1, 9, 1)
(1, 10, 1)
(1, 11, 1)
(1, 12, 1)
(1, 13, 1)
(1, 14, 1)
(1, 15, 1)
(1, 16, 1)
(1, 17, 1)
(1, 18, 1)
(1, 19, 1)
(1, 20, 1)
(1, 21, 1)
(1, 22, 1)
(1, 23, 1)
(1, 24, 1)
(1, 25, 1)
(1, 26, 1)
(1, 27, 1)
(1, 28, 1)
(1, 29, 1)
(1, 30, 1)
(1, 31, 1)
(1, 32, 1)
(1, 33, 1)
(1, 34, 1)
(1, 35, 1)
(1, 36, 1)
(1, 37, 1)
(1, 38, 1)
(1, 39, 1)

(2, 0, 1)
(2, 1, 1)
(2, 2, 1)
(2, 3, 1)
(2, 4, 1)
(2, 5, 1)
(2, 6, 1)
(2, 7, 1)
(2, 8, 1)
(2, 9, 1)
(2, 10, 1)
(2, 11, 1)
(2, 12, 1)
(2, 13, 1)
(2, 14, 1)
(2, 15, 1)
(2, 16, 1)
(2, 17, 1)
(2, 18, 1)
(2, 19, 1)
(2, 20, 1)
(2, 21, 1)
(2, 22, 1)
(2, 23, 1)
(2, 24, 1)
(2, 25, 1)
(2, 26, 1)
(2, 27, 1)
(2, 28, 1)
(2, 29, 1)
(2, 30, 1)
(2, 31, 1)
(2, 32, 1)
(2, 33, 1)
(2, 34, 1)
(2, 35, 1)
(2, 36, 1)
(2, 37, 1)
(2, 38, 1)
(2, 39, 1)

(3, 0, 3)
(3, 1, 3)
(3, 2, 2)
(3, 3, 2)
(3, 4, 2)
(3, 5, 2)
(3, 6, 2)
(3, 7, 2)
(3, 8, 2)
(3, 9, 2)
(3, 10, 2)
(3, 11, 2)
(3, 12, 2)
(3, 13, 2)
(3, 14, 2)
(3, 15, 2)
(3, 16, 2)
(3, 17, 2)
(3, 18, 2)
(3, 19, 2)
(3, 20, 1)
(3, 21, 1)
(3, 22, 1)
(3, 23, 1)
(3, 24, 1)
(3, 25, 1)
(3, 26, 1)
(3, 27, 1)
(3, 28, 1)
(3, 29, 1)
(3, 30, 1)
(3, 31, 1)
(3, 32, 1)
(3, 33, 1)
(3, 34, 1)
(3, 35, 1)
(3, 36, 1)
(3, 37, 1)
(3, 38, 1)
(3, 39, 1)

(4, 0, 4)
(4, 1, 3)
(4, 2, 2)
(4, 3, 2)
(4, 4, 2)
(4, 5, 2)
(4, 6, 2)
(4, 7, 2)
(4, 8, 2)
(4, 9, 2)
(4, 10, 2)
(4, 11, 2)
(4, 12, 2)
(4, 13, 2)
(4, 14, 2)
(4, 15, 2)
(4, 16, 2)
(4, 17, 2)
(4, 18, 2)
(4, 19, 2)
(4, 20, 1)
(4, 21, 1)
(4, 22, 1)
(4, 23, 1)
(4, 24, 1)
(4, 25, 1)
(4, 26, 1)
(4, 27, 1)
(4, 28, 1)
(4, 29, 1)
(4, 30, 1)
(4, 31, 1)
(4, 32, 1)
(4, 33, 1)
(4, 34, 1)
(4, 35, 1)
(4, 36, 1)
(4, 37, 1)
(4, 38, 1)
(4, 39, 1)

(5, 0, 4)
(5, 1, 3)
(5, 2, 2)
(5, 3, 2)
(5, 4, 2)
(5, 5, 2)
(5, 6, 2)
(5, 7, 2)
(5, 8, 2)
(5, 9, 2)
(5, 10, 2)
(5, 11, 2)
(5, 12, 2)
(5, 13, 2)
(5, 14, 2)
(5, 15, 2)
(5, 16, 2)
(5, 17, 2)
(5, 18, 2)
(5, 19, 2)
(5, 20, 1)
(5, 21, 1)
(5, 22, 1)
(5, 23, 1)
(5, 24, 1)
(5, 25, 1)
(5, 26, 1)
(5, 27, 1)
(5, 28, 1)
(5, 29, 1)
(5, 30, 1)
(5, 31, 1)
(5, 32, 1)
(5, 33, 1)
(5, 34, 1)
(5, 35, 1)
(5, 36, 1)
(5, 37, 1)
(5, 38, 1)
(5, 39, 1)

(6, 0, 4)
(6, 1, 3)
(6, 2, 2)
(6, 3, 2)
(6, 4, 2)
(6, 5, 2)
(6, 6, 2)
(6, 7, 2)
(6, 8, 2)
(6, 9, 2)
(6, 10, 2)
(6, 11, 2)
(6, 12, 2)
(6, 13, 2)
(6, 14, 2)
(6, 15, 2)
(6, 16, 2)
(6, 17, 2)
(6, 18, 2)
(6, 19, 1)
(6, 20, 1)
(6, 21, 1)
(6, 22, 1)
(6, 23, 1)
(6, 24, 1)
(6, 25, 1)
(6, 26, 1)
(6, 27, 1)
(6, 28, 1)
(6, 29, 1)
(6, 30, 1)
(6, 31, 1)
(6, 32, 1)
(6, 33, 1)
(6, 34, 1)
(6, 35, 1)
(6, 36, 1)
(6, 37, 1)
(6, 38, 1)
(6, 39, 1)

(7, 0, 4)
(7, 1, 3)
(7, 2, 2)
(7, 3, 2)
(7, 4, 2)
(7, 5, 2)
(7, 6, 2)
(7, 7, 2)
(7, 8, 2)
(7, 9, 2)
(7, 10, 2)
(7, 11, 2)
(7, 12, 2)
(7, 13, 2)
(7, 14, 2)
(7, 15, 2)
(7, 16, 2)
(7, 17, 2)
(7, 18, 2)
(7, 19, 1)
(7, 20, 1)
(7, 21, 1)
(7, 22, 1)
(7, 23, 1)
(7, 24, 1)
(7, 25, 1)
(7, 26, 1)
(7, 27, 1)
(7, 28, 1)
(7, 29, 1)
(7, 30, 1)
(7, 31, 1)
(7, 32, 1)
(7, 33, 1)
(7, 34, 1)
(7, 35, 1)
(7, 36, 1)
(7, 37, 1)
(7, 38, 1)
(7, 39, 1)

(8, 0, 5)
(8, 1, 3)
(8, 2, 2)
(8, 3, 2)
(8, 4, 2)
(8, 5, 2)
(8, 6, 2)
(8, 7, 2)
(8, 8, 2)
(8, 9, 2)
(8, 10, 2)
(8, 11, 2)
(8, 12, 2)
(8, 13, 2)
(8, 14, 2)
(8, 15, 2)
(8, 16, 2)
(8, 17, 2)
(8, 18, 2)
(8, 19, 1)
(8, 20, 1)
(8, 21, 1)
(8, 22, 1)
(8, 23, 1)
(8, 24, 1)
(8, 25, 1)
(8, 26, 1)
(8, 27, 1)
(8, 28, 1)
(8, 29, 1)
(8, 30, 1)
(8, 31, 1)
(8, 32, 1)
(8, 33, 1)
(8, 34, 1)
(8, 35, 1)
(8, 36, 1)
(8, 37, 1)
(8, 38, 1)
(8, 39, 1)

(9, 0, 7)
(9, 1, 4)
(9, 2, 3)
(9, 3, 3)
(9, 4, 3)
(9, 5, 3)
(9, 6, 3)
(9, 7, 3)
(9, 8, 3)
(9, 9, 3)
(9, 10, 3)
(9, 11, 3)
(9, 12, 3)
(9, 13, 3)
(9, 14, 3)
(9, 15, 3)
(9, 16, 3)
(9, 17, 3)
(9, 18, 3)
(9, 19, 2)
(9, 20, 2)
(9, 21, 2)
(9, 22, 2)
(9, 23, 2)
(9, 24, 2)
(9, 25, 2)
(9, 26, 2)
(9, 27, 2)
(9, 28, 1)
(9, 29, 1)
(9, 30, 1)
(9, 31, 1)
(9, 32, 1)
(9, 33, 1)
(9, 34, 1)
(9, 35, 1)
(9, 36, 1)
(9, 37, 1)
(9, 38, 1)
(9, 39, 1)

(10, 0, 8)
(10, 1, 5)
(10, 2, 4)
(10, 3, 4)
(10, 4, 4)
(10, 5, 4)
(10, 6, 4)
(10, 7, 4)
(10, 8, 4)
(10, 9, 3)
(10, 10, 3)
(10, 11, 3)
(10, 12, 3)
(10, 13, 3)
(10, 14, 3)
(10, 15, 3)
(10, 16, 3)
(10, 17, 3)
(10, 18, 3)
(10, 19, 1)
(10, 20, 1)
(10, 21, 1)
(10, 22, 1)
(10, 23, 1)
(10, 24, 1)
(10, 25, 1)
(10, 26, 1)
(10, 27, 1)
(10, 28, 1)
(10, 29, 1)
(10, 30, 1)
(10, 31, 1)
(10, 32, 1)
(10, 33, 1)
(10, 34, 1)
(10, 35, 1)
(10, 36, 1)
(10, 37, 1)
(10, 38, 1)
(10, 39, 1)

(11, 0, 9)
(11, 1, 6)
(11, 2, 5)
(11, 3, 4)
(11, 4, 4)
(11, 5, 4)
(11, 6, 4)
(11, 7, 4)
(11, 8, 4)
(11, 9, 3)
(11, 10, 3)
(11, 11, 3)
(11, 12, 3)
(11, 13, 3)
(11, 14, 3)
(11, 15, 3)
(11, 16, 3)
(11, 17, 3)
(11, 18, 3)
(11, 19, 1)
(11, 20, 1)
(11, 21, 1)
(11, 22, 1)
(11, 23, 1)
(11, 24, 1)
(11, 25, 1)
(11, 26, 1)
(11, 27, 1)
(11, 28, 1)
(11, 29, 1)
(11, 30, 1)
(11, 31, 1)
(11, 32, 1)
(11, 33, 1)
(11, 34, 1)
(11, 35, 1)
(11, 36, 1)
(11, 37, 1)
(11, 38, 1)
(11, 39, 1)

(12, 0, 10)
(12, 1, 7)
(12, 2, 6)
(12, 3, 5)
(12, 4, 5)
(12, 5, 4)
(12, 6, 4)
(12, 7, 4)
(12, 8, 4)
(12, 9, 3)
(12, 10, 3)
(12, 11, 3)
(12, 12, 3)
(12, 13, 3)
(12, 14, 2)
(12, 15, 2)
(12, 16, 2)
(12, 17, 2)
(12, 18, 2)
(12, 19, 1)
(12, 20, 1)
(12, 21, 1)
(12, 22, 1)
(12, 23, 1)
(12, 24, 1)
(12, 25, 1)
(12, 26, 1)
(12, 27, 1)
(12, 28, 1)
(12, 29, 1)
(12, 30, 1)
(12, 31, 1)
(12, 32, 1)
(12, 33, 1)
(12, 34, 1)
(12, 35, 1)
(12, 36, 1)
(12, 37, 1)
(12, 38, 1)
(12, 39, 1)

(13, 0, 11)
(13, 1, 7)
(13, 2, 6)
(13, 3, 5)
(13, 4, 5)
(13, 5, 4)
(13, 6, 4)
(13, 7, 4)
(13, 8, 4)
(13, 9, 3)
(13, 10, 3)
(13, 11, 3)
(13, 12, 3)
(13, 13, 3)
(13, 14, 2)
(13, 15, 2)
(13, 16, 2)
(13, 17, 2)
(13, 18, 2)
(13, 19, 1)
(13, 20, 1)
(13, 21, 1)
(13, 22, 1)
(13, 23, 1)
(13, 24, 1)
(13, 25, 1)
(13, 26, 1)
(13, 27, 1)
(13, 28, 1)
(13, 29, 1)
(13, 30, 1)
(13, 31, 1)
(13, 32, 1)
(13, 33, 1)
(13, 34, 1)
(13, 35, 1)
(13, 36, 1)
(13, 37, 1)
(13, 38, 1)
(13, 39, 1)

(14, 0, 11)
(14, 1, 7)
(14, 2, 6)
(14, 3, 5)
(14, 4, 5)
(14, 5, 4)
(14, 6, 4)
(14, 7, 4)
(14, 8, 4)
(14, 9, 3)
(14, 10, 3)
(14, 11, 3)
(14, 12, 3)
(14, 13, 3)
(14, 14, 2)
(14, 15, 2)
(14, 16, 2)
(14, 17, 2)
(14, 18, 2)
(14, 19, 1)
(14, 20, 1)
(14, 21, 1)
(14, 22, 1)
(14, 23, 1)
(14, 24, 1)
(14, 25, 1)
(14, 26, 1)
(14, 27, 1)
(14, 28, 1)
(14, 29, 1)
(14, 30, 1)
(14, 31, 1)
(14, 32, 1)
(14, 33, 1)
(14, 34, 1)
(14, 35, 1)
(14, 36, 1)
(14, 37, 1)
(14, 38, 1)
(14, 39, 1)

(15, 0, 11)
(15, 1, 7)
(15, 2, 6)
(15, 3, 5)
(15, 4, 5)
(15, 5, 4)
(15, 6, 4)
(15, 7, 4)
(15, 8, 4)
(15, 9, 3)
(15, 10, 3)
(15, 11, 3)
(15, 12, 3)
(15, 13, 3)
(15, 14, 2)
(15, 15, 2)
(15, 16, 2)
(15, 17, 2)
(15, 18, 2)
(15, 19, 1)
(15, 20, 1)
(15, 21, 1)
(15, 22, 1)
(15, 23, 1)
(15, 24, 1)
(15, 25, 1)
(15, 26, 1)
(15, 27, 1)
(15, 28, 1)
(15, 29, 1)
(15, 30, 1)
(15, 31, 1)
(15, 32, 1)
(15, 33, 1)
(15, 34, 1)
(15, 35, 1)
(15, 36, 1)
(15, 37, 1)
(15, 38, 1)
(15, 39, 1)

(16, 0, 12)
(16, 1, 8)
(16, 2, 7)
(16, 3, 6)
(16, 4, 6)
(16, 5, 5)
(16, 6, 5)
(16, 7, 5)
(16, 8, 5)
(16, 9, 3)
(16, 10, 3)
(16, 11, 3)
(16, 12, 3)
(16, 13, 3)
(16, 14, 2)
(16, 15, 2)
(16, 16, 2)
(16, 17, 2)
(16, 18, 2)
(16, 19, 1)
(16, 20, 1)
(16, 21, 1)
(16, 22, 1)
(16, 23, 1)
(16, 24, 1)
(16, 25, 1)
(16, 26, 1)
(16, 27, 1)
(16, 28, 1)
(16, 29, 1)
(16, 30, 1)
(16, 31, 1)
(16, 32, 1)
(16, 33, 1)
(16, 34, 1)
(16, 35, 1)
(16, 36, 1)
(16, 37, 1)
(16, 38, 1)
(16, 39, 1)

(17, 0, 13)
(17, 1, 8)
(17, 2, 7)
(17, 3, 6)
(17, 4, 6)
(17, 5, 5)
(17, 6, 5)
(17, 7, 5)
(17, 8, 5)
(17, 9, 3)
(17, 10, 3)
(17, 11, 3)
(17, 12, 3)
(17, 13, 3)
(17, 14, 2)
(17, 15, 2)
(17, 16, 2)
(17, 17, 2)
(17, 18, 2)
(17, 19, 1)
(17, 20, 1)
(17, 21, 1)
(17, 22, 1)
(17, 23, 1)
(17, 24, 1)
(17, 25, 1)
(17, 26, 1)
(17, 27, 1)
(17, 28, 1)
(17, 29, 1)
(17, 30, 1)
(17, 31, 1)
(17, 32, 1)
(17, 33, 1)
(17, 34, 1)
(17, 35, 1)
(17, 36, 1)
(17, 37, 1)
(17, 38, 1)
(17, 39, 1)

(18, 0, 14)
(18, 1, 9)
(18, 2, 8)
(18, 3, 7)
(18, 4, 7)
(18, 5, 6)
(18, 6, 6)
(18, 7, 6)
(18, 8, 6)
(18, 9, 4)
(18, 10, 4)
(18, 11, 4)
(18, 12, 4)
(18, 13, 4)
(18, 14, 3)
(18, 15, 3)
(18, 16, 3)
(18, 17, 3)
(18, 18, 3)
(18, 19, 2)
(18, 20, 2)
(18, 21, 2)
(18, 22, 2)
(18, 23, 2)
(18, 24, 2)
(18, 25, 2)
(18, 26, 2)
(18, 27, 2)
(18, 28, 2)
(18, 29, 2)
(18, 30, 2)
(18, 31, 2)
(18, 32, 2)
(18, 33, 2)
(18, 34, 2)
(18, 35, 2)
(18, 36, 2)
(18, 37, 2)
(18, 38, 2)
(18, 39, 2)

(19, 0, 16)
(19, 1, 11)
(19, 2, 10)
(19, 3, 8)
(19, 4, 8)
(19, 5, 7)
(19, 6, 7)
(19, 7, 7)
(19, 8, 7)
(19, 9, 5)
(19, 10, 5)
(19, 11, 5)
(19, 12, 5)
(19, 13, 5)
(19, 14, 4)
(19, 15, 4)
(19, 16, 4)
(19, 17, 4)
(19, 18, 4)
(19, 19, 3)
(19, 20, 3)
(19, 21, 2)
(19, 22, 2)
(19, 23, 2)
(19, 24, 2)
(19, 25, 2)
(19, 26, 2)
(19, 27, 2)
(19, 28, 2)
(19, 29, 2)
(19, 30, 2)
(19, 31, 2)
(19, 32, 2)
(19, 33, 2)
(19, 34, 2)
(19, 35, 2)
(19, 36, 2)
(19, 37, 2)
(19, 38, 2)
(19, 39, 2)

(20, 0, 18)
(20, 1, 13)
(20, 2, 12)
(20, 3, 9)
(20, 4, 9)
(20, 5, 8)
(20, 6, 8)
(20, 7, 8)
(20, 8, 8)
(20, 9, 6)
(20, 10, 6)
(20, 11, 6)
(20, 12, 6)
(20, 13, 6)
(20, 14, 5)
(20, 15, 5)
(20, 16, 5)
(20, 17, 5)
(20, 18, 5)
(20, 19, 3)
(20, 20, 3)
(20, 21, 2)
(20, 22, 2)
(20, 23, 2)
(20, 24, 2)
(20, 25, 2)
(20, 26, 2)
(20, 27, 2)
(20, 28, 2)
(20, 29, 2)
(20, 30, 2)
(20, 31, 2)
(20, 32, 2)
(20, 33, 2)
(20, 34, 2)
(20, 35, 2)
(20, 36, 2)
(20, 37, 2)
(20, 38, 2)
(20, 39, 2)

(21, 0, 19)
(21, 1, 14)
(21, 2, 12)
(21, 3, 9)
(21, 4, 9)
(21, 5, 8)
(21, 6, 8)
(21, 7, 8)
(21, 8, 8)
(21, 9, 6)
(21, 10, 6)
(21, 11, 6)
(21, 12, 6)
(21, 13, 6)
(21, 14, 5)
(21, 15, 5)
(21, 16, 5)
(21, 17, 5)
(21, 18, 5)
(21, 19, 3)
(21, 20, 3)
(21, 21, 2)
(21, 22, 2)
(21, 23, 2)
(21, 24, 2)
(21, 25, 2)
(21, 26, 2)
(21, 27, 2)
(21, 28, 2)
(21, 29, 2)
(21, 30, 2)
(21, 31, 2)
(21, 32, 2)
(21, 33, 2)
(21, 34, 2)
(21, 35, 2)
(21, 36, 2)
(21, 37, 2)
(21, 38, 2)
(21, 39, 2)

(22, 0, 19)
(22, 1, 13)
(22, 2, 12)
(22, 3, 9)
(22, 4, 9)
(22, 5, 8)
(22, 6, 8)
(22, 7, 8)
(22, 8, 8)
(22, 9, 6)
(22, 10, 6)
(22, 11, 6)
(22, 12, 6)
(22, 13, 6)
(22, 14, 5)
(22, 15, 5)
(22, 16, 5)
(22, 17, 5)
(22, 18, 5)
(22, 19, 3)
(22, 20, 3)
(22, 21, 2)
(22, 22, 2)
(22, 23, 2)
(22, 24, 2)
(22, 25, 2)
(22, 26, 2)
(22, 27, 2)
(22, 28, 2)
(22, 29, 2)
(22, 30, 2)
(22, 31, 2)
(22, 32, 2)
(22, 33, 2)
(22, 34, 2)
(22, 35, 2)
(22, 36, 2)
(22, 37, 2)
(22, 38, 2)
(22, 39, 2)

(23, 0, 23)
(23, 1, 15)
(23, 2, 14)
(23, 3, 11)
(23, 4, 11)
(23, 5, 10)
(23, 6, 10)
(23, 7, 10)
(23, 8, 10)
(23, 9, 8)
(23, 10, 7)
(23, 11, 7)
(23, 12, 7)
(23, 13, 7)
(23, 14, 6)
(23, 15, 6)
(23, 16, 6)
(23, 17, 6)
(23, 18, 6)
(23, 19, 3)
(23, 20, 3)
(23, 21, 2)
(23, 22, 2)
(23, 23, 2)
(23, 24, 2)
(23, 25, 2)
(23, 26, 2)
(23, 27, 2)
(23, 28, 1)
(23, 29, 1)
(23, 30, 1)
(23, 31, 1)
(23, 32, 1)
(23, 33, 1)
(23, 34, 1)
(23, 35, 1)
(23, 36, 1)
(23, 37, 1)
(23, 38, 1)
(23, 39, 1)

(24, 0, 24)
(24, 1, 15)
(24, 2, 14)
(24, 3, 11)
(24, 4, 11)
(24, 5, 10)
(24, 6, 10)
(24, 7, 10)
(24, 8, 10)
(24, 9, 7)
(24, 10, 7)
(24, 11, 7)
(24, 12, 7)
(24, 13, 7)
(24, 14, 6)
(24, 15, 6)
(24, 16, 6)
(24, 17, 6)
(24, 18, 6)
(24, 19, 3)
(24, 20, 3)
(24, 21, 2)
(24, 22, 2)
(24, 23, 2)
(24, 24, 2)
(24, 25, 2)
(24, 26, 2)
(24, 27, 2)
(24, 28, 1)
(24, 29, 1)
(24, 30, 1)
(24, 31, 1)
(24, 32, 1)
(24, 33, 1)
(24, 34, 1)
(24, 35, 1)
(24, 36, 1)
(24, 37, 1)
(24, 38, 1)
(24, 39, 1)

(25, 0, 24)
(25, 1, 15)
(25, 2, 14)
(25, 3, 11)
(25, 4, 11)
(25, 5, 10)
(25, 6, 10)
(25, 7, 10)
(25, 8, 10)
(25, 9, 7)
(25, 10, 7)
(25, 11, 7)
(25, 12, 7)
(25, 13, 7)
(25, 14, 6)
(25, 15, 6)
(25, 16, 6)
(25, 17, 6)
(25, 18, 6)
(25, 19, 3)
(25, 20, 3)
(25, 21, 2)
(25, 22, 2)
(25, 23, 2)
(25, 24, 2)
(25, 25, 2)
(25, 26, 2)
(25, 27, 2)
(25, 28, 1)
(25, 29, 1)
(25, 30, 1)
(25, 31, 1)
(25, 32, 1)
(25, 33, 1)
(25, 34, 1)
(25, 35, 1)
(25, 36, 1)
(25, 37, 1)
(25, 38, 1)
(25, 39, 1)

(26, 0, 25)
(26, 1, 16)
(26, 2, 15)
(26, 3, 12)
(26, 4, 12)
(26, 5, 10)
(26, 6, 10)
(26, 7, 10)
(26, 8, 9)
(26, 9, 7)
(26, 10, 7)
(26, 11, 7)
(26, 12, 7)
(26, 13, 7)
(26, 14, 6)
(26, 15, 6)
(26, 16, 6)
(26, 17, 6)
(26, 18, 6)
(26, 19, 3)
(26, 20, 3)
(26, 21, 2)
(26, 22, 2)
(26, 23, 2)
(26, 24, 2)
(26, 25, 2)
(26, 26, 2)
(26, 27, 2)
(26, 28, 1)
(26, 29, 1)
(26, 30, 1)
(26, 31, 1)
(26, 32, 1)
(26, 33, 1)
(26, 34, 1)
(26, 35, 1)
(26, 36, 1)
(26, 37, 1)
(26, 38, 1)
(26, 39, 1)

(27, 0, 25)
(27, 1, 16)
(27, 2, 15)
(27, 3, 12)
(27, 4, 12)
(27, 5, 10)
(27, 6, 10)
(27, 7, 10)
(27, 8, 9)
(27, 9, 7)
(27, 10, 7)
(27, 11, 7)
(27, 12, 7)
(27, 13, 7)
(27, 14, 6)
(27, 15, 6)
(27, 16, 6)
(27, 17, 6)
(27, 18, 6)
(27, 19, 3)
(27, 20, 3)
(27, 21, 2)
(27, 22, 2)
(27, 23, 2)
(27, 24, 2)
(27, 25, 2)
(27, 26, 2)
(27, 27, 2)
(27, 28, 1)
(27, 29, 1)
(27, 30, 1)
(27, 31, 1)
(27, 32, 1)
(27, 33, 1)
(27, 34, 1)
(27, 35, 1)
(27, 36, 1)
(27, 37, 1)
(27, 38, 1)
(27, 39, 1)

(28, 0, 26)
(28, 1, 17)
(28, 2, 16)
(28, 3, 13)
(28, 4, 13)
(28, 5, 11)
(28, 6, 11)
(28, 7, 10)
(28, 8, 9)
(28, 9, 7)
(28, 10, 7)
(28, 11, 7)
(28, 12, 7)
(28, 13, 7)
(28, 14, 6)
(28, 15, 6)
(28, 16, 6)
(28, 17, 6)
(28, 18, 6)
(28, 19, 3)
(28, 20, 3)
(28, 21, 2)
(28, 22, 2)
(28, 23, 2)
(28, 24, 2)
(28, 25, 2)
(28, 26, 2)
(28, 27, 1)
(28, 28, 1)
(28, 29, 1)
(28, 30, 1)
(28, 31, 1)
(28, 32, 1)
(28, 33, 1)
(28, 34, 1)
(28, 35, 1)
(28, 36, 1)
(28, 37, 1)
(28, 38, 1)
(28, 39, 1)

(29, 0, 28)
(29, 1, 18)
(29, 2, 17)
(29, 3, 14)
(29, 4, 14)
(29, 5, 12)
(29, 6, 12)
(29, 7, 11)
(29, 8, 10)
(29, 9, 8)
(29, 10, 8)
(29, 11, 8)
(29, 12, 8)
(29, 13, 8)
(29, 14, 7)
(29, 15, 7)
(29, 16, 7)
(29, 17, 7)
(29, 18, 7)
(29, 19, 4)
(29, 20, 3)
(29, 21, 2)
(29, 22, 2)
(29, 23, 2)
(29, 24, 2)
(29, 25, 1)
(29, 26, 1)
(29, 27, 1)
(29, 28, 1)
(29, 29, 1)
(29, 30, 1)
(29, 31, 1)
(29, 32, 1)
(29, 33, 1)
(29, 34, 1)
(29, 35, 1)
(29, 36, 1)
(29, 37, 1)
(29, 38, 1)
(29, 39, 1)

(30, 0, 30)
(30, 1, 19)
(30, 2, 18)
(30, 3, 15)
(30, 4, 15)
(30, 5, 13)
(30, 6, 13)
(30, 7, 12)
(30, 8, 11)
(30, 9, 9)
(30, 10, 9)
(30, 11, 8)
(30, 12, 8)
(30, 13, 8)
(30, 14, 7)
(30, 15, 7)
(30, 16, 6)
(30, 17, 6)
(30, 18, 6)
(30, 19, 3)
(30, 20, 2)
(30, 21, 1)
(30, 22, 1)
(30, 23, 1)
(30, 24, 1)
(30, 25, 1)
(30, 26, 1)
(30, 27, 1)
(30, 28, 1)
(30, 29, 1)
(30, 30, 1)
(30, 31, 1)
(30, 32, 1)
(30, 33, 1)
(30, 34, 1)
(30, 35, 1)
(30, 36, 1)
(30, 37, 1)
(30, 38, 1)
(30, 39, 1)

(31, 0, 30)
(31, 1, 19)
(31, 2, 18)
(31, 3, 15)
(31, 4, 15)
(31, 5, 13)
(31, 6, 13)
(31, 7, 12)
(31, 8, 11)
(31, 9, 9)
(31, 10, 9)
(31, 11, 8)
(31, 12, 8)
(31, 13, 8)
(31, 14, 7)
(31, 15, 7)
(31, 16, 6)
(31, 17, 6)
(31, 18, 6)
(31, 19, 3)
(31, 20, 2)
(31, 21, 1)
(31, 22, 1)
(31, 23, 1)
(31, 24, 1)
(31, 25, 1)
(31, 26, 1)
(31, 27, 1)
(31, 28, 1)
(31, 29, 1)
(31, 30, 1)
(31, 31, 1)
(31, 32, 1)
(31, 33, 1)
(31, 34, 1)
(31, 35, 1)
(31, 36, 1)
(31, 37, 1)
(31, 38, 1)
(31, 39, 1)

(32, 0, 32)
(32, 1, 21)
(32, 2, 20)
(32, 3, 17)
(32, 4, 17)
(32, 5, 14)
(32, 6, 14)
(32, 7, 12)
(32, 8, 11)
(32, 9, 9)
(32, 10, 9)
(32, 11, 8)
(32, 12, 8)
(32, 13, 8)
(32, 14, 7)
(32, 15, 6)
(32, 16, 6)
(32, 17, 6)
(32, 18, 6)
(32, 19, 3)
(32, 20, 2)
(32, 21, 1)
(32, 22, 1)
(32, 23, 1)
(32, 24, 1)
(32, 25, 1)
(32, 26, 1)
(32, 27, 1)
(32, 28, 1)
(32, 29, 1)
(32, 30, 1)
(32, 31, 1)
(32, 32, 1)
(32, 33, 1)
(32, 34, 1)
(32, 35, 1)
(32, 36, 1)
(32, 37, 1)
(32, 38, 1)
(32, 39, 1)

(33, 0, 33)
(33, 1, 21)
(33, 2, 20)
(33, 3, 17)
(33, 4, 17)
(33, 5, 14)
(33, 6, 14)
(33, 7, 12)
(33, 8, 11)
(33, 9, 9)
(33, 10, 9)
(33, 11, 8)
(33, 12, 8)
(33, 13, 8)
(33, 14, 7)
(33, 15, 6)
(33, 16, 6)
(33, 17, 6)
(33, 18, 6)
(33, 19, 3)
(33, 20, 2)
(33, 21, 1)
(33, 22, 1)
(33, 23, 1)
(33, 24, 1)
(33, 25, 1)
(33, 26, 1)
(33, 27, 1)
(33, 28, 1)
(33, 29, 1)
(33, 30, 1)
(33, 31, 1)
(33, 32, 1)
(33, 33, 1)
(33, 34, 1)
(33, 35, 1)
(33, 36, 1)
(33, 37, 1)
(33, 38, 1)
(33, 39, 1)

(34, 0, 33)
(34, 1, 21)
(34, 2, 20)
(34, 3, 17)
(34, 4, 17)
(34, 5, 14)
(34, 6, 14)
(34, 7, 12)
(34, 8, 11)
(34, 9, 9)
(34, 10, 9)
(34, 11, 8)
(34, 12, 8)
(34, 13, 8)
(34, 14, 7)
(34, 15, 6)
(34, 16, 6)
(34, 17, 6)
(34, 18, 6)
(34, 19, 3)
(34, 20, 2)
(34, 21, 1)
(34, 22, 1)
(34, 23, 1)
(34, 24, 1)
(34, 25, 1)
(34, 26, 1)
(34, 27, 1)
(34, 28, 1)
(34, 29, 1)
(34, 30, 1)
(34, 31, 1)
(34, 32, 1)
(34, 33, 1)
(34, 34, 1)
(34, 35, 1)
(34, 36, 1)
(34, 37, 1)
(34, 38, 1)
(34, 39, 1)

(35, 0, 33)
(35, 1, 21)
(35, 2, 20)
(35, 3, 17)
(35, 4, 17)
(35, 5, 14)
(35, 6, 14)
(35, 7, 12)
(35, 8, 11)
(35, 9, 9)
(35, 10, 9)
(35, 11, 8)
(35, 12, 8)
(35, 13, 8)
(35, 14, 7)
(35, 15, 6)
(35, 16, 6)
(35, 17, 6)
(35, 18, 6)
(35, 19, 3)
(35, 20, 2)
(35, 21, 1)
(35, 22, 1)
(35, 23, 1)
(35, 24, 1)
(35, 25, 1)
(35, 26, 1)
(35, 27, 1)
(35, 28, 1)
(35, 29, 1)
(35, 30, 1)
(35, 31, 1)
(35, 32, 1)
(35, 33, 1)
(35, 34, 1)
(35, 35, 1)
(35, 36, 1)
(35, 37, 1)
(35, 38, 1)
(35, 39, 1)

(36, 0, 33)
(36, 1, 21)
(36, 2, 20)
(36, 3, 17)
(36, 4, 17)
(36, 5, 14)
(36, 6, 14)
(36, 7, 12)
(36, 8, 11)
(36, 9, 9)
(36, 10, 9)
(36, 11, 8)
(36, 12, 8)
(36, 13, 8)
(36, 14, 7)
(36, 15, 6)
(36, 16, 6)
(36, 17, 6)
(36, 18, 6)
(36, 19, 3)
(36, 20, 2)
(36, 21, 1)
(36, 22, 1)
(36, 23, 1)
(36, 24, 1)
(36, 25, 1)
(36, 26, 1)
(36, 27, 1)
(36, 28, 1)
(36, 29, 1)
(36, 30, 1)
(36, 31, 1)
(36, 32, 1)
(36, 33, 1)
(36, 34, 1)
(36, 35, 1)
(36, 36, 1)
(36, 37, 1)
(36, 38, 1)
(36, 39, 1)

(37, 0, 33)
(37, 1, 21)
(37, 2, 20)
(37, 3, 17)
(37, 4, 17)
(37, 5, 14)
(37, 6, 14)
(37, 7, 12)
(37, 8, 11)
(37, 9, 9)
(37, 10, 9)
(37, 11, 8)
(37, 12, 8)
(37, 13, 8)
(37, 14, 7)
(37, 15, 6)
(37, 16, 6)
(37, 17, 6)
(37, 18, 6)
(37, 19, 3)
(37, 20, 2)
(37, 21, 1)
(37, 22, 1)
(37, 23, 1)
(37, 24, 1)
(37, 25, 1)
(37, 26, 1)
(37, 27, 1)
(37, 28, 1)
(37, 29, 1)
(37, 30, 1)
(37, 31, 1)
(37, 32, 1)
(37, 33, 1)
(37, 34, 1)
(37, 35, 1)
(37, 36, 1)
(37, 37, 1)
(37, 38, 1)
(37, 39, 1)

(38, 0, 34)
(38, 1, 22)
(38, 2, 21)
(38, 3, 18)
(38, 4, 18)
(38, 5, 15)
(38, 6, 15)
(38, 7, 13)
(38, 8, 12)
(38, 9, 10)
(38, 10, 10)
(38, 11, 9)
(38, 12, 9)
(38, 13, 9)
(38, 14, 7)
(38, 15, 6)
(38, 16, 6)
(38, 17, 6)
(38, 18, 6)
(38, 19, 3)
(38, 20, 2)
(38, 21, 1)
(38, 22, 1)
(38, 23, 1)
(38, 24, 1)
(38, 25, 1)
(38, 26, 1)
(38, 27, 1)
(38, 28, 1)
(38, 29, 1)
(38, 30, 1)
(38, 31, 1)
(38, 32, 1)
(38, 33, 1)
(38, 34, 1)
(38, 35, 1)
(38, 36, 1)
(38, 37, 1)
(38, 38, 1)
(38, 39, 1)

(39, 0, 35)
(39, 1, 23)
(39, 2, 22)
(39, 3, 19)
(39, 4, 19)
(39, 5, 16)
(39, 6, 16)
(39, 7, 14)
(39, 8, 13)
(39, 9, 11)
(39, 10, 11)
(39, 11, 10)
(39, 12, 10)
(39, 13, 10)
(39, 14, 8)
(39, 15, 7)
(39, 16, 7)
(39, 17, 7)
(39, 18, 7)
(39, 19, 4)
(39, 20, 3)
(39, 21, 1)
(39, 22, 1)
(39, 23, 1)
(39, 24, 1)
(39, 25, 1)
(39, 26, 1)
(39, 27, 1)
(39, 28, 1)
(39, 29, 1)
(39, 30, 1)
(39, 31, 1)
(39, 32, 1)
(39, 33, 1)
(39, 34, 1)
(39, 35, 1)
(39, 36, 1)
(39, 37, 1)
(39, 38, 1)
(39, 39, 1)


Betti numbers:
xi_0:
(0, 0, 1)
(3, 0, 2)
(4, 0, 1)
(8, 0, 1)
(9, 0, 2)
(10, 0, 1)
(11, 0, 1)
(12, 0, 1)
(13, 0, 1)
(16, 0, 1)
(17, 0, 1)
(18, 0, 1)
(19, 0, 2)
(20, 0, 2)
(21, 0, 1)
(23, 0, 4)
(24, 0, 1)
(26, 0, 1)
(28, 0, 1)
(29, 0, 2)
(30, 0, 2)
(32, 0, 2)
(33, 0, 1)
(38, 0, 1)
(39, 0, 1)
xi_1:
(3, 2, 1)
(3, 20, 1)
(4, 1, 1)
(6, 19, 1)
(8, 1, 1)
(9, 1, 1)
(9, 28, 1)
(10, 9, 1)
(10, 19, 1)
(11, 3, 1)
(12, 5, 1)
(12, 14, 1)
(13, 1, 1)
(16, 9, 1)
(17, 1, 1)
(19, 3, 1)
(19, 21, 1)
(20, 3, 1)
(20, 19, 1)
(21, 2, 1)
(22, 1, 1)
(23, 1, 2)
(23, 10, 1)
(23, 19, 1)
(23, 28, 1)
(24, 1, 1)
(24, 9, 1)
(26, 5, 1)
(26, 8, 1)
(28, 7, 1)
(28, 27, 1)
(29, 1, 1)
(29, 20, 1)
(29, 25, 1)
(30, 1, 1)
(30, 11, 1)
(30, 16, 1)
(32, 5, 1)
(32, 7, 1)
(32, 15, 1)
(33, 1, 1)
(38, 14, 1)
(39, 21, 1)
xi_2:
(6, 20, 1)
(10, 28, 1)
(12, 19, 1)
(22, 2, 1)
(24, 10, 1)
(26, 9, 1)
(28, 28, 1)
(29, 27, 1)
(30, 25, 1)
(32, 16, 1)
