x-grades
-438133850087662009/40000000000000000
-216461644821731549/20000000000000000
-427712729199264187/40000000000000000
-105625542188766319/10000000000000000
-83458321662173273/8000000000000000
-206040523933333727/20000000000000000
-406870487422468543/40000000000000000
-6275936359035463/625000000000000
-396449366534070721/40000000000000000
-39123880608987181/4000000000000000
-386028245645672899/40000000000000000
-95204421300368497/10000000000000000
-375607124757275077/40000000000000000
-185198282156538083/20000000000000000
-73037200773775451/8000000000000000
-44996930428084793/5000000000000000
-354764882980479433/40000000000000000
-174777161268140261/20000000000000000
-344343762092081611/40000000000000000
-3391332016478827/400000000000000
-333922641203683789/40000000000000000
-164356040379742439/20000000000000000
-323501520315285967/40000000000000000
-19893184991942941/2500000000000000
-62616079885377629/8000000000000000
-153934919491344617/20000000000000000
-302659278538490323/40000000000000000
-74362179523572853/10000000000000000
-292238157650092501/40000000000000000
-28702759720589359/4000000000000000
-281817036761694679/40000000000000000
-34575809539686971/5000000000000000
-271395915873296857/40000000000000000
-133092677714548973/20000000000000000
-52194958996979807/8000000000000000
-63941058635175031/10000000000000000
-250553674096501213/40000000000000000
-122671556826151151/20000000000000000
-240132553208103391/40000000000000000
-1468262454774403/250000000000000

y-grades
9999879/4000000
9999879/2000000
29999637/4000000
9999879/1000000
9999879/800000
29999637/2000000
69999153/4000000
9999879/500000
89998911/4000000
9999879/400000
109998669/4000000
29999637/1000000
129998427/4000000
69999153/2000000
29999637/800000
9999879/250000
169997943/4000000
89998911/2000000
189997701/4000000
9999879/200000
209997459/4000000
109998669/2000000
229997217/4000000
29999637/500000
9999879/160000
129998427/2000000
269996733/4000000
69999153/1000000
289996491/4000000
29999637/400000
309996249/4000000
9999879/125000
329996007/4000000
169997943/2000000
69999153/800000
89998911/1000000
369995523/4000000
189997701/2000000
389995281/4000000
9999879/100000

Dimensions > 0:
(0, 0, 1)
(0, 1, 1)
(0, 2, 1)
(0, 3, 1)
(0, 4, 1)
(0, 5, 1)
(0, 6, 1)
(0, 7, 1)
(0, 8, 1)
(0, 9, 1)
(0, 10, 1)
(0, 11, 1)
(0, 12, 1)
(0, 13, 1)
(0, 14, 1)
(0, 15, 1)
(0, 16, 1)
(0, 17, 1)
(0, 18, 1)
(0, 19, 1)
(0, 20, 1)
(0, 21, 1)
(0, 22, 1)
(0, 23, 1)
(0, 24, 1)
(0, 25, 1)
(0, 26, 1)
(0, 27, 1)
(0, 28, 1)
(0, 29, 1)
(0, 30, 1)
(0, 31, 1)
(0, 32, 1)
(0, 33, 1)
(0, 34, 1)
(0, 35, 1)
(0, 36, 1)
(0, 37, 1)
(0, 38, 1)
(0, 39, 1)

(1, 0, 1)
(1, 1, 1)
(1, 2, 1)
(1, 3, 1)
(1, 4, 1)
(1, 5, 1)
(1, 6, 1)
(1, 7, 1)
(1, 8, 1)
(1, 9, 1)
(1, 10, 1)
(1, 11, 1)
(1, 12, 1)
(1, 13, 1)
(1, 14, 1)
(1, 15, 1)
(1, 16, 1)
(1, 17, 1)
(1, 18, 1)
(1, 19, 1)
(1, 20, 1)
(1, 21, 1)
(1, 22, 1)
(1, 23, 1)
(1, 24, 1)
(1, 25, 1)
(1, 26, 1)
(1, 27, 1)
(1, 28, 1)
(1, 29, 1)
(1, 30, 1)
(1, 31, 1)
(1, 32, 1)
(1, 33, 1)
(1, 34, 1)
(1, 35, 1)
(1, 36, 1)
(1, 37, 1)
(1, 38, 1)
(1, 39, 1)

(2, 0, 11)
(2, 1, 5)
(2, 2, 3)
(2, 3, 3)
(2, 4, 3)
(2, 5, 2)
(2, 6, 2)
(2, 7, 2)
(2, 8, 2)
(2, 9, 2)
(2, 10, 2)
(2, 11, 2)
(2, 12, 2)
(2, 13, 2)
(2, 14, 2)
(2, 15, 2)
(2, 16, 2)
(2, 17, 2)
(2, 18, 2)
(2, 19, 2)
(2, 20, 2)
(2, 21, 2)
(2, 22, 2)
(2, 23, 2)
(2, 24, 2)
(2, 25, 2)
(2, 26, 2)
(2, 27, 2)
(2, 28, 2)
(2, 29, 2)
(2, 30, 2)
(2, 31, 2)
(2, 32, 2)
(2, 33, 2)
(2, 34, 2)
(2, 35, 2)
(2, 36, 2)
(2, 37, 2)
(2, 38, 2)
(2, 39, 2)

(3, 0, 14)
(3, 1, 8)
(3, 2, 3)
(3, 3, 3)
(3, 4, 3)
(3, 5, 2)
(3, 6, 2)
(3, 7, 2)
(3, 8, 2)
(3, 9, 2)
(3, 10, 2)
(3, 11, 2)
(3, 12, 2)
(3, 13, 2)
(3, 14, 2)
(3, 15, 2)
(3, 16, 2)
(3, 17, 2)
(3, 18, 2)
(3, 19, 2)
(3, 20, 2)
(3, 21, 2)
(3, 22, 2)
(3, 23, 2)
(3, 24, 2)
(3, 25, 2)
(3, 26, 2)
(3, 27, 2)
(3, 28, 2)
(3, 29, 2)
(3, 30, 2)
(3, 31, 2)
(3, 32, 2)
(3, 33, 2)
(3, 34, 2)
(3, 35, 2)
(3, 36, 2)
(3, 37, 2)
(3, 38, 2)
(3, 39, 2)

(4, 0, 15)
(4, 1, 10)
(4, 2, 3)
(4, 3, 3)
(4, 4, 3)
(4, 5, 2)
(4, 6, 2)
(4, 7, 2)
(4, 8, 2)
(4, 9, 2)
(4, 10, 2)
(4, 11, 2)
(4, 12, 2)
(4, 13, 2)
(4, 14, 2)
(4, 15, 2)
(4, 16, 2)
(4, 17, 2)
(4, 18, 2)
(4, 19, 2)
(4, 20, 2)
(4, 21, 2)
(4, 22, 2)
(4, 23, 2)
(4, 24, 2)
(4, 25, 2)
(4, 26, 2)
(4, 27, 2)
(4, 28, 2)
(4, 29, 2)
(4, 30, 2)
(4, 31, 2)
(4, 32, 2)
(4, 33, 2)
(4, 34, 2)
(4, 35, 2)
(4, 36, 2)
(4, 37, 2)
(4, 38, 2)
(4, 39, 2)

(5, 0, 18)
(5, 1, 13)
(5, 2, 4)
(5, 3, 4)
(5, 4, 4)
(5, 5, 3)
(5, 6, 3)
(5, 7, 3)
(5, 8, 3)
(5, 9, 3)
(5, 10, 3)
(5, 11, 3)
(5, 12, 3)
(5, 13, 3)
(5, 14, 3)
(5, 15, 2)
(5, 16, 2)
(5, 17, 2)
(5, 18, 2)
(5, 19, 2)
(5, 20, 2)
(5, 21, 2)
(5, 22, 2)
(5, 23, 2)
(5, 24, 2)
(5, 25, 2)
(5, 26, 2)
(5, 27, 2)
(5, 28, 2)
(5, 29, 2)
(5, 30, 2)
(5, 31, 2)
(5, 32, 2)
(5, 33, 2)
(5, 34, 1)
(5, 35, 1)
(5, 36, 1)
(5, 37, 1)
(5, 38, 1)
(5, 39, 1)

(6, 0, 24)
(6, 1, 19)
(6, 2, 6)
(6, 3, 6)
(6, 4, 6)
(6, 5, 5)
(6, 6, 5)
(6, 7, 4)
(6, 8, 4)
(6, 9, 4)
(6, 10, 4)
(6, 11, 4)
(6, 12, 4)
(6, 13, 4)
(6, 14, 4)
(6, 15, 3)
(6, 16, 3)
(6, 17, 3)
(6, 18, 3)
(6, 19, 3)
(6, 20, 3)
(6, 21, 3)
(6, 22, 3)
(6, 23, 3)
(6, 24, 3)
(6, 25, 3)
(6, 26, 3)
(6, 27, 3)
(6, 28, 3)
(6, 29, 3)
(6, 30, 3)
(6, 31, 3)
(6, 32, 3)
(6, 33, 3)
(6, 34, 2)
(6, 35, 2)
(6, 36, 2)
(6, 37, 2)
(6, 38, 2)
(6, 39, 2)

(7, 0, 26)
(7, 1, 21)
(7, 2, 7)
(7, 3, 7)
(7, 4, 7)
(7, 5, 6)
(7, 6, 6)
(7, 7, 4)
(7, 8, 4)
(7, 9, 4)
(7, 10, 4)
(7, 11, 4)
(7, 12, 4)
(7, 13, 4)
(7, 14, 4)
(7, 15, 3)
(7, 16, 3)
(7, 17, 3)
(7, 18, 3)
(7, 19, 3)
(7, 20, 3)
(7, 21, 3)
(7, 22, 3)
(7, 23, 3)
(7, 24, 3)
(7, 25, 3)
(7, 26, 3)
(7, 27, 3)
(7, 28, 3)
(7, 29, 3)
(7, 30, 3)
(7, 31, 3)
(7, 32, 3)
(7, 33, 3)
(7, 34, 2)
(7, 35, 2)
(7, 36, 2)
(7, 37, 2)
(7, 38, 2)
(7, 39, 2)

(8, 0, 31)
(8, 1, 24)
(8, 2, 9)
(8, 3, 9)
(8, 4, 9)
(8, 5, 8)
(8, 6, 7)
(8, 7, 5)
(8, 8, 5)
(8, 9, 5)
(8, 10, 5)
(8, 11, 5)
(8, 12, 5)
(8, 13, 5)
(8, 14, 5)
(8, 15, 3)
(8, 16, 3)
(8, 17, 3)
(8, 18, 3)
(8, 19, 3)
(8, 20, 3)
(8, 21, 2)
(8, 22, 2)
(8, 23, 2)
(8, 24, 2)
(8, 25, 2)
(8, 26, 2)
(8, 27, 2)
(8, 28, 2)
(8, 29, 2)
(8, 30, 2)
(8, 31, 2)
(8, 32, 2)
(8, 33, 2)
(8, 34, 2)
(8, 35, 2)
(8, 36, 2)
(8, 37, 2)
(8, 38, 2)
(8, 39, 2)

(9, 0, 39)
(9, 1, 29)
(9, 2, 11)
(9, 3, 11)
(9, 4, 10)
(9, 5, 9)
(9, 6, 9)
(9, 7, 7)
(9, 8, 6)
(9, 9, 6)
(9, 10, 5)
(9, 11, 5)
(9, 12, 5)
(9, 13, 5)
(9, 14, 5)
(9, 15, 4)
(9, 16, 4)
(9, 17, 3)
(9, 18, 3)
(9, 19, 3)
(9, 20, 3)
(9, 21, 2)
(9, 22, 2)
(9, 23, 2)
(9, 24, 2)
(9, 25, 2)
(9, 26, 2)
(9, 27, 2)
(9, 28, 2)
(9, 29, 2)
(9, 30, 2)
(9, 31, 2)
(9, 32, 2)
(9, 33, 2)
(9, 34, 2)
(9, 35, 2)
(9, 36, 2)
(9, 37, 2)
(9, 38, 2)
(9, 39, 2)

(10, 0, 40)
(10, 1, 31)
(10, 2, 12)
(10, 3, 12)
(10, 4, 10)
(10, 5, 9)
(10, 6, 9)
(10, 7, 7)
(10, 8, 6)
(10, 9, 6)
(10, 10, 5)
(10, 11, 5)
(10, 12, 5)
(10, 13, 5)
(10, 14, 4)
(10, 15, 4)
(10, 16, 4)
(10, 17, 3)
(10, 18, 3)
(10, 19, 3)
(10, 20, 3)
(10, 21, 2)
(10, 22, 2)
(10, 23, 2)
(10, 24, 2)
(10, 25, 2)
(10, 26, 2)
(10, 27, 2)
(10, 28, 2)
(10, 29, 2)
(10, 30, 2)
(10, 31, 2)
(10, 32, 2)
(10, 33, 2)
(10, 34, 2)
(10, 35, 2)
(10, 36, 2)
(10, 37, 2)
(10, 38, 2)
(10, 39, 2)

(11, 0, 40)
(11, 1, 31)
(11, 2, 12)
(11, 3, 12)
(11, 4, 10)
(11, 5, 9)
(11, 6, 9)
(11, 7, 7)
(11, 8, 6)
(11, 9, 6)
(11, 10, 5)
(11, 11, 5)
(11, 12, 5)
(11, 13, 5)
(11, 14, 4)
(11, 15, 4)
(11, 16, 4)
(11, 17, 3)
(11, 18, 3)
(11, 19, 3)
(11, 20, 3)
(11, 21, 2)
(11, 22, 2)
(11, 23, 2)
(11, 24, 2)
(11, 25, 2)
(11, 26, 2)
(11, 27, 2)
(11, 28, 2)
(11, 29, 2)
(11, 30, 2)
(11, 31, 2)
(11, 32, 2)
(11, 33, 2)
(11, 34, 2)
(11, 35, 2)
(11, 36, 2)
(11, 37, 2)
(11, 38, 2)
(11, 39, 2)

(12, 0, 43)
(12, 1, 32)
(12, 2, 13)
(12, 3, 13)
(12, 4, 11)
(12, 5, 10)
(12, 6, 10)
(12, 7, 8)
(12, 8, 7)
(12, 9, 7)
(12, 10, 6)
(12, 11, 6)
(12, 12, 6)
(12, 13, 6)
(12, 14, 5)
(12, 15, 5)
(12, 16, 5)
(12, 17, 4)
(12, 18, 4)
(12, 19, 4)
(12, 20, 4)
(12, 21, 3)
(12, 22, 3)
(12, 23, 3)
(12, 24, 3)
(12, 25, 3)
(12, 26, 3)
(12, 27, 3)
(12, 28, 3)
(12, 29, 3)
(12, 30, 3)
(12, 31, 3)
(12, 32, 3)
(12, 33, 3)
(12, 34, 3)
(12, 35, 3)
(12, 36, 3)
(12, 37, 3)
(12, 38, 3)
(12, 39, 3)

(13, 0, 47)
(13, 1, 36)
(13, 2, 14)
(13, 3, 14)
(13, 4, 12)
(13, 5, 11)
(13, 6, 11)
(13, 7, 9)
(13, 8, 8)
(13, 9, 8)
(13, 10, 6)
(13, 11, 6)
(13, 12, 6)
(13, 13, 6)
(13, 14, 5)
(13, 15, 4)
(13, 16, 4)
(13, 17, 4)
(13, 18, 4)
(13, 19, 4)
(13, 20, 4)
(13, 21, 3)
(13, 22, 3)
(13, 23, 3)
(13, 24, 3)
(13, 25, 3)
(13, 26, 3)
(13, 27, 3)
(13, 28, 3)
(13, 29, 3)
(13, 30, 3)
(13, 31, 3)
(13, 32, 3)
(13, 33, 3)
(13, 34, 3)
(13, 35, 3)
(13, 36, 3)
(13, 37, 3)
(13, 38, 3)
(13, 39, 3)

(14, 0, 53)
(14, 1, 40)
(14, 2, 15)
(14, 3, 15)
(14, 4, 13)
(14, 5, 12)
(14, 6, 12)
(14, 7, 10)
(14, 8, 9)
(14, 9, 9)
(14, 10, 7)
(14, 11, 7)
(14, 12, 7)
(14, 13, 7)
(14, 14, 6)
(14, 15, 4)
(14, 16, 4)
(14, 17, 4)
(14, 18, 4)
(14, 19, 4)
(14, 20, 4)
(14, 21, 3)
(14, 22, 3)
(14, 23, 3)
(14, 24, 3)
(14, 25, 3)
(14, 26, 3)
(14, 27, 3)
(14, 28, 3)
(14, 29, 3)
(14, 30, 3)
(14, 31, 3)
(14, 32, 3)
(14, 33, 2)
(14, 34, 2)
(14, 35, 2)
(14, 36, 2)
(14, 37, 2)
(14, 38, 2)
(14, 39, 2)

(15, 0, 54)
(15, 1, 41)
(15, 2, 15)
(15, 3, 15)
(15, 4, 13)
(15, 5, 12)
(15, 6, 12)
(15, 7, 10)
(15, 8, 9)
(15, 9, 9)
(15, 10, 7)
(15, 11, 7)
(15, 12, 7)
(15, 13, 7)
(15, 14, 5)
(15, 15, 4)
(15, 16, 4)
(15, 17, 4)
(15, 18, 4)
(15, 19, 4)
(15, 20, 4)
(15, 21, 3)
(15, 22, 3)
(15, 23, 3)
(15, 24, 3)
(15, 25, 3)
(15, 26, 3)
(15, 27, 3)
(15, 28, 3)
(15, 29, 3)
(15, 30, 3)
(15, 31, 3)
(15, 32, 3)
(15, 33, 2)
(15, 34, 2)
(15, 35, 2)
(15, 36, 2)
(15, 37, 2)
(15, 38, 2)
(15, 39, 2)

(16, 0, 62)
(16, 1, 47)
(16, 2, 20)
(16, 3, 20)
(16, 4, 15)
(16, 5, 14)
(16, 6, 14)
(16, 7, 12)
(16, 8, 11)
(16, 9, 11)
(16, 10, 9)
(16, 11, 9)
(16, 12, 9)
(16, 13, 9)
(16, 14, 7)
(16, 15, 5)
(16, 16, 5)
(16, 17, 4)
(16, 18, 4)
(16, 19, 4)
(16, 20, 4)
(16, 21, 2)
(16, 22, 2)
(16, 23, 2)
(16, 24, 2)
(16, 25, 2)
(16, 26, 2)
(16, 27, 2)
(16, 28, 2)
(16, 29, 2)
(16, 30, 2)
(16, 31, 1)
(16, 32, 1)
(16, 33, 1)
(16, 34, 1)
(16, 35, 1)
(16, 36, 1)
(16, 37, 1)
(16, 38, 1)
(16, 39, 1)

(17, 0, 71)
(17, 1, 55)
(17, 2, 25)
(17, 3, 23)
(17, 4, 18)
(17, 5, 17)
(17, 6, 17)
(17, 7, 15)
(17, 8, 13)
(17, 9, 13)
(17, 10, 11)
(17, 11, 10)
(17, 12, 10)
(17, 13, 9)
(17, 14, 7)
(17, 15, 4)
(17, 16, 4)
(17, 17, 4)
(17, 18, 4)
(17, 19, 4)
(17, 20, 4)
(17, 21, 2)
(17, 22, 2)
(17, 23, 2)
(17, 24, 2)
(17, 25, 2)
(17, 26, 2)
(17, 27, 1)
(17, 28, 1)
(17, 29, 1)
(17, 30, 1)
(17, 31, 1)
(17, 32, 1)
(17, 33, 1)
(17, 34, 1)
(17, 35, 1)
(17, 36, 1)
(17, 37, 1)
(17, 38, 1)
(17, 39, 1)

(18, 0, 77)
(18, 1, 60)
(18, 2, 25)
(18, 3, 23)
(18, 4, 18)
(18, 5, 17)
(18, 6, 17)
(18, 7, 14)
(18, 8, 12)
(18, 9, 12)
(18, 10, 10)
(18, 11, 9)
(18, 12, 9)
(18, 13, 8)
(18, 14, 6)
(18, 15, 4)
(18, 16, 4)
(18, 17, 4)
(18, 18, 4)
(18, 19, 4)
(18, 20, 4)
(18, 21, 2)
(18, 22, 2)
(18, 23, 2)
(18, 24, 2)
(18, 25, 2)
(18, 26, 2)
(18, 27, 1)
(18, 28, 1)
(18, 29, 1)
(18, 30, 1)
(18, 31, 1)
(18, 32, 1)
(18, 33, 1)
(18, 34, 1)
(18, 35, 1)
(18, 36, 1)
(18, 37, 1)
(18, 38, 1)
(18, 39, 1)

(19, 0, 83)
(19, 1, 65)
(19, 2, 26)
(19, 3, 24)
(19, 4, 18)
(19, 5, 17)
(19, 6, 17)
(19, 7, 14)
(19, 8, 12)
(19, 9, 11)
(19, 10, 9)
(19, 11, 9)
(19, 12, 9)
(19, 13, 8)
(19, 14, 6)
(19, 15, 4)
(19, 16, 4)
(19, 17, 4)
(19, 18, 4)
(19, 19, 4)
(19, 20, 4)
(19, 21, 2)
(19, 22, 2)
(19, 23, 2)
(19, 24, 2)
(19, 25, 2)
(19, 26, 2)
(19, 27, 1)
(19, 28, 1)
(19, 29, 1)
(19, 30, 1)
(19, 31, 1)
(19, 32, 1)
(19, 33, 1)
(19, 34, 1)
(19, 35, 1)
(19, 36, 1)
(19, 37, 1)
(19, 38, 1)
(19, 39, 1)

(20, 0, 86)
(20, 1, 68)
(20, 2, 27)
(20, 3, 25)
(20, 4, 19)
(20, 5, 18)
(20, 6, 17)
(20, 7, 14)
(20, 8, 12)
(20, 9, 11)
(20, 10, 9)
(20, 11, 9)
(20, 12, 9)
(20, 13, 8)
(20, 14, 6)
(20, 15, 4)
(20, 16, 4)
(20, 17, 4)
(20, 18, 4)
(20, 19, 4)
(20, 20, 4)
(20, 21, 2)
(20, 22, 2)
(20, 23, 2)
(20, 24, 2)
(20, 25, 2)
(20, 26, 2)
(20, 27, 1)
(20, 28, 1)
(20, 29, 1)
(20, 30, 1)
(20, 31, 1)
(20, 32, 1)
(20, 33, 1)
(20, 34, 1)
(20, 35, 1)
(20, 36, 1)
(20, 37, 1)
(20, 38, 1)
(20, 39, 1)

(21, 0, 90)
(21, 1, 70)
(21, 2, 27)
(21, 3, 24)
(21, 4, 19)
(21, 5, 18)
(21, 6, 17)
(21, 7, 14)
(21, 8, 12)
(21, 9, 11)
(21, 10, 9)
(21, 11, 9)
(21, 12, 9)
(21, 13, 8)
(21, 14, 6)
(21, 15, 4)
(21, 16, 4)
(21, 17, 4)
(21, 18, 4)
(21, 19, 4)
(21, 20, 4)
(21, 21, 2)
(21, 22, 2)
(21, 23, 2)
(21, 24, 2)
(21, 25, 2)
(21, 26, 2)
(21, 27, 1)
(21, 28, 1)
(21, 29, 1)
(21, 30, 1)
(21, 31, 1)
(21, 32, 1)
(21, 33, 1)
(21, 34, 1)
(21, 35, 1)
(21, 36, 1)
(21, 37, 1)
(21, 38, 1)
(21, 39, 1)

(22, 0, 94)
(22, 1, 74)
(22, 2, 30)
(22, 3, 27)
(22, 4, 22)
(22, 5, 21)
(22, 6, 18)
(22, 7, 15)
(22, 8, 13)
(22, 9, 12)
(22, 10, 10)
(22, 11, 9)
(22, 12, 9)
(22, 13, 8)
(22, 14, 6)
(22, 15, 4)
(22, 16, 4)
(22, 17, 4)
(22, 18, 4)
(22, 19, 4)
(22, 20, 4)
(22, 21, 2)
(22, 22, 2)
(22, 23, 2)
(22, 24, 2)
(22, 25, 2)
(22, 26, 2)
(22, 27, 1)
(22, 28, 1)
(22, 29, 1)
(22, 30, 1)
(22, 31, 1)
(22, 32, 1)
(22, 33, 1)
(22, 34, 1)
(22, 35, 1)
(22, 36, 1)
(22, 37, 1)
(22, 38, 1)
(22, 39, 1)

(23, 0, 96)
(23, 1, 76)
(23, 2, 32)
(23, 3, 29)
(23, 4, 23)
(23, 5, 22)
(23, 6, 19)
(23, 7, 16)
(23, 8, 14)
(23, 9, 13)
(23, 10, 11)
(23, 11, 10)
(23, 12, 10)
(23, 13, 9)
(23, 14, 7)
(23, 15, 5)
(23, 16, 5)
(23, 17, 5)
(23, 18, 5)
(23, 19, 5)
(23, 20, 5)
(23, 21, 3)
(23, 22, 3)
(23, 23, 3)
(23, 24, 3)
(23, 25, 3)
(23, 26, 3)
(23, 27, 2)
(23, 28, 2)
(23, 29, 2)
(23, 30, 2)
(23, 31, 2)
(23, 32, 2)
(23, 33, 2)
(23, 34, 2)
(23, 35, 2)
(23, 36, 2)
(23, 37, 2)
(23, 38, 2)
(23, 39, 2)

(24, 0, 103)
(24, 1, 81)
(24, 2, 33)
(24, 3, 30)
(24, 4, 24)
(24, 5, 22)
(24, 6, 19)
(24, 7, 16)
(24, 8, 14)
(24, 9, 13)
(24, 10, 11)
(24, 11, 10)
(24, 12, 10)
(24, 13, 9)
(24, 14, 7)
(24, 15, 5)
(24, 16, 5)
(24, 17, 5)
(24, 18, 5)
(24, 19, 5)
(24, 20, 5)
(24, 21, 3)
(24, 22, 3)
(24, 23, 3)
(24, 24, 3)
(24, 25, 3)
(24, 26, 3)
(24, 27, 2)
(24, 28, 2)
(24, 29, 2)
(24, 30, 2)
(24, 31, 2)
(24, 32, 2)
(24, 33, 2)
(24, 34, 2)
(24, 35, 2)
(24, 36, 2)
(24, 37, 2)
(24, 38, 2)
(24, 39, 2)

(25, 0, 109)
(25, 1, 87)
(25, 2, 36)
(25, 3, 32)
(25, 4, 24)
(25, 5, 22)
(25, 6, 20)
(25, 7, 17)
(25, 8, 15)
(25, 9, 14)
(25, 10, 12)
(25, 11, 11)
(25, 12, 11)
(25, 13, 10)
(25, 14, 8)
(25, 15, 6)
(25, 16, 6)
(25, 17, 6)
(25, 18, 6)
(25, 19, 6)
(25, 20, 6)
(25, 21, 4)
(25, 22, 4)
(25, 23, 4)
(25, 24, 4)
(25, 25, 4)
(25, 26, 4)
(25, 27, 3)
(25, 28, 3)
(25, 29, 3)
(25, 30, 3)
(25, 31, 3)
(25, 32, 3)
(25, 33, 3)
(25, 34, 3)
(25, 35, 3)
(25, 36, 3)
(25, 37, 3)
(25, 38, 3)
(25, 39, 3)

(26, 0, 115)
(26, 1, 93)
(26, 2, 38)
(26, 3, 34)
(26, 4, 26)
(26, 5, 24)
(26, 6, 22)
(26, 7, 18)
(26, 8, 15)
(26, 9, 14)
(26, 10, 12)
(26, 11, 11)
(26, 12, 11)
(26, 13, 10)
(26, 14, 8)
(26, 15, 6)
(26, 16, 6)
(26, 17, 6)
(26, 18, 6)
(26, 19, 6)
(26, 20, 6)
(26, 21, 4)
(26, 22, 4)
(26, 23, 4)
(26, 24, 4)
(26, 25, 4)
(26, 26, 4)
(26, 27, 3)
(26, 28, 3)
(26, 29, 3)
(26, 30, 3)
(26, 31, 3)
(26, 32, 3)
(26, 33, 3)
(26, 34, 3)
(26, 35, 3)
(26, 36, 3)
(26, 37, 3)
(26, 38, 3)
(26, 39, 3)

(27, 0, 121)
(27, 1, 99)
(27, 2, 42)
(27, 3, 36)
(27, 4, 28)
(27, 5, 26)
(27, 6, 24)
(27, 7, 19)
(27, 8, 17)
(27, 9, 16)
(27, 10, 14)
(27, 11, 13)
(27, 12, 13)
(27, 13, 12)
(27, 14, 10)
(27, 15, 8)
(27, 16, 8)
(27, 17, 8)
(27, 18, 8)
(27, 19, 8)
(27, 20, 8)
(27, 21, 6)
(27, 22, 6)
(27, 23, 6)
(27, 24, 6)
(27, 25, 6)
(27, 26, 6)
(27, 27, 5)
(27, 28, 5)
(27, 29, 5)
(27, 30, 5)
(27, 31, 5)
(27, 32, 5)
(27, 33, 5)
(27, 34, 5)
(27, 35, 5)
(27, 36, 5)
(27, 37, 5)
(27, 38, 5)
(27, 39, 5)

(28, 0, 131)
(28, 1, 106)
(28, 2, 46)
(28, 3, 40)
(28, 4, 31)
(28, 5, 28)
(28, 6, 26)
(28, 7, 21)
(28, 8, 19)
(28, 9, 18)
(28, 10, 16)
(28, 11, 15)
(28, 12, 15)
(28, 13, 13)
(28, 14, 10)
(28, 15, 8)
(28, 16, 8)
(28, 17, 8)
(28, 18, 8)
(28, 19, 8)
(28, 20, 8)
(28, 21, 6)
(28, 22, 6)
(28, 23, 6)
(28, 24, 6)
(28, 25, 6)
(28, 26, 6)
(28, 27, 5)
(28, 28, 5)
(28, 29, 5)
(28, 30, 5)
(28, 31, 5)
(28, 32, 5)
(28, 33, 5)
(28, 34, 5)
(28, 35, 4)
(28, 36, 4)
(28, 37, 4)
(28, 38, 4)
(28, 39, 4)

(29, 0, 132)
(29, 1, 108)
(29, 2, 48)
(29, 3, 41)
(29, 4, 32)
(29, 5, 29)
(29, 6, 27)
(29, 7, 21)
(29, 8, 19)
(29, 9, 18)
(29, 10, 16)
(29, 11, 15)
(29, 12, 15)
(29, 13, 13)
(29, 14, 10)
(29, 15, 8)
(29, 16, 8)
(29, 17, 8)
(29, 18, 8)
(29, 19, 8)
(29, 20, 8)
(29, 21, 6)
(29, 22, 6)
(29, 23, 6)
(29, 24, 6)
(29, 25, 6)
(29, 26, 6)
(29, 27, 5)
(29, 28, 5)
(29, 29, 5)
(29, 30, 5)
(29, 31, 5)
(29, 32, 4)
(29, 33, 4)
(29, 34, 4)
(29, 35, 4)
(29, 36, 4)
(29, 37, 4)
(29, 38, 4)
(29, 39, 4)

(30, 0, 140)
(30, 1, 113)
(30, 2, 51)
(30, 3, 43)
(30, 4, 34)
(30, 5, 31)
(30, 6, 29)
(30, 7, 23)
(30, 8, 21)
(30, 9, 20)
(30, 10, 18)
(30, 11, 17)
(30, 12, 16)
(30, 13, 14)
(30, 14, 11)
(30, 15, 9)
(30, 16, 9)
(30, 17, 9)
(30, 18, 9)
(30, 19, 9)
(30, 20, 9)
(30, 21, 7)
(30, 22, 7)
(30, 23, 7)
(30, 24, 7)
(30, 25, 7)
(30, 26, 7)
(30, 27, 6)
(30, 28, 6)
(30, 29, 6)
(30, 30, 6)
(30, 31, 6)
(30, 32, 5)
(30, 33, 5)
(30, 34, 5)
(30, 35, 5)
(30, 36, 5)
(30, 37, 5)
(30, 38, 5)
(30, 39, 5)

(31, 0, 150)
(31, 1, 123)
(31, 2, 55)
(31, 3, 45)
(31, 4, 36)
(31, 5, 33)
(31, 6, 31)
(31, 7, 25)
(31, 8, 23)
(31, 9, 22)
(31, 10, 18)
(31, 11, 17)
(31, 12, 17)
(31, 13, 15)
(31, 14, 12)
(31, 15, 10)
(31, 16, 10)
(31, 17, 10)
(31, 18, 9)
(31, 19, 9)
(31, 20, 9)
(31, 21, 7)
(31, 22, 6)
(31, 23, 6)
(31, 24, 6)
(31, 25, 6)
(31, 26, 6)
(31, 27, 5)
(31, 28, 5)
(31, 29, 5)
(31, 30, 5)
(31, 31, 5)
(31, 32, 5)
(31, 33, 5)
(31, 34, 4)
(31, 35, 4)
(31, 36, 4)
(31, 37, 4)
(31, 38, 4)
(31, 39, 4)

(32, 0, 152)
(32, 1, 125)
(32, 2, 56)
(32, 3, 46)
(32, 4, 37)
(32, 5, 34)
(32, 6, 32)
(32, 7, 26)
(32, 8, 24)
(32, 9, 23)
(32, 10, 19)
(32, 11, 18)
(32, 12, 18)
(32, 13, 16)
(32, 14, 13)
(32, 15, 10)
(32, 16, 10)
(32, 17, 9)
(32, 18, 9)
(32, 19, 9)
(32, 20, 9)
(32, 21, 6)
(32, 22, 5)
(32, 23, 5)
(32, 24, 5)
(32, 25, 5)
(32, 26, 5)
(32, 27, 4)
(32, 28, 4)
(32, 29, 4)
(32, 30, 4)
(32, 31, 4)
(32, 32, 4)
(32, 33, 4)
(32, 34, 4)
(32, 35, 4)
(32, 36, 4)
(32, 37, 4)
(32, 38, 4)
(32, 39, 4)

(33, 0, 160)
(33, 1, 133)
(33, 2, 62)
(33, 3, 50)
(33, 4, 41)
(33, 5, 37)
(33, 6, 33)
(33, 7, 27)
(33, 8, 25)
(33, 9, 24)
(33, 10, 20)
(33, 11, 19)
(33, 12, 19)
(33, 13, 16)
(33, 14, 13)
(33, 15, 10)
(33, 16, 10)
(33, 17, 10)
(33, 18, 10)
(33, 19, 10)
(33, 20, 10)
(33, 21, 7)
(33, 22, 6)
(33, 23, 6)
(33, 24, 6)
(33, 25, 6)
(33, 26, 6)
(33, 27, 5)
(33, 28, 5)
(33, 29, 5)
(33, 30, 5)
(33, 31, 5)
(33, 32, 5)
(33, 33, 5)
(33, 34, 5)
(33, 35, 5)
(33, 36, 5)
(33, 37, 5)
(33, 38, 5)
(33, 39, 5)

(34, 0, 170)
(34, 1, 140)
(34, 2, 66)
(34, 3, 53)
(34, 4, 44)
(34, 5, 39)
(34, 6, 35)
(34, 7, 29)
(34, 8, 27)
(34, 9, 25)
(34, 10, 21)
(34, 11, 20)
(34, 12, 20)
(34, 13, 17)
(34, 14, 13)
(34, 15, 10)
(34, 16, 10)
(34, 17, 10)
(34, 18, 10)
(34, 19, 10)
(34, 20, 10)
(34, 21, 7)
(34, 22, 6)
(34, 23, 6)
(34, 24, 6)
(34, 25, 6)
(34, 26, 6)
(34, 27, 5)
(34, 28, 5)
(34, 29, 5)
(34, 30, 5)
(34, 31, 5)
(34, 32, 5)
(34, 33, 5)
(34, 34, 5)
(34, 35, 5)
(34, 36, 5)
(34, 37, 5)
(34, 38, 5)
(34, 39, 4)

(35, 0, 181)
(35, 1, 150)
(35, 2, 73)
(35, 3, 58)
(35, 4, 49)
(35, 5, 44)
(35, 6, 40)
(35, 7, 34)
(35, 8, 32)
(35, 9, 30)
(35, 10, 25)
(35, 11, 23)
(35, 12, 22)
(35, 13, 18)
(35, 14, 13)
(35, 15, 11)
(35, 16, 11)
(35, 17, 11)
(35, 18, 11)
(35, 19, 11)
(35, 20, 11)
(35, 21, 8)
(35, 22, 7)
(35, 23, 7)
(35, 24, 7)
(35, 25, 7)
(35, 26, 7)
(35, 27, 6)
(35, 28, 6)
(35, 29, 6)
(35, 30, 6)
(35, 31, 6)
(35, 32, 6)
(35, 33, 6)
(35, 34, 6)
(35, 35, 6)
(35, 36, 6)
(35, 37, 5)
(35, 38, 5)
(35, 39, 4)

(36, 0, 206)
(36, 1, 170)
(36, 2, 86)
(36, 3, 69)
(36, 4, 57)
(36, 5, 50)
(36, 6, 45)
(36, 7, 37)
(36, 8, 34)
(36, 9, 32)
(36, 10, 27)
(36, 11, 23)
(36, 12, 22)
(36, 13, 17)
(36, 14, 13)
(36, 15, 11)
(36, 16, 11)
(36, 17, 11)
(36, 18, 11)
(36, 19, 11)
(36, 20, 11)
(36, 21, 8)
(36, 22, 7)
(36, 23, 7)
(36, 24, 7)
(36, 25, 7)
(36, 26, 7)
(36, 27, 5)
(36, 28, 5)
(36, 29, 5)
(36, 30, 5)
(36, 31, 5)
(36, 32, 5)
(36, 33, 5)
(36, 34, 5)
(36, 35, 5)
(36, 36, 5)
(36, 37, 5)
(36, 38, 5)
(36, 39, 4)

(37, 0, 213)
(37, 1, 176)
(37, 2, 92)
(37, 3, 73)
(37, 4, 59)
(37, 5, 52)
(37, 6, 47)
(37, 7, 38)
(37, 8, 33)
(37, 9, 31)
(37, 10, 26)
(37, 11, 23)
(37, 12, 22)
(37, 13, 17)
(37, 14, 13)
(37, 15, 11)
(37, 16, 11)
(37, 17, 11)
(37, 18, 11)
(37, 19, 11)
(37, 20, 11)
(37, 21, 8)
(37, 22, 7)
(37, 23, 7)
(37, 24, 7)
(37, 25, 7)
(37, 26, 7)
(37, 27, 5)
(37, 28, 5)
(37, 29, 5)
(37, 30, 5)
(37, 31, 5)
(37, 32, 5)
(37, 33, 5)
(37, 34, 5)
(37, 35, 5)
(37, 36, 5)
(37, 37, 5)
(37, 38, 5)
(37, 39, 4)

(38, 0, 218)
(38, 1, 178)
(38, 2, 94)
(38, 3, 74)
(38, 4, 60)
(38, 5, 53)
(38, 6, 47)
(38, 7, 37)
(38, 8, 33)
(38, 9, 30)
(38, 10, 25)
(38, 11, 23)
(38, 12, 22)
(38, 13, 17)
(38, 14, 13)
(38, 15, 11)
(38, 16, 11)
(38, 17, 11)
(38, 18, 11)
(38, 19, 11)
(38, 20, 11)
(38, 21, 8)
(38, 22, 7)
(38, 23, 7)
(38, 24, 7)
(38, 25, 7)
(38, 26, 7)
(38, 27, 5)
(38, 28, 5)
(38, 29, 5)
(38, 30, 5)
(38, 31, 5)
(38, 32, 5)
(38, 33, 5)
(38, 34, 5)
(38, 35, 5)
(38, 36, 5)
(38, 37, 5)
(38, 38, 5)
(38, 39, 4)

(39, 0, 222)
(39, 1, 182)
(39, 2, 96)
(39, 3, 73)
(39, 4, 59)
(39, 5, 51)
(39, 6, 46)
(39, 7, 36)
(39, 8, 32)
(39, 9, 30)
(39, 10, 25)
(39, 11, 23)
(39, 12, 22)
(39, 13, 17)
(39, 14, 13)
(39, 15, 11)
(39, 16, 11)
(39, 17, 11)
(39, 18, 11)
(39, 19, 11)
(39, 20, 11)
(39, 21, 8)
(39, 22, 7)
(39, 23, 7)
(39, 24, 7)
(39, 25, 7)
(39, 26, 7)
(39, 27, 5)
(39, 28, 5)
(39, 29, 5)
(39, 30, 5)
(39, 31, 5)
(39, 32, 5)
(39, 33, 5)
(39, 34, 5)
(39, 35, 5)
(39, 36, 5)
(39, 37, 5)
(39, 38, 5)
(39, 39, 4)


Betti numbers:
xi_0:
(0, 0, 1)
(2, 0, 10)
(3, 0, 3)
(4, 0, 2)
(5, 0, 3)
(6, 0, 6)
(7, 0, 2)
(8, 0, 5)
(9, 0, 8)
(10, 0, 2)
(12, 0, 3)
(13, 0, 4)
(14, 0, 6)
(15, 0, 1)
(16, 0, 8)
(17, 0, 9)
(18, 0, 7)
(19, 0, 6)
(20, 0, 3)
(21, 0, 4)
(22, 0, 4)
(23, 0, 2)
(24, 0, 7)
(25, 0, 6)
(26, 0, 6)
(27, 0, 6)
(28, 0, 10)
(29, 0, 2)
(30, 0, 8)
(31, 0, 10)
(32, 0, 3)
(33, 0, 8)
(34, 0, 10)
(35, 0, 11)
(36, 0, 25)
(37, 0, 7)
(38, 0, 5)
(39, 0, 4)
xi_1:
(2, 1, 6)
(2, 2, 2)
(2, 5, 1)
(3, 2, 3)
(4, 0, 1)
(4, 2, 2)
(5, 2, 2)
(5, 15, 1)
(5, 34, 1)
(6, 2, 4)
(6, 7, 1)
(7, 2, 1)
(7, 7, 1)
(8, 1, 2)
(8, 2, 1)
(8, 6, 1)
(8, 15, 1)
(8, 21, 1)
(9, 1, 3)
(9, 2, 3)
(9, 4, 1)
(9, 8, 1)
(9, 10, 1)
(9, 17, 1)
(10, 0, 1)
(10, 2, 1)
(10, 4, 1)
(10, 14, 1)
(12, 1, 2)
(13, 2, 3)
(13, 10, 1)
(13, 15, 1)
(14, 1, 2)
(14, 2, 3)
(14, 15, 1)
(14, 33, 1)
(15, 2, 1)
(15, 14, 1)
(16, 1, 2)
(16, 2, 1)
(16, 4, 3)
(16, 15, 1)
(16, 17, 1)
(16, 21, 1)
(16, 31, 1)
(17, 1, 1)
(17, 2, 3)
(17, 3, 2)
(17, 4, 1)
(17, 8, 1)
(17, 11, 1)
(17, 13, 1)
(17, 15, 1)
(17, 27, 1)
(18, 0, 1)
(18, 1, 2)
(18, 2, 5)
(18, 7, 1)
(18, 13, 1)
(19, 1, 1)
(19, 2, 4)
(19, 4, 1)
(19, 9, 1)
(20, 2, 2)
(20, 6, 1)
(21, 1, 2)
(21, 2, 2)
(21, 3, 1)
(22, 2, 1)
(22, 6, 2)
(22, 11, 1)
(23, 4, 1)
(24, 1, 2)
(24, 2, 4)
(24, 5, 1)
(25, 2, 3)
(25, 3, 1)
(25, 4, 2)
(25, 5, 1)
(26, 2, 4)
(26, 7, 1)
(26, 8, 1)
(27, 2, 2)
(27, 3, 2)
(27, 7, 1)
(28, 1, 3)
(28, 2, 3)
(28, 4, 1)
(28, 5, 1)
(28, 13, 1)
(28, 14, 1)
(28, 35, 1)
(29, 0, 1)
(29, 3, 1)
(29, 7, 1)
(29, 32, 1)
(30, 1, 3)
(30, 2, 2)
(30, 3, 1)
(30, 12, 1)
(31, 2, 6)
(31, 3, 2)
(31, 10, 2)
(31, 18, 1)
(31, 22, 1)
(31, 34, 1)
(32, 0, 1)
(32, 1, 1)
(32, 2, 1)
(32, 15, 1)
(32, 17, 1)
(32, 21, 1)
(33, 2, 2)
(33, 3, 2)
(33, 5, 1)
(33, 6, 2)
(33, 13, 1)
(34, 1, 3)
(34, 2, 4)
(34, 3, 1)
(34, 5, 1)
(34, 9, 1)
(34, 14, 1)
(34, 39, 1)
(35, 1, 1)
(35, 2, 3)
(35, 3, 2)
(35, 10, 1)
(35, 11, 1)
(35, 12, 1)
(35, 13, 1)
(35, 14, 1)
(35, 37, 1)
(36, 1, 5)
(36, 2, 7)
(36, 3, 2)
(36, 4, 3)
(36, 5, 2)
(36, 6, 2)
(36, 7, 2)
(36, 8, 1)
(36, 11, 2)
(36, 13, 1)
(36, 27, 1)
(37, 1, 1)
(37, 3, 2)
(37, 4, 2)
(37, 7, 1)
(37, 8, 2)
(38, 1, 3)
(38, 3, 1)
(38, 6, 1)
(38, 7, 1)
(38, 9, 1)
(39, 2, 2)
(39, 3, 3)
(39, 5, 1)
xi_2:
(4, 1, 1)
(8, 34, 1)
(9, 6, 1)
(9, 15, 1)
(10, 1, 1)
(10, 15, 1)
(13, 17, 1)
(15, 15, 1)
(16, 33, 1)
(17, 4, 1)
(17, 17, 1)
(17, 31, 1)
(18, 1, 1)
(18, 13, 1)
(18, 15, 1)
(19, 11, 1)
(21, 4, 1)
(25, 5, 1)
(25, 6, 1)
(27, 8, 1)
(29, 1, 1)
(29, 35, 1)
(31, 12, 1)
(31, 32, 1)
(32, 1, 1)
(32, 18, 1)
(32, 34, 1)
(33, 17, 1)
(34, 2, 1)
(35, 15, 1)
(36, 6, 1)
(36, 14, 1)
(36, 37, 1)
(37, 11, 1)
(38, 8, 1)
(38, 11, 1)
(39, 6, 1)
(39, 9, 1)
