x-grades
-782307165604051309/80000000000000000
-383544604217353309/40000000000000000
-751871251265361927/80000000000000000
-184163323524004309/20000000000000000
-144287067385334509/16000000000000000
-353108689878663927/40000000000000000
-690999422587983163/80000000000000000
-84472683177329809/10000000000000000
-660563508249293781/80000000000000000
-64534555107994909/8000000000000000
-630127593910604399/80000000000000000
-153727409185314927/20000000000000000
-599691679571915017/80000000000000000
-292236861201285163/40000000000000000
-113851153046645127/16000000000000000
-34627363003992559/5000000000000000
-538819850894536253/80000000000000000
-261800946862595781/40000000000000000
-508383936555846871/80000000000000000
-24658298969325109/4000000000000000
-477948022217157489/80000000000000000
-231365032523906399/40000000000000000
-447512107878468107/80000000000000000
-54036768838640427/10000000000000000
-16683047741591149/3200000000000000
-200929118185217017/40000000000000000
-386640279201089343/80000000000000000
-92855580507936163/20000000000000000
-356204364862399961/80000000000000000
-34098640769305527/8000000000000000
-325768450523710579/80000000000000000
-4852351458661967/1250000000000000
-295332536185021197/80000000000000000
-140057289507838253/40000000000000000
-52979324369266363/16000000000000000
-62419666169246781/20000000000000000
-234460707507642433/80000000000000000
-109621375169148871/40000000000000000
-204024793168953051/80000000000000000
-4720170899990209/2000000000000000

y-grades
9999899/4000000
9999899/2000000
29999697/4000000
9999899/1000000
9999899/800000
29999697/2000000
69999293/4000000
9999899/500000
89999091/4000000
9999899/400000
109998889/4000000
29999697/1000000
129998687/4000000
69999293/2000000
29999697/800000
9999899/250000
169998283/4000000
89999091/2000000
189998081/4000000
9999899/200000
209997879/4000000
109998889/2000000
229997677/4000000
29999697/500000
9999899/160000
129998687/2000000
269997273/4000000
69999293/1000000
289997071/4000000
29999697/400000
309996869/4000000
9999899/125000
329996667/4000000
169998283/2000000
69999293/800000
89999091/1000000
369996263/4000000
189998081/2000000
389996061/4000000
9999899/100000

Dimensions > 0:
(0, 0, 5)
(0, 1, 5)
(0, 2, 5)
(0, 3, 5)
(0, 4, 5)
(0, 5, 5)
(0, 6, 5)
(0, 7, 1)
(0, 8, 1)
(0, 9, 1)
(0, 10, 1)
(0, 11, 1)
(0, 12, 1)
(0, 13, 1)
(0, 14, 1)
(0, 15, 1)
(0, 16, 1)
(0, 17, 1)
(0, 18, 1)
(0, 19, 1)
(0, 20, 1)
(0, 21, 1)
(0, 22, 1)
(0, 23, 1)
(0, 24, 1)
(0, 25, 1)
(0, 26, 1)
(0, 27, 1)
(0, 28, 1)
(0, 29, 1)
(0, 30, 1)
(0, 31, 1)
(0, 32, 1)
(0, 33, 1)
(0, 34, 1)
(0, 35, 1)
(0, 36, 1)
(0, 37, 1)
(0, 38, 1)
(0, 39, 1)

(1, 0, 11)
(1, 1, 11)
(1, 2, 11)
(1, 3, 11)
(1, 4, 11)
(1, 5, 7)
(1, 6, 7)
(1, 7, 1)
(1, 8, 1)
(1, 9, 1)
(1, 10, 1)
(1, 11, 1)
(1, 12, 1)
(1, 13, 1)
(1, 14, 1)
(1, 15, 1)
(1, 16, 1)
(1, 17, 1)
(1, 18, 1)
(1, 19, 1)
(1, 20, 1)
(1, 21, 1)
(1, 22, 1)
(1, 23, 1)
(1, 24, 1)
(1, 25, 1)
(1, 26, 1)
(1, 27, 1)
(1, 28, 1)
(1, 29, 1)
(1, 30, 1)
(1, 31, 1)
(1, 32, 1)
(1, 33, 1)
(1, 34, 1)
(1, 35, 1)
(1, 36, 1)
(1, 37, 1)
(1, 38, 1)
(1, 39, 1)

(2, 0, 19)
(2, 1, 19)
(2, 2, 19)
(2, 3, 19)
(2, 4, 19)
(2, 5, 9)
(2, 6, 9)
(2, 7, 3)
(2, 8, 2)
(2, 9, 2)
(2, 10, 2)
(2, 11, 2)
(2, 12, 2)
(2, 13, 2)
(2, 14, 2)
(2, 15, 2)
(2, 16, 2)
(2, 17, 2)
(2, 18, 2)
(2, 19, 2)
(2, 20, 2)
(2, 21, 2)
(2, 22, 2)
(2, 23, 2)
(2, 24, 1)
(2, 25, 1)
(2, 26, 1)
(2, 27, 1)
(2, 28, 1)
(2, 29, 1)
(2, 30, 1)
(2, 31, 1)
(2, 32, 1)
(2, 33, 1)
(2, 34, 1)
(2, 35, 1)
(2, 36, 1)
(2, 37, 1)
(2, 38, 1)
(2, 39, 1)

(3, 0, 28)
(3, 1, 28)
(3, 2, 28)
(3, 3, 28)
(3, 4, 28)
(3, 5, 12)
(3, 6, 11)
(3, 7, 4)
(3, 8, 2)
(3, 9, 2)
(3, 10, 2)
(3, 11, 2)
(3, 12, 2)
(3, 13, 2)
(3, 14, 2)
(3, 15, 2)
(3, 16, 2)
(3, 17, 2)
(3, 18, 2)
(3, 19, 2)
(3, 20, 2)
(3, 21, 2)
(3, 22, 1)
(3, 23, 1)
(3, 24, 1)
(3, 25, 1)
(3, 26, 1)
(3, 27, 1)
(3, 28, 1)
(3, 29, 1)
(3, 30, 1)
(3, 31, 1)
(3, 32, 1)
(3, 33, 1)
(3, 34, 1)
(3, 35, 1)
(3, 36, 1)
(3, 37, 1)
(3, 38, 1)
(3, 39, 1)

(4, 0, 38)
(4, 1, 38)
(4, 2, 38)
(4, 3, 38)
(4, 4, 38)
(4, 5, 17)
(4, 6, 16)
(4, 7, 5)
(4, 8, 3)
(4, 9, 3)
(4, 10, 3)
(4, 11, 3)
(4, 12, 3)
(4, 13, 3)
(4, 14, 3)
(4, 15, 3)
(4, 16, 3)
(4, 17, 3)
(4, 18, 3)
(4, 19, 3)
(4, 20, 3)
(4, 21, 2)
(4, 22, 2)
(4, 23, 2)
(4, 24, 2)
(4, 25, 2)
(4, 26, 2)
(4, 27, 2)
(4, 28, 2)
(4, 29, 2)
(4, 30, 2)
(4, 31, 2)
(4, 32, 2)
(4, 33, 2)
(4, 34, 2)
(4, 35, 2)
(4, 36, 2)
(4, 37, 2)
(4, 38, 2)
(4, 39, 2)

(5, 0, 46)
(5, 1, 46)
(5, 2, 46)
(5, 3, 46)
(5, 4, 46)
(5, 5, 20)
(5, 6, 19)
(5, 7, 7)
(5, 8, 4)
(5, 9, 4)
(5, 10, 4)
(5, 11, 4)
(5, 12, 4)
(5, 13, 4)
(5, 14, 4)
(5, 15, 4)
(5, 16, 4)
(5, 17, 4)
(5, 18, 4)
(5, 19, 4)
(5, 20, 4)
(5, 21, 3)
(5, 22, 3)
(5, 23, 3)
(5, 24, 3)
(5, 25, 3)
(5, 26, 3)
(5, 27, 3)
(5, 28, 3)
(5, 29, 3)
(5, 30, 3)
(5, 31, 3)
(5, 32, 3)
(5, 33, 3)
(5, 34, 3)
(5, 35, 3)
(5, 36, 3)
(5, 37, 3)
(5, 38, 3)
(5, 39, 3)

(6, 0, 57)
(6, 1, 57)
(6, 2, 57)
(6, 3, 57)
(6, 4, 57)
(6, 5, 24)
(6, 6, 22)
(6, 7, 8)
(6, 8, 4)
(6, 9, 4)
(6, 10, 4)
(6, 11, 4)
(6, 12, 4)
(6, 13, 4)
(6, 14, 4)
(6, 15, 4)
(6, 16, 4)
(6, 17, 4)
(6, 18, 4)
(6, 19, 4)
(6, 20, 4)
(6, 21, 3)
(6, 22, 3)
(6, 23, 3)
(6, 24, 3)
(6, 25, 3)
(6, 26, 3)
(6, 27, 3)
(6, 28, 3)
(6, 29, 3)
(6, 30, 3)
(6, 31, 3)
(6, 32, 3)
(6, 33, 3)
(6, 34, 3)
(6, 35, 3)
(6, 36, 3)
(6, 37, 3)
(6, 38, 3)
(6, 39, 3)

(7, 0, 68)
(7, 1, 68)
(7, 2, 68)
(7, 3, 68)
(7, 4, 68)
(7, 5, 26)
(7, 6, 24)
(7, 7, 8)
(7, 8, 4)
(7, 9, 4)
(7, 10, 4)
(7, 11, 4)
(7, 12, 4)
(7, 13, 4)
(7, 14, 4)
(7, 15, 4)
(7, 16, 4)
(7, 17, 4)
(7, 18, 4)
(7, 19, 4)
(7, 20, 4)
(7, 21, 3)
(7, 22, 3)
(7, 23, 3)
(7, 24, 3)
(7, 25, 3)
(7, 26, 3)
(7, 27, 3)
(7, 28, 3)
(7, 29, 3)
(7, 30, 3)
(7, 31, 3)
(7, 32, 3)
(7, 33, 3)
(7, 34, 3)
(7, 35, 3)
(7, 36, 3)
(7, 37, 3)
(7, 38, 3)
(7, 39, 3)

(8, 0, 73)
(8, 1, 73)
(8, 2, 73)
(8, 3, 73)
(8, 4, 73)
(8, 5, 27)
(8, 6, 25)
(8, 7, 8)
(8, 8, 4)
(8, 9, 4)
(8, 10, 4)
(8, 11, 4)
(8, 12, 4)
(8, 13, 4)
(8, 14, 4)
(8, 15, 4)
(8, 16, 4)
(8, 17, 4)
(8, 18, 4)
(8, 19, 4)
(8, 20, 4)
(8, 21, 3)
(8, 22, 3)
(8, 23, 3)
(8, 24, 3)
(8, 25, 3)
(8, 26, 3)
(8, 27, 3)
(8, 28, 3)
(8, 29, 3)
(8, 30, 3)
(8, 31, 3)
(8, 32, 3)
(8, 33, 3)
(8, 34, 3)
(8, 35, 3)
(8, 36, 3)
(8, 37, 3)
(8, 38, 3)
(8, 39, 3)

(9, 0, 79)
(9, 1, 79)
(9, 2, 79)
(9, 3, 79)
(9, 4, 79)
(9, 5, 28)
(9, 6, 26)
(9, 7, 8)
(9, 8, 4)
(9, 9, 4)
(9, 10, 4)
(9, 11, 4)
(9, 12, 4)
(9, 13, 4)
(9, 14, 4)
(9, 15, 4)
(9, 16, 4)
(9, 17, 4)
(9, 18, 4)
(9, 19, 4)
(9, 20, 4)
(9, 21, 3)
(9, 22, 3)
(9, 23, 3)
(9, 24, 3)
(9, 25, 3)
(9, 26, 3)
(9, 27, 3)
(9, 28, 3)
(9, 29, 3)
(9, 30, 3)
(9, 31, 3)
(9, 32, 3)
(9, 33, 3)
(9, 34, 3)
(9, 35, 3)
(9, 36, 3)
(9, 37, 3)
(9, 38, 3)
(9, 39, 3)

(10, 0, 89)
(10, 1, 89)
(10, 2, 89)
(10, 3, 89)
(10, 4, 89)
(10, 5, 33)
(10, 6, 30)
(10, 7, 10)
(10, 8, 6)
(10, 9, 6)
(10, 10, 6)
(10, 11, 6)
(10, 12, 6)
(10, 13, 6)
(10, 14, 6)
(10, 15, 5)
(10, 16, 5)
(10, 17, 5)
(10, 18, 5)
(10, 19, 5)
(10, 20, 5)
(10, 21, 4)
(10, 22, 3)
(10, 23, 3)
(10, 24, 3)
(10, 25, 3)
(10, 26, 3)
(10, 27, 3)
(10, 28, 3)
(10, 29, 3)
(10, 30, 3)
(10, 31, 3)
(10, 32, 3)
(10, 33, 3)
(10, 34, 3)
(10, 35, 3)
(10, 36, 3)
(10, 37, 3)
(10, 38, 3)
(10, 39, 3)

(11, 0, 98)
(11, 1, 98)
(11, 2, 96)
(11, 3, 96)
(11, 4, 96)
(11, 5, 36)
(11, 6, 33)
(11, 7, 12)
(11, 8, 7)
(11, 9, 7)
(11, 10, 7)
(11, 11, 7)
(11, 12, 7)
(11, 13, 7)
(11, 14, 6)
(11, 15, 6)
(11, 16, 5)
(11, 17, 5)
(11, 18, 5)
(11, 19, 5)
(11, 20, 5)
(11, 21, 4)
(11, 22, 3)
(11, 23, 3)
(11, 24, 3)
(11, 25, 3)
(11, 26, 3)
(11, 27, 3)
(11, 28, 3)
(11, 29, 3)
(11, 30, 3)
(11, 31, 3)
(11, 32, 3)
(11, 33, 3)
(11, 34, 3)
(11, 35, 3)
(11, 36, 3)
(11, 37, 3)
(11, 38, 3)
(11, 39, 3)

(12, 0, 110)
(12, 1, 110)
(12, 2, 108)
(12, 3, 107)
(12, 4, 102)
(12, 5, 38)
(12, 6, 35)
(12, 7, 13)
(12, 8, 8)
(12, 9, 8)
(12, 10, 8)
(12, 11, 8)
(12, 12, 8)
(12, 13, 8)
(12, 14, 7)
(12, 15, 7)
(12, 16, 6)
(12, 17, 5)
(12, 18, 5)
(12, 19, 5)
(12, 20, 5)
(12, 21, 4)
(12, 22, 3)
(12, 23, 3)
(12, 24, 3)
(12, 25, 3)
(12, 26, 3)
(12, 27, 3)
(12, 28, 3)
(12, 29, 2)
(12, 30, 2)
(12, 31, 2)
(12, 32, 2)
(12, 33, 2)
(12, 34, 2)
(12, 35, 2)
(12, 36, 2)
(12, 37, 2)
(12, 38, 2)
(12, 39, 2)

(13, 0, 138)
(13, 1, 122)
(13, 2, 120)
(13, 3, 117)
(13, 4, 109)
(13, 5, 42)
(13, 6, 38)
(13, 7, 14)
(13, 8, 8)
(13, 9, 8)
(13, 10, 8)
(13, 11, 8)
(13, 12, 8)
(13, 13, 8)
(13, 14, 7)
(13, 15, 7)
(13, 16, 6)
(13, 17, 4)
(13, 18, 4)
(13, 19, 4)
(13, 20, 4)
(13, 21, 3)
(13, 22, 2)
(13, 23, 2)
(13, 24, 2)
(13, 25, 2)
(13, 26, 2)
(13, 27, 2)
(13, 28, 2)
(13, 29, 2)
(13, 30, 2)
(13, 31, 2)
(13, 32, 2)
(13, 33, 2)
(13, 34, 2)
(13, 35, 2)
(13, 36, 2)
(13, 37, 2)
(13, 38, 2)
(13, 39, 2)

(14, 0, 158)
(14, 1, 130)
(14, 2, 128)
(14, 3, 125)
(14, 4, 114)
(14, 5, 43)
(14, 6, 39)
(14, 7, 15)
(14, 8, 9)
(14, 9, 9)
(14, 10, 9)
(14, 11, 9)
(14, 12, 9)
(14, 13, 9)
(14, 14, 8)
(14, 15, 8)
(14, 16, 7)
(14, 17, 5)
(14, 18, 5)
(14, 19, 5)
(14, 20, 5)
(14, 21, 4)
(14, 22, 3)
(14, 23, 3)
(14, 24, 3)
(14, 25, 3)
(14, 26, 3)
(14, 27, 3)
(14, 28, 3)
(14, 29, 3)
(14, 30, 3)
(14, 31, 3)
(14, 32, 3)
(14, 33, 3)
(14, 34, 3)
(14, 35, 3)
(14, 36, 3)
(14, 37, 3)
(14, 38, 3)
(14, 39, 3)

(15, 0, 171)
(15, 1, 136)
(15, 2, 134)
(15, 3, 130)
(15, 4, 118)
(15, 5, 44)
(15, 6, 40)
(15, 7, 16)
(15, 8, 9)
(15, 9, 9)
(15, 10, 9)
(15, 11, 9)
(15, 12, 9)
(15, 13, 9)
(15, 14, 8)
(15, 15, 8)
(15, 16, 7)
(15, 17, 5)
(15, 18, 5)
(15, 19, 5)
(15, 20, 5)
(15, 21, 4)
(15, 22, 3)
(15, 23, 3)
(15, 24, 3)
(15, 25, 3)
(15, 26, 3)
(15, 27, 3)
(15, 28, 3)
(15, 29, 3)
(15, 30, 3)
(15, 31, 3)
(15, 32, 3)
(15, 33, 3)
(15, 34, 3)
(15, 35, 3)
(15, 36, 3)
(15, 37, 3)
(15, 38, 3)
(15, 39, 3)

(16, 0, 176)
(16, 1, 137)
(16, 2, 135)
(16, 3, 131)
(16, 4, 119)
(16, 5, 45)
(16, 6, 41)
(16, 7, 17)
(16, 8, 10)
(16, 9, 10)
(16, 10, 10)
(16, 11, 10)
(16, 12, 10)
(16, 13, 10)
(16, 14, 9)
(16, 15, 9)
(16, 16, 8)
(16, 17, 6)
(16, 18, 6)
(16, 19, 6)
(16, 20, 6)
(16, 21, 5)
(16, 22, 3)
(16, 23, 3)
(16, 24, 3)
(16, 25, 3)
(16, 26, 3)
(16, 27, 3)
(16, 28, 3)
(16, 29, 3)
(16, 30, 3)
(16, 31, 3)
(16, 32, 3)
(16, 33, 3)
(16, 34, 3)
(16, 35, 3)
(16, 36, 3)
(16, 37, 3)
(16, 38, 3)
(16, 39, 3)

(17, 0, 183)
(17, 1, 137)
(17, 2, 135)
(17, 3, 131)
(17, 4, 119)
(17, 5, 45)
(17, 6, 41)
(17, 7, 17)
(17, 8, 10)
(17, 9, 10)
(17, 10, 10)
(17, 11, 10)
(17, 12, 10)
(17, 13, 10)
(17, 14, 9)
(17, 15, 9)
(17, 16, 8)
(17, 17, 6)
(17, 18, 6)
(17, 19, 6)
(17, 20, 6)
(17, 21, 5)
(17, 22, 3)
(17, 23, 3)
(17, 24, 3)
(17, 25, 3)
(17, 26, 3)
(17, 27, 3)
(17, 28, 3)
(17, 29, 3)
(17, 30, 3)
(17, 31, 3)
(17, 32, 3)
(17, 33, 3)
(17, 34, 3)
(17, 35, 3)
(17, 36, 3)
(17, 37, 3)
(17, 38, 3)
(17, 39, 3)

(18, 0, 190)
(18, 1, 138)
(18, 2, 136)
(18, 3, 132)
(18, 4, 120)
(18, 5, 46)
(18, 6, 42)
(18, 7, 18)
(18, 8, 11)
(18, 9, 11)
(18, 10, 11)
(18, 11, 11)
(18, 12, 11)
(18, 13, 11)
(18, 14, 10)
(18, 15, 10)
(18, 16, 9)
(18, 17, 7)
(18, 18, 7)
(18, 19, 7)
(18, 20, 7)
(18, 21, 6)
(18, 22, 4)
(18, 23, 4)
(18, 24, 3)
(18, 25, 3)
(18, 26, 3)
(18, 27, 3)
(18, 28, 3)
(18, 29, 3)
(18, 30, 3)
(18, 31, 3)
(18, 32, 3)
(18, 33, 3)
(18, 34, 3)
(18, 35, 3)
(18, 36, 3)
(18, 37, 3)
(18, 38, 3)
(18, 39, 3)

(19, 0, 201)
(19, 1, 142)
(19, 2, 138)
(19, 3, 134)
(19, 4, 122)
(19, 5, 48)
(19, 6, 44)
(19, 7, 20)
(19, 8, 13)
(19, 9, 13)
(19, 10, 13)
(19, 11, 13)
(19, 12, 13)
(19, 13, 13)
(19, 14, 11)
(19, 15, 11)
(19, 16, 9)
(19, 17, 7)
(19, 18, 7)
(19, 19, 7)
(19, 20, 7)
(19, 21, 6)
(19, 22, 4)
(19, 23, 4)
(19, 24, 3)
(19, 25, 3)
(19, 26, 3)
(19, 27, 3)
(19, 28, 3)
(19, 29, 3)
(19, 30, 3)
(19, 31, 3)
(19, 32, 3)
(19, 33, 3)
(19, 34, 3)
(19, 35, 3)
(19, 36, 3)
(19, 37, 3)
(19, 38, 3)
(19, 39, 3)

(20, 0, 203)
(20, 1, 144)
(20, 2, 140)
(20, 3, 136)
(20, 4, 124)
(20, 5, 50)
(20, 6, 45)
(20, 7, 21)
(20, 8, 14)
(20, 9, 14)
(20, 10, 14)
(20, 11, 14)
(20, 12, 14)
(20, 13, 14)
(20, 14, 12)
(20, 15, 12)
(20, 16, 10)
(20, 17, 8)
(20, 18, 8)
(20, 19, 8)
(20, 20, 8)
(20, 21, 7)
(20, 22, 5)
(20, 23, 5)
(20, 24, 4)
(20, 25, 4)
(20, 26, 4)
(20, 27, 4)
(20, 28, 4)
(20, 29, 4)
(20, 30, 4)
(20, 31, 3)
(20, 32, 3)
(20, 33, 3)
(20, 34, 3)
(20, 35, 3)
(20, 36, 3)
(20, 37, 3)
(20, 38, 3)
(20, 39, 3)

(21, 0, 203)
(21, 1, 144)
(21, 2, 140)
(21, 3, 136)
(21, 4, 124)
(21, 5, 50)
(21, 6, 45)
(21, 7, 21)
(21, 8, 14)
(21, 9, 14)
(21, 10, 14)
(21, 11, 14)
(21, 12, 14)
(21, 13, 14)
(21, 14, 12)
(21, 15, 12)
(21, 16, 10)
(21, 17, 8)
(21, 18, 8)
(21, 19, 8)
(21, 20, 8)
(21, 21, 7)
(21, 22, 5)
(21, 23, 5)
(21, 24, 4)
(21, 25, 4)
(21, 26, 4)
(21, 27, 4)
(21, 28, 4)
(21, 29, 4)
(21, 30, 4)
(21, 31, 3)
(21, 32, 3)
(21, 33, 3)
(21, 34, 3)
(21, 35, 3)
(21, 36, 3)
(21, 37, 3)
(21, 38, 3)
(21, 39, 3)

(22, 0, 205)
(22, 1, 146)
(22, 2, 142)
(22, 3, 138)
(22, 4, 126)
(22, 5, 52)
(22, 6, 45)
(22, 7, 21)
(22, 8, 14)
(22, 9, 14)
(22, 10, 14)
(22, 11, 14)
(22, 12, 14)
(22, 13, 14)
(22, 14, 12)
(22, 15, 12)
(22, 16, 10)
(22, 17, 8)
(22, 18, 8)
(22, 19, 8)
(22, 20, 8)
(22, 21, 7)
(22, 22, 5)
(22, 23, 5)
(22, 24, 4)
(22, 25, 4)
(22, 26, 4)
(22, 27, 4)
(22, 28, 4)
(22, 29, 4)
(22, 30, 4)
(22, 31, 3)
(22, 32, 3)
(22, 33, 3)
(22, 34, 3)
(22, 35, 3)
(22, 36, 3)
(22, 37, 3)
(22, 38, 3)
(22, 39, 3)

(23, 0, 205)
(23, 1, 146)
(23, 2, 142)
(23, 3, 138)
(23, 4, 126)
(23, 5, 52)
(23, 6, 45)
(23, 7, 21)
(23, 8, 14)
(23, 9, 14)
(23, 10, 14)
(23, 11, 14)
(23, 12, 14)
(23, 13, 14)
(23, 14, 12)
(23, 15, 12)
(23, 16, 10)
(23, 17, 8)
(23, 18, 8)
(23, 19, 8)
(23, 20, 8)
(23, 21, 7)
(23, 22, 5)
(23, 23, 5)
(23, 24, 4)
(23, 25, 4)
(23, 26, 4)
(23, 27, 4)
(23, 28, 4)
(23, 29, 4)
(23, 30, 4)
(23, 31, 3)
(23, 32, 3)
(23, 33, 3)
(23, 34, 3)
(23, 35, 3)
(23, 36, 3)
(23, 37, 3)
(23, 38, 3)
(23, 39, 3)

(24, 0, 207)
(24, 1, 148)
(24, 2, 144)
(24, 3, 140)
(24, 4, 128)
(24, 5, 54)
(24, 6, 45)
(24, 7, 21)
(24, 8, 14)
(24, 9, 14)
(24, 10, 14)
(24, 11, 14)
(24, 12, 14)
(24, 13, 14)
(24, 14, 12)
(24, 15, 12)
(24, 16, 10)
(24, 17, 8)
(24, 18, 8)
(24, 19, 8)
(24, 20, 8)
(24, 21, 7)
(24, 22, 5)
(24, 23, 5)
(24, 24, 4)
(24, 25, 4)
(24, 26, 4)
(24, 27, 4)
(24, 28, 4)
(24, 29, 4)
(24, 30, 4)
(24, 31, 3)
(24, 32, 3)
(24, 33, 3)
(24, 34, 3)
(24, 35, 3)
(24, 36, 3)
(24, 37, 3)
(24, 38, 3)
(24, 39, 2)

(25, 0, 207)
(25, 1, 148)
(25, 2, 144)
(25, 3, 140)
(25, 4, 128)
(25, 5, 54)
(25, 6, 45)
(25, 7, 21)
(25, 8, 14)
(25, 9, 14)
(25, 10, 14)
(25, 11, 14)
(25, 12, 14)
(25, 13, 14)
(25, 14, 12)
(25, 15, 12)
(25, 16, 10)
(25, 17, 8)
(25, 18, 8)
(25, 19, 8)
(25, 20, 8)
(25, 21, 7)
(25, 22, 5)
(25, 23, 5)
(25, 24, 4)
(25, 25, 4)
(25, 26, 4)
(25, 27, 4)
(25, 28, 4)
(25, 29, 4)
(25, 30, 4)
(25, 31, 3)
(25, 32, 3)
(25, 33, 3)
(25, 34, 3)
(25, 35, 3)
(25, 36, 3)
(25, 37, 3)
(25, 38, 3)
(25, 39, 2)

(26, 0, 209)
(26, 1, 150)
(26, 2, 146)
(26, 3, 142)
(26, 4, 130)
(26, 5, 56)
(26, 6, 45)
(26, 7, 21)
(26, 8, 14)
(26, 9, 14)
(26, 10, 14)
(26, 11, 14)
(26, 12, 14)
(26, 13, 14)
(26, 14, 12)
(26, 15, 12)
(26, 16, 10)
(26, 17, 8)
(26, 18, 8)
(26, 19, 8)
(26, 20, 8)
(26, 21, 7)
(26, 22, 5)
(26, 23, 5)
(26, 24, 4)
(26, 25, 4)
(26, 26, 4)
(26, 27, 4)
(26, 28, 4)
(26, 29, 3)
(26, 30, 3)
(26, 31, 2)
(26, 32, 2)
(26, 33, 2)
(26, 34, 2)
(26, 35, 2)
(26, 36, 2)
(26, 37, 2)
(26, 38, 2)
(26, 39, 2)

(27, 0, 211)
(27, 1, 152)
(27, 2, 148)
(27, 3, 144)
(27, 4, 132)
(27, 5, 58)
(27, 6, 45)
(27, 7, 21)
(27, 8, 14)
(27, 9, 14)
(27, 10, 14)
(27, 11, 14)
(27, 12, 14)
(27, 13, 14)
(27, 14, 12)
(27, 15, 12)
(27, 16, 10)
(27, 17, 8)
(27, 18, 7)
(27, 19, 7)
(27, 20, 7)
(27, 21, 6)
(27, 22, 4)
(27, 23, 4)
(27, 24, 3)
(27, 25, 3)
(27, 26, 3)
(27, 27, 3)
(27, 28, 3)
(27, 29, 3)
(27, 30, 3)
(27, 31, 2)
(27, 32, 2)
(27, 33, 2)
(27, 34, 2)
(27, 35, 2)
(27, 36, 2)
(27, 37, 2)
(27, 38, 2)
(27, 39, 2)

(28, 0, 213)
(28, 1, 154)
(28, 2, 150)
(28, 3, 146)
(28, 4, 134)
(28, 5, 60)
(28, 6, 46)
(28, 7, 22)
(28, 8, 15)
(28, 9, 15)
(28, 10, 15)
(28, 11, 15)
(28, 12, 14)
(28, 13, 14)
(28, 14, 12)
(28, 15, 12)
(28, 16, 10)
(28, 17, 8)
(28, 18, 8)
(28, 19, 8)
(28, 20, 8)
(28, 21, 7)
(28, 22, 5)
(28, 23, 5)
(28, 24, 3)
(28, 25, 3)
(28, 26, 3)
(28, 27, 3)
(28, 28, 3)
(28, 29, 3)
(28, 30, 3)
(28, 31, 2)
(28, 32, 2)
(28, 33, 2)
(28, 34, 2)
(28, 35, 2)
(28, 36, 2)
(28, 37, 2)
(28, 38, 2)
(28, 39, 2)

(29, 0, 215)
(29, 1, 156)
(29, 2, 152)
(29, 3, 148)
(29, 4, 136)
(29, 5, 62)
(29, 6, 46)
(29, 7, 22)
(29, 8, 15)
(29, 9, 15)
(29, 10, 15)
(29, 11, 15)
(29, 12, 15)
(29, 13, 15)
(29, 14, 13)
(29, 15, 13)
(29, 16, 11)
(29, 17, 9)
(29, 18, 9)
(29, 19, 9)
(29, 20, 9)
(29, 21, 8)
(29, 22, 6)
(29, 23, 6)
(29, 24, 4)
(29, 25, 4)
(29, 26, 4)
(29, 27, 4)
(29, 28, 4)
(29, 29, 4)
(29, 30, 4)
(29, 31, 2)
(29, 32, 2)
(29, 33, 2)
(29, 34, 2)
(29, 35, 2)
(29, 36, 2)
(29, 37, 2)
(29, 38, 2)
(29, 39, 2)

(30, 0, 217)
(30, 1, 158)
(30, 2, 154)
(30, 3, 150)
(30, 4, 138)
(30, 5, 64)
(30, 6, 47)
(30, 7, 23)
(30, 8, 16)
(30, 9, 16)
(30, 10, 16)
(30, 11, 16)
(30, 12, 16)
(30, 13, 16)
(30, 14, 14)
(30, 15, 14)
(30, 16, 12)
(30, 17, 10)
(30, 18, 10)
(30, 19, 10)
(30, 20, 10)
(30, 21, 9)
(30, 22, 7)
(30, 23, 7)
(30, 24, 5)
(30, 25, 5)
(30, 26, 5)
(30, 27, 5)
(30, 28, 5)
(30, 29, 5)
(30, 30, 5)
(30, 31, 3)
(30, 32, 3)
(30, 33, 3)
(30, 34, 3)
(30, 35, 2)
(30, 36, 2)
(30, 37, 2)
(30, 38, 2)
(30, 39, 2)

(31, 0, 225)
(31, 1, 166)
(31, 2, 162)
(31, 3, 153)
(31, 4, 141)
(31, 5, 67)
(31, 6, 49)
(31, 7, 25)
(31, 8, 18)
(31, 9, 18)
(31, 10, 18)
(31, 11, 18)
(31, 12, 18)
(31, 13, 18)
(31, 14, 16)
(31, 15, 16)
(31, 16, 14)
(31, 17, 12)
(31, 18, 12)
(31, 19, 12)
(31, 20, 12)
(31, 21, 11)
(31, 22, 9)
(31, 23, 9)
(31, 24, 7)
(31, 25, 5)
(31, 26, 5)
(31, 27, 5)
(31, 28, 5)
(31, 29, 5)
(31, 30, 4)
(31, 31, 2)
(31, 32, 2)
(31, 33, 2)
(31, 34, 2)
(31, 35, 2)
(31, 36, 2)
(31, 37, 2)
(31, 38, 2)
(31, 39, 2)

(32, 0, 235)
(32, 1, 176)
(32, 2, 172)
(32, 3, 155)
(32, 4, 143)
(32, 5, 69)
(32, 6, 50)
(32, 7, 26)
(32, 8, 19)
(32, 9, 19)
(32, 10, 19)
(32, 11, 19)
(32, 12, 19)
(32, 13, 19)
(32, 14, 17)
(32, 15, 17)
(32, 16, 15)
(32, 17, 13)
(32, 18, 13)
(32, 19, 13)
(32, 20, 13)
(32, 21, 12)
(32, 22, 10)
(32, 23, 10)
(32, 24, 8)
(32, 25, 5)
(32, 26, 5)
(32, 27, 5)
(32, 28, 5)
(32, 29, 5)
(32, 30, 4)
(32, 31, 2)
(32, 32, 2)
(32, 33, 2)
(32, 34, 2)
(32, 35, 2)
(32, 36, 2)
(32, 37, 2)
(32, 38, 2)
(32, 39, 2)

(33, 0, 248)
(33, 1, 181)
(33, 2, 177)
(33, 3, 157)
(33, 4, 145)
(33, 5, 71)
(33, 6, 52)
(33, 7, 27)
(33, 8, 20)
(33, 9, 20)
(33, 10, 20)
(33, 11, 20)
(33, 12, 20)
(33, 13, 20)
(33, 14, 18)
(33, 15, 18)
(33, 16, 16)
(33, 17, 14)
(33, 18, 14)
(33, 19, 14)
(33, 20, 14)
(33, 21, 13)
(33, 22, 10)
(33, 23, 10)
(33, 24, 8)
(33, 25, 6)
(33, 26, 6)
(33, 27, 6)
(33, 28, 6)
(33, 29, 5)
(33, 30, 4)
(33, 31, 2)
(33, 32, 2)
(33, 33, 2)
(33, 34, 2)
(33, 35, 2)
(33, 36, 2)
(33, 37, 2)
(33, 38, 1)
(33, 39, 1)

(34, 0, 263)
(34, 1, 188)
(34, 2, 184)
(34, 3, 160)
(34, 4, 148)
(34, 5, 74)
(34, 6, 53)
(34, 7, 28)
(34, 8, 21)
(34, 9, 21)
(34, 10, 21)
(34, 11, 21)
(34, 12, 21)
(34, 13, 21)
(34, 14, 19)
(34, 15, 19)
(34, 16, 17)
(34, 17, 15)
(34, 18, 15)
(34, 19, 15)
(34, 20, 15)
(34, 21, 13)
(34, 22, 10)
(34, 23, 10)
(34, 24, 8)
(34, 25, 5)
(34, 26, 5)
(34, 27, 5)
(34, 28, 5)
(34, 29, 5)
(34, 30, 4)
(34, 31, 2)
(34, 32, 2)
(34, 33, 2)
(34, 34, 2)
(34, 35, 2)
(34, 36, 1)
(34, 37, 1)
(34, 38, 1)
(34, 39, 1)

(35, 0, 273)
(35, 1, 191)
(35, 2, 187)
(35, 3, 160)
(35, 4, 148)
(35, 5, 74)
(35, 6, 53)
(35, 7, 28)
(35, 8, 21)
(35, 9, 21)
(35, 10, 21)
(35, 11, 21)
(35, 12, 21)
(35, 13, 21)
(35, 14, 19)
(35, 15, 19)
(35, 16, 17)
(35, 17, 15)
(35, 18, 15)
(35, 19, 15)
(35, 20, 15)
(35, 21, 12)
(35, 22, 10)
(35, 23, 10)
(35, 24, 8)
(35, 25, 5)
(35, 26, 5)
(35, 27, 5)
(35, 28, 5)
(35, 29, 5)
(35, 30, 4)
(35, 31, 2)
(35, 32, 2)
(35, 33, 2)
(35, 34, 2)
(35, 35, 1)
(35, 36, 1)
(35, 37, 1)
(35, 38, 1)
(35, 39, 1)

(36, 0, 276)
(36, 1, 194)
(36, 2, 190)
(36, 3, 162)
(36, 4, 150)
(36, 5, 76)
(36, 6, 53)
(36, 7, 28)
(36, 8, 21)
(36, 9, 21)
(36, 10, 21)
(36, 11, 21)
(36, 12, 21)
(36, 13, 21)
(36, 14, 19)
(36, 15, 19)
(36, 16, 17)
(36, 17, 15)
(36, 18, 15)
(36, 19, 15)
(36, 20, 15)
(36, 21, 12)
(36, 22, 10)
(36, 23, 10)
(36, 24, 8)
(36, 25, 5)
(36, 26, 5)
(36, 27, 5)
(36, 28, 5)
(36, 29, 4)
(36, 30, 3)
(36, 31, 1)
(36, 32, 1)
(36, 33, 1)
(36, 34, 1)
(36, 35, 1)
(36, 36, 1)
(36, 37, 1)
(36, 38, 1)
(36, 39, 1)

(37, 0, 276)
(37, 1, 194)
(37, 2, 190)
(37, 3, 162)
(37, 4, 150)
(37, 5, 76)
(37, 6, 53)
(37, 7, 28)
(37, 8, 21)
(37, 9, 21)
(37, 10, 21)
(37, 11, 21)
(37, 12, 21)
(37, 13, 21)
(37, 14, 19)
(37, 15, 19)
(37, 16, 17)
(37, 17, 15)
(37, 18, 15)
(37, 19, 15)
(37, 20, 15)
(37, 21, 12)
(37, 22, 10)
(37, 23, 10)
(37, 24, 8)
(37, 25, 5)
(37, 26, 5)
(37, 27, 5)
(37, 28, 5)
(37, 29, 4)
(37, 30, 3)
(37, 31, 1)
(37, 32, 1)
(37, 33, 1)
(37, 34, 1)
(37, 35, 1)
(37, 36, 1)
(37, 37, 1)
(37, 38, 1)
(37, 39, 1)

(38, 0, 278)
(38, 1, 196)
(38, 2, 192)
(38, 3, 164)
(38, 4, 152)
(38, 5, 78)
(38, 6, 53)
(38, 7, 28)
(38, 8, 21)
(38, 9, 21)
(38, 10, 21)
(38, 11, 21)
(38, 12, 21)
(38, 13, 21)
(38, 14, 19)
(38, 15, 19)
(38, 16, 17)
(38, 17, 15)
(38, 18, 14)
(38, 19, 14)
(38, 20, 14)
(38, 21, 11)
(38, 22, 9)
(38, 23, 9)
(38, 24, 7)
(38, 25, 4)
(38, 26, 4)
(38, 27, 4)
(38, 28, 4)
(38, 29, 4)
(38, 30, 2)
(38, 31, 1)
(38, 32, 1)
(38, 33, 1)
(38, 34, 1)
(38, 35, 1)
(38, 36, 1)
(38, 37, 1)
(38, 38, 1)
(38, 39, 1)

(39, 0, 280)
(39, 1, 198)
(39, 2, 194)
(39, 3, 166)
(39, 4, 154)
(39, 5, 80)
(39, 6, 52)
(39, 7, 27)
(39, 8, 20)
(39, 9, 20)
(39, 10, 20)
(39, 11, 20)
(39, 12, 20)
(39, 13, 20)
(39, 14, 18)
(39, 15, 18)
(39, 16, 16)
(39, 17, 14)
(39, 18, 14)
(39, 19, 14)
(39, 20, 14)
(39, 21, 11)
(39, 22, 9)
(39, 23, 9)
(39, 24, 7)
(39, 25, 4)
(39, 26, 4)
(39, 27, 4)
(39, 28, 4)
(39, 29, 4)
(39, 30, 2)
(39, 31, 1)
(39, 32, 1)
(39, 33, 1)
(39, 34, 1)
(39, 35, 1)
(39, 36, 1)
(39, 37, 1)
(39, 38, 1)
(39, 39, 1)


Betti numbers:
xi_0:
(0, 0, 5)
(1, 0, 6)
(2, 0, 8)
(3, 0, 9)
(4, 0, 10)
(5, 0, 8)
(6, 0, 11)
(7, 0, 11)
(8, 0, 5)
(9, 0, 6)
(10, 0, 10)
(11, 0, 9)
(12, 0, 12)
(13, 0, 28)
(14, 0, 20)
(15, 0, 13)
(16, 0, 5)
(17, 0, 7)
(18, 0, 7)
(19, 0, 11)
(20, 0, 2)
(22, 0, 2)
(24, 0, 2)
(26, 0, 2)
(27, 0, 2)
(28, 0, 2)
(29, 0, 2)
(30, 0, 2)
(31, 0, 8)
(32, 0, 10)
(33, 0, 13)
(34, 0, 15)
(35, 0, 10)
(36, 0, 3)
(38, 0, 2)
(39, 0, 2)
xi_1:
(0, 7, 4)
(1, 5, 4)
(1, 7, 2)
(2, 5, 6)
(2, 8, 1)
(2, 24, 1)
(3, 5, 6)
(3, 6, 1)
(3, 7, 1)
(3, 8, 1)
(3, 22, 1)
(4, 5, 5)
(4, 7, 4)
(4, 21, 1)
(5, 5, 5)
(5, 7, 1)
(5, 8, 1)
(6, 5, 7)
(6, 6, 1)
(6, 7, 2)
(6, 8, 1)
(7, 5, 9)
(7, 7, 2)
(8, 5, 4)
(8, 7, 1)
(9, 5, 5)
(9, 7, 1)
(10, 5, 5)
(10, 6, 1)
(10, 7, 2)
(10, 15, 1)
(10, 22, 1)
(11, 2, 2)
(11, 5, 4)
(11, 7, 1)
(11, 8, 1)
(11, 14, 1)
(11, 16, 1)
(12, 3, 1)
(12, 4, 5)
(12, 5, 4)
(12, 7, 1)
(12, 17, 1)
(12, 29, 1)
(13, 1, 16)
(13, 3, 2)
(13, 4, 3)
(13, 5, 3)
(13, 6, 1)
(13, 7, 2)
(13, 8, 1)
(13, 17, 1)
(14, 1, 12)
(14, 4, 3)
(14, 5, 4)
(15, 1, 7)
(15, 3, 1)
(15, 4, 1)
(15, 5, 3)
(15, 8, 1)
(16, 1, 4)
(16, 22, 1)
(17, 1, 7)
(18, 1, 6)
(18, 24, 1)
(19, 1, 7)
(19, 2, 2)
(19, 14, 1)
(19, 16, 1)
(20, 6, 1)
(20, 31, 1)
(22, 6, 2)
(24, 6, 2)
(24, 39, 1)
(26, 6, 2)
(26, 29, 1)
(27, 6, 2)
(27, 18, 1)
(28, 6, 1)
(28, 12, 1)
(28, 24, 1)
(29, 6, 2)
(29, 31, 1)
(30, 6, 1)
(30, 35, 1)
(31, 3, 5)
(31, 6, 1)
(31, 25, 2)
(31, 30, 1)
(32, 3, 8)
(32, 6, 1)
(32, 25, 1)
(33, 1, 8)
(33, 3, 3)
(33, 7, 1)
(33, 22, 1)
(33, 29, 1)
(33, 38, 1)
(34, 1, 8)
(34, 3, 4)
(34, 6, 2)
(34, 21, 1)
(34, 22, 1)
(34, 25, 1)
(34, 36, 1)
(35, 1, 7)
(35, 3, 3)
(35, 21, 1)
(35, 35, 1)
(36, 3, 1)
(36, 6, 2)
(36, 29, 1)
(38, 6, 2)
(38, 18, 1)
(38, 30, 1)
(39, 6, 3)
xi_2:
(3, 24, 1)
(4, 22, 1)
(11, 15, 1)
(13, 29, 1)
(26, 39, 1)
(27, 29, 1)
(28, 18, 1)
(29, 12, 1)
(31, 35, 1)
(33, 25, 1)
(34, 22, 1)
(34, 29, 1)
(34, 38, 1)
(35, 22, 1)
(35, 36, 1)
(36, 35, 1)
(38, 29, 1)
(38, 31, 1)
(39, 18, 1)
