x-grades
-449026416044094040513/200000000000000000000
-218762593886066040513/100000000000000000000
-426023959500170121539/200000000000000000000
-103630682807052040513/50000000000000000000
-80604300591249240513/40000000000000000000
-195760137342142121539/100000000000000000000
-380019046412322283591/200000000000000000000
-46064727267545040513/25000000000000000000
-357016589868398364617/200000000000000000000
-34551536159643640513/20000000000000000000
-334014133324474445643/200000000000000000000
-80628226263128121539/50000000000000000000
-311011676780550526669/200000000000000000000
-149755224254294283591/100000000000000000000
-57601844047325321539/40000000000000000000
-17281749497791540513/12500000000000000000
-265006763692702688721/200000000000000000000
-126752767710370364617/100000000000000000000
-242004307148778769747/200000000000000000000
-11525153943840840513/10000000000000000000
-219001850604854850773/200000000000000000000
-103750311166446445643/100000000000000000000
-195999394060930931799/200000000000000000000
-23062270723621121539/25000000000000000000
-6919877500680280513/8000000000000000000
-80747854622522526669/100000000000000000000
-149994480973083093851/200000000000000000000
-34623313175280283591/50000000000000000000
-126992024429159174877/200000000000000000000
-11549079615719721539/20000000000000000000
-103989567885235255903/200000000000000000000
-2890260612914790513/6250000000000000000
-80987111341311336929/200000000000000000000
-34742941534674688721/100000000000000000000
-11596930959477483591/40000000000000000000
-11620856631356364617/50000000000000000000
-34982198253463498981/200000000000000000000
-11740484990750769747/100000000000000000000
-11979741709539580007/200000000000000000000
-11962835939440513/5000000000000000000

y-grades
9999963/4000000
9999963/2000000
29999889/4000000
9999963/1000000
9999963/800000
29999889/2000000
69999741/4000000
9999963/500000
89999667/4000000
9999963/400000
109999593/4000000
29999889/1000000
129999519/4000000
69999741/2000000
29999889/800000
9999963/250000
169999371/4000000
89999667/2000000
189999297/4000000
9999963/200000
209999223/4000000
109999593/2000000
229999149/4000000
29999889/500000
9999963/160000
129999519/2000000
269999001/4000000
69999741/1000000
289998927/4000000
29999889/400000
309998853/4000000
9999963/125000
329998779/4000000
169999371/2000000
69999741/800000
89999667/1000000
369998631/4000000
189999297/2000000
389998557/4000000
9999963/100000

Dimensions > 0:
(0, 0, 2)
(0, 1, 2)
(0, 2, 2)
(0, 3, 1)
(0, 4, 1)
(0, 5, 1)
(0, 6, 1)
(0, 7, 1)
(0, 8, 1)
(0, 9, 1)
(0, 10, 1)
(0, 11, 1)
(0, 12, 1)
(0, 13, 1)
(0, 14, 1)
(0, 15, 1)
(0, 16, 1)
(0, 17, 1)
(0, 18, 1)
(0, 19, 1)
(0, 20, 1)
(0, 21, 1)
(0, 22, 1)
(0, 23, 1)
(0, 24, 1)
(0, 25, 1)
(0, 26, 1)
(0, 27, 1)
(0, 28, 1)
(0, 29, 1)
(0, 30, 1)
(0, 31, 1)
(0, 32, 1)
(0, 33, 1)
(0, 34, 1)
(0, 35, 1)
(0, 36, 1)
(0, 37, 1)
(0, 38, 1)
(0, 39, 1)

(1, 0, 2)
(1, 1, 2)
(1, 2, 2)
(1, 3, 1)
(1, 4, 1)
(1, 5, 1)
(1, 6, 1)
(1, 7, 1)
(1, 8, 1)
(1, 9, 1)
(1, 10, 1)
(1, 11, 1)
(1, 12, 1)
(1, 13, 1)
(1, 14, 1)
(1, 15, 1)
(1, 16, 1)
(1, 17, 1)
(1, 18, 1)
(1, 19, 1)
(1, 20, 1)
(1, 21, 1)
(1, 22, 1)
(1, 23, 1)
(1, 24, 1)
(1, 25, 1)
(1, 26, 1)
(1, 27, 1)
(1, 28, 1)
(1, 29, 1)
(1, 30, 1)
(1, 31, 1)
(1, 32, 1)
(1, 33, 1)
(1, 34, 1)
(1, 35, 1)
(1, 36, 1)
(1, 37, 1)
(1, 38, 1)
(1, 39, 1)

(2, 0, 3)
(2, 1, 3)
(2, 2, 2)
(2, 3, 1)
(2, 4, 1)
(2, 5, 1)
(2, 6, 1)
(2, 7, 1)
(2, 8, 1)
(2, 9, 1)
(2, 10, 1)
(2, 11, 1)
(2, 12, 1)
(2, 13, 1)
(2, 14, 1)
(2, 15, 1)
(2, 16, 1)
(2, 17, 1)
(2, 18, 1)
(2, 19, 1)
(2, 20, 1)
(2, 21, 1)
(2, 22, 1)
(2, 23, 1)
(2, 24, 1)
(2, 25, 1)
(2, 26, 1)
(2, 27, 1)
(2, 28, 1)
(2, 29, 1)
(2, 30, 1)
(2, 31, 1)
(2, 32, 1)
(2, 33, 1)
(2, 34, 1)
(2, 35, 1)
(2, 36, 1)
(2, 37, 1)
(2, 38, 1)
(2, 39, 1)

(3, 0, 3)
(3, 1, 3)
(3, 2, 2)
(3, 3, 1)
(3, 4, 1)
(3, 5, 1)
(3, 6, 1)
(3, 7, 1)
(3, 8, 1)
(3, 9, 1)
(3, 10, 1)
(3, 11, 1)
(3, 12, 1)
(3, 13, 1)
(3, 14, 1)
(3, 15, 1)
(3, 16, 1)
(3, 17, 1)
(3, 18, 1)
(3, 19, 1)
(3, 20, 1)
(3, 21, 1)
(3, 22, 1)
(3, 23, 1)
(3, 24, 1)
(3, 25, 1)
(3, 26, 1)
(3, 27, 1)
(3, 28, 1)
(3, 29, 1)
(3, 30, 1)
(3, 31, 1)
(3, 32, 1)
(3, 33, 1)
(3, 34, 1)
(3, 35, 1)
(3, 36, 1)
(3, 37, 1)
(3, 38, 1)
(3, 39, 1)

(4, 0, 4)
(4, 1, 4)
(4, 2, 3)
(4, 3, 2)
(4, 4, 2)
(4, 5, 2)
(4, 6, 2)
(4, 7, 1)
(4, 8, 1)
(4, 9, 1)
(4, 10, 1)
(4, 11, 1)
(4, 12, 1)
(4, 13, 1)
(4, 14, 1)
(4, 15, 1)
(4, 16, 1)
(4, 17, 1)
(4, 18, 1)
(4, 19, 1)
(4, 20, 1)
(4, 21, 1)
(4, 22, 1)
(4, 23, 1)
(4, 24, 1)
(4, 25, 1)
(4, 26, 1)
(4, 27, 1)
(4, 28, 1)
(4, 29, 1)
(4, 30, 1)
(4, 31, 1)
(4, 32, 1)
(4, 33, 1)
(4, 34, 1)
(4, 35, 1)
(4, 36, 1)
(4, 37, 1)
(4, 38, 1)
(4, 39, 1)

(5, 0, 5)
(5, 1, 5)
(5, 2, 4)
(5, 3, 3)
(5, 4, 2)
(5, 5, 1)
(5, 6, 1)
(5, 7, 1)
(5, 8, 1)
(5, 9, 1)
(5, 10, 1)
(5, 11, 1)
(5, 12, 1)
(5, 13, 1)
(5, 14, 1)
(5, 15, 1)
(5, 16, 1)
(5, 17, 1)
(5, 18, 1)
(5, 19, 1)
(5, 20, 1)
(5, 21, 1)
(5, 22, 1)
(5, 23, 1)
(5, 24, 1)
(5, 25, 1)
(5, 26, 1)
(5, 27, 1)
(5, 28, 1)
(5, 29, 1)
(5, 30, 1)
(5, 31, 1)
(5, 32, 1)
(5, 33, 1)
(5, 34, 1)
(5, 35, 1)
(5, 36, 1)
(5, 37, 1)
(5, 38, 1)
(5, 39, 1)

(6, 0, 5)
(6, 1, 5)
(6, 2, 4)
(6, 3, 3)
(6, 4, 2)
(6, 5, 1)
(6, 6, 1)
(6, 7, 1)
(6, 8, 1)
(6, 9, 1)
(6, 10, 1)
(6, 11, 1)
(6, 12, 1)
(6, 13, 1)
(6, 14, 1)
(6, 15, 1)
(6, 16, 1)
(6, 17, 1)
(6, 18, 1)
(6, 19, 1)
(6, 20, 1)
(6, 21, 1)
(6, 22, 1)
(6, 23, 1)
(6, 24, 1)
(6, 25, 1)
(6, 26, 1)
(6, 27, 1)
(6, 28, 1)
(6, 29, 1)
(6, 30, 1)
(6, 31, 1)
(6, 32, 1)
(6, 33, 1)
(6, 34, 1)
(6, 35, 1)
(6, 36, 1)
(6, 37, 1)
(6, 38, 1)
(6, 39, 1)

(7, 0, 5)
(7, 1, 5)
(7, 2, 4)
(7, 3, 3)
(7, 4, 2)
(7, 5, 1)
(7, 6, 1)
(7, 7, 1)
(7, 8, 1)
(7, 9, 1)
(7, 10, 1)
(7, 11, 1)
(7, 12, 1)
(7, 13, 1)
(7, 14, 1)
(7, 15, 1)
(7, 16, 1)
(7, 17, 1)
(7, 18, 1)
(7, 19, 1)
(7, 20, 1)
(7, 21, 1)
(7, 22, 1)
(7, 23, 1)
(7, 24, 1)
(7, 25, 1)
(7, 26, 1)
(7, 27, 1)
(7, 28, 1)
(7, 29, 1)
(7, 30, 1)
(7, 31, 1)
(7, 32, 1)
(7, 33, 1)
(7, 34, 1)
(7, 35, 1)
(7, 36, 1)
(7, 37, 1)
(7, 38, 1)
(7, 39, 1)

(8, 0, 9)
(8, 1, 9)
(8, 2, 6)
(8, 3, 4)
(8, 4, 2)
(8, 5, 2)
(8, 6, 2)
(8, 7, 2)
(8, 8, 2)
(8, 9, 1)
(8, 10, 1)
(8, 11, 1)
(8, 12, 1)
(8, 13, 1)
(8, 14, 1)
(8, 15, 1)
(8, 16, 1)
(8, 17, 1)
(8, 18, 1)
(8, 19, 1)
(8, 20, 1)
(8, 21, 1)
(8, 22, 1)
(8, 23, 1)
(8, 24, 1)
(8, 25, 1)
(8, 26, 1)
(8, 27, 1)
(8, 28, 1)
(8, 29, 1)
(8, 30, 1)
(8, 31, 1)
(8, 32, 1)
(8, 33, 1)
(8, 34, 1)
(8, 35, 1)
(8, 36, 1)
(8, 37, 1)
(8, 38, 1)
(8, 39, 1)

(9, 0, 9)
(9, 1, 9)
(9, 2, 6)
(9, 3, 4)
(9, 4, 2)
(9, 5, 2)
(9, 6, 2)
(9, 7, 2)
(9, 8, 2)
(9, 9, 1)
(9, 10, 1)
(9, 11, 1)
(9, 12, 1)
(9, 13, 1)
(9, 14, 1)
(9, 15, 1)
(9, 16, 1)
(9, 17, 1)
(9, 18, 1)
(9, 19, 1)
(9, 20, 1)
(9, 21, 1)
(9, 22, 1)
(9, 23, 1)
(9, 24, 1)
(9, 25, 1)
(9, 26, 1)
(9, 27, 1)
(9, 28, 1)
(9, 29, 1)
(9, 30, 1)
(9, 31, 1)
(9, 32, 1)
(9, 33, 1)
(9, 34, 1)
(9, 35, 1)
(9, 36, 1)
(9, 37, 1)
(9, 38, 1)
(9, 39, 1)

(10, 0, 9)
(10, 1, 9)
(10, 2, 6)
(10, 3, 4)
(10, 4, 2)
(10, 5, 2)
(10, 6, 2)
(10, 7, 2)
(10, 8, 2)
(10, 9, 1)
(10, 10, 1)
(10, 11, 1)
(10, 12, 1)
(10, 13, 1)
(10, 14, 1)
(10, 15, 1)
(10, 16, 1)
(10, 17, 1)
(10, 18, 1)
(10, 19, 1)
(10, 20, 1)
(10, 21, 1)
(10, 22, 1)
(10, 23, 1)
(10, 24, 1)
(10, 25, 1)
(10, 26, 1)
(10, 27, 1)
(10, 28, 1)
(10, 29, 1)
(10, 30, 1)
(10, 31, 1)
(10, 32, 1)
(10, 33, 1)
(10, 34, 1)
(10, 35, 1)
(10, 36, 1)
(10, 37, 1)
(10, 38, 1)
(10, 39, 1)

(11, 0, 10)
(11, 1, 10)
(11, 2, 7)
(11, 3, 5)
(11, 4, 3)
(11, 5, 3)
(11, 6, 3)
(11, 7, 3)
(11, 8, 3)
(11, 9, 2)
(11, 10, 2)
(11, 11, 2)
(11, 12, 2)
(11, 13, 2)
(11, 14, 2)
(11, 15, 2)
(11, 16, 2)
(11, 17, 2)
(11, 18, 2)
(11, 19, 2)
(11, 20, 2)
(11, 21, 2)
(11, 22, 2)
(11, 23, 2)
(11, 24, 2)
(11, 25, 2)
(11, 26, 2)
(11, 27, 2)
(11, 28, 2)
(11, 29, 1)
(11, 30, 1)
(11, 31, 1)
(11, 32, 1)
(11, 33, 1)
(11, 34, 1)
(11, 35, 1)
(11, 36, 1)
(11, 37, 1)
(11, 38, 1)
(11, 39, 1)

(12, 0, 13)
(12, 1, 13)
(12, 2, 10)
(12, 3, 7)
(12, 4, 5)
(12, 5, 5)
(12, 6, 5)
(12, 7, 5)
(12, 8, 5)
(12, 9, 3)
(12, 10, 3)
(12, 11, 3)
(12, 12, 3)
(12, 13, 3)
(12, 14, 3)
(12, 15, 3)
(12, 16, 3)
(12, 17, 3)
(12, 18, 3)
(12, 19, 2)
(12, 20, 2)
(12, 21, 2)
(12, 22, 2)
(12, 23, 2)
(12, 24, 2)
(12, 25, 2)
(12, 26, 2)
(12, 27, 2)
(12, 28, 1)
(12, 29, 1)
(12, 30, 1)
(12, 31, 1)
(12, 32, 1)
(12, 33, 1)
(12, 34, 1)
(12, 35, 1)
(12, 36, 1)
(12, 37, 1)
(12, 38, 1)
(12, 39, 1)

(13, 0, 16)
(13, 1, 16)
(13, 2, 12)
(13, 3, 8)
(13, 4, 6)
(13, 5, 5)
(13, 6, 4)
(13, 7, 4)
(13, 8, 4)
(13, 9, 3)
(13, 10, 3)
(13, 11, 3)
(13, 12, 3)
(13, 13, 3)
(13, 14, 3)
(13, 15, 3)
(13, 16, 3)
(13, 17, 3)
(13, 18, 3)
(13, 19, 2)
(13, 20, 2)
(13, 21, 2)
(13, 22, 2)
(13, 23, 2)
(13, 24, 2)
(13, 25, 2)
(13, 26, 2)
(13, 27, 2)
(13, 28, 1)
(13, 29, 1)
(13, 30, 1)
(13, 31, 1)
(13, 32, 1)
(13, 33, 1)
(13, 34, 1)
(13, 35, 1)
(13, 36, 1)
(13, 37, 1)
(13, 38, 1)
(13, 39, 1)

(14, 0, 21)
(14, 1, 20)
(14, 2, 15)
(14, 3, 10)
(14, 4, 8)
(14, 5, 6)
(14, 6, 6)
(14, 7, 5)
(14, 8, 5)
(14, 9, 3)
(14, 10, 3)
(14, 11, 3)
(14, 12, 3)
(14, 13, 3)
(14, 14, 3)
(14, 15, 3)
(14, 16, 3)
(14, 17, 3)
(14, 18, 2)
(14, 19, 2)
(14, 20, 2)
(14, 21, 2)
(14, 22, 2)
(14, 23, 2)
(14, 24, 2)
(14, 25, 2)
(14, 26, 2)
(14, 27, 2)
(14, 28, 1)
(14, 29, 1)
(14, 30, 1)
(14, 31, 1)
(14, 32, 1)
(14, 33, 1)
(14, 34, 1)
(14, 35, 1)
(14, 36, 1)
(14, 37, 1)
(14, 38, 1)
(14, 39, 1)

(15, 0, 22)
(15, 1, 22)
(15, 2, 16)
(15, 3, 10)
(15, 4, 8)
(15, 5, 5)
(15, 6, 4)
(15, 7, 4)
(15, 8, 4)
(15, 9, 3)
(15, 10, 3)
(15, 11, 3)
(15, 12, 3)
(15, 13, 3)
(15, 14, 3)
(15, 15, 3)
(15, 16, 3)
(15, 17, 2)
(15, 18, 2)
(15, 19, 2)
(15, 20, 2)
(15, 21, 2)
(15, 22, 2)
(15, 23, 2)
(15, 24, 2)
(15, 25, 2)
(15, 26, 2)
(15, 27, 2)
(15, 28, 1)
(15, 29, 1)
(15, 30, 1)
(15, 31, 1)
(15, 32, 1)
(15, 33, 1)
(15, 34, 1)
(15, 35, 1)
(15, 36, 1)
(15, 37, 1)
(15, 38, 1)
(15, 39, 1)

(16, 0, 22)
(16, 1, 22)
(16, 2, 16)
(16, 3, 10)
(16, 4, 8)
(16, 5, 5)
(16, 6, 4)
(16, 7, 4)
(16, 8, 4)
(16, 9, 3)
(16, 10, 3)
(16, 11, 3)
(16, 12, 3)
(16, 13, 3)
(16, 14, 3)
(16, 15, 3)
(16, 16, 3)
(16, 17, 2)
(16, 18, 2)
(16, 19, 2)
(16, 20, 2)
(16, 21, 2)
(16, 22, 2)
(16, 23, 2)
(16, 24, 2)
(16, 25, 2)
(16, 26, 2)
(16, 27, 2)
(16, 28, 1)
(16, 29, 1)
(16, 30, 1)
(16, 31, 1)
(16, 32, 1)
(16, 33, 1)
(16, 34, 1)
(16, 35, 1)
(16, 36, 1)
(16, 37, 1)
(16, 38, 1)
(16, 39, 1)

(17, 0, 24)
(17, 1, 24)
(17, 2, 16)
(17, 3, 10)
(17, 4, 7)
(17, 5, 5)
(17, 6, 4)
(17, 7, 4)
(17, 8, 4)
(17, 9, 3)
(17, 10, 3)
(17, 11, 3)
(17, 12, 3)
(17, 13, 3)
(17, 14, 3)
(17, 15, 3)
(17, 16, 3)
(17, 17, 2)
(17, 18, 2)
(17, 19, 2)
(17, 20, 2)
(17, 21, 2)
(17, 22, 2)
(17, 23, 2)
(17, 24, 2)
(17, 25, 2)
(17, 26, 2)
(17, 27, 2)
(17, 28, 1)
(17, 29, 1)
(17, 30, 1)
(17, 31, 1)
(17, 32, 1)
(17, 33, 1)
(17, 34, 1)
(17, 35, 1)
(17, 36, 1)
(17, 37, 1)
(17, 38, 1)
(17, 39, 1)

(18, 0, 24)
(18, 1, 24)
(18, 2, 16)
(18, 3, 10)
(18, 4, 6)
(18, 5, 5)
(18, 6, 4)
(18, 7, 4)
(18, 8, 4)
(18, 9, 3)
(18, 10, 3)
(18, 11, 3)
(18, 12, 3)
(18, 13, 3)
(18, 14, 3)
(18, 15, 3)
(18, 16, 3)
(18, 17, 2)
(18, 18, 2)
(18, 19, 2)
(18, 20, 2)
(18, 21, 2)
(18, 22, 2)
(18, 23, 2)
(18, 24, 2)
(18, 25, 2)
(18, 26, 2)
(18, 27, 2)
(18, 28, 1)
(18, 29, 1)
(18, 30, 1)
(18, 31, 1)
(18, 32, 1)
(18, 33, 1)
(18, 34, 1)
(18, 35, 1)
(18, 36, 1)
(18, 37, 1)
(18, 38, 1)
(18, 39, 1)

(19, 0, 25)
(19, 1, 25)
(19, 2, 16)
(19, 3, 10)
(19, 4, 5)
(19, 5, 4)
(19, 6, 4)
(19, 7, 4)
(19, 8, 4)
(19, 9, 3)
(19, 10, 3)
(19, 11, 3)
(19, 12, 3)
(19, 13, 3)
(19, 14, 3)
(19, 15, 3)
(19, 16, 3)
(19, 17, 2)
(19, 18, 2)
(19, 19, 2)
(19, 20, 2)
(19, 21, 2)
(19, 22, 2)
(19, 23, 2)
(19, 24, 2)
(19, 25, 2)
(19, 26, 2)
(19, 27, 2)
(19, 28, 1)
(19, 29, 1)
(19, 30, 1)
(19, 31, 1)
(19, 32, 1)
(19, 33, 1)
(19, 34, 1)
(19, 35, 1)
(19, 36, 1)
(19, 37, 1)
(19, 38, 1)
(19, 39, 1)

(20, 0, 25)
(20, 1, 25)
(20, 2, 16)
(20, 3, 10)
(20, 4, 5)
(20, 5, 4)
(20, 6, 4)
(20, 7, 4)
(20, 8, 4)
(20, 9, 3)
(20, 10, 3)
(20, 11, 3)
(20, 12, 3)
(20, 13, 3)
(20, 14, 3)
(20, 15, 3)
(20, 16, 3)
(20, 17, 2)
(20, 18, 2)
(20, 19, 2)
(20, 20, 2)
(20, 21, 2)
(20, 22, 2)
(20, 23, 2)
(20, 24, 2)
(20, 25, 2)
(20, 26, 2)
(20, 27, 2)
(20, 28, 1)
(20, 29, 1)
(20, 30, 1)
(20, 31, 1)
(20, 32, 1)
(20, 33, 1)
(20, 34, 1)
(20, 35, 1)
(20, 36, 1)
(20, 37, 1)
(20, 38, 1)
(20, 39, 1)

(21, 0, 25)
(21, 1, 25)
(21, 2, 16)
(21, 3, 10)
(21, 4, 5)
(21, 5, 4)
(21, 6, 4)
(21, 7, 4)
(21, 8, 4)
(21, 9, 3)
(21, 10, 3)
(21, 11, 3)
(21, 12, 3)
(21, 13, 3)
(21, 14, 3)
(21, 15, 3)
(21, 16, 3)
(21, 17, 2)
(21, 18, 2)
(21, 19, 2)
(21, 20, 2)
(21, 21, 2)
(21, 22, 2)
(21, 23, 2)
(21, 24, 2)
(21, 25, 2)
(21, 26, 2)
(21, 27, 2)
(21, 28, 1)
(21, 29, 1)
(21, 30, 1)
(21, 31, 1)
(21, 32, 1)
(21, 33, 1)
(21, 34, 1)
(21, 35, 1)
(21, 36, 1)
(21, 37, 1)
(21, 38, 1)
(21, 39, 1)

(22, 0, 25)
(22, 1, 25)
(22, 2, 16)
(22, 3, 10)
(22, 4, 5)
(22, 5, 4)
(22, 6, 4)
(22, 7, 4)
(22, 8, 4)
(22, 9, 3)
(22, 10, 3)
(22, 11, 3)
(22, 12, 3)
(22, 13, 3)
(22, 14, 3)
(22, 15, 3)
(22, 16, 3)
(22, 17, 2)
(22, 18, 2)
(22, 19, 2)
(22, 20, 2)
(22, 21, 2)
(22, 22, 2)
(22, 23, 2)
(22, 24, 2)
(22, 25, 2)
(22, 26, 2)
(22, 27, 2)
(22, 28, 1)
(22, 29, 1)
(22, 30, 1)
(22, 31, 1)
(22, 32, 1)
(22, 33, 1)
(22, 34, 1)
(22, 35, 1)
(22, 36, 1)
(22, 37, 1)
(22, 38, 1)
(22, 39, 1)

(23, 0, 26)
(23, 1, 26)
(23, 2, 17)
(23, 3, 11)
(23, 4, 6)
(23, 5, 5)
(23, 6, 5)
(23, 7, 5)
(23, 8, 5)
(23, 9, 4)
(23, 10, 4)
(23, 11, 3)
(23, 12, 3)
(23, 13, 3)
(23, 14, 2)
(23, 15, 2)
(23, 16, 2)
(23, 17, 2)
(23, 18, 2)
(23, 19, 2)
(23, 20, 2)
(23, 21, 2)
(23, 22, 2)
(23, 23, 1)
(23, 24, 1)
(23, 25, 1)
(23, 26, 1)
(23, 27, 1)
(23, 28, 1)
(23, 29, 1)
(23, 30, 1)
(23, 31, 1)
(23, 32, 1)
(23, 33, 1)
(23, 34, 1)
(23, 35, 1)
(23, 36, 1)
(23, 37, 1)
(23, 38, 1)
(23, 39, 1)

(24, 0, 28)
(24, 1, 28)
(24, 2, 18)
(24, 3, 11)
(24, 4, 6)
(24, 5, 5)
(24, 6, 5)
(24, 7, 5)
(24, 8, 5)
(24, 9, 4)
(24, 10, 4)
(24, 11, 3)
(24, 12, 3)
(24, 13, 2)
(24, 14, 2)
(24, 15, 2)
(24, 16, 2)
(24, 17, 2)
(24, 18, 2)
(24, 19, 2)
(24, 20, 2)
(24, 21, 2)
(24, 22, 1)
(24, 23, 1)
(24, 24, 1)
(24, 25, 1)
(24, 26, 1)
(24, 27, 1)
(24, 28, 1)
(24, 29, 1)
(24, 30, 1)
(24, 31, 1)
(24, 32, 1)
(24, 33, 1)
(24, 34, 1)
(24, 35, 1)
(24, 36, 1)
(24, 37, 1)
(24, 38, 1)
(24, 39, 1)

(25, 0, 29)
(25, 1, 29)
(25, 2, 19)
(25, 3, 12)
(25, 4, 7)
(25, 5, 6)
(25, 6, 6)
(25, 7, 6)
(25, 8, 6)
(25, 9, 3)
(25, 10, 3)
(25, 11, 2)
(25, 12, 2)
(25, 13, 2)
(25, 14, 2)
(25, 15, 2)
(25, 16, 2)
(25, 17, 2)
(25, 18, 2)
(25, 19, 2)
(25, 20, 2)
(25, 21, 1)
(25, 22, 1)
(25, 23, 1)
(25, 24, 1)
(25, 25, 1)
(25, 26, 1)
(25, 27, 1)
(25, 28, 1)
(25, 29, 1)
(25, 30, 1)
(25, 31, 1)
(25, 32, 1)
(25, 33, 1)
(25, 34, 1)
(25, 35, 1)
(25, 36, 1)
(25, 37, 1)
(25, 38, 1)
(25, 39, 1)

(26, 0, 30)
(26, 1, 30)
(26, 2, 19)
(26, 3, 12)
(26, 4, 7)
(26, 5, 6)
(26, 6, 6)
(26, 7, 6)
(26, 8, 6)
(26, 9, 3)
(26, 10, 3)
(26, 11, 2)
(26, 12, 2)
(26, 13, 2)
(26, 14, 2)
(26, 15, 2)
(26, 16, 2)
(26, 17, 2)
(26, 18, 2)
(26, 19, 2)
(26, 20, 2)
(26, 21, 1)
(26, 22, 1)
(26, 23, 1)
(26, 24, 1)
(26, 25, 1)
(26, 26, 1)
(26, 27, 1)
(26, 28, 1)
(26, 29, 1)
(26, 30, 1)
(26, 31, 1)
(26, 32, 1)
(26, 33, 1)
(26, 34, 1)
(26, 35, 1)
(26, 36, 1)
(26, 37, 1)
(26, 38, 1)
(26, 39, 1)

(27, 0, 30)
(27, 1, 30)
(27, 2, 19)
(27, 3, 12)
(27, 4, 7)
(27, 5, 6)
(27, 6, 6)
(27, 7, 6)
(27, 8, 6)
(27, 9, 3)
(27, 10, 3)
(27, 11, 2)
(27, 12, 2)
(27, 13, 2)
(27, 14, 2)
(27, 15, 2)
(27, 16, 2)
(27, 17, 2)
(27, 18, 2)
(27, 19, 2)
(27, 20, 2)
(27, 21, 1)
(27, 22, 1)
(27, 23, 1)
(27, 24, 1)
(27, 25, 1)
(27, 26, 1)
(27, 27, 1)
(27, 28, 1)
(27, 29, 1)
(27, 30, 1)
(27, 31, 1)
(27, 32, 1)
(27, 33, 1)
(27, 34, 1)
(27, 35, 1)
(27, 36, 1)
(27, 37, 1)
(27, 38, 1)
(27, 39, 1)

(28, 0, 32)
(28, 1, 32)
(28, 2, 20)
(28, 3, 12)
(28, 4, 7)
(28, 5, 6)
(28, 6, 6)
(28, 7, 6)
(28, 8, 6)
(28, 9, 3)
(28, 10, 3)
(28, 11, 2)
(28, 12, 2)
(28, 13, 2)
(28, 14, 2)
(28, 15, 2)
(28, 16, 2)
(28, 17, 2)
(28, 18, 2)
(28, 19, 2)
(28, 20, 2)
(28, 21, 1)
(28, 22, 1)
(28, 23, 1)
(28, 24, 1)
(28, 25, 1)
(28, 26, 1)
(28, 27, 1)
(28, 28, 1)
(28, 29, 1)
(28, 30, 1)
(28, 31, 1)
(28, 32, 1)
(28, 33, 1)
(28, 34, 1)
(28, 35, 1)
(28, 36, 1)
(28, 37, 1)
(28, 38, 1)
(28, 39, 1)

(29, 0, 32)
(29, 1, 32)
(29, 2, 20)
(29, 3, 12)
(29, 4, 7)
(29, 5, 6)
(29, 6, 6)
(29, 7, 6)
(29, 8, 6)
(29, 9, 3)
(29, 10, 3)
(29, 11, 2)
(29, 12, 2)
(29, 13, 2)
(29, 14, 2)
(29, 15, 2)
(29, 16, 2)
(29, 17, 2)
(29, 18, 2)
(29, 19, 2)
(29, 20, 2)
(29, 21, 1)
(29, 22, 1)
(29, 23, 1)
(29, 24, 1)
(29, 25, 1)
(29, 26, 1)
(29, 27, 1)
(29, 28, 1)
(29, 29, 1)
(29, 30, 1)
(29, 31, 1)
(29, 32, 1)
(29, 33, 1)
(29, 34, 1)
(29, 35, 1)
(29, 36, 1)
(29, 37, 1)
(29, 38, 1)
(29, 39, 1)

(30, 0, 32)
(30, 1, 32)
(30, 2, 20)
(30, 3, 12)
(30, 4, 7)
(30, 5, 6)
(30, 6, 6)
(30, 7, 6)
(30, 8, 6)
(30, 9, 3)
(30, 10, 3)
(30, 11, 2)
(30, 12, 2)
(30, 13, 2)
(30, 14, 2)
(30, 15, 2)
(30, 16, 2)
(30, 17, 2)
(30, 18, 2)
(30, 19, 2)
(30, 20, 2)
(30, 21, 1)
(30, 22, 1)
(30, 23, 1)
(30, 24, 1)
(30, 25, 1)
(30, 26, 1)
(30, 27, 1)
(30, 28, 1)
(30, 29, 1)
(30, 30, 1)
(30, 31, 1)
(30, 32, 1)
(30, 33, 1)
(30, 34, 1)
(30, 35, 1)
(30, 36, 1)
(30, 37, 1)
(30, 38, 1)
(30, 39, 1)

(31, 0, 33)
(31, 1, 33)
(31, 2, 21)
(31, 3, 13)
(31, 4, 8)
(31, 5, 7)
(31, 6, 7)
(31, 7, 7)
(31, 8, 6)
(31, 9, 3)
(31, 10, 3)
(31, 11, 2)
(31, 12, 2)
(31, 13, 2)
(31, 14, 2)
(31, 15, 2)
(31, 16, 1)
(31, 17, 1)
(31, 18, 1)
(31, 19, 1)
(31, 20, 1)
(31, 21, 1)
(31, 22, 1)
(31, 23, 1)
(31, 24, 1)
(31, 25, 1)
(31, 26, 1)
(31, 27, 1)
(31, 28, 1)
(31, 29, 1)
(31, 30, 1)
(31, 31, 1)
(31, 32, 1)
(31, 33, 1)
(31, 34, 1)
(31, 35, 1)
(31, 36, 1)
(31, 37, 1)
(31, 38, 1)
(31, 39, 1)

(32, 0, 33)
(32, 1, 33)
(32, 2, 21)
(32, 3, 13)
(32, 4, 8)
(32, 5, 7)
(32, 6, 7)
(32, 7, 7)
(32, 8, 6)
(32, 9, 3)
(32, 10, 3)
(32, 11, 2)
(32, 12, 2)
(32, 13, 2)
(32, 14, 2)
(32, 15, 2)
(32, 16, 1)
(32, 17, 1)
(32, 18, 1)
(32, 19, 1)
(32, 20, 1)
(32, 21, 1)
(32, 22, 1)
(32, 23, 1)
(32, 24, 1)
(32, 25, 1)
(32, 26, 1)
(32, 27, 1)
(32, 28, 1)
(32, 29, 1)
(32, 30, 1)
(32, 31, 1)
(32, 32, 1)
(32, 33, 1)
(32, 34, 1)
(32, 35, 1)
(32, 36, 1)
(32, 37, 1)
(32, 38, 1)
(32, 39, 1)

(33, 0, 33)
(33, 1, 33)
(33, 2, 21)
(33, 3, 13)
(33, 4, 8)
(33, 5, 7)
(33, 6, 7)
(33, 7, 6)
(33, 8, 6)
(33, 9, 3)
(33, 10, 3)
(33, 11, 2)
(33, 12, 2)
(33, 13, 2)
(33, 14, 2)
(33, 15, 2)
(33, 16, 1)
(33, 17, 1)
(33, 18, 1)
(33, 19, 1)
(33, 20, 1)
(33, 21, 1)
(33, 22, 1)
(33, 23, 1)
(33, 24, 1)
(33, 25, 1)
(33, 26, 1)
(33, 27, 1)
(33, 28, 1)
(33, 29, 1)
(33, 30, 1)
(33, 31, 1)
(33, 32, 1)
(33, 33, 1)
(33, 34, 1)
(33, 35, 1)
(33, 36, 1)
(33, 37, 1)
(33, 38, 1)
(33, 39, 1)

(34, 0, 33)
(34, 1, 33)
(34, 2, 21)
(34, 3, 13)
(34, 4, 8)
(34, 5, 7)
(34, 6, 7)
(34, 7, 6)
(34, 8, 6)
(34, 9, 3)
(34, 10, 3)
(34, 11, 2)
(34, 12, 2)
(34, 13, 2)
(34, 14, 2)
(34, 15, 2)
(34, 16, 1)
(34, 17, 1)
(34, 18, 1)
(34, 19, 1)
(34, 20, 1)
(34, 21, 1)
(34, 22, 1)
(34, 23, 1)
(34, 24, 1)
(34, 25, 1)
(34, 26, 1)
(34, 27, 1)
(34, 28, 1)
(34, 29, 1)
(34, 30, 1)
(34, 31, 1)
(34, 32, 1)
(34, 33, 1)
(34, 34, 1)
(34, 35, 1)
(34, 36, 1)
(34, 37, 1)
(34, 38, 1)
(34, 39, 1)

(35, 0, 33)
(35, 1, 33)
(35, 2, 21)
(35, 3, 13)
(35, 4, 8)
(35, 5, 7)
(35, 6, 7)
(35, 7, 6)
(35, 8, 6)
(35, 9, 3)
(35, 10, 3)
(35, 11, 2)
(35, 12, 2)
(35, 13, 2)
(35, 14, 2)
(35, 15, 2)
(35, 16, 1)
(35, 17, 1)
(35, 18, 1)
(35, 19, 1)
(35, 20, 1)
(35, 21, 1)
(35, 22, 1)
(35, 23, 1)
(35, 24, 1)
(35, 25, 1)
(35, 26, 1)
(35, 27, 1)
(35, 28, 1)
(35, 29, 1)
(35, 30, 1)
(35, 31, 1)
(35, 32, 1)
(35, 33, 1)
(35, 34, 1)
(35, 35, 1)
(35, 36, 1)
(35, 37, 1)
(35, 38, 1)
(35, 39, 1)

(36, 0, 34)
(36, 1, 34)
(36, 2, 22)
(36, 3, 14)
(36, 4, 9)
(36, 5, 7)
(36, 6, 6)
(36, 7, 6)
(36, 8, 6)
(36, 9, 3)
(36, 10, 3)
(36, 11, 2)
(36, 12, 2)
(36, 13, 2)
(36, 14, 2)
(36, 15, 2)
(36, 16, 1)
(36, 17, 1)
(36, 18, 1)
(36, 19, 1)
(36, 20, 1)
(36, 21, 1)
(36, 22, 1)
(36, 23, 1)
(36, 24, 1)
(36, 25, 1)
(36, 26, 1)
(36, 27, 1)
(36, 28, 1)
(36, 29, 1)
(36, 30, 1)
(36, 31, 1)
(36, 32, 1)
(36, 33, 1)
(36, 34, 1)
(36, 35, 1)
(36, 36, 1)
(36, 37, 1)
(36, 38, 1)
(36, 39, 1)

(37, 0, 34)
(37, 1, 34)
(37, 2, 22)
(37, 3, 14)
(37, 4, 9)
(37, 5, 7)
(37, 6, 6)
(37, 7, 6)
(37, 8, 6)
(37, 9, 3)
(37, 10, 3)
(37, 11, 2)
(37, 12, 2)
(37, 13, 2)
(37, 14, 2)
(37, 15, 2)
(37, 16, 1)
(37, 17, 1)
(37, 18, 1)
(37, 19, 1)
(37, 20, 1)
(37, 21, 1)
(37, 22, 1)
(37, 23, 1)
(37, 24, 1)
(37, 25, 1)
(37, 26, 1)
(37, 27, 1)
(37, 28, 1)
(37, 29, 1)
(37, 30, 1)
(37, 31, 1)
(37, 32, 1)
(37, 33, 1)
(37, 34, 1)
(37, 35, 1)
(37, 36, 1)
(37, 37, 1)
(37, 38, 1)
(37, 39, 1)

(38, 0, 34)
(38, 1, 34)
(38, 2, 22)
(38, 3, 14)
(38, 4, 9)
(38, 5, 7)
(38, 6, 6)
(38, 7, 6)
(38, 8, 6)
(38, 9, 3)
(38, 10, 3)
(38, 11, 2)
(38, 12, 2)
(38, 13, 2)
(38, 14, 2)
(38, 15, 2)
(38, 16, 1)
(38, 17, 1)
(38, 18, 1)
(38, 19, 1)
(38, 20, 1)
(38, 21, 1)
(38, 22, 1)
(38, 23, 1)
(38, 24, 1)
(38, 25, 1)
(38, 26, 1)
(38, 27, 1)
(38, 28, 1)
(38, 29, 1)
(38, 30, 1)
(38, 31, 1)
(38, 32, 1)
(38, 33, 1)
(38, 34, 1)
(38, 35, 1)
(38, 36, 1)
(38, 37, 1)
(38, 38, 1)
(38, 39, 1)

(39, 0, 35)
(39, 1, 35)
(39, 2, 22)
(39, 3, 14)
(39, 4, 8)
(39, 5, 7)
(39, 6, 6)
(39, 7, 6)
(39, 8, 6)
(39, 9, 3)
(39, 10, 3)
(39, 11, 2)
(39, 12, 2)
(39, 13, 2)
(39, 14, 2)
(39, 15, 1)
(39, 16, 1)
(39, 17, 1)
(39, 18, 1)
(39, 19, 1)
(39, 20, 1)
(39, 21, 1)
(39, 22, 1)
(39, 23, 1)
(39, 24, 1)
(39, 25, 1)
(39, 26, 1)
(39, 27, 1)
(39, 28, 1)
(39, 29, 1)
(39, 30, 1)
(39, 31, 1)
(39, 32, 1)
(39, 33, 1)
(39, 34, 1)
(39, 35, 1)
(39, 36, 1)
(39, 37, 1)
(39, 38, 1)
(39, 39, 1)


Betti numbers:
xi_0:
(0, 0, 2)
(2, 0, 1)
(4, 0, 1)
(5, 0, 1)
(8, 0, 4)
(11, 0, 1)
(12, 0, 3)
(13, 0, 3)
(14, 0, 5)
(15, 0, 2)
(17, 0, 2)
(19, 0, 1)
(23, 0, 1)
(24, 0, 2)
(25, 0, 1)
(26, 0, 1)
(28, 0, 2)
(31, 0, 1)
(36, 0, 1)
(39, 0, 1)
xi_1:
(0, 3, 1)
(2, 2, 1)
(4, 7, 1)
(5, 4, 1)
(5, 5, 1)
(8, 2, 2)
(8, 3, 1)
(8, 4, 1)
(8, 9, 1)
(11, 29, 1)
(12, 3, 1)
(12, 9, 1)
(12, 19, 1)
(12, 28, 1)
(13, 2, 1)
(13, 3, 1)
(13, 5, 1)
(13, 6, 1)
(14, 1, 1)
(14, 2, 1)
(14, 3, 1)
(14, 5, 1)
(14, 7, 1)
(14, 9, 1)
(14, 18, 1)
(15, 0, 1)
(15, 2, 1)
(15, 3, 1)
(15, 5, 1)
(15, 6, 1)
(15, 17, 1)
(17, 2, 2)
(17, 4, 1)
(18, 4, 1)
(19, 2, 1)
(19, 4, 1)
(19, 5, 1)
(23, 11, 1)
(23, 14, 1)
(23, 23, 1)
(24, 2, 1)
(24, 3, 1)
(24, 13, 1)
(24, 22, 1)
(25, 9, 2)
(25, 21, 1)
(26, 2, 1)
(28, 2, 1)
(28, 3, 1)
(31, 8, 1)
(31, 16, 1)
(33, 7, 1)
(36, 5, 1)
(36, 6, 1)
(39, 2, 1)
(39, 4, 1)
(39, 15, 1)
xi_2:
(5, 7, 1)
(8, 5, 1)
(12, 29, 1)
(13, 9, 1)
(14, 6, 1)
(14, 19, 1)
(15, 1, 1)
(15, 7, 1)
(15, 9, 1)
(15, 18, 1)
(17, 5, 1)
(18, 5, 1)
(19, 5, 1)
(19, 6, 1)
(23, 17, 1)
(23, 28, 1)
(24, 14, 1)
(24, 23, 1)
(25, 13, 1)
(25, 22, 1)
(31, 21, 1)
(33, 8, 1)
(36, 7, 1)
(39, 5, 1)
(39, 16, 1)
