x-grades
-13994483721046718119/2000000000000000000
-6818360754434176619/1000000000000000000
-13278959296689988357/2000000000000000000
-3230299271127905869/500000000000000000
-2512686974466651719/400000000000000000
-6102836330077446857/1000000000000000000
-11847910447976528833/2000000000000000000
-718134264737385247/125000000000000000
-11132386023619799071/2000000000000000000
-1077462381144143419/200000000000000000
-10416861599263069309/2000000000000000000
-2514774846771176107/500000000000000000
-9701337174906339547/2000000000000000000
-4671787481363987333/1000000000000000000
-1797162550109921957/400000000000000000
-1078506317296405613/250000000000000000
-8270288326192880023/2000000000000000000
-3956263057007257571/1000000000000000000
-7554763901836150261/2000000000000000000
-359850084482889269/100000000000000000
-6839239477479420499/2000000000000000000
-3240738632650527809/1000000000000000000
-6123715053122690737/2000000000000000000
-180186026279510183/62500000000000000
-216327625150638439/80000000000000000
-2525214208293798047/1000000000000000000
-4692666204409231213/2000000000000000000
-1083725998057716583/500000000000000000
-3977141780052501451/2000000000000000000
-361937956787413657/200000000000000000
-3261617355695771689/2000000000000000000
-362981892939675851/250000000000000000
-2546092931339041927/2000000000000000000
-1094165359580338523/1000000000000000000
-366113701396462433/400000000000000000
-368201573700986821/500000000000000000
-1115044082625582403/2000000000000000000
-378640935223608761/1000000000000000000
-399519658268852641/2000000000000000000
-521968076131097/25000000000000000

y-grades
9997433/4000000
9997433/2000000
29992299/4000000
9997433/1000000
9997433/800000
29992299/2000000
69982031/4000000
9997433/500000
89976897/4000000
9997433/400000
109971763/4000000
29992299/1000000
129966629/4000000
69982031/2000000
29992299/800000
9997433/250000
169956361/4000000
89976897/2000000
189951227/4000000
9997433/200000
209946093/4000000
109971763/2000000
229940959/4000000
29992299/500000
9997433/160000
129966629/2000000
269930691/4000000
69982031/1000000
289925557/4000000
29992299/400000
309920423/4000000
9997433/125000
329915289/4000000
169956361/2000000
69982031/800000
89976897/1000000
369905021/4000000
189951227/2000000
389899887/4000000
9997433/100000

Dimensions > 0:
(0, 0, 1)
(0, 1, 1)
(0, 2, 1)
(0, 3, 1)
(0, 4, 1)
(0, 5, 1)
(0, 6, 1)
(0, 7, 1)
(0, 8, 1)
(0, 9, 1)
(0, 10, 1)
(0, 11, 1)
(0, 12, 1)
(0, 13, 1)
(0, 14, 1)
(0, 15, 1)
(0, 16, 1)
(0, 17, 1)
(0, 18, 1)
(0, 19, 1)
(0, 20, 1)
(0, 21, 1)
(0, 22, 1)
(0, 23, 1)
(0, 24, 1)
(0, 25, 1)
(0, 26, 1)
(0, 27, 1)
(0, 28, 1)
(0, 29, 1)
(0, 30, 1)
(0, 31, 1)
(0, 32, 1)
(0, 33, 1)
(0, 34, 1)
(0, 35, 1)
(0, 36, 1)
(0, 37, 1)
(0, 38, 1)
(0, 39, 1)

(1, 0, 1)
(1, 1, 1)
(1, 2, 1)
(1, 3, 1)
(1, 4, 1)
(1, 5, 1)
(1, 6, 1)
(1, 7, 1)
(1, 8, 1)
(1, 9, 1)
(1, 10, 1)
(1, 11, 1)
(1, 12, 1)
(1, 13, 1)
(1, 14, 1)
(1, 15, 1)
(1, 16, 1)
(1, 17, 1)
(1, 18, 1)
(1, 19, 1)
(1, 20, 1)
(1, 21, 1)
(1, 22, 1)
(1, 23, 1)
(1, 24, 1)
(1, 25, 1)
(1, 26, 1)
(1, 27, 1)
(1, 28, 1)
(1, 29, 1)
(1, 30, 1)
(1, 31, 1)
(1, 32, 1)
(1, 33, 1)
(1, 34, 1)
(1, 35, 1)
(1, 36, 1)
(1, 37, 1)
(1, 38, 1)
(1, 39, 1)

(2, 0, 3)
(2, 1, 3)
(2, 2, 3)
(2, 3, 3)
(2, 4, 3)
(2, 5, 2)
(2, 6, 2)
(2, 7, 2)
(2, 8, 2)
(2, 9, 2)
(2, 10, 2)
(2, 11, 2)
(2, 12, 2)
(2, 13, 2)
(2, 14, 2)
(2, 15, 2)
(2, 16, 2)
(2, 17, 2)
(2, 18, 2)
(2, 19, 2)
(2, 20, 2)
(2, 21, 2)
(2, 22, 2)
(2, 23, 2)
(2, 24, 2)
(2, 25, 2)
(2, 26, 2)
(2, 27, 2)
(2, 28, 2)
(2, 29, 2)
(2, 30, 2)
(2, 31, 2)
(2, 32, 2)
(2, 33, 2)
(2, 34, 2)
(2, 35, 2)
(2, 36, 2)
(2, 37, 2)
(2, 38, 2)
(2, 39, 2)

(3, 0, 3)
(3, 1, 3)
(3, 2, 3)
(3, 3, 3)
(3, 4, 3)
(3, 5, 2)
(3, 6, 2)
(3, 7, 2)
(3, 8, 2)
(3, 9, 2)
(3, 10, 2)
(3, 11, 2)
(3, 12, 2)
(3, 13, 2)
(3, 14, 2)
(3, 15, 2)
(3, 16, 2)
(3, 17, 2)
(3, 18, 2)
(3, 19, 2)
(3, 20, 2)
(3, 21, 2)
(3, 22, 2)
(3, 23, 2)
(3, 24, 2)
(3, 25, 2)
(3, 26, 2)
(3, 27, 2)
(3, 28, 2)
(3, 29, 2)
(3, 30, 2)
(3, 31, 2)
(3, 32, 2)
(3, 33, 2)
(3, 34, 2)
(3, 35, 2)
(3, 36, 2)
(3, 37, 2)
(3, 38, 2)
(3, 39, 2)

(4, 0, 4)
(4, 1, 4)
(4, 2, 4)
(4, 3, 4)
(4, 4, 4)
(4, 5, 2)
(4, 6, 2)
(4, 7, 2)
(4, 8, 2)
(4, 9, 2)
(4, 10, 2)
(4, 11, 2)
(4, 12, 2)
(4, 13, 2)
(4, 14, 2)
(4, 15, 2)
(4, 16, 2)
(4, 17, 2)
(4, 18, 2)
(4, 19, 2)
(4, 20, 2)
(4, 21, 2)
(4, 22, 2)
(4, 23, 2)
(4, 24, 2)
(4, 25, 2)
(4, 26, 2)
(4, 27, 2)
(4, 28, 2)
(4, 29, 2)
(4, 30, 2)
(4, 31, 2)
(4, 32, 2)
(4, 33, 2)
(4, 34, 2)
(4, 35, 2)
(4, 36, 2)
(4, 37, 2)
(4, 38, 2)
(4, 39, 2)

(5, 0, 4)
(5, 1, 4)
(5, 2, 4)
(5, 3, 4)
(5, 4, 4)
(5, 5, 2)
(5, 6, 2)
(5, 7, 2)
(5, 8, 2)
(5, 9, 2)
(5, 10, 2)
(5, 11, 2)
(5, 12, 2)
(5, 13, 2)
(5, 14, 2)
(5, 15, 2)
(5, 16, 2)
(5, 17, 2)
(5, 18, 2)
(5, 19, 2)
(5, 20, 2)
(5, 21, 2)
(5, 22, 2)
(5, 23, 2)
(5, 24, 2)
(5, 25, 2)
(5, 26, 2)
(5, 27, 2)
(5, 28, 2)
(5, 29, 2)
(5, 30, 2)
(5, 31, 2)
(5, 32, 2)
(5, 33, 2)
(5, 34, 2)
(5, 35, 2)
(5, 36, 2)
(5, 37, 2)
(5, 38, 2)
(5, 39, 2)

(6, 0, 8)
(6, 1, 8)
(6, 2, 5)
(6, 3, 5)
(6, 4, 5)
(6, 5, 3)
(6, 6, 3)
(6, 7, 3)
(6, 8, 3)
(6, 9, 3)
(6, 10, 3)
(6, 11, 3)
(6, 12, 3)
(6, 13, 3)
(6, 14, 3)
(6, 15, 3)
(6, 16, 3)
(6, 17, 3)
(6, 18, 3)
(6, 19, 3)
(6, 20, 3)
(6, 21, 3)
(6, 22, 3)
(6, 23, 3)
(6, 24, 3)
(6, 25, 3)
(6, 26, 3)
(6, 27, 3)
(6, 28, 3)
(6, 29, 3)
(6, 30, 3)
(6, 31, 3)
(6, 32, 3)
(6, 33, 3)
(6, 34, 3)
(6, 35, 3)
(6, 36, 3)
(6, 37, 3)
(6, 38, 3)
(6, 39, 3)

(7, 0, 22)
(7, 1, 22)
(7, 2, 6)
(7, 3, 6)
(7, 4, 5)
(7, 5, 3)
(7, 6, 3)
(7, 7, 3)
(7, 8, 3)
(7, 9, 3)
(7, 10, 3)
(7, 11, 3)
(7, 12, 3)
(7, 13, 3)
(7, 14, 3)
(7, 15, 3)
(7, 16, 3)
(7, 17, 3)
(7, 18, 3)
(7, 19, 3)
(7, 20, 3)
(7, 21, 3)
(7, 22, 3)
(7, 23, 3)
(7, 24, 3)
(7, 25, 3)
(7, 26, 3)
(7, 27, 3)
(7, 28, 3)
(7, 29, 3)
(7, 30, 3)
(7, 31, 3)
(7, 32, 3)
(7, 33, 3)
(7, 34, 3)
(7, 35, 3)
(7, 36, 3)
(7, 37, 3)
(7, 38, 3)
(7, 39, 3)

(8, 0, 30)
(8, 1, 30)
(8, 2, 6)
(8, 3, 6)
(8, 4, 5)
(8, 5, 3)
(8, 6, 3)
(8, 7, 3)
(8, 8, 3)
(8, 9, 3)
(8, 10, 3)
(8, 11, 3)
(8, 12, 3)
(8, 13, 3)
(8, 14, 3)
(8, 15, 3)
(8, 16, 3)
(8, 17, 3)
(8, 18, 3)
(8, 19, 3)
(8, 20, 3)
(8, 21, 3)
(8, 22, 3)
(8, 23, 3)
(8, 24, 3)
(8, 25, 3)
(8, 26, 3)
(8, 27, 3)
(8, 28, 3)
(8, 29, 3)
(8, 30, 3)
(8, 31, 3)
(8, 32, 3)
(8, 33, 3)
(8, 34, 3)
(8, 35, 3)
(8, 36, 3)
(8, 37, 3)
(8, 38, 3)
(8, 39, 3)

(9, 0, 36)
(9, 1, 36)
(9, 2, 7)
(9, 3, 7)
(9, 4, 6)
(9, 5, 4)
(9, 6, 4)
(9, 7, 4)
(9, 8, 4)
(9, 9, 4)
(9, 10, 4)
(9, 11, 4)
(9, 12, 4)
(9, 13, 4)
(9, 14, 4)
(9, 15, 4)
(9, 16, 3)
(9, 17, 3)
(9, 18, 3)
(9, 19, 3)
(9, 20, 3)
(9, 21, 3)
(9, 22, 3)
(9, 23, 3)
(9, 24, 3)
(9, 25, 3)
(9, 26, 3)
(9, 27, 3)
(9, 28, 3)
(9, 29, 3)
(9, 30, 3)
(9, 31, 3)
(9, 32, 3)
(9, 33, 3)
(9, 34, 3)
(9, 35, 3)
(9, 36, 3)
(9, 37, 3)
(9, 38, 3)
(9, 39, 3)

(10, 0, 52)
(10, 1, 52)
(10, 2, 9)
(10, 3, 9)
(10, 4, 7)
(10, 5, 5)
(10, 6, 5)
(10, 7, 5)
(10, 8, 5)
(10, 9, 5)
(10, 10, 5)
(10, 11, 5)
(10, 12, 5)
(10, 13, 5)
(10, 14, 5)
(10, 15, 5)
(10, 16, 4)
(10, 17, 4)
(10, 18, 4)
(10, 19, 4)
(10, 20, 4)
(10, 21, 4)
(10, 22, 4)
(10, 23, 4)
(10, 24, 4)
(10, 25, 4)
(10, 26, 4)
(10, 27, 4)
(10, 28, 4)
(10, 29, 4)
(10, 30, 4)
(10, 31, 4)
(10, 32, 4)
(10, 33, 4)
(10, 34, 4)
(10, 35, 4)
(10, 36, 4)
(10, 37, 4)
(10, 38, 4)
(10, 39, 4)

(11, 0, 64)
(11, 1, 64)
(11, 2, 10)
(11, 3, 10)
(11, 4, 8)
(11, 5, 5)
(11, 6, 5)
(11, 7, 5)
(11, 8, 5)
(11, 9, 5)
(11, 10, 5)
(11, 11, 5)
(11, 12, 5)
(11, 13, 5)
(11, 14, 5)
(11, 15, 5)
(11, 16, 4)
(11, 17, 4)
(11, 18, 4)
(11, 19, 4)
(11, 20, 4)
(11, 21, 4)
(11, 22, 4)
(11, 23, 4)
(11, 24, 4)
(11, 25, 4)
(11, 26, 4)
(11, 27, 4)
(11, 28, 4)
(11, 29, 4)
(11, 30, 4)
(11, 31, 4)
(11, 32, 4)
(11, 33, 4)
(11, 34, 4)
(11, 35, 4)
(11, 36, 4)
(11, 37, 4)
(11, 38, 4)
(11, 39, 4)

(12, 0, 72)
(12, 1, 72)
(12, 2, 10)
(12, 3, 10)
(12, 4, 8)
(12, 5, 5)
(12, 6, 5)
(12, 7, 5)
(12, 8, 5)
(12, 9, 5)
(12, 10, 5)
(12, 11, 5)
(12, 12, 5)
(12, 13, 5)
(12, 14, 5)
(12, 15, 5)
(12, 16, 4)
(12, 17, 4)
(12, 18, 4)
(12, 19, 4)
(12, 20, 4)
(12, 21, 4)
(12, 22, 4)
(12, 23, 4)
(12, 24, 4)
(12, 25, 4)
(12, 26, 4)
(12, 27, 4)
(12, 28, 4)
(12, 29, 4)
(12, 30, 4)
(12, 31, 4)
(12, 32, 4)
(12, 33, 4)
(12, 34, 4)
(12, 35, 4)
(12, 36, 4)
(12, 37, 4)
(12, 38, 4)
(12, 39, 4)

(13, 0, 87)
(13, 1, 79)
(13, 2, 11)
(13, 3, 11)
(13, 4, 9)
(13, 5, 6)
(13, 6, 6)
(13, 7, 6)
(13, 8, 6)
(13, 9, 6)
(13, 10, 6)
(13, 11, 6)
(13, 12, 6)
(13, 13, 6)
(13, 14, 6)
(13, 15, 6)
(13, 16, 5)
(13, 17, 4)
(13, 18, 4)
(13, 19, 4)
(13, 20, 4)
(13, 21, 4)
(13, 22, 4)
(13, 23, 4)
(13, 24, 4)
(13, 25, 4)
(13, 26, 4)
(13, 27, 4)
(13, 28, 4)
(13, 29, 4)
(13, 30, 4)
(13, 31, 4)
(13, 32, 4)
(13, 33, 4)
(13, 34, 4)
(13, 35, 4)
(13, 36, 4)
(13, 37, 4)
(13, 38, 4)
(13, 39, 4)

(14, 0, 109)
(14, 1, 82)
(14, 2, 11)
(14, 3, 11)
(14, 4, 9)
(14, 5, 6)
(14, 6, 6)
(14, 7, 6)
(14, 8, 6)
(14, 9, 6)
(14, 10, 6)
(14, 11, 6)
(14, 12, 6)
(14, 13, 6)
(14, 14, 6)
(14, 15, 6)
(14, 16, 5)
(14, 17, 4)
(14, 18, 4)
(14, 19, 4)
(14, 20, 4)
(14, 21, 4)
(14, 22, 4)
(14, 23, 4)
(14, 24, 4)
(14, 25, 4)
(14, 26, 4)
(14, 27, 4)
(14, 28, 4)
(14, 29, 4)
(14, 30, 4)
(14, 31, 4)
(14, 32, 4)
(14, 33, 4)
(14, 34, 4)
(14, 35, 4)
(14, 36, 4)
(14, 37, 4)
(14, 38, 4)
(14, 39, 4)

(15, 0, 113)
(15, 1, 84)
(15, 2, 11)
(15, 3, 11)
(15, 4, 9)
(15, 5, 6)
(15, 6, 6)
(15, 7, 6)
(15, 8, 6)
(15, 9, 6)
(15, 10, 6)
(15, 11, 6)
(15, 12, 6)
(15, 13, 6)
(15, 14, 6)
(15, 15, 6)
(15, 16, 5)
(15, 17, 4)
(15, 18, 4)
(15, 19, 4)
(15, 20, 4)
(15, 21, 4)
(15, 22, 4)
(15, 23, 4)
(15, 24, 4)
(15, 25, 4)
(15, 26, 4)
(15, 27, 4)
(15, 28, 4)
(15, 29, 4)
(15, 30, 4)
(15, 31, 4)
(15, 32, 4)
(15, 33, 4)
(15, 34, 4)
(15, 35, 4)
(15, 36, 4)
(15, 37, 4)
(15, 38, 4)
(15, 39, 4)

(16, 0, 119)
(16, 1, 86)
(16, 2, 11)
(16, 3, 11)
(16, 4, 9)
(16, 5, 6)
(16, 6, 6)
(16, 7, 6)
(16, 8, 6)
(16, 9, 6)
(16, 10, 6)
(16, 11, 6)
(16, 12, 6)
(16, 13, 6)
(16, 14, 6)
(16, 15, 6)
(16, 16, 5)
(16, 17, 4)
(16, 18, 4)
(16, 19, 4)
(16, 20, 4)
(16, 21, 4)
(16, 22, 4)
(16, 23, 4)
(16, 24, 4)
(16, 25, 4)
(16, 26, 4)
(16, 27, 4)
(16, 28, 4)
(16, 29, 4)
(16, 30, 4)
(16, 31, 4)
(16, 32, 4)
(16, 33, 4)
(16, 34, 4)
(16, 35, 4)
(16, 36, 4)
(16, 37, 4)
(16, 38, 4)
(16, 39, 4)

(17, 0, 125)
(17, 1, 89)
(17, 2, 11)
(17, 3, 11)
(17, 4, 9)
(17, 5, 6)
(17, 6, 6)
(17, 7, 6)
(17, 8, 6)
(17, 9, 6)
(17, 10, 6)
(17, 11, 6)
(17, 12, 6)
(17, 13, 6)
(17, 14, 6)
(17, 15, 6)
(17, 16, 5)
(17, 17, 4)
(17, 18, 4)
(17, 19, 4)
(17, 20, 4)
(17, 21, 4)
(17, 22, 4)
(17, 23, 4)
(17, 24, 4)
(17, 25, 4)
(17, 26, 4)
(17, 27, 4)
(17, 28, 4)
(17, 29, 4)
(17, 30, 4)
(17, 31, 4)
(17, 32, 4)
(17, 33, 4)
(17, 34, 4)
(17, 35, 4)
(17, 36, 4)
(17, 37, 4)
(17, 38, 4)
(17, 39, 4)

(18, 0, 135)
(18, 1, 96)
(18, 2, 16)
(18, 3, 16)
(18, 4, 12)
(18, 5, 9)
(18, 6, 9)
(18, 7, 9)
(18, 8, 9)
(18, 9, 8)
(18, 10, 8)
(18, 11, 8)
(18, 12, 8)
(18, 13, 8)
(18, 14, 8)
(18, 15, 8)
(18, 16, 7)
(18, 17, 6)
(18, 18, 6)
(18, 19, 6)
(18, 20, 6)
(18, 21, 6)
(18, 22, 6)
(18, 23, 6)
(18, 24, 6)
(18, 25, 6)
(18, 26, 6)
(18, 27, 5)
(18, 28, 5)
(18, 29, 5)
(18, 30, 4)
(18, 31, 4)
(18, 32, 4)
(18, 33, 4)
(18, 34, 4)
(18, 35, 4)
(18, 36, 4)
(18, 37, 4)
(18, 38, 4)
(18, 39, 4)

(19, 0, 142)
(19, 1, 100)
(19, 2, 18)
(19, 3, 18)
(19, 4, 13)
(19, 5, 10)
(19, 6, 10)
(19, 7, 10)
(19, 8, 10)
(19, 9, 9)
(19, 10, 9)
(19, 11, 9)
(19, 12, 9)
(19, 13, 9)
(19, 14, 9)
(19, 15, 9)
(19, 16, 8)
(19, 17, 7)
(19, 18, 7)
(19, 19, 7)
(19, 20, 7)
(19, 21, 7)
(19, 22, 7)
(19, 23, 7)
(19, 24, 7)
(19, 25, 7)
(19, 26, 7)
(19, 27, 6)
(19, 28, 6)
(19, 29, 6)
(19, 30, 5)
(19, 31, 5)
(19, 32, 4)
(19, 33, 4)
(19, 34, 4)
(19, 35, 4)
(19, 36, 4)
(19, 37, 4)
(19, 38, 4)
(19, 39, 4)

(20, 0, 144)
(20, 1, 101)
(20, 2, 18)
(20, 3, 18)
(20, 4, 13)
(20, 5, 10)
(20, 6, 10)
(20, 7, 10)
(20, 8, 10)
(20, 9, 9)
(20, 10, 9)
(20, 11, 9)
(20, 12, 9)
(20, 13, 9)
(20, 14, 9)
(20, 15, 9)
(20, 16, 8)
(20, 17, 7)
(20, 18, 7)
(20, 19, 7)
(20, 20, 7)
(20, 21, 7)
(20, 22, 7)
(20, 23, 7)
(20, 24, 7)
(20, 25, 7)
(20, 26, 7)
(20, 27, 6)
(20, 28, 6)
(20, 29, 6)
(20, 30, 5)
(20, 31, 5)
(20, 32, 4)
(20, 33, 4)
(20, 34, 4)
(20, 35, 4)
(20, 36, 4)
(20, 37, 4)
(20, 38, 4)
(20, 39, 4)

(21, 0, 145)
(21, 1, 102)
(21, 2, 19)
(21, 3, 19)
(21, 4, 13)
(21, 5, 10)
(21, 6, 10)
(21, 7, 10)
(21, 8, 10)
(21, 9, 9)
(21, 10, 9)
(21, 11, 9)
(21, 12, 9)
(21, 13, 9)
(21, 14, 9)
(21, 15, 9)
(21, 16, 8)
(21, 17, 7)
(21, 18, 7)
(21, 19, 7)
(21, 20, 7)
(21, 21, 7)
(21, 22, 7)
(21, 23, 7)
(21, 24, 7)
(21, 25, 7)
(21, 26, 7)
(21, 27, 6)
(21, 28, 6)
(21, 29, 6)
(21, 30, 5)
(21, 31, 5)
(21, 32, 4)
(21, 33, 4)
(21, 34, 4)
(21, 35, 4)
(21, 36, 4)
(21, 37, 4)
(21, 38, 4)
(21, 39, 4)

(22, 0, 145)
(22, 1, 102)
(22, 2, 19)
(22, 3, 19)
(22, 4, 13)
(22, 5, 10)
(22, 6, 10)
(22, 7, 10)
(22, 8, 10)
(22, 9, 9)
(22, 10, 9)
(22, 11, 9)
(22, 12, 9)
(22, 13, 9)
(22, 14, 9)
(22, 15, 9)
(22, 16, 8)
(22, 17, 7)
(22, 18, 7)
(22, 19, 7)
(22, 20, 7)
(22, 21, 7)
(22, 22, 7)
(22, 23, 7)
(22, 24, 7)
(22, 25, 7)
(22, 26, 7)
(22, 27, 6)
(22, 28, 6)
(22, 29, 6)
(22, 30, 5)
(22, 31, 5)
(22, 32, 4)
(22, 33, 4)
(22, 34, 4)
(22, 35, 4)
(22, 36, 4)
(22, 37, 4)
(22, 38, 4)
(22, 39, 4)

(23, 0, 149)
(23, 1, 105)
(23, 2, 22)
(23, 3, 22)
(23, 4, 16)
(23, 5, 13)
(23, 6, 13)
(23, 7, 13)
(23, 8, 13)
(23, 9, 11)
(23, 10, 11)
(23, 11, 11)
(23, 12, 11)
(23, 13, 9)
(23, 14, 9)
(23, 15, 9)
(23, 16, 8)
(23, 17, 7)
(23, 18, 6)
(23, 19, 6)
(23, 20, 6)
(23, 21, 6)
(23, 22, 6)
(23, 23, 6)
(23, 24, 6)
(23, 25, 6)
(23, 26, 6)
(23, 27, 5)
(23, 28, 4)
(23, 29, 4)
(23, 30, 4)
(23, 31, 4)
(23, 32, 4)
(23, 33, 4)
(23, 34, 4)
(23, 35, 4)
(23, 36, 4)
(23, 37, 4)
(23, 38, 4)
(23, 39, 4)

(24, 0, 157)
(24, 1, 112)
(24, 2, 28)
(24, 3, 28)
(24, 4, 20)
(24, 5, 17)
(24, 6, 17)
(24, 7, 17)
(24, 8, 17)
(24, 9, 14)
(24, 10, 14)
(24, 11, 14)
(24, 12, 14)
(24, 13, 12)
(24, 14, 12)
(24, 15, 11)
(24, 16, 10)
(24, 17, 5)
(24, 18, 5)
(24, 19, 5)
(24, 20, 5)
(24, 21, 5)
(24, 22, 5)
(24, 23, 5)
(24, 24, 5)
(24, 25, 5)
(24, 26, 5)
(24, 27, 4)
(24, 28, 3)
(24, 29, 3)
(24, 30, 3)
(24, 31, 3)
(24, 32, 3)
(24, 33, 3)
(24, 34, 3)
(24, 35, 3)
(24, 36, 3)
(24, 37, 3)
(24, 38, 3)
(24, 39, 3)

(25, 0, 161)
(25, 1, 113)
(25, 2, 29)
(25, 3, 29)
(25, 4, 21)
(25, 5, 18)
(25, 6, 18)
(25, 7, 18)
(25, 8, 18)
(25, 9, 15)
(25, 10, 15)
(25, 11, 15)
(25, 12, 15)
(25, 13, 13)
(25, 14, 13)
(25, 15, 11)
(25, 16, 10)
(25, 17, 5)
(25, 18, 5)
(25, 19, 5)
(25, 20, 5)
(25, 21, 5)
(25, 22, 5)
(25, 23, 5)
(25, 24, 5)
(25, 25, 5)
(25, 26, 5)
(25, 27, 4)
(25, 28, 3)
(25, 29, 3)
(25, 30, 3)
(25, 31, 3)
(25, 32, 3)
(25, 33, 3)
(25, 34, 3)
(25, 35, 3)
(25, 36, 3)
(25, 37, 3)
(25, 38, 3)
(25, 39, 3)

(26, 0, 170)
(26, 1, 122)
(26, 2, 36)
(26, 3, 34)
(26, 4, 24)
(26, 5, 21)
(26, 6, 17)
(26, 7, 17)
(26, 8, 17)
(26, 9, 16)
(26, 10, 16)
(26, 11, 14)
(26, 12, 14)
(26, 13, 12)
(26, 14, 12)
(26, 15, 12)
(26, 16, 11)
(26, 17, 5)
(26, 18, 5)
(26, 19, 5)
(26, 20, 5)
(26, 21, 5)
(26, 22, 5)
(26, 23, 5)
(26, 24, 5)
(26, 25, 5)
(26, 26, 5)
(26, 27, 4)
(26, 28, 3)
(26, 29, 3)
(26, 30, 3)
(26, 31, 3)
(26, 32, 3)
(26, 33, 3)
(26, 34, 3)
(26, 35, 3)
(26, 36, 3)
(26, 37, 3)
(26, 38, 3)
(26, 39, 3)

(27, 0, 172)
(27, 1, 124)
(27, 2, 38)
(27, 3, 36)
(27, 4, 24)
(27, 5, 21)
(27, 6, 17)
(27, 7, 17)
(27, 8, 17)
(27, 9, 16)
(27, 10, 16)
(27, 11, 14)
(27, 12, 14)
(27, 13, 12)
(27, 14, 12)
(27, 15, 12)
(27, 16, 11)
(27, 17, 5)
(27, 18, 5)
(27, 19, 5)
(27, 20, 5)
(27, 21, 5)
(27, 22, 5)
(27, 23, 5)
(27, 24, 5)
(27, 25, 5)
(27, 26, 5)
(27, 27, 4)
(27, 28, 3)
(27, 29, 3)
(27, 30, 3)
(27, 31, 3)
(27, 32, 3)
(27, 33, 3)
(27, 34, 3)
(27, 35, 3)
(27, 36, 3)
(27, 37, 3)
(27, 38, 3)
(27, 39, 3)

(28, 0, 172)
(28, 1, 124)
(28, 2, 38)
(28, 3, 36)
(28, 4, 24)
(28, 5, 21)
(28, 6, 17)
(28, 7, 17)
(28, 8, 17)
(28, 9, 16)
(28, 10, 16)
(28, 11, 14)
(28, 12, 14)
(28, 13, 12)
(28, 14, 12)
(28, 15, 12)
(28, 16, 11)
(28, 17, 5)
(28, 18, 5)
(28, 19, 5)
(28, 20, 5)
(28, 21, 5)
(28, 22, 5)
(28, 23, 5)
(28, 24, 5)
(28, 25, 5)
(28, 26, 5)
(28, 27, 4)
(28, 28, 3)
(28, 29, 3)
(28, 30, 3)
(28, 31, 3)
(28, 32, 3)
(28, 33, 3)
(28, 34, 3)
(28, 35, 3)
(28, 36, 3)
(28, 37, 3)
(28, 38, 3)
(28, 39, 3)

(29, 0, 174)
(29, 1, 126)
(29, 2, 40)
(29, 3, 38)
(29, 4, 25)
(29, 5, 22)
(29, 6, 18)
(29, 7, 17)
(29, 8, 17)
(29, 9, 16)
(29, 10, 16)
(29, 11, 14)
(29, 12, 14)
(29, 13, 12)
(29, 14, 12)
(29, 15, 12)
(29, 16, 11)
(29, 17, 5)
(29, 18, 5)
(29, 19, 5)
(29, 20, 5)
(29, 21, 5)
(29, 22, 5)
(29, 23, 5)
(29, 24, 5)
(29, 25, 5)
(29, 26, 5)
(29, 27, 4)
(29, 28, 3)
(29, 29, 3)
(29, 30, 3)
(29, 31, 3)
(29, 32, 3)
(29, 33, 3)
(29, 34, 3)
(29, 35, 3)
(29, 36, 3)
(29, 37, 3)
(29, 38, 3)
(29, 39, 3)

(30, 0, 174)
(30, 1, 126)
(30, 2, 40)
(30, 3, 38)
(30, 4, 25)
(30, 5, 22)
(30, 6, 18)
(30, 7, 17)
(30, 8, 17)
(30, 9, 16)
(30, 10, 16)
(30, 11, 14)
(30, 12, 14)
(30, 13, 12)
(30, 14, 12)
(30, 15, 12)
(30, 16, 11)
(30, 17, 5)
(30, 18, 5)
(30, 19, 5)
(30, 20, 5)
(30, 21, 5)
(30, 22, 5)
(30, 23, 5)
(30, 24, 5)
(30, 25, 5)
(30, 26, 5)
(30, 27, 4)
(30, 28, 3)
(30, 29, 3)
(30, 30, 3)
(30, 31, 3)
(30, 32, 3)
(30, 33, 3)
(30, 34, 3)
(30, 35, 3)
(30, 36, 3)
(30, 37, 3)
(30, 38, 3)
(30, 39, 3)

(31, 0, 174)
(31, 1, 126)
(31, 2, 40)
(31, 3, 38)
(31, 4, 25)
(31, 5, 22)
(31, 6, 18)
(31, 7, 17)
(31, 8, 17)
(31, 9, 16)
(31, 10, 16)
(31, 11, 14)
(31, 12, 14)
(31, 13, 12)
(31, 14, 12)
(31, 15, 12)
(31, 16, 11)
(31, 17, 5)
(31, 18, 5)
(31, 19, 5)
(31, 20, 5)
(31, 21, 5)
(31, 22, 5)
(31, 23, 5)
(31, 24, 5)
(31, 25, 5)
(31, 26, 5)
(31, 27, 4)
(31, 28, 3)
(31, 29, 3)
(31, 30, 3)
(31, 31, 3)
(31, 32, 3)
(31, 33, 3)
(31, 34, 3)
(31, 35, 3)
(31, 36, 3)
(31, 37, 3)
(31, 38, 3)
(31, 39, 3)

(32, 0, 174)
(32, 1, 126)
(32, 2, 40)
(32, 3, 38)
(32, 4, 25)
(32, 5, 22)
(32, 6, 18)
(32, 7, 17)
(32, 8, 17)
(32, 9, 16)
(32, 10, 16)
(32, 11, 14)
(32, 12, 14)
(32, 13, 12)
(32, 14, 12)
(32, 15, 12)
(32, 16, 11)
(32, 17, 5)
(32, 18, 5)
(32, 19, 5)
(32, 20, 5)
(32, 21, 5)
(32, 22, 5)
(32, 23, 5)
(32, 24, 5)
(32, 25, 5)
(32, 26, 5)
(32, 27, 4)
(32, 28, 3)
(32, 29, 3)
(32, 30, 3)
(32, 31, 3)
(32, 32, 3)
(32, 33, 3)
(32, 34, 3)
(32, 35, 3)
(32, 36, 3)
(32, 37, 3)
(32, 38, 3)
(32, 39, 3)

(33, 0, 174)
(33, 1, 126)
(33, 2, 40)
(33, 3, 38)
(33, 4, 25)
(33, 5, 22)
(33, 6, 18)
(33, 7, 17)
(33, 8, 17)
(33, 9, 16)
(33, 10, 16)
(33, 11, 14)
(33, 12, 14)
(33, 13, 12)
(33, 14, 12)
(33, 15, 12)
(33, 16, 11)
(33, 17, 5)
(33, 18, 5)
(33, 19, 5)
(33, 20, 5)
(33, 21, 5)
(33, 22, 5)
(33, 23, 5)
(33, 24, 5)
(33, 25, 5)
(33, 26, 5)
(33, 27, 4)
(33, 28, 3)
(33, 29, 3)
(33, 30, 3)
(33, 31, 3)
(33, 32, 3)
(33, 33, 3)
(33, 34, 3)
(33, 35, 3)
(33, 36, 3)
(33, 37, 3)
(33, 38, 3)
(33, 39, 3)

(34, 0, 174)
(34, 1, 126)
(34, 2, 40)
(34, 3, 38)
(34, 4, 25)
(34, 5, 22)
(34, 6, 18)
(34, 7, 17)
(34, 8, 17)
(34, 9, 16)
(34, 10, 16)
(34, 11, 14)
(34, 12, 14)
(34, 13, 12)
(34, 14, 12)
(34, 15, 12)
(34, 16, 11)
(34, 17, 5)
(34, 18, 5)
(34, 19, 5)
(34, 20, 5)
(34, 21, 5)
(34, 22, 5)
(34, 23, 5)
(34, 24, 5)
(34, 25, 5)
(34, 26, 5)
(34, 27, 4)
(34, 28, 3)
(34, 29, 3)
(34, 30, 3)
(34, 31, 3)
(34, 32, 3)
(34, 33, 3)
(34, 34, 3)
(34, 35, 3)
(34, 36, 3)
(34, 37, 3)
(34, 38, 3)
(34, 39, 3)

(35, 0, 178)
(35, 1, 129)
(35, 2, 43)
(35, 3, 41)
(35, 4, 28)
(35, 5, 25)
(35, 6, 21)
(35, 7, 19)
(35, 8, 19)
(35, 9, 17)
(35, 10, 17)
(35, 11, 15)
(35, 12, 15)
(35, 13, 13)
(35, 14, 13)
(35, 15, 12)
(35, 16, 11)
(35, 17, 5)
(35, 18, 5)
(35, 19, 5)
(35, 20, 5)
(35, 21, 5)
(35, 22, 5)
(35, 23, 5)
(35, 24, 5)
(35, 25, 5)
(35, 26, 5)
(35, 27, 4)
(35, 28, 3)
(35, 29, 3)
(35, 30, 3)
(35, 31, 3)
(35, 32, 3)
(35, 33, 3)
(35, 34, 3)
(35, 35, 3)
(35, 36, 3)
(35, 37, 3)
(35, 38, 3)
(35, 39, 3)

(36, 0, 182)
(36, 1, 131)
(36, 2, 45)
(36, 3, 43)
(36, 4, 28)
(36, 5, 25)
(36, 6, 21)
(36, 7, 18)
(36, 8, 18)
(36, 9, 17)
(36, 10, 17)
(36, 11, 15)
(36, 12, 15)
(36, 13, 13)
(36, 14, 13)
(36, 15, 12)
(36, 16, 11)
(36, 17, 5)
(36, 18, 5)
(36, 19, 5)
(36, 20, 5)
(36, 21, 5)
(36, 22, 5)
(36, 23, 5)
(36, 24, 5)
(36, 25, 5)
(36, 26, 5)
(36, 27, 4)
(36, 28, 3)
(36, 29, 3)
(36, 30, 3)
(36, 31, 3)
(36, 32, 3)
(36, 33, 3)
(36, 34, 3)
(36, 35, 3)
(36, 36, 3)
(36, 37, 3)
(36, 38, 3)
(36, 39, 3)

(37, 0, 183)
(37, 1, 132)
(37, 2, 46)
(37, 3, 43)
(37, 4, 27)
(37, 5, 24)
(37, 6, 20)
(37, 7, 18)
(37, 8, 18)
(37, 9, 17)
(37, 10, 17)
(37, 11, 15)
(37, 12, 15)
(37, 13, 13)
(37, 14, 13)
(37, 15, 12)
(37, 16, 11)
(37, 17, 5)
(37, 18, 5)
(37, 19, 5)
(37, 20, 5)
(37, 21, 5)
(37, 22, 5)
(37, 23, 5)
(37, 24, 5)
(37, 25, 5)
(37, 26, 5)
(37, 27, 4)
(37, 28, 3)
(37, 29, 3)
(37, 30, 3)
(37, 31, 3)
(37, 32, 3)
(37, 33, 3)
(37, 34, 3)
(37, 35, 3)
(37, 36, 3)
(37, 37, 3)
(37, 38, 3)
(37, 39, 3)

(38, 0, 185)
(38, 1, 134)
(38, 2, 48)
(38, 3, 45)
(38, 4, 27)
(38, 5, 24)
(38, 6, 20)
(38, 7, 18)
(38, 8, 18)
(38, 9, 17)
(38, 10, 17)
(38, 11, 15)
(38, 12, 15)
(38, 13, 13)
(38, 14, 13)
(38, 15, 12)
(38, 16, 11)
(38, 17, 5)
(38, 18, 5)
(38, 19, 5)
(38, 20, 5)
(38, 21, 5)
(38, 22, 5)
(38, 23, 5)
(38, 24, 5)
(38, 25, 5)
(38, 26, 5)
(38, 27, 4)
(38, 28, 3)
(38, 29, 3)
(38, 30, 3)
(38, 31, 3)
(38, 32, 3)
(38, 33, 3)
(38, 34, 3)
(38, 35, 3)
(38, 36, 3)
(38, 37, 3)
(38, 38, 3)
(38, 39, 3)

(39, 0, 186)
(39, 1, 134)
(39, 2, 48)
(39, 3, 44)
(39, 4, 27)
(39, 5, 24)
(39, 6, 20)
(39, 7, 18)
(39, 8, 18)
(39, 9, 17)
(39, 10, 17)
(39, 11, 15)
(39, 12, 15)
(39, 13, 13)
(39, 14, 13)
(39, 15, 12)
(39, 16, 11)
(39, 17, 5)
(39, 18, 5)
(39, 19, 5)
(39, 20, 5)
(39, 21, 5)
(39, 22, 5)
(39, 23, 5)
(39, 24, 5)
(39, 25, 5)
(39, 26, 5)
(39, 27, 4)
(39, 28, 3)
(39, 29, 3)
(39, 30, 3)
(39, 31, 3)
(39, 32, 3)
(39, 33, 3)
(39, 34, 3)
(39, 35, 3)
(39, 36, 3)
(39, 37, 3)
(39, 38, 3)
(39, 39, 3)


Betti numbers:
xi_0:
(0, 0, 1)
(2, 0, 2)
(4, 0, 1)
(6, 0, 4)
(7, 0, 14)
(8, 0, 8)
(9, 0, 6)
(10, 0, 16)
(11, 0, 12)
(12, 0, 8)
(13, 0, 15)
(14, 0, 22)
(15, 0, 4)
(16, 0, 6)
(17, 0, 6)
(18, 0, 10)
(19, 0, 7)
(20, 0, 2)
(21, 0, 1)
(23, 0, 4)
(24, 0, 8)
(25, 0, 4)
(26, 0, 9)
(27, 0, 2)
(29, 0, 2)
(35, 0, 4)
(36, 0, 4)
(37, 0, 1)
(38, 0, 2)
(39, 0, 1)
xi_1:
(2, 5, 1)
(4, 5, 1)
(6, 2, 3)
(7, 2, 13)
(7, 4, 1)
(8, 2, 8)
(9, 2, 5)
(9, 16, 1)
(10, 2, 14)
(10, 4, 1)
(11, 2, 11)
(11, 5, 1)
(12, 2, 8)
(13, 1, 8)
(13, 2, 6)
(13, 17, 1)
(14, 1, 19)
(14, 2, 4)
(15, 1, 2)
(15, 2, 2)
(16, 1, 4)
(16, 2, 2)
(17, 1, 3)
(17, 2, 3)
(18, 1, 3)
(18, 2, 2)
(18, 4, 2)
(18, 9, 1)
(18, 27, 1)
(18, 30, 1)
(19, 1, 3)
(19, 2, 2)
(19, 4, 1)
(19, 32, 1)
(20, 1, 1)
(20, 2, 1)
(21, 4, 1)
(23, 1, 1)
(23, 9, 1)
(23, 13, 2)
(23, 18, 1)
(23, 28, 1)
(24, 1, 1)
(24, 2, 1)
(24, 4, 2)
(24, 9, 1)
(24, 15, 1)
(24, 17, 4)
(25, 1, 3)
(25, 15, 1)
(26, 2, 2)
(26, 3, 2)
(26, 4, 2)
(26, 6, 4)
(26, 11, 2)
(26, 17, 1)
(27, 4, 2)
(29, 4, 1)
(29, 7, 1)
(35, 1, 1)
(35, 7, 1)
(35, 9, 1)
(35, 15, 1)
(36, 1, 2)
(36, 4, 2)
(36, 7, 1)
(37, 3, 1)
(37, 4, 1)
(38, 4, 2)
(39, 1, 1)
(39, 3, 1)
xi_2:
(14, 2, 1)
(23, 30, 1)
(23, 32, 1)
(24, 18, 1)
(26, 9, 2)
(26, 15, 2)
(36, 9, 1)
(37, 7, 1)
(39, 4, 1)
