x-grades
-846879034874445959/100000000000000000
-414836009532425809/50000000000000000
-812465003255257277/100000000000000000
-99407248430707867/12500000000000000
-155610194327213719/20000000000000000
-380421977913237127/50000000000000000
-743636940016879913/100000000000000000
-181607481051821393/25000000000000000
-709222908397691231/100000000000000000
-69201589258809689/10000000000000000
-674808876778502549/100000000000000000
-41100116310556763/6250000000000000
-640394845159313867/100000000000000000
-311593914674859763/50000000000000000
-121196162708025037/20000000000000000
-147193449432632711/25000000000000000
-571566781920936503/100000000000000000
-277179883055671081/50000000000000000
-537152750301747821/100000000000000000
-12998643362303837/2500000000000000
-502738718682559139/100000000000000000
-242765851436482399/50000000000000000
-468324687063370457/100000000000000000
-112779417813444029/25000000000000000
-17356426217767271/4000000000000000
-208351819817293717/50000000000000000
-399496623824993093/100000000000000000
-11946550250481211/3125000000000000
-365082592205804411/100000000000000000
-34787557639621007/10000000000000000
-330668560586615729/100000000000000000
-78365386194255347/25000000000000000
-296254528967427047/100000000000000000
-139523756578916353/50000000000000000
-52368099469647673/20000000000000000
-30579185192330503/12500000000000000
-227426465729049683/100000000000000000
-105109724959727671/50000000000000000
-193012434109861001/100000000000000000
-8790270915013333/5000000000000000

y-grades
5/2
5
15/2
10
25/2
15
35/2
20
45/2
25
55/2
30
65/2
35
75/2
40
85/2
45
95/2
50
105/2
55
115/2
60
125/2
65
135/2
70
145/2
75
155/2
80
165/2
85
175/2
90
185/2
95
195/2
100

Dimensions > 0:
(0, 0, 3)
(0, 1, 1)
(0, 2, 1)
(0, 3, 1)
(0, 4, 1)
(0, 5, 1)
(0, 6, 1)
(0, 7, 1)
(0, 8, 1)
(0, 9, 1)
(0, 10, 1)
(0, 11, 1)
(0, 12, 1)
(0, 13, 1)
(0, 14, 1)
(0, 15, 1)
(0, 16, 1)
(0, 17, 1)
(0, 18, 1)
(0, 19, 1)
(0, 20, 1)
(0, 21, 1)
(0, 22, 1)
(0, 23, 1)
(0, 24, 1)
(0, 25, 1)
(0, 26, 1)
(0, 27, 1)
(0, 28, 1)
(0, 29, 1)
(0, 30, 1)
(0, 31, 1)
(0, 32, 1)
(0, 33, 1)
(0, 34, 1)
(0, 35, 1)
(0, 36, 1)
(0, 37, 1)
(0, 38, 1)
(0, 39, 1)

(1, 0, 6)
(1, 1, 2)
(1, 2, 2)
(1, 3, 1)
(1, 4, 1)
(1, 5, 1)
(1, 6, 1)
(1, 7, 1)
(1, 8, 1)
(1, 9, 1)
(1, 10, 1)
(1, 11, 1)
(1, 12, 1)
(1, 13, 1)
(1, 14, 1)
(1, 15, 1)
(1, 16, 1)
(1, 17, 1)
(1, 18, 1)
(1, 19, 1)
(1, 20, 1)
(1, 21, 1)
(1, 22, 1)
(1, 23, 1)
(1, 24, 1)
(1, 25, 1)
(1, 26, 1)
(1, 27, 1)
(1, 28, 1)
(1, 29, 1)
(1, 30, 1)
(1, 31, 1)
(1, 32, 1)
(1, 33, 1)
(1, 34, 1)
(1, 35, 1)
(1, 36, 1)
(1, 37, 1)
(1, 38, 1)
(1, 39, 1)

(2, 0, 6)
(2, 1, 2)
(2, 2, 2)
(2, 3, 1)
(2, 4, 1)
(2, 5, 1)
(2, 6, 1)
(2, 7, 1)
(2, 8, 1)
(2, 9, 1)
(2, 10, 1)
(2, 11, 1)
(2, 12, 1)
(2, 13, 1)
(2, 14, 1)
(2, 15, 1)
(2, 16, 1)
(2, 17, 1)
(2, 18, 1)
(2, 19, 1)
(2, 20, 1)
(2, 21, 1)
(2, 22, 1)
(2, 23, 1)
(2, 24, 1)
(2, 25, 1)
(2, 26, 1)
(2, 27, 1)
(2, 28, 1)
(2, 29, 1)
(2, 30, 1)
(2, 31, 1)
(2, 32, 1)
(2, 33, 1)
(2, 34, 1)
(2, 35, 1)
(2, 36, 1)
(2, 37, 1)
(2, 38, 1)
(2, 39, 1)

(3, 0, 9)
(3, 1, 3)
(3, 2, 3)
(3, 3, 2)
(3, 4, 2)
(3, 5, 2)
(3, 6, 2)
(3, 7, 2)
(3, 8, 2)
(3, 9, 2)
(3, 10, 2)
(3, 11, 2)
(3, 12, 2)
(3, 13, 2)
(3, 14, 2)
(3, 15, 2)
(3, 16, 2)
(3, 17, 2)
(3, 18, 2)
(3, 19, 2)
(3, 20, 2)
(3, 21, 2)
(3, 22, 2)
(3, 23, 2)
(3, 24, 2)
(3, 25, 2)
(3, 26, 2)
(3, 27, 2)
(3, 28, 2)
(3, 29, 2)
(3, 30, 2)
(3, 31, 2)
(3, 32, 2)
(3, 33, 2)
(3, 34, 2)
(3, 35, 2)
(3, 36, 2)
(3, 37, 2)
(3, 38, 2)
(3, 39, 2)

(4, 0, 13)
(4, 1, 5)
(4, 2, 4)
(4, 3, 3)
(4, 4, 2)
(4, 5, 2)
(4, 6, 2)
(4, 7, 2)
(4, 8, 2)
(4, 9, 2)
(4, 10, 2)
(4, 11, 2)
(4, 12, 2)
(4, 13, 2)
(4, 14, 2)
(4, 15, 2)
(4, 16, 2)
(4, 17, 2)
(4, 18, 2)
(4, 19, 2)
(4, 20, 2)
(4, 21, 2)
(4, 22, 2)
(4, 23, 2)
(4, 24, 2)
(4, 25, 2)
(4, 26, 2)
(4, 27, 2)
(4, 28, 2)
(4, 29, 2)
(4, 30, 2)
(4, 31, 2)
(4, 32, 2)
(4, 33, 2)
(4, 34, 2)
(4, 35, 2)
(4, 36, 2)
(4, 37, 2)
(4, 38, 2)
(4, 39, 2)

(5, 0, 17)
(5, 1, 7)
(5, 2, 4)
(5, 3, 3)
(5, 4, 2)
(5, 5, 2)
(5, 6, 2)
(5, 7, 2)
(5, 8, 2)
(5, 9, 2)
(5, 10, 2)
(5, 11, 2)
(5, 12, 2)
(5, 13, 2)
(5, 14, 2)
(5, 15, 2)
(5, 16, 2)
(5, 17, 2)
(5, 18, 2)
(5, 19, 2)
(5, 20, 2)
(5, 21, 2)
(5, 22, 2)
(5, 23, 2)
(5, 24, 2)
(5, 25, 2)
(5, 26, 2)
(5, 27, 2)
(5, 28, 2)
(5, 29, 2)
(5, 30, 2)
(5, 31, 2)
(5, 32, 2)
(5, 33, 2)
(5, 34, 2)
(5, 35, 2)
(5, 36, 2)
(5, 37, 2)
(5, 38, 2)
(5, 39, 2)

(6, 0, 19)
(6, 1, 8)
(6, 2, 4)
(6, 3, 3)
(6, 4, 2)
(6, 5, 2)
(6, 6, 2)
(6, 7, 2)
(6, 8, 2)
(6, 9, 2)
(6, 10, 2)
(6, 11, 2)
(6, 12, 2)
(6, 13, 2)
(6, 14, 2)
(6, 15, 2)
(6, 16, 2)
(6, 17, 2)
(6, 18, 2)
(6, 19, 2)
(6, 20, 2)
(6, 21, 2)
(6, 22, 2)
(6, 23, 2)
(6, 24, 2)
(6, 25, 2)
(6, 26, 2)
(6, 27, 2)
(6, 28, 2)
(6, 29, 2)
(6, 30, 2)
(6, 31, 2)
(6, 32, 2)
(6, 33, 2)
(6, 34, 2)
(6, 35, 2)
(6, 36, 2)
(6, 37, 2)
(6, 38, 2)
(6, 39, 2)

(7, 0, 23)
(7, 1, 10)
(7, 2, 4)
(7, 3, 3)
(7, 4, 2)
(7, 5, 2)
(7, 6, 2)
(7, 7, 2)
(7, 8, 2)
(7, 9, 2)
(7, 10, 2)
(7, 11, 2)
(7, 12, 2)
(7, 13, 2)
(7, 14, 2)
(7, 15, 2)
(7, 16, 2)
(7, 17, 2)
(7, 18, 2)
(7, 19, 2)
(7, 20, 2)
(7, 21, 2)
(7, 22, 2)
(7, 23, 2)
(7, 24, 2)
(7, 25, 2)
(7, 26, 2)
(7, 27, 2)
(7, 28, 2)
(7, 29, 2)
(7, 30, 2)
(7, 31, 2)
(7, 32, 2)
(7, 33, 2)
(7, 34, 2)
(7, 35, 2)
(7, 36, 2)
(7, 37, 2)
(7, 38, 2)
(7, 39, 2)

(8, 0, 25)
(8, 1, 11)
(8, 2, 4)
(8, 3, 3)
(8, 4, 2)
(8, 5, 2)
(8, 6, 2)
(8, 7, 2)
(8, 8, 2)
(8, 9, 2)
(8, 10, 2)
(8, 11, 2)
(8, 12, 2)
(8, 13, 2)
(8, 14, 2)
(8, 15, 2)
(8, 16, 2)
(8, 17, 2)
(8, 18, 2)
(8, 19, 2)
(8, 20, 2)
(8, 21, 2)
(8, 22, 2)
(8, 23, 2)
(8, 24, 2)
(8, 25, 2)
(8, 26, 2)
(8, 27, 2)
(8, 28, 2)
(8, 29, 2)
(8, 30, 2)
(8, 31, 2)
(8, 32, 2)
(8, 33, 2)
(8, 34, 2)
(8, 35, 2)
(8, 36, 2)
(8, 37, 2)
(8, 38, 2)
(8, 39, 2)

(9, 0, 29)
(9, 1, 13)
(9, 2, 4)
(9, 3, 3)
(9, 4, 2)
(9, 5, 2)
(9, 6, 2)
(9, 7, 2)
(9, 8, 2)
(9, 9, 2)
(9, 10, 2)
(9, 11, 2)
(9, 12, 2)
(9, 13, 2)
(9, 14, 2)
(9, 15, 2)
(9, 16, 2)
(9, 17, 2)
(9, 18, 2)
(9, 19, 2)
(9, 20, 2)
(9, 21, 2)
(9, 22, 2)
(9, 23, 2)
(9, 24, 2)
(9, 25, 2)
(9, 26, 2)
(9, 27, 2)
(9, 28, 2)
(9, 29, 2)
(9, 30, 2)
(9, 31, 2)
(9, 32, 2)
(9, 33, 2)
(9, 34, 2)
(9, 35, 2)
(9, 36, 2)
(9, 37, 2)
(9, 38, 2)
(9, 39, 2)

(10, 0, 33)
(10, 1, 15)
(10, 2, 4)
(10, 3, 3)
(10, 4, 2)
(10, 5, 2)
(10, 6, 2)
(10, 7, 2)
(10, 8, 2)
(10, 9, 2)
(10, 10, 2)
(10, 11, 2)
(10, 12, 2)
(10, 13, 2)
(10, 14, 2)
(10, 15, 2)
(10, 16, 2)
(10, 17, 2)
(10, 18, 2)
(10, 19, 2)
(10, 20, 2)
(10, 21, 2)
(10, 22, 2)
(10, 23, 2)
(10, 24, 2)
(10, 25, 2)
(10, 26, 2)
(10, 27, 2)
(10, 28, 2)
(10, 29, 2)
(10, 30, 2)
(10, 31, 2)
(10, 32, 2)
(10, 33, 2)
(10, 34, 2)
(10, 35, 2)
(10, 36, 2)
(10, 37, 2)
(10, 38, 2)
(10, 39, 2)

(11, 0, 34)
(11, 1, 16)
(11, 2, 4)
(11, 3, 3)
(11, 4, 2)
(11, 5, 2)
(11, 6, 2)
(11, 7, 2)
(11, 8, 2)
(11, 9, 2)
(11, 10, 2)
(11, 11, 2)
(11, 12, 2)
(11, 13, 2)
(11, 14, 2)
(11, 15, 2)
(11, 16, 2)
(11, 17, 2)
(11, 18, 2)
(11, 19, 2)
(11, 20, 2)
(11, 21, 2)
(11, 22, 2)
(11, 23, 2)
(11, 24, 2)
(11, 25, 2)
(11, 26, 2)
(11, 27, 2)
(11, 28, 2)
(11, 29, 2)
(11, 30, 2)
(11, 31, 2)
(11, 32, 2)
(11, 33, 2)
(11, 34, 2)
(11, 35, 2)
(11, 36, 2)
(11, 37, 2)
(11, 38, 2)
(11, 39, 2)

(12, 0, 39)
(12, 1, 18)
(12, 2, 4)
(12, 3, 3)
(12, 4, 2)
(12, 5, 2)
(12, 6, 2)
(12, 7, 2)
(12, 8, 2)
(12, 9, 2)
(12, 10, 2)
(12, 11, 2)
(12, 12, 2)
(12, 13, 2)
(12, 14, 2)
(12, 15, 2)
(12, 16, 2)
(12, 17, 2)
(12, 18, 2)
(12, 19, 2)
(12, 20, 2)
(12, 21, 2)
(12, 22, 2)
(12, 23, 2)
(12, 24, 2)
(12, 25, 2)
(12, 26, 2)
(12, 27, 2)
(12, 28, 2)
(12, 29, 2)
(12, 30, 2)
(12, 31, 2)
(12, 32, 2)
(12, 33, 2)
(12, 34, 2)
(12, 35, 2)
(12, 36, 2)
(12, 37, 2)
(12, 38, 2)
(12, 39, 2)

(13, 0, 42)
(13, 1, 20)
(13, 2, 5)
(13, 3, 3)
(13, 4, 2)
(13, 5, 2)
(13, 6, 2)
(13, 7, 2)
(13, 8, 2)
(13, 9, 2)
(13, 10, 2)
(13, 11, 2)
(13, 12, 2)
(13, 13, 2)
(13, 14, 2)
(13, 15, 2)
(13, 16, 2)
(13, 17, 2)
(13, 18, 2)
(13, 19, 2)
(13, 20, 2)
(13, 21, 2)
(13, 22, 2)
(13, 23, 2)
(13, 24, 2)
(13, 25, 2)
(13, 26, 2)
(13, 27, 2)
(13, 28, 2)
(13, 29, 2)
(13, 30, 2)
(13, 31, 2)
(13, 32, 2)
(13, 33, 2)
(13, 34, 2)
(13, 35, 2)
(13, 36, 2)
(13, 37, 2)
(13, 38, 2)
(13, 39, 2)

(14, 0, 45)
(14, 1, 21)
(14, 2, 5)
(14, 3, 3)
(14, 4, 2)
(14, 5, 2)
(14, 6, 2)
(14, 7, 2)
(14, 8, 2)
(14, 9, 2)
(14, 10, 2)
(14, 11, 2)
(14, 12, 2)
(14, 13, 2)
(14, 14, 2)
(14, 15, 2)
(14, 16, 2)
(14, 17, 2)
(14, 18, 2)
(14, 19, 2)
(14, 20, 2)
(14, 21, 2)
(14, 22, 2)
(14, 23, 2)
(14, 24, 2)
(14, 25, 2)
(14, 26, 2)
(14, 27, 2)
(14, 28, 2)
(14, 29, 2)
(14, 30, 2)
(14, 31, 2)
(14, 32, 2)
(14, 33, 2)
(14, 34, 2)
(14, 35, 2)
(14, 36, 2)
(14, 37, 2)
(14, 38, 2)
(14, 39, 2)

(15, 0, 52)
(15, 1, 27)
(15, 2, 9)
(15, 3, 7)
(15, 4, 6)
(15, 5, 6)
(15, 6, 6)
(15, 7, 3)
(15, 8, 3)
(15, 9, 3)
(15, 10, 3)
(15, 11, 3)
(15, 12, 3)
(15, 13, 3)
(15, 14, 3)
(15, 15, 3)
(15, 16, 3)
(15, 17, 3)
(15, 18, 3)
(15, 19, 3)
(15, 20, 3)
(15, 21, 3)
(15, 22, 3)
(15, 23, 3)
(15, 24, 3)
(15, 25, 3)
(15, 26, 3)
(15, 27, 3)
(15, 28, 3)
(15, 29, 3)
(15, 30, 3)
(15, 31, 3)
(15, 32, 3)
(15, 33, 2)
(15, 34, 2)
(15, 35, 2)
(15, 36, 2)
(15, 37, 2)
(15, 38, 2)
(15, 39, 2)

(16, 0, 64)
(16, 1, 35)
(16, 2, 16)
(16, 3, 11)
(16, 4, 10)
(16, 5, 10)
(16, 6, 9)
(16, 7, 4)
(16, 8, 4)
(16, 9, 3)
(16, 10, 3)
(16, 11, 3)
(16, 12, 3)
(16, 13, 3)
(16, 14, 3)
(16, 15, 3)
(16, 16, 3)
(16, 17, 3)
(16, 18, 3)
(16, 19, 3)
(16, 20, 3)
(16, 21, 3)
(16, 22, 3)
(16, 23, 3)
(16, 24, 3)
(16, 25, 3)
(16, 26, 3)
(16, 27, 2)
(16, 28, 2)
(16, 29, 2)
(16, 30, 2)
(16, 31, 2)
(16, 32, 2)
(16, 33, 2)
(16, 34, 2)
(16, 35, 2)
(16, 36, 2)
(16, 37, 2)
(16, 38, 2)
(16, 39, 2)

(17, 0, 77)
(17, 1, 44)
(17, 2, 23)
(17, 3, 12)
(17, 4, 10)
(17, 5, 10)
(17, 6, 7)
(17, 7, 4)
(17, 8, 4)
(17, 9, 3)
(17, 10, 3)
(17, 11, 3)
(17, 12, 3)
(17, 13, 3)
(17, 14, 3)
(17, 15, 3)
(17, 16, 3)
(17, 17, 3)
(17, 18, 3)
(17, 19, 3)
(17, 20, 3)
(17, 21, 3)
(17, 22, 3)
(17, 23, 3)
(17, 24, 3)
(17, 25, 3)
(17, 26, 3)
(17, 27, 2)
(17, 28, 2)
(17, 29, 2)
(17, 30, 2)
(17, 31, 2)
(17, 32, 2)
(17, 33, 2)
(17, 34, 2)
(17, 35, 2)
(17, 36, 2)
(17, 37, 2)
(17, 38, 2)
(17, 39, 2)

(18, 0, 86)
(18, 1, 51)
(18, 2, 28)
(18, 3, 14)
(18, 4, 11)
(18, 5, 11)
(18, 6, 6)
(18, 7, 4)
(18, 8, 4)
(18, 9, 3)
(18, 10, 3)
(18, 11, 3)
(18, 12, 3)
(18, 13, 3)
(18, 14, 3)
(18, 15, 3)
(18, 16, 3)
(18, 17, 3)
(18, 18, 3)
(18, 19, 3)
(18, 20, 3)
(18, 21, 3)
(18, 22, 3)
(18, 23, 3)
(18, 24, 3)
(18, 25, 3)
(18, 26, 3)
(18, 27, 2)
(18, 28, 2)
(18, 29, 2)
(18, 30, 2)
(18, 31, 2)
(18, 32, 2)
(18, 33, 2)
(18, 34, 2)
(18, 35, 2)
(18, 36, 2)
(18, 37, 2)
(18, 38, 2)
(18, 39, 2)

(19, 0, 92)
(19, 1, 56)
(19, 2, 32)
(19, 3, 16)
(19, 4, 13)
(19, 5, 12)
(19, 6, 5)
(19, 7, 4)
(19, 8, 4)
(19, 9, 3)
(19, 10, 3)
(19, 11, 3)
(19, 12, 3)
(19, 13, 3)
(19, 14, 3)
(19, 15, 3)
(19, 16, 3)
(19, 17, 3)
(19, 18, 3)
(19, 19, 3)
(19, 20, 3)
(19, 21, 3)
(19, 22, 3)
(19, 23, 3)
(19, 24, 3)
(19, 25, 3)
(19, 26, 3)
(19, 27, 2)
(19, 28, 2)
(19, 29, 2)
(19, 30, 2)
(19, 31, 2)
(19, 32, 2)
(19, 33, 2)
(19, 34, 2)
(19, 35, 2)
(19, 36, 2)
(19, 37, 2)
(19, 38, 2)
(19, 39, 2)

(20, 0, 98)
(20, 1, 59)
(20, 2, 33)
(20, 3, 17)
(20, 4, 14)
(20, 5, 13)
(20, 6, 5)
(20, 7, 4)
(20, 8, 4)
(20, 9, 3)
(20, 10, 3)
(20, 11, 3)
(20, 12, 3)
(20, 13, 3)
(20, 14, 3)
(20, 15, 3)
(20, 16, 3)
(20, 17, 3)
(20, 18, 3)
(20, 19, 3)
(20, 20, 3)
(20, 21, 3)
(20, 22, 3)
(20, 23, 3)
(20, 24, 3)
(20, 25, 3)
(20, 26, 3)
(20, 27, 2)
(20, 28, 2)
(20, 29, 2)
(20, 30, 2)
(20, 31, 2)
(20, 32, 2)
(20, 33, 2)
(20, 34, 2)
(20, 35, 2)
(20, 36, 2)
(20, 37, 2)
(20, 38, 2)
(20, 39, 2)

(21, 0, 109)
(21, 1, 68)
(21, 2, 38)
(21, 3, 21)
(21, 4, 17)
(21, 5, 15)
(21, 6, 6)
(21, 7, 4)
(21, 8, 4)
(21, 9, 3)
(21, 10, 3)
(21, 11, 3)
(21, 12, 3)
(21, 13, 3)
(21, 14, 3)
(21, 15, 3)
(21, 16, 3)
(21, 17, 3)
(21, 18, 3)
(21, 19, 3)
(21, 20, 3)
(21, 21, 3)
(21, 22, 3)
(21, 23, 3)
(21, 24, 3)
(21, 25, 3)
(21, 26, 3)
(21, 27, 2)
(21, 28, 2)
(21, 29, 2)
(21, 30, 2)
(21, 31, 2)
(21, 32, 2)
(21, 33, 2)
(21, 34, 2)
(21, 35, 2)
(21, 36, 2)
(21, 37, 2)
(21, 38, 2)
(21, 39, 2)

(22, 0, 125)
(22, 1, 81)
(22, 2, 43)
(22, 3, 21)
(22, 4, 16)
(22, 5, 15)
(22, 6, 5)
(22, 7, 5)
(22, 8, 5)
(22, 9, 3)
(22, 10, 3)
(22, 11, 3)
(22, 12, 3)
(22, 13, 3)
(22, 14, 3)
(22, 15, 3)
(22, 16, 3)
(22, 17, 3)
(22, 18, 3)
(22, 19, 3)
(22, 20, 3)
(22, 21, 3)
(22, 22, 3)
(22, 23, 3)
(22, 24, 3)
(22, 25, 3)
(22, 26, 3)
(22, 27, 2)
(22, 28, 2)
(22, 29, 2)
(22, 30, 2)
(22, 31, 2)
(22, 32, 2)
(22, 33, 2)
(22, 34, 2)
(22, 35, 2)
(22, 36, 2)
(22, 37, 2)
(22, 38, 2)
(22, 39, 2)

(23, 0, 137)
(23, 1, 88)
(23, 2, 47)
(23, 3, 25)
(23, 4, 19)
(23, 5, 18)
(23, 6, 7)
(23, 7, 6)
(23, 8, 6)
(23, 9, 4)
(23, 10, 4)
(23, 11, 4)
(23, 12, 4)
(23, 13, 4)
(23, 14, 4)
(23, 15, 4)
(23, 16, 4)
(23, 17, 4)
(23, 18, 4)
(23, 19, 4)
(23, 20, 4)
(23, 21, 4)
(23, 22, 4)
(23, 23, 4)
(23, 24, 4)
(23, 25, 4)
(23, 26, 4)
(23, 27, 3)
(23, 28, 3)
(23, 29, 3)
(23, 30, 3)
(23, 31, 3)
(23, 32, 3)
(23, 33, 3)
(23, 34, 3)
(23, 35, 3)
(23, 36, 3)
(23, 37, 3)
(23, 38, 3)
(23, 39, 3)

(24, 0, 156)
(24, 1, 101)
(24, 2, 52)
(24, 3, 27)
(24, 4, 19)
(24, 5, 18)
(24, 6, 6)
(24, 7, 6)
(24, 8, 6)
(24, 9, 5)
(24, 10, 5)
(24, 11, 5)
(24, 12, 5)
(24, 13, 5)
(24, 14, 5)
(24, 15, 5)
(24, 16, 5)
(24, 17, 5)
(24, 18, 5)
(24, 19, 5)
(24, 20, 4)
(24, 21, 4)
(24, 22, 4)
(24, 23, 4)
(24, 24, 4)
(24, 25, 3)
(24, 26, 3)
(24, 27, 2)
(24, 28, 2)
(24, 29, 2)
(24, 30, 2)
(24, 31, 2)
(24, 32, 2)
(24, 33, 2)
(24, 34, 2)
(24, 35, 2)
(24, 36, 2)
(24, 37, 2)
(24, 38, 2)
(24, 39, 2)

(25, 0, 185)
(25, 1, 111)
(25, 2, 55)
(25, 3, 30)
(25, 4, 22)
(25, 5, 21)
(25, 6, 9)
(25, 7, 7)
(25, 8, 7)
(25, 9, 5)
(25, 10, 5)
(25, 11, 5)
(25, 12, 5)
(25, 13, 5)
(25, 14, 5)
(25, 15, 5)
(25, 16, 5)
(25, 17, 5)
(25, 18, 5)
(25, 19, 5)
(25, 20, 4)
(25, 21, 3)
(25, 22, 3)
(25, 23, 3)
(25, 24, 3)
(25, 25, 3)
(25, 26, 3)
(25, 27, 2)
(25, 28, 2)
(25, 29, 2)
(25, 30, 2)
(25, 31, 2)
(25, 32, 2)
(25, 33, 2)
(25, 34, 1)
(25, 35, 1)
(25, 36, 1)
(25, 37, 1)
(25, 38, 1)
(25, 39, 1)

(26, 0, 214)
(26, 1, 125)
(26, 2, 60)
(26, 3, 34)
(26, 4, 23)
(26, 5, 21)
(26, 6, 8)
(26, 7, 7)
(26, 8, 7)
(26, 9, 5)
(26, 10, 5)
(26, 11, 5)
(26, 12, 5)
(26, 13, 5)
(26, 14, 5)
(26, 15, 3)
(26, 16, 3)
(26, 17, 3)
(26, 18, 3)
(26, 19, 3)
(26, 20, 2)
(26, 21, 2)
(26, 22, 2)
(26, 23, 2)
(26, 24, 2)
(26, 25, 2)
(26, 26, 2)
(26, 27, 1)
(26, 28, 1)
(26, 29, 1)
(26, 30, 1)
(26, 31, 1)
(26, 32, 1)
(26, 33, 1)
(26, 34, 1)
(26, 35, 1)
(26, 36, 1)
(26, 37, 1)
(26, 38, 1)
(26, 39, 1)

(27, 0, 238)
(27, 1, 132)
(27, 2, 59)
(27, 3, 33)
(27, 4, 22)
(27, 5, 20)
(27, 6, 7)
(27, 7, 6)
(27, 8, 6)
(27, 9, 4)
(27, 10, 4)
(27, 11, 4)
(27, 12, 4)
(27, 13, 4)
(27, 14, 4)
(27, 15, 3)
(27, 16, 3)
(27, 17, 3)
(27, 18, 3)
(27, 19, 3)
(27, 20, 2)
(27, 21, 2)
(27, 22, 2)
(27, 23, 2)
(27, 24, 2)
(27, 25, 2)
(27, 26, 2)
(27, 27, 1)
(27, 28, 1)
(27, 29, 1)
(27, 30, 1)
(27, 31, 1)
(27, 32, 1)
(27, 33, 1)
(27, 34, 1)
(27, 35, 1)
(27, 36, 1)
(27, 37, 1)
(27, 38, 1)
(27, 39, 1)

(28, 0, 265)
(28, 1, 141)
(28, 2, 65)
(28, 3, 36)
(28, 4, 25)
(28, 5, 22)
(28, 6, 7)
(28, 7, 6)
(28, 8, 6)
(28, 9, 4)
(28, 10, 4)
(28, 11, 4)
(28, 12, 4)
(28, 13, 4)
(28, 14, 4)
(28, 15, 3)
(28, 16, 3)
(28, 17, 3)
(28, 18, 3)
(28, 19, 3)
(28, 20, 2)
(28, 21, 2)
(28, 22, 2)
(28, 23, 2)
(28, 24, 2)
(28, 25, 2)
(28, 26, 2)
(28, 27, 1)
(28, 28, 1)
(28, 29, 1)
(28, 30, 1)
(28, 31, 1)
(28, 32, 1)
(28, 33, 1)
(28, 34, 1)
(28, 35, 1)
(28, 36, 1)
(28, 37, 1)
(28, 38, 1)
(28, 39, 1)

(29, 0, 278)
(29, 1, 149)
(29, 2, 69)
(29, 3, 39)
(29, 4, 27)
(29, 5, 23)
(29, 6, 8)
(29, 7, 7)
(29, 8, 6)
(29, 9, 4)
(29, 10, 4)
(29, 11, 4)
(29, 12, 4)
(29, 13, 4)
(29, 14, 4)
(29, 15, 3)
(29, 16, 3)
(29, 17, 3)
(29, 18, 3)
(29, 19, 3)
(29, 20, 2)
(29, 21, 2)
(29, 22, 2)
(29, 23, 2)
(29, 24, 2)
(29, 25, 2)
(29, 26, 2)
(29, 27, 1)
(29, 28, 1)
(29, 29, 1)
(29, 30, 1)
(29, 31, 1)
(29, 32, 1)
(29, 33, 1)
(29, 34, 1)
(29, 35, 1)
(29, 36, 1)
(29, 37, 1)
(29, 38, 1)
(29, 39, 1)

(30, 0, 290)
(30, 1, 158)
(30, 2, 71)
(30, 3, 41)
(30, 4, 29)
(30, 5, 25)
(30, 6, 10)
(30, 7, 8)
(30, 8, 6)
(30, 9, 4)
(30, 10, 4)
(30, 11, 4)
(30, 12, 4)
(30, 13, 4)
(30, 14, 4)
(30, 15, 3)
(30, 16, 3)
(30, 17, 3)
(30, 18, 3)
(30, 19, 3)
(30, 20, 2)
(30, 21, 2)
(30, 22, 2)
(30, 23, 2)
(30, 24, 2)
(30, 25, 2)
(30, 26, 2)
(30, 27, 1)
(30, 28, 1)
(30, 29, 1)
(30, 30, 1)
(30, 31, 1)
(30, 32, 1)
(30, 33, 1)
(30, 34, 1)
(30, 35, 1)
(30, 36, 1)
(30, 37, 1)
(30, 38, 1)
(30, 39, 1)

(31, 0, 300)
(31, 1, 165)
(31, 2, 75)
(31, 3, 41)
(31, 4, 29)
(31, 5, 24)
(31, 6, 7)
(31, 7, 6)
(31, 8, 6)
(31, 9, 4)
(31, 10, 4)
(31, 11, 4)
(31, 12, 4)
(31, 13, 4)
(31, 14, 4)
(31, 15, 3)
(31, 16, 3)
(31, 17, 3)
(31, 18, 3)
(31, 19, 3)
(31, 20, 2)
(31, 21, 2)
(31, 22, 2)
(31, 23, 2)
(31, 24, 2)
(31, 25, 2)
(31, 26, 2)
(31, 27, 1)
(31, 28, 1)
(31, 29, 1)
(31, 30, 1)
(31, 31, 1)
(31, 32, 1)
(31, 33, 1)
(31, 34, 1)
(31, 35, 1)
(31, 36, 1)
(31, 37, 1)
(31, 38, 1)
(31, 39, 1)

(32, 0, 303)
(32, 1, 168)
(32, 2, 78)
(32, 3, 44)
(32, 4, 32)
(32, 5, 27)
(32, 6, 10)
(32, 7, 7)
(32, 8, 6)
(32, 9, 4)
(32, 10, 4)
(32, 11, 4)
(32, 12, 4)
(32, 13, 4)
(32, 14, 4)
(32, 15, 3)
(32, 16, 3)
(32, 17, 3)
(32, 18, 3)
(32, 19, 3)
(32, 20, 2)
(32, 21, 2)
(32, 22, 2)
(32, 23, 2)
(32, 24, 2)
(32, 25, 2)
(32, 26, 2)
(32, 27, 1)
(32, 28, 1)
(32, 29, 1)
(32, 30, 1)
(32, 31, 1)
(32, 32, 1)
(32, 33, 1)
(32, 34, 1)
(32, 35, 1)
(32, 36, 1)
(32, 37, 1)
(32, 38, 1)
(32, 39, 1)

(33, 0, 309)
(33, 1, 174)
(33, 2, 84)
(33, 3, 48)
(33, 4, 34)
(33, 5, 29)
(33, 6, 11)
(33, 7, 7)
(33, 8, 6)
(33, 9, 4)
(33, 10, 4)
(33, 11, 4)
(33, 12, 4)
(33, 13, 4)
(33, 14, 4)
(33, 15, 3)
(33, 16, 3)
(33, 17, 3)
(33, 18, 3)
(33, 19, 3)
(33, 20, 2)
(33, 21, 2)
(33, 22, 2)
(33, 23, 2)
(33, 24, 2)
(33, 25, 2)
(33, 26, 2)
(33, 27, 1)
(33, 28, 1)
(33, 29, 1)
(33, 30, 1)
(33, 31, 1)
(33, 32, 1)
(33, 33, 1)
(33, 34, 1)
(33, 35, 1)
(33, 36, 1)
(33, 37, 1)
(33, 38, 1)
(33, 39, 1)

(34, 0, 313)
(34, 1, 177)
(34, 2, 87)
(34, 3, 49)
(34, 4, 36)
(34, 5, 31)
(34, 6, 12)
(34, 7, 8)
(34, 8, 7)
(34, 9, 5)
(34, 10, 5)
(34, 11, 5)
(34, 12, 5)
(34, 13, 5)
(34, 14, 5)
(34, 15, 4)
(34, 16, 4)
(34, 17, 4)
(34, 18, 4)
(34, 19, 4)
(34, 20, 3)
(34, 21, 3)
(34, 22, 3)
(34, 23, 3)
(34, 24, 3)
(34, 25, 3)
(34, 26, 3)
(34, 27, 2)
(34, 28, 2)
(34, 29, 2)
(34, 30, 2)
(34, 31, 2)
(34, 32, 2)
(34, 33, 2)
(34, 34, 2)
(34, 35, 1)
(34, 36, 1)
(34, 37, 1)
(34, 38, 1)
(34, 39, 1)

(35, 0, 316)
(35, 1, 179)
(35, 2, 87)
(35, 3, 49)
(35, 4, 36)
(35, 5, 31)
(35, 6, 12)
(35, 7, 8)
(35, 8, 7)
(35, 9, 5)
(35, 10, 5)
(35, 11, 5)
(35, 12, 5)
(35, 13, 5)
(35, 14, 5)
(35, 15, 4)
(35, 16, 4)
(35, 17, 4)
(35, 18, 4)
(35, 19, 4)
(35, 20, 3)
(35, 21, 3)
(35, 22, 3)
(35, 23, 3)
(35, 24, 3)
(35, 25, 3)
(35, 26, 3)
(35, 27, 2)
(35, 28, 2)
(35, 29, 2)
(35, 30, 2)
(35, 31, 2)
(35, 32, 2)
(35, 33, 2)
(35, 34, 2)
(35, 35, 1)
(35, 36, 1)
(35, 37, 1)
(35, 38, 1)
(35, 39, 1)

(36, 0, 319)
(36, 1, 179)
(36, 2, 88)
(36, 3, 50)
(36, 4, 36)
(36, 5, 31)
(36, 6, 12)
(36, 7, 8)
(36, 8, 7)
(36, 9, 5)
(36, 10, 5)
(36, 11, 5)
(36, 12, 5)
(36, 13, 5)
(36, 14, 5)
(36, 15, 4)
(36, 16, 4)
(36, 17, 4)
(36, 18, 4)
(36, 19, 4)
(36, 20, 3)
(36, 21, 3)
(36, 22, 3)
(36, 23, 3)
(36, 24, 3)
(36, 25, 3)
(36, 26, 3)
(36, 27, 2)
(36, 28, 2)
(36, 29, 2)
(36, 30, 2)
(36, 31, 2)
(36, 32, 2)
(36, 33, 1)
(36, 34, 1)
(36, 35, 1)
(36, 36, 1)
(36, 37, 1)
(36, 38, 1)
(36, 39, 1)

(37, 0, 327)
(37, 1, 185)
(37, 2, 90)
(37, 3, 51)
(37, 4, 36)
(37, 5, 31)
(37, 6, 12)
(37, 7, 8)
(37, 8, 7)
(37, 9, 5)
(37, 10, 5)
(37, 11, 5)
(37, 12, 5)
(37, 13, 5)
(37, 14, 5)
(37, 15, 4)
(37, 16, 4)
(37, 17, 4)
(37, 18, 4)
(37, 19, 4)
(37, 20, 3)
(37, 21, 2)
(37, 22, 2)
(37, 23, 2)
(37, 24, 2)
(37, 25, 2)
(37, 26, 2)
(37, 27, 1)
(37, 28, 1)
(37, 29, 1)
(37, 30, 1)
(37, 31, 1)
(37, 32, 1)
(37, 33, 1)
(37, 34, 1)
(37, 35, 1)
(37, 36, 1)
(37, 37, 1)
(37, 38, 1)
(37, 39, 1)

(38, 0, 330)
(38, 1, 187)
(38, 2, 90)
(38, 3, 51)
(38, 4, 36)
(38, 5, 31)
(38, 6, 12)
(38, 7, 8)
(38, 8, 7)
(38, 9, 5)
(38, 10, 5)
(38, 11, 5)
(38, 12, 5)
(38, 13, 4)
(38, 14, 4)
(38, 15, 3)
(38, 16, 3)
(38, 17, 3)
(38, 18, 3)
(38, 19, 3)
(38, 20, 2)
(38, 21, 2)
(38, 22, 2)
(38, 23, 2)
(38, 24, 2)
(38, 25, 2)
(38, 26, 2)
(38, 27, 1)
(38, 28, 1)
(38, 29, 1)
(38, 30, 1)
(38, 31, 1)
(38, 32, 1)
(38, 33, 1)
(38, 34, 1)
(38, 35, 1)
(38, 36, 1)
(38, 37, 1)
(38, 38, 1)
(38, 39, 1)

(39, 0, 332)
(39, 1, 189)
(39, 2, 89)
(39, 3, 50)
(39, 4, 35)
(39, 5, 30)
(39, 6, 11)
(39, 7, 7)
(39, 8, 6)
(39, 9, 4)
(39, 10, 4)
(39, 11, 4)
(39, 12, 4)
(39, 13, 4)
(39, 14, 4)
(39, 15, 3)
(39, 16, 3)
(39, 17, 3)
(39, 18, 3)
(39, 19, 3)
(39, 20, 2)
(39, 21, 2)
(39, 22, 2)
(39, 23, 2)
(39, 24, 2)
(39, 25, 2)
(39, 26, 2)
(39, 27, 1)
(39, 28, 1)
(39, 29, 1)
(39, 30, 1)
(39, 31, 1)
(39, 32, 1)
(39, 33, 1)
(39, 34, 1)
(39, 35, 1)
(39, 36, 1)
(39, 37, 1)
(39, 38, 1)
(39, 39, 1)


Betti numbers:
xi_0:
(0, 0, 3)
(1, 0, 3)
(3, 0, 3)
(4, 0, 4)
(5, 0, 4)
(6, 0, 2)
(7, 0, 4)
(8, 0, 2)
(9, 0, 4)
(10, 0, 4)
(11, 0, 1)
(12, 0, 5)
(13, 0, 3)
(14, 0, 3)
(15, 0, 7)
(16, 0, 12)
(17, 0, 13)
(18, 0, 9)
(19, 0, 6)
(20, 0, 6)
(21, 0, 11)
(22, 0, 16)
(23, 0, 12)
(24, 0, 19)
(25, 0, 29)
(26, 0, 29)
(27, 0, 25)
(28, 0, 27)
(29, 0, 13)
(30, 0, 12)
(31, 0, 10)
(32, 0, 3)
(33, 0, 6)
(34, 0, 4)
(35, 0, 3)
(36, 0, 3)
(37, 0, 8)
(38, 0, 3)
(39, 0, 2)
xi_1:
(0, 1, 2)
(1, 1, 2)
(1, 3, 1)
(3, 1, 2)
(4, 1, 2)
(4, 2, 1)
(4, 4, 1)
(5, 1, 2)
(5, 2, 2)
(6, 1, 1)
(6, 2, 1)
(7, 1, 2)
(7, 2, 2)
(8, 1, 1)
(8, 2, 1)
(9, 1, 2)
(9, 2, 2)
(10, 1, 2)
(10, 2, 2)
(11, 2, 1)
(12, 1, 3)
(12, 2, 2)
(13, 1, 1)
(13, 2, 1)
(13, 3, 1)
(14, 1, 2)
(14, 2, 1)
(15, 1, 1)
(15, 2, 2)
(15, 7, 3)
(15, 33, 1)
(16, 1, 4)
(16, 2, 1)
(16, 3, 3)
(16, 6, 1)
(16, 7, 2)
(16, 9, 1)
(16, 27, 1)
(17, 1, 4)
(17, 2, 2)
(17, 3, 6)
(17, 4, 1)
(17, 6, 3)
(17, 7, 1)
(18, 1, 2)
(18, 2, 2)
(18, 3, 3)
(18, 4, 1)
(18, 6, 2)
(18, 7, 1)
(19, 1, 1)
(19, 2, 1)
(19, 3, 2)
(19, 5, 1)
(19, 6, 2)
(19, 7, 1)
(20, 1, 3)
(20, 2, 2)
(20, 6, 1)
(21, 1, 2)
(21, 2, 4)
(21, 3, 1)
(21, 4, 1)
(21, 5, 1)
(21, 6, 1)
(21, 7, 2)
(22, 1, 3)
(22, 2, 8)
(22, 3, 5)
(22, 4, 1)
(22, 6, 1)
(22, 9, 1)
(23, 1, 5)
(23, 2, 3)
(23, 4, 1)
(23, 6, 1)
(23, 7, 1)
(24, 1, 6)
(24, 2, 8)
(24, 3, 3)
(24, 4, 2)
(24, 6, 2)
(24, 20, 1)
(24, 25, 1)
(25, 1, 19)
(25, 2, 8)
(25, 7, 2)
(25, 9, 1)
(25, 21, 1)
(25, 34, 1)
(26, 1, 15)
(26, 2, 10)
(26, 3, 1)
(26, 4, 3)
(26, 5, 1)
(26, 6, 1)
(26, 15, 2)
(26, 20, 1)
(27, 0, 1)
(27, 1, 18)
(27, 2, 9)
(28, 1, 18)
(28, 2, 3)
(28, 3, 3)
(28, 5, 1)
(28, 6, 2)
(29, 1, 5)
(29, 2, 4)
(29, 3, 1)
(29, 4, 1)
(29, 5, 1)
(29, 6, 1)
(29, 8, 1)
(30, 1, 3)
(30, 2, 7)
(30, 7, 1)
(30, 8, 1)
(31, 1, 3)
(31, 2, 3)
(31, 3, 5)
(31, 5, 1)
(31, 6, 2)
(32, 7, 2)
(32, 8, 1)
(33, 3, 2)
(33, 4, 2)
(33, 6, 1)
(33, 7, 1)
(34, 1, 1)
(34, 3, 2)
(34, 6, 1)
(34, 35, 1)
(35, 1, 1)
(35, 2, 2)
(36, 1, 3)
(36, 4, 1)
(36, 33, 1)
(37, 1, 2)
(37, 2, 4)
(37, 3, 1)
(37, 4, 1)
(37, 21, 1)
(38, 1, 1)
(38, 2, 2)
(38, 13, 1)
(39, 2, 3)
xi_2:
(16, 33, 1)
(17, 6, 1)
(17, 7, 3)
(18, 7, 2)
(19, 7, 2)
(21, 7, 1)
(22, 5, 1)
(22, 7, 2)
(24, 6, 1)
(24, 7, 1)
(24, 9, 1)
(25, 2, 1)
(25, 25, 1)
(26, 2, 1)
(26, 7, 1)
(26, 20, 1)
(26, 21, 1)
(26, 34, 1)
(27, 1, 1)
(27, 2, 1)
(27, 15, 1)
(29, 6, 1)
(31, 3, 1)
(31, 7, 1)
(31, 8, 2)
(34, 4, 1)
(36, 2, 1)
(36, 35, 1)
(37, 33, 1)
(38, 21, 1)
(39, 13, 1)
