x-grades
-508813745923171989/80000000000000000
-249014269232693349/40000000000000000
-487243331007601407/80000000000000000
-119114530887454029/20000000000000000
-18626916643681233/3200000000000000
-227443854317122767/40000000000000000
-444102501176460243/80000000000000000
-54164661714834369/10000000000000000
-422532086260889661/80000000000000000
-41174687880310437/8000000000000000
-400961671345319079/80000000000000000
-97544115971883447/20000000000000000
-379391256429748497/80000000000000000
-184303024485981603/40000000000000000
-71564168302835583/16000000000000000
-21689727128524539/5000000000000000
-336250426598607333/80000000000000000
-162732609570411021/40000000000000000
-314680011683036751/80000000000000000
-15194740211262573/4000000000000000
-293109596767466169/80000000000000000
-141162194654840439/40000000000000000
-271539181851895587/80000000000000000
-32594246799263787/10000000000000000
-49993753387265001/16000000000000000
-119591779739269857/40000000000000000
-228398352020754423/80000000000000000
-54403286140742283/20000000000000000
-206827937105183841/80000000000000000
-3920854592947971/1600000000000000
-185257522189613259/80000000000000000
-681532479421203/312500000000000
-163687107274042677/80000000000000000
-76450949908128693/40000000000000000
-28423338471694419/16000000000000000
-32832871225171701/20000000000000000
-120546277442901513/80000000000000000
-54880534992558111/40000000000000000
-98975862527330931/80000000000000000
-2204766376738641/2000000000000000

y-grades
5/2
5
15/2
10
25/2
15
35/2
20
45/2
25
55/2
30
65/2
35
75/2
40
85/2
45
95/2
50
105/2
55
115/2
60
125/2
65
135/2
70
145/2
75
155/2
80
165/2
85
175/2
90
185/2
95
195/2
100

Dimensions > 0:
(0, 0, 3)
(0, 1, 3)
(0, 2, 3)
(0, 3, 3)
(0, 4, 3)
(0, 5, 3)
(0, 6, 3)
(0, 7, 3)
(0, 8, 2)
(0, 9, 1)
(0, 10, 1)
(0, 11, 1)
(0, 12, 1)
(0, 13, 1)
(0, 14, 1)
(0, 15, 1)
(0, 16, 1)
(0, 17, 1)
(0, 18, 1)
(0, 19, 1)
(0, 20, 1)
(0, 21, 1)
(0, 22, 1)
(0, 23, 1)
(0, 24, 1)
(0, 25, 1)
(0, 26, 1)
(0, 27, 1)
(0, 28, 1)
(0, 29, 1)
(0, 30, 1)
(0, 31, 1)
(0, 32, 1)
(0, 33, 1)
(0, 34, 1)
(0, 35, 1)
(0, 36, 1)
(0, 37, 1)
(0, 38, 1)
(0, 39, 1)

(1, 0, 6)
(1, 1, 6)
(1, 2, 6)
(1, 3, 5)
(1, 4, 5)
(1, 5, 5)
(1, 6, 5)
(1, 7, 5)
(1, 8, 4)
(1, 9, 2)
(1, 10, 2)
(1, 11, 2)
(1, 12, 2)
(1, 13, 2)
(1, 14, 2)
(1, 15, 2)
(1, 16, 2)
(1, 17, 2)
(1, 18, 2)
(1, 19, 1)
(1, 20, 1)
(1, 21, 1)
(1, 22, 1)
(1, 23, 1)
(1, 24, 1)
(1, 25, 1)
(1, 26, 1)
(1, 27, 1)
(1, 28, 1)
(1, 29, 1)
(1, 30, 1)
(1, 31, 1)
(1, 32, 1)
(1, 33, 1)
(1, 34, 1)
(1, 35, 1)
(1, 36, 1)
(1, 37, 1)
(1, 38, 1)
(1, 39, 1)

(2, 0, 10)
(2, 1, 10)
(2, 2, 10)
(2, 3, 8)
(2, 4, 8)
(2, 5, 8)
(2, 6, 8)
(2, 7, 8)
(2, 8, 7)
(2, 9, 3)
(2, 10, 1)
(2, 11, 1)
(2, 12, 1)
(2, 13, 1)
(2, 14, 1)
(2, 15, 1)
(2, 16, 1)
(2, 17, 1)
(2, 18, 1)
(2, 19, 1)
(2, 20, 1)
(2, 21, 1)
(2, 22, 1)
(2, 23, 1)
(2, 24, 1)
(2, 25, 1)
(2, 26, 1)
(2, 27, 1)
(2, 28, 1)
(2, 29, 1)
(2, 30, 1)
(2, 31, 1)
(2, 32, 1)
(2, 33, 1)
(2, 34, 1)
(2, 35, 1)
(2, 36, 1)
(2, 37, 1)
(2, 38, 1)
(2, 39, 1)

(3, 0, 14)
(3, 1, 14)
(3, 2, 14)
(3, 3, 10)
(3, 4, 10)
(3, 5, 10)
(3, 6, 10)
(3, 7, 10)
(3, 8, 9)
(3, 9, 2)
(3, 10, 1)
(3, 11, 1)
(3, 12, 1)
(3, 13, 1)
(3, 14, 1)
(3, 15, 1)
(3, 16, 1)
(3, 17, 1)
(3, 18, 1)
(3, 19, 1)
(3, 20, 1)
(3, 21, 1)
(3, 22, 1)
(3, 23, 1)
(3, 24, 1)
(3, 25, 1)
(3, 26, 1)
(3, 27, 1)
(3, 28, 1)
(3, 29, 1)
(3, 30, 1)
(3, 31, 1)
(3, 32, 1)
(3, 33, 1)
(3, 34, 1)
(3, 35, 1)
(3, 36, 1)
(3, 37, 1)
(3, 38, 1)
(3, 39, 1)

(4, 0, 23)
(4, 1, 23)
(4, 2, 23)
(4, 3, 17)
(4, 4, 17)
(4, 5, 17)
(4, 6, 17)
(4, 7, 17)
(4, 8, 15)
(4, 9, 3)
(4, 10, 2)
(4, 11, 2)
(4, 12, 2)
(4, 13, 2)
(4, 14, 2)
(4, 15, 2)
(4, 16, 2)
(4, 17, 2)
(4, 18, 2)
(4, 19, 2)
(4, 20, 2)
(4, 21, 2)
(4, 22, 2)
(4, 23, 2)
(4, 24, 2)
(4, 25, 2)
(4, 26, 2)
(4, 27, 2)
(4, 28, 2)
(4, 29, 2)
(4, 30, 2)
(4, 31, 2)
(4, 32, 2)
(4, 33, 2)
(4, 34, 2)
(4, 35, 2)
(4, 36, 2)
(4, 37, 2)
(4, 38, 2)
(4, 39, 2)

(5, 0, 36)
(5, 1, 36)
(5, 2, 36)
(5, 3, 26)
(5, 4, 26)
(5, 5, 26)
(5, 6, 26)
(5, 7, 26)
(5, 8, 23)
(5, 9, 4)
(5, 10, 2)
(5, 11, 2)
(5, 12, 2)
(5, 13, 2)
(5, 14, 2)
(5, 15, 2)
(5, 16, 2)
(5, 17, 2)
(5, 18, 2)
(5, 19, 1)
(5, 20, 1)
(5, 21, 1)
(5, 22, 1)
(5, 23, 1)
(5, 24, 1)
(5, 25, 1)
(5, 26, 1)
(5, 27, 1)
(5, 28, 1)
(5, 29, 1)
(5, 30, 1)
(5, 31, 1)
(5, 32, 1)
(5, 33, 1)
(5, 34, 1)
(5, 35, 1)
(5, 36, 1)
(5, 37, 1)
(5, 38, 1)
(5, 39, 1)

(6, 0, 41)
(6, 1, 41)
(6, 2, 41)
(6, 3, 27)
(6, 4, 27)
(6, 5, 27)
(6, 6, 27)
(6, 7, 27)
(6, 8, 24)
(6, 9, 4)
(6, 10, 1)
(6, 11, 1)
(6, 12, 1)
(6, 13, 1)
(6, 14, 1)
(6, 15, 1)
(6, 16, 1)
(6, 17, 1)
(6, 18, 1)
(6, 19, 1)
(6, 20, 1)
(6, 21, 1)
(6, 22, 1)
(6, 23, 1)
(6, 24, 1)
(6, 25, 1)
(6, 26, 1)
(6, 27, 1)
(6, 28, 1)
(6, 29, 1)
(6, 30, 1)
(6, 31, 1)
(6, 32, 1)
(6, 33, 1)
(6, 34, 1)
(6, 35, 1)
(6, 36, 1)
(6, 37, 1)
(6, 38, 1)
(6, 39, 1)

(7, 0, 48)
(7, 1, 48)
(7, 2, 48)
(7, 3, 28)
(7, 4, 28)
(7, 5, 28)
(7, 6, 28)
(7, 7, 28)
(7, 8, 25)
(7, 9, 3)
(7, 10, 1)
(7, 11, 1)
(7, 12, 1)
(7, 13, 1)
(7, 14, 1)
(7, 15, 1)
(7, 16, 1)
(7, 17, 1)
(7, 18, 1)
(7, 19, 1)
(7, 20, 1)
(7, 21, 1)
(7, 22, 1)
(7, 23, 1)
(7, 24, 1)
(7, 25, 1)
(7, 26, 1)
(7, 27, 1)
(7, 28, 1)
(7, 29, 1)
(7, 30, 1)
(7, 31, 1)
(7, 32, 1)
(7, 33, 1)
(7, 34, 1)
(7, 35, 1)
(7, 36, 1)
(7, 37, 1)
(7, 38, 1)
(7, 39, 1)

(8, 0, 50)
(8, 1, 50)
(8, 2, 50)
(8, 3, 30)
(8, 4, 30)
(8, 5, 30)
(8, 6, 30)
(8, 7, 30)
(8, 8, 26)
(8, 9, 4)
(8, 10, 2)
(8, 11, 2)
(8, 12, 2)
(8, 13, 2)
(8, 14, 2)
(8, 15, 2)
(8, 16, 2)
(8, 17, 2)
(8, 18, 1)
(8, 19, 1)
(8, 20, 1)
(8, 21, 1)
(8, 22, 1)
(8, 23, 1)
(8, 24, 1)
(8, 25, 1)
(8, 26, 1)
(8, 27, 1)
(8, 28, 1)
(8, 29, 1)
(8, 30, 1)
(8, 31, 1)
(8, 32, 1)
(8, 33, 1)
(8, 34, 1)
(8, 35, 1)
(8, 36, 1)
(8, 37, 1)
(8, 38, 1)
(8, 39, 1)

(9, 0, 50)
(9, 1, 50)
(9, 2, 50)
(9, 3, 30)
(9, 4, 30)
(9, 5, 30)
(9, 6, 30)
(9, 7, 30)
(9, 8, 26)
(9, 9, 4)
(9, 10, 2)
(9, 11, 2)
(9, 12, 2)
(9, 13, 2)
(9, 14, 2)
(9, 15, 2)
(9, 16, 2)
(9, 17, 2)
(9, 18, 1)
(9, 19, 1)
(9, 20, 1)
(9, 21, 1)
(9, 22, 1)
(9, 23, 1)
(9, 24, 1)
(9, 25, 1)
(9, 26, 1)
(9, 27, 1)
(9, 28, 1)
(9, 29, 1)
(9, 30, 1)
(9, 31, 1)
(9, 32, 1)
(9, 33, 1)
(9, 34, 1)
(9, 35, 1)
(9, 36, 1)
(9, 37, 1)
(9, 38, 1)
(9, 39, 1)

(10, 0, 50)
(10, 1, 50)
(10, 2, 50)
(10, 3, 30)
(10, 4, 30)
(10, 5, 30)
(10, 6, 30)
(10, 7, 30)
(10, 8, 26)
(10, 9, 4)
(10, 10, 2)
(10, 11, 2)
(10, 12, 2)
(10, 13, 2)
(10, 14, 2)
(10, 15, 2)
(10, 16, 2)
(10, 17, 2)
(10, 18, 1)
(10, 19, 1)
(10, 20, 1)
(10, 21, 1)
(10, 22, 1)
(10, 23, 1)
(10, 24, 1)
(10, 25, 1)
(10, 26, 1)
(10, 27, 1)
(10, 28, 1)
(10, 29, 1)
(10, 30, 1)
(10, 31, 1)
(10, 32, 1)
(10, 33, 1)
(10, 34, 1)
(10, 35, 1)
(10, 36, 1)
(10, 37, 1)
(10, 38, 1)
(10, 39, 1)

(11, 0, 50)
(11, 1, 50)
(11, 2, 50)
(11, 3, 30)
(11, 4, 30)
(11, 5, 30)
(11, 6, 30)
(11, 7, 30)
(11, 8, 26)
(11, 9, 4)
(11, 10, 2)
(11, 11, 2)
(11, 12, 2)
(11, 13, 2)
(11, 14, 2)
(11, 15, 2)
(11, 16, 2)
(11, 17, 2)
(11, 18, 1)
(11, 19, 1)
(11, 20, 1)
(11, 21, 1)
(11, 22, 1)
(11, 23, 1)
(11, 24, 1)
(11, 25, 1)
(11, 26, 1)
(11, 27, 1)
(11, 28, 1)
(11, 29, 1)
(11, 30, 1)
(11, 31, 1)
(11, 32, 1)
(11, 33, 1)
(11, 34, 1)
(11, 35, 1)
(11, 36, 1)
(11, 37, 1)
(11, 38, 1)
(11, 39, 1)

(12, 0, 50)
(12, 1, 50)
(12, 2, 50)
(12, 3, 30)
(12, 4, 30)
(12, 5, 30)
(12, 6, 30)
(12, 7, 30)
(12, 8, 26)
(12, 9, 4)
(12, 10, 2)
(12, 11, 2)
(12, 12, 2)
(12, 13, 2)
(12, 14, 2)
(12, 15, 2)
(12, 16, 2)
(12, 17, 2)
(12, 18, 1)
(12, 19, 1)
(12, 20, 1)
(12, 21, 1)
(12, 22, 1)
(12, 23, 1)
(12, 24, 1)
(12, 25, 1)
(12, 26, 1)
(12, 27, 1)
(12, 28, 1)
(12, 29, 1)
(12, 30, 1)
(12, 31, 1)
(12, 32, 1)
(12, 33, 1)
(12, 34, 1)
(12, 35, 1)
(12, 36, 1)
(12, 37, 1)
(12, 38, 1)
(12, 39, 1)

(13, 0, 50)
(13, 1, 50)
(13, 2, 50)
(13, 3, 30)
(13, 4, 30)
(13, 5, 30)
(13, 6, 30)
(13, 7, 30)
(13, 8, 26)
(13, 9, 4)
(13, 10, 2)
(13, 11, 2)
(13, 12, 2)
(13, 13, 2)
(13, 14, 2)
(13, 15, 2)
(13, 16, 2)
(13, 17, 2)
(13, 18, 1)
(13, 19, 1)
(13, 20, 1)
(13, 21, 1)
(13, 22, 1)
(13, 23, 1)
(13, 24, 1)
(13, 25, 1)
(13, 26, 1)
(13, 27, 1)
(13, 28, 1)
(13, 29, 1)
(13, 30, 1)
(13, 31, 1)
(13, 32, 1)
(13, 33, 1)
(13, 34, 1)
(13, 35, 1)
(13, 36, 1)
(13, 37, 1)
(13, 38, 1)
(13, 39, 1)

(14, 0, 51)
(14, 1, 51)
(14, 2, 51)
(14, 3, 31)
(14, 4, 31)
(14, 5, 31)
(14, 6, 31)
(14, 7, 31)
(14, 8, 27)
(14, 9, 5)
(14, 10, 3)
(14, 11, 3)
(14, 12, 3)
(14, 13, 3)
(14, 14, 3)
(14, 15, 3)
(14, 16, 3)
(14, 17, 3)
(14, 18, 1)
(14, 19, 1)
(14, 20, 1)
(14, 21, 1)
(14, 22, 1)
(14, 23, 1)
(14, 24, 1)
(14, 25, 1)
(14, 26, 1)
(14, 27, 1)
(14, 28, 1)
(14, 29, 1)
(14, 30, 1)
(14, 31, 1)
(14, 32, 1)
(14, 33, 1)
(14, 34, 1)
(14, 35, 1)
(14, 36, 1)
(14, 37, 1)
(14, 38, 1)
(14, 39, 1)

(15, 0, 55)
(15, 1, 55)
(15, 2, 55)
(15, 3, 35)
(15, 4, 34)
(15, 5, 34)
(15, 6, 34)
(15, 7, 34)
(15, 8, 29)
(15, 9, 7)
(15, 10, 5)
(15, 11, 5)
(15, 12, 5)
(15, 13, 5)
(15, 14, 4)
(15, 15, 4)
(15, 16, 4)
(15, 17, 4)
(15, 18, 2)
(15, 19, 2)
(15, 20, 2)
(15, 21, 2)
(15, 22, 2)
(15, 23, 2)
(15, 24, 2)
(15, 25, 2)
(15, 26, 2)
(15, 27, 2)
(15, 28, 2)
(15, 29, 2)
(15, 30, 2)
(15, 31, 2)
(15, 32, 2)
(15, 33, 2)
(15, 34, 2)
(15, 35, 2)
(15, 36, 2)
(15, 37, 2)
(15, 38, 2)
(15, 39, 2)

(16, 0, 58)
(16, 1, 58)
(16, 2, 58)
(16, 3, 38)
(16, 4, 37)
(16, 5, 36)
(16, 6, 36)
(16, 7, 36)
(16, 8, 30)
(16, 9, 8)
(16, 10, 6)
(16, 11, 6)
(16, 12, 6)
(16, 13, 6)
(16, 14, 5)
(16, 15, 5)
(16, 16, 5)
(16, 17, 5)
(16, 18, 3)
(16, 19, 3)
(16, 20, 3)
(16, 21, 3)
(16, 22, 3)
(16, 23, 3)
(16, 24, 3)
(16, 25, 3)
(16, 26, 3)
(16, 27, 3)
(16, 28, 3)
(16, 29, 3)
(16, 30, 3)
(16, 31, 2)
(16, 32, 2)
(16, 33, 2)
(16, 34, 2)
(16, 35, 2)
(16, 36, 2)
(16, 37, 2)
(16, 38, 2)
(16, 39, 2)

(17, 0, 59)
(17, 1, 59)
(17, 2, 59)
(17, 3, 37)
(17, 4, 36)
(17, 5, 36)
(17, 6, 36)
(17, 7, 36)
(17, 8, 30)
(17, 9, 8)
(17, 10, 6)
(17, 11, 6)
(17, 12, 6)
(17, 13, 6)
(17, 14, 5)
(17, 15, 5)
(17, 16, 5)
(17, 17, 5)
(17, 18, 3)
(17, 19, 3)
(17, 20, 3)
(17, 21, 3)
(17, 22, 3)
(17, 23, 3)
(17, 24, 3)
(17, 25, 3)
(17, 26, 3)
(17, 27, 3)
(17, 28, 3)
(17, 29, 3)
(17, 30, 3)
(17, 31, 2)
(17, 32, 2)
(17, 33, 2)
(17, 34, 2)
(17, 35, 2)
(17, 36, 2)
(17, 37, 2)
(17, 38, 2)
(17, 39, 2)

(18, 0, 59)
(18, 1, 59)
(18, 2, 59)
(18, 3, 37)
(18, 4, 36)
(18, 5, 36)
(18, 6, 36)
(18, 7, 36)
(18, 8, 30)
(18, 9, 8)
(18, 10, 6)
(18, 11, 6)
(18, 12, 6)
(18, 13, 6)
(18, 14, 5)
(18, 15, 5)
(18, 16, 5)
(18, 17, 5)
(18, 18, 3)
(18, 19, 3)
(18, 20, 3)
(18, 21, 3)
(18, 22, 3)
(18, 23, 3)
(18, 24, 3)
(18, 25, 3)
(18, 26, 3)
(18, 27, 3)
(18, 28, 3)
(18, 29, 3)
(18, 30, 3)
(18, 31, 2)
(18, 32, 2)
(18, 33, 2)
(18, 34, 2)
(18, 35, 2)
(18, 36, 2)
(18, 37, 2)
(18, 38, 2)
(18, 39, 2)

(19, 0, 61)
(19, 1, 61)
(19, 2, 61)
(19, 3, 39)
(19, 4, 37)
(19, 5, 37)
(19, 6, 37)
(19, 7, 37)
(19, 8, 30)
(19, 9, 8)
(19, 10, 6)
(19, 11, 6)
(19, 12, 6)
(19, 13, 6)
(19, 14, 5)
(19, 15, 5)
(19, 16, 5)
(19, 17, 5)
(19, 18, 3)
(19, 19, 3)
(19, 20, 3)
(19, 21, 3)
(19, 22, 3)
(19, 23, 3)
(19, 24, 3)
(19, 25, 3)
(19, 26, 3)
(19, 27, 3)
(19, 28, 3)
(19, 29, 3)
(19, 30, 3)
(19, 31, 2)
(19, 32, 2)
(19, 33, 2)
(19, 34, 2)
(19, 35, 2)
(19, 36, 2)
(19, 37, 2)
(19, 38, 2)
(19, 39, 2)

(20, 0, 62)
(20, 1, 62)
(20, 2, 62)
(20, 3, 40)
(20, 4, 38)
(20, 5, 38)
(20, 6, 38)
(20, 7, 38)
(20, 8, 31)
(20, 9, 9)
(20, 10, 7)
(20, 11, 7)
(20, 12, 7)
(20, 13, 7)
(20, 14, 6)
(20, 15, 6)
(20, 16, 6)
(20, 17, 6)
(20, 18, 4)
(20, 19, 4)
(20, 20, 4)
(20, 21, 4)
(20, 22, 4)
(20, 23, 4)
(20, 24, 4)
(20, 25, 4)
(20, 26, 4)
(20, 27, 4)
(20, 28, 4)
(20, 29, 4)
(20, 30, 4)
(20, 31, 3)
(20, 32, 3)
(20, 33, 3)
(20, 34, 3)
(20, 35, 3)
(20, 36, 3)
(20, 37, 3)
(20, 38, 3)
(20, 39, 3)

(21, 0, 66)
(21, 1, 66)
(21, 2, 66)
(21, 3, 44)
(21, 4, 42)
(21, 5, 40)
(21, 6, 40)
(21, 7, 40)
(21, 8, 31)
(21, 9, 9)
(21, 10, 7)
(21, 11, 7)
(21, 12, 7)
(21, 13, 7)
(21, 14, 6)
(21, 15, 6)
(21, 16, 6)
(21, 17, 6)
(21, 18, 4)
(21, 19, 4)
(21, 20, 4)
(21, 21, 4)
(21, 22, 4)
(21, 23, 4)
(21, 24, 4)
(21, 25, 4)
(21, 26, 4)
(21, 27, 4)
(21, 28, 4)
(21, 29, 4)
(21, 30, 4)
(21, 31, 3)
(21, 32, 3)
(21, 33, 3)
(21, 34, 3)
(21, 35, 3)
(21, 36, 3)
(21, 37, 3)
(21, 38, 3)
(21, 39, 3)

(22, 0, 68)
(22, 1, 68)
(22, 2, 68)
(22, 3, 46)
(22, 4, 43)
(22, 5, 41)
(22, 6, 41)
(22, 7, 41)
(22, 8, 32)
(22, 9, 10)
(22, 10, 8)
(22, 11, 8)
(22, 12, 8)
(22, 13, 8)
(22, 14, 7)
(22, 15, 6)
(22, 16, 6)
(22, 17, 6)
(22, 18, 4)
(22, 19, 4)
(22, 20, 4)
(22, 21, 4)
(22, 22, 4)
(22, 23, 4)
(22, 24, 4)
(22, 25, 4)
(22, 26, 4)
(22, 27, 4)
(22, 28, 4)
(22, 29, 4)
(22, 30, 4)
(22, 31, 3)
(22, 32, 3)
(22, 33, 3)
(22, 34, 3)
(22, 35, 3)
(22, 36, 3)
(22, 37, 3)
(22, 38, 3)
(22, 39, 3)

(23, 0, 68)
(23, 1, 68)
(23, 2, 68)
(23, 3, 46)
(23, 4, 43)
(23, 5, 41)
(23, 6, 41)
(23, 7, 41)
(23, 8, 32)
(23, 9, 10)
(23, 10, 8)
(23, 11, 8)
(23, 12, 8)
(23, 13, 8)
(23, 14, 7)
(23, 15, 6)
(23, 16, 6)
(23, 17, 6)
(23, 18, 4)
(23, 19, 4)
(23, 20, 4)
(23, 21, 4)
(23, 22, 4)
(23, 23, 4)
(23, 24, 4)
(23, 25, 4)
(23, 26, 4)
(23, 27, 4)
(23, 28, 4)
(23, 29, 4)
(23, 30, 4)
(23, 31, 3)
(23, 32, 3)
(23, 33, 3)
(23, 34, 3)
(23, 35, 3)
(23, 36, 3)
(23, 37, 3)
(23, 38, 3)
(23, 39, 3)

(24, 0, 68)
(24, 1, 68)
(24, 2, 68)
(24, 3, 46)
(24, 4, 43)
(24, 5, 41)
(24, 6, 41)
(24, 7, 41)
(24, 8, 32)
(24, 9, 10)
(24, 10, 8)
(24, 11, 8)
(24, 12, 8)
(24, 13, 8)
(24, 14, 7)
(24, 15, 6)
(24, 16, 6)
(24, 17, 6)
(24, 18, 4)
(24, 19, 4)
(24, 20, 4)
(24, 21, 4)
(24, 22, 4)
(24, 23, 4)
(24, 24, 4)
(24, 25, 4)
(24, 26, 4)
(24, 27, 4)
(24, 28, 4)
(24, 29, 4)
(24, 30, 4)
(24, 31, 3)
(24, 32, 3)
(24, 33, 3)
(24, 34, 3)
(24, 35, 3)
(24, 36, 3)
(24, 37, 3)
(24, 38, 3)
(24, 39, 3)

(25, 0, 69)
(25, 1, 69)
(25, 2, 69)
(25, 3, 47)
(25, 4, 44)
(25, 5, 42)
(25, 6, 42)
(25, 7, 42)
(25, 8, 33)
(25, 9, 11)
(25, 10, 8)
(25, 11, 8)
(25, 12, 8)
(25, 13, 8)
(25, 14, 7)
(25, 15, 6)
(25, 16, 6)
(25, 17, 6)
(25, 18, 4)
(25, 19, 4)
(25, 20, 4)
(25, 21, 4)
(25, 22, 4)
(25, 23, 4)
(25, 24, 4)
(25, 25, 4)
(25, 26, 4)
(25, 27, 4)
(25, 28, 4)
(25, 29, 4)
(25, 30, 4)
(25, 31, 3)
(25, 32, 3)
(25, 33, 3)
(25, 34, 3)
(25, 35, 3)
(25, 36, 3)
(25, 37, 3)
(25, 38, 3)
(25, 39, 3)

(26, 0, 69)
(26, 1, 69)
(26, 2, 69)
(26, 3, 47)
(26, 4, 44)
(26, 5, 42)
(26, 6, 42)
(26, 7, 42)
(26, 8, 33)
(26, 9, 11)
(26, 10, 8)
(26, 11, 8)
(26, 12, 8)
(26, 13, 8)
(26, 14, 7)
(26, 15, 6)
(26, 16, 6)
(26, 17, 6)
(26, 18, 4)
(26, 19, 4)
(26, 20, 4)
(26, 21, 4)
(26, 22, 4)
(26, 23, 4)
(26, 24, 4)
(26, 25, 4)
(26, 26, 4)
(26, 27, 4)
(26, 28, 4)
(26, 29, 4)
(26, 30, 4)
(26, 31, 3)
(26, 32, 3)
(26, 33, 3)
(26, 34, 3)
(26, 35, 3)
(26, 36, 3)
(26, 37, 3)
(26, 38, 3)
(26, 39, 3)

(27, 0, 69)
(27, 1, 69)
(27, 2, 69)
(27, 3, 47)
(27, 4, 44)
(27, 5, 42)
(27, 6, 42)
(27, 7, 42)
(27, 8, 33)
(27, 9, 11)
(27, 10, 8)
(27, 11, 8)
(27, 12, 8)
(27, 13, 8)
(27, 14, 7)
(27, 15, 6)
(27, 16, 6)
(27, 17, 6)
(27, 18, 4)
(27, 19, 4)
(27, 20, 4)
(27, 21, 4)
(27, 22, 4)
(27, 23, 4)
(27, 24, 4)
(27, 25, 4)
(27, 26, 4)
(27, 27, 4)
(27, 28, 4)
(27, 29, 4)
(27, 30, 4)
(27, 31, 3)
(27, 32, 3)
(27, 33, 3)
(27, 34, 3)
(27, 35, 3)
(27, 36, 3)
(27, 37, 3)
(27, 38, 3)
(27, 39, 3)

(28, 0, 69)
(28, 1, 69)
(28, 2, 69)
(28, 3, 47)
(28, 4, 44)
(28, 5, 42)
(28, 6, 42)
(28, 7, 42)
(28, 8, 33)
(28, 9, 11)
(28, 10, 8)
(28, 11, 8)
(28, 12, 8)
(28, 13, 8)
(28, 14, 7)
(28, 15, 6)
(28, 16, 6)
(28, 17, 6)
(28, 18, 4)
(28, 19, 4)
(28, 20, 4)
(28, 21, 4)
(28, 22, 4)
(28, 23, 4)
(28, 24, 4)
(28, 25, 4)
(28, 26, 4)
(28, 27, 4)
(28, 28, 4)
(28, 29, 4)
(28, 30, 4)
(28, 31, 3)
(28, 32, 3)
(28, 33, 3)
(28, 34, 3)
(28, 35, 3)
(28, 36, 3)
(28, 37, 3)
(28, 38, 3)
(28, 39, 3)

(29, 0, 70)
(29, 1, 70)
(29, 2, 70)
(29, 3, 48)
(29, 4, 45)
(29, 5, 43)
(29, 6, 43)
(29, 7, 43)
(29, 8, 34)
(29, 9, 12)
(29, 10, 9)
(29, 11, 9)
(29, 12, 9)
(29, 13, 9)
(29, 14, 8)
(29, 15, 7)
(29, 16, 7)
(29, 17, 7)
(29, 18, 5)
(29, 19, 5)
(29, 20, 5)
(29, 21, 5)
(29, 22, 5)
(29, 23, 5)
(29, 24, 5)
(29, 25, 4)
(29, 26, 4)
(29, 27, 4)
(29, 28, 4)
(29, 29, 4)
(29, 30, 4)
(29, 31, 3)
(29, 32, 3)
(29, 33, 3)
(29, 34, 3)
(29, 35, 3)
(29, 36, 3)
(29, 37, 3)
(29, 38, 3)
(29, 39, 2)

(30, 0, 72)
(30, 1, 72)
(30, 2, 72)
(30, 3, 50)
(30, 4, 47)
(30, 5, 44)
(30, 6, 44)
(30, 7, 44)
(30, 8, 35)
(30, 9, 13)
(30, 10, 10)
(30, 11, 10)
(30, 12, 10)
(30, 13, 10)
(30, 14, 9)
(30, 15, 8)
(30, 16, 8)
(30, 17, 8)
(30, 18, 6)
(30, 19, 6)
(30, 20, 5)
(30, 21, 5)
(30, 22, 5)
(30, 23, 5)
(30, 24, 5)
(30, 25, 4)
(30, 26, 4)
(30, 27, 4)
(30, 28, 4)
(30, 29, 4)
(30, 30, 4)
(30, 31, 3)
(30, 32, 3)
(30, 33, 2)
(30, 34, 1)
(30, 35, 1)
(30, 36, 1)
(30, 37, 1)
(30, 38, 1)
(30, 39, 1)

(31, 0, 74)
(31, 1, 72)
(31, 2, 72)
(31, 3, 50)
(31, 4, 47)
(31, 5, 44)
(31, 6, 44)
(31, 7, 44)
(31, 8, 35)
(31, 9, 13)
(31, 10, 10)
(31, 11, 10)
(31, 12, 10)
(31, 13, 10)
(31, 14, 9)
(31, 15, 8)
(31, 16, 8)
(31, 17, 8)
(31, 18, 6)
(31, 19, 6)
(31, 20, 5)
(31, 21, 5)
(31, 22, 5)
(31, 23, 5)
(31, 24, 5)
(31, 25, 4)
(31, 26, 4)
(31, 27, 4)
(31, 28, 4)
(31, 29, 3)
(31, 30, 3)
(31, 31, 2)
(31, 32, 2)
(31, 33, 2)
(31, 34, 1)
(31, 35, 1)
(31, 36, 1)
(31, 37, 1)
(31, 38, 1)
(31, 39, 1)

(32, 0, 75)
(32, 1, 73)
(32, 2, 73)
(32, 3, 51)
(32, 4, 48)
(32, 5, 45)
(32, 6, 45)
(32, 7, 45)
(32, 8, 36)
(32, 9, 13)
(32, 10, 10)
(32, 11, 10)
(32, 12, 10)
(32, 13, 10)
(32, 14, 9)
(32, 15, 8)
(32, 16, 8)
(32, 17, 8)
(32, 18, 6)
(32, 19, 6)
(32, 20, 5)
(32, 21, 5)
(32, 22, 5)
(32, 23, 5)
(32, 24, 5)
(32, 25, 4)
(32, 26, 4)
(32, 27, 4)
(32, 28, 4)
(32, 29, 3)
(32, 30, 3)
(32, 31, 2)
(32, 32, 2)
(32, 33, 2)
(32, 34, 1)
(32, 35, 1)
(32, 36, 1)
(32, 37, 1)
(32, 38, 1)
(32, 39, 1)

(33, 0, 75)
(33, 1, 73)
(33, 2, 73)
(33, 3, 51)
(33, 4, 48)
(33, 5, 45)
(33, 6, 45)
(33, 7, 45)
(33, 8, 36)
(33, 9, 13)
(33, 10, 10)
(33, 11, 10)
(33, 12, 10)
(33, 13, 10)
(33, 14, 9)
(33, 15, 8)
(33, 16, 8)
(33, 17, 8)
(33, 18, 6)
(33, 19, 6)
(33, 20, 5)
(33, 21, 5)
(33, 22, 5)
(33, 23, 5)
(33, 24, 5)
(33, 25, 4)
(33, 26, 4)
(33, 27, 4)
(33, 28, 4)
(33, 29, 3)
(33, 30, 3)
(33, 31, 2)
(33, 32, 2)
(33, 33, 2)
(33, 34, 1)
(33, 35, 1)
(33, 36, 1)
(33, 37, 1)
(33, 38, 1)
(33, 39, 1)

(34, 0, 76)
(34, 1, 74)
(34, 2, 74)
(34, 3, 52)
(34, 4, 49)
(34, 5, 45)
(34, 6, 45)
(34, 7, 45)
(34, 8, 36)
(34, 9, 13)
(34, 10, 10)
(34, 11, 10)
(34, 12, 10)
(34, 13, 10)
(34, 14, 9)
(34, 15, 8)
(34, 16, 8)
(34, 17, 8)
(34, 18, 6)
(34, 19, 6)
(34, 20, 5)
(34, 21, 5)
(34, 22, 5)
(34, 23, 5)
(34, 24, 5)
(34, 25, 4)
(34, 26, 4)
(34, 27, 4)
(34, 28, 4)
(34, 29, 3)
(34, 30, 3)
(34, 31, 2)
(34, 32, 2)
(34, 33, 2)
(34, 34, 1)
(34, 35, 1)
(34, 36, 1)
(34, 37, 1)
(34, 38, 1)
(34, 39, 1)

(35, 0, 80)
(35, 1, 76)
(35, 2, 76)
(35, 3, 53)
(35, 4, 50)
(35, 5, 46)
(35, 6, 46)
(35, 7, 46)
(35, 8, 37)
(35, 9, 14)
(35, 10, 11)
(35, 11, 11)
(35, 12, 11)
(35, 13, 11)
(35, 14, 9)
(35, 15, 8)
(35, 16, 8)
(35, 17, 8)
(35, 18, 6)
(35, 19, 6)
(35, 20, 5)
(35, 21, 5)
(35, 22, 5)
(35, 23, 5)
(35, 24, 5)
(35, 25, 4)
(35, 26, 4)
(35, 27, 4)
(35, 28, 4)
(35, 29, 2)
(35, 30, 2)
(35, 31, 1)
(35, 32, 1)
(35, 33, 1)
(35, 34, 1)
(35, 35, 1)
(35, 36, 1)
(35, 37, 1)
(35, 38, 1)
(35, 39, 1)

(36, 0, 85)
(36, 1, 77)
(36, 2, 76)
(36, 3, 53)
(36, 4, 50)
(36, 5, 46)
(36, 6, 46)
(36, 7, 46)
(36, 8, 37)
(36, 9, 14)
(36, 10, 11)
(36, 11, 11)
(36, 12, 11)
(36, 13, 10)
(36, 14, 9)
(36, 15, 8)
(36, 16, 8)
(36, 17, 8)
(36, 18, 6)
(36, 19, 6)
(36, 20, 5)
(36, 21, 5)
(36, 22, 5)
(36, 23, 4)
(36, 24, 4)
(36, 25, 4)
(36, 26, 4)
(36, 27, 4)
(36, 28, 4)
(36, 29, 2)
(36, 30, 2)
(36, 31, 1)
(36, 32, 1)
(36, 33, 1)
(36, 34, 1)
(36, 35, 1)
(36, 36, 1)
(36, 37, 1)
(36, 38, 1)
(36, 39, 1)

(37, 0, 91)
(37, 1, 78)
(37, 2, 77)
(37, 3, 54)
(37, 4, 51)
(37, 5, 47)
(37, 6, 47)
(37, 7, 47)
(37, 8, 37)
(37, 9, 14)
(37, 10, 11)
(37, 11, 10)
(37, 12, 10)
(37, 13, 9)
(37, 14, 8)
(37, 15, 7)
(37, 16, 7)
(37, 17, 7)
(37, 18, 5)
(37, 19, 5)
(37, 20, 4)
(37, 21, 4)
(37, 22, 4)
(37, 23, 4)
(37, 24, 4)
(37, 25, 4)
(37, 26, 4)
(37, 27, 4)
(37, 28, 4)
(37, 29, 2)
(37, 30, 2)
(37, 31, 1)
(37, 32, 1)
(37, 33, 1)
(37, 34, 1)
(37, 35, 1)
(37, 36, 1)
(37, 37, 1)
(37, 38, 1)
(37, 39, 1)

(38, 0, 97)
(38, 1, 80)
(38, 2, 79)
(38, 3, 56)
(38, 4, 52)
(38, 5, 48)
(38, 6, 47)
(38, 7, 47)
(38, 8, 38)
(38, 9, 14)
(38, 10, 10)
(38, 11, 10)
(38, 12, 10)
(38, 13, 9)
(38, 14, 8)
(38, 15, 7)
(38, 16, 7)
(38, 17, 7)
(38, 18, 5)
(38, 19, 5)
(38, 20, 4)
(38, 21, 4)
(38, 22, 4)
(38, 23, 4)
(38, 24, 4)
(38, 25, 3)
(38, 26, 3)
(38, 27, 3)
(38, 28, 3)
(38, 29, 2)
(38, 30, 2)
(38, 31, 1)
(38, 32, 1)
(38, 33, 1)
(38, 34, 1)
(38, 35, 1)
(38, 36, 1)
(38, 37, 1)
(38, 38, 1)
(38, 39, 1)

(39, 0, 101)
(39, 1, 79)
(39, 2, 78)
(39, 3, 55)
(39, 4, 51)
(39, 5, 47)
(39, 6, 46)
(39, 7, 46)
(39, 8, 37)
(39, 9, 14)
(39, 10, 10)
(39, 11, 10)
(39, 12, 9)
(39, 13, 9)
(39, 14, 8)
(39, 15, 7)
(39, 16, 7)
(39, 17, 7)
(39, 18, 5)
(39, 19, 5)
(39, 20, 4)
(39, 21, 4)
(39, 22, 4)
(39, 23, 4)
(39, 24, 4)
(39, 25, 3)
(39, 26, 3)
(39, 27, 3)
(39, 28, 3)
(39, 29, 2)
(39, 30, 2)
(39, 31, 1)
(39, 32, 1)
(39, 33, 1)
(39, 34, 1)
(39, 35, 1)
(39, 36, 1)
(39, 37, 1)
(39, 38, 1)
(39, 39, 1)


Betti numbers:
xi_0:
(0, 0, 3)
(1, 0, 3)
(2, 0, 4)
(3, 0, 4)
(4, 0, 9)
(5, 0, 13)
(6, 0, 5)
(7, 0, 7)
(8, 0, 2)
(14, 0, 1)
(15, 0, 4)
(16, 0, 3)
(17, 0, 1)
(19, 0, 2)
(20, 0, 1)
(21, 0, 4)
(22, 0, 2)
(25, 0, 1)
(29, 0, 1)
(30, 0, 2)
(31, 0, 2)
(32, 0, 1)
(34, 0, 1)
(35, 0, 4)
(36, 0, 5)
(37, 0, 6)
(38, 0, 8)
(39, 0, 5)
xi_1:
(0, 8, 1)
(0, 9, 1)
(1, 3, 1)
(1, 9, 1)
(1, 19, 1)
(2, 3, 1)
(2, 9, 2)
(2, 10, 2)
(3, 3, 2)
(3, 9, 3)
(4, 3, 2)
(4, 8, 1)
(4, 9, 5)
(5, 3, 4)
(5, 8, 1)
(5, 9, 7)
(5, 10, 1)
(5, 19, 1)
(6, 3, 4)
(6, 9, 1)
(6, 10, 1)
(7, 3, 6)
(7, 9, 2)
(8, 8, 1)
(8, 18, 1)
(14, 18, 1)
(15, 4, 1)
(15, 8, 1)
(15, 14, 1)
(16, 5, 1)
(16, 8, 1)
(16, 31, 1)
(17, 3, 2)
(19, 4, 1)
(19, 8, 1)
(21, 5, 2)
(21, 8, 2)
(22, 4, 1)
(22, 15, 1)
(25, 10, 1)
(29, 25, 1)
(29, 39, 1)
(30, 5, 1)
(30, 20, 1)
(30, 33, 1)
(30, 34, 1)
(31, 1, 2)
(31, 29, 1)
(32, 9, 1)
(34, 5, 1)
(35, 1, 2)
(35, 3, 1)
(35, 14, 1)
(35, 29, 1)
(36, 1, 4)
(36, 2, 1)
(36, 13, 1)
(36, 23, 1)
(37, 1, 5)
(37, 8, 1)
(37, 11, 1)
(38, 0, 2)
(38, 1, 6)
(38, 4, 1)
(38, 6, 1)
(38, 9, 1)
(38, 10, 1)
(38, 25, 1)
(39, 0, 1)
(39, 1, 5)
(39, 12, 1)
xi_2:
(2, 19, 1)
(3, 10, 1)
(6, 19, 1)
(7, 10, 1)
(17, 5, 1)
(30, 39, 1)
(31, 33, 1)
(35, 34, 1)
(36, 14, 1)
(36, 25, 1)
(37, 23, 1)
(38, 1, 2)
(38, 8, 1)
(38, 11, 1)
(38, 29, 1)
(39, 9, 1)
(39, 13, 1)
