x-grades
-5165833683752457497/400000000000000000
-2534030780295373697/200000000000000000
-4970289437429037291/400000000000000000
-1218129328566831797/100000000000000000
-954949038221123417/80000000000000000
-2338486533971953491/200000000000000000
-4579200944782196879/400000000000000000
-560178602702560847/50000000000000000
-4383656698458776673/400000000000000000
-428588457529706657/40000000000000000
-4188112452135356467/400000000000000000
-1022585082243411591/100000000000000000
-3992568205811936261/400000000000000000
-1947398041325113079/200000000000000000
-759404791897703211/80000000000000000
-57800809942606343/6250000000000000
-3601479713165095849/400000000000000000
-1751853795001692873/200000000000000000
-3405935466841675643/400000000000000000
-165408167183998277/20000000000000000
-3210391220518255437/400000000000000000
-1556309548678272667/200000000000000000
-3014846974194835231/400000000000000000
-364634356379140641/50000000000000000
-112772109114856601/16000000000000000
-1360765302354852461/200000000000000000
-2623758481547994819/400000000000000000
-631496589596571179/100000000000000000
-2428214235224574613/400000000000000000
-233044211206286451/40000000000000000
-2232669988901154407/400000000000000000
-133431116608715269/25000000000000000
-2037125742577734201/400000000000000000
-969676809708012049/200000000000000000
-368316299250862799/80000000000000000
-435952343273150973/100000000000000000
-1646037249930893789/400000000000000000
-774132563384591843/200000000000000000
-1450493003607473583/400000000000000000
-33818022011144087/10000000000000000

y-grades
4999509/2000000
4999509/1000000
14998527/2000000
4999509/500000
4999509/400000
14998527/1000000
34996563/2000000
4999509/250000
44995581/2000000
4999509/200000
54994599/2000000
14998527/500000
64993617/2000000
34996563/1000000
14998527/400000
4999509/125000
84991653/2000000
44995581/1000000
94990671/2000000
4999509/100000
104989689/2000000
54994599/1000000
114988707/2000000
14998527/250000
4999509/80000
64993617/1000000
134986743/2000000
34996563/500000
144985761/2000000
14998527/200000
154984779/2000000
4999509/62500
164983797/2000000
84991653/1000000
34996563/400000
44995581/500000
184981833/2000000
94990671/1000000
194980851/2000000
4999509/50000

Dimensions > 0:
(0, 0, 1)
(0, 1, 1)
(0, 2, 1)
(0, 3, 1)
(0, 4, 1)
(0, 5, 1)
(0, 6, 1)
(0, 7, 1)
(0, 8, 1)
(0, 9, 1)
(0, 10, 1)
(0, 11, 1)
(0, 12, 1)
(0, 13, 1)
(0, 14, 1)
(0, 15, 1)
(0, 16, 1)
(0, 17, 1)
(0, 18, 1)
(0, 19, 1)
(0, 20, 1)
(0, 21, 1)
(0, 22, 1)
(0, 23, 1)
(0, 24, 1)
(0, 25, 1)
(0, 26, 1)
(0, 27, 1)
(0, 28, 1)
(0, 29, 1)
(0, 30, 1)
(0, 31, 1)
(0, 32, 1)
(0, 33, 1)
(0, 34, 1)
(0, 35, 1)
(0, 36, 1)
(0, 37, 1)
(0, 38, 1)
(0, 39, 1)

(1, 0, 2)
(1, 1, 2)
(1, 2, 2)
(1, 3, 2)
(1, 4, 2)
(1, 5, 1)
(1, 6, 1)
(1, 7, 1)
(1, 8, 1)
(1, 9, 1)
(1, 10, 1)
(1, 11, 1)
(1, 12, 1)
(1, 13, 1)
(1, 14, 1)
(1, 15, 1)
(1, 16, 1)
(1, 17, 1)
(1, 18, 1)
(1, 19, 1)
(1, 20, 1)
(1, 21, 1)
(1, 22, 1)
(1, 23, 1)
(1, 24, 1)
(1, 25, 1)
(1, 26, 1)
(1, 27, 1)
(1, 28, 1)
(1, 29, 1)
(1, 30, 1)
(1, 31, 1)
(1, 32, 1)
(1, 33, 1)
(1, 34, 1)
(1, 35, 1)
(1, 36, 1)
(1, 37, 1)
(1, 38, 1)
(1, 39, 1)

(2, 0, 5)
(2, 1, 2)
(2, 2, 2)
(2, 3, 2)
(2, 4, 2)
(2, 5, 1)
(2, 6, 1)
(2, 7, 1)
(2, 8, 1)
(2, 9, 1)
(2, 10, 1)
(2, 11, 1)
(2, 12, 1)
(2, 13, 1)
(2, 14, 1)
(2, 15, 1)
(2, 16, 1)
(2, 17, 1)
(2, 18, 1)
(2, 19, 1)
(2, 20, 1)
(2, 21, 1)
(2, 22, 1)
(2, 23, 1)
(2, 24, 1)
(2, 25, 1)
(2, 26, 1)
(2, 27, 1)
(2, 28, 1)
(2, 29, 1)
(2, 30, 1)
(2, 31, 1)
(2, 32, 1)
(2, 33, 1)
(2, 34, 1)
(2, 35, 1)
(2, 36, 1)
(2, 37, 1)
(2, 38, 1)
(2, 39, 1)

(3, 0, 5)
(3, 1, 2)
(3, 2, 2)
(3, 3, 2)
(3, 4, 2)
(3, 5, 1)
(3, 6, 1)
(3, 7, 1)
(3, 8, 1)
(3, 9, 1)
(3, 10, 1)
(3, 11, 1)
(3, 12, 1)
(3, 13, 1)
(3, 14, 1)
(3, 15, 1)
(3, 16, 1)
(3, 17, 1)
(3, 18, 1)
(3, 19, 1)
(3, 20, 1)
(3, 21, 1)
(3, 22, 1)
(3, 23, 1)
(3, 24, 1)
(3, 25, 1)
(3, 26, 1)
(3, 27, 1)
(3, 28, 1)
(3, 29, 1)
(3, 30, 1)
(3, 31, 1)
(3, 32, 1)
(3, 33, 1)
(3, 34, 1)
(3, 35, 1)
(3, 36, 1)
(3, 37, 1)
(3, 38, 1)
(3, 39, 1)

(4, 0, 5)
(4, 1, 2)
(4, 2, 2)
(4, 3, 2)
(4, 4, 2)
(4, 5, 1)
(4, 6, 1)
(4, 7, 1)
(4, 8, 1)
(4, 9, 1)
(4, 10, 1)
(4, 11, 1)
(4, 12, 1)
(4, 13, 1)
(4, 14, 1)
(4, 15, 1)
(4, 16, 1)
(4, 17, 1)
(4, 18, 1)
(4, 19, 1)
(4, 20, 1)
(4, 21, 1)
(4, 22, 1)
(4, 23, 1)
(4, 24, 1)
(4, 25, 1)
(4, 26, 1)
(4, 27, 1)
(4, 28, 1)
(4, 29, 1)
(4, 30, 1)
(4, 31, 1)
(4, 32, 1)
(4, 33, 1)
(4, 34, 1)
(4, 35, 1)
(4, 36, 1)
(4, 37, 1)
(4, 38, 1)
(4, 39, 1)

(5, 0, 5)
(5, 1, 2)
(5, 2, 2)
(5, 3, 2)
(5, 4, 2)
(5, 5, 1)
(5, 6, 1)
(5, 7, 1)
(5, 8, 1)
(5, 9, 1)
(5, 10, 1)
(5, 11, 1)
(5, 12, 1)
(5, 13, 1)
(5, 14, 1)
(5, 15, 1)
(5, 16, 1)
(5, 17, 1)
(5, 18, 1)
(5, 19, 1)
(5, 20, 1)
(5, 21, 1)
(5, 22, 1)
(5, 23, 1)
(5, 24, 1)
(5, 25, 1)
(5, 26, 1)
(5, 27, 1)
(5, 28, 1)
(5, 29, 1)
(5, 30, 1)
(5, 31, 1)
(5, 32, 1)
(5, 33, 1)
(5, 34, 1)
(5, 35, 1)
(5, 36, 1)
(5, 37, 1)
(5, 38, 1)
(5, 39, 1)

(6, 0, 16)
(6, 1, 6)
(6, 2, 6)
(6, 3, 6)
(6, 4, 6)
(6, 5, 5)
(6, 6, 5)
(6, 7, 5)
(6, 8, 5)
(6, 9, 5)
(6, 10, 5)
(6, 11, 5)
(6, 12, 5)
(6, 13, 5)
(6, 14, 5)
(6, 15, 5)
(6, 16, 5)
(6, 17, 5)
(6, 18, 5)
(6, 19, 5)
(6, 20, 5)
(6, 21, 5)
(6, 22, 2)
(6, 23, 2)
(6, 24, 2)
(6, 25, 2)
(6, 26, 2)
(6, 27, 2)
(6, 28, 2)
(6, 29, 2)
(6, 30, 2)
(6, 31, 2)
(6, 32, 2)
(6, 33, 2)
(6, 34, 2)
(6, 35, 2)
(6, 36, 2)
(6, 37, 2)
(6, 38, 2)
(6, 39, 2)

(7, 0, 24)
(7, 1, 7)
(7, 2, 7)
(7, 3, 7)
(7, 4, 7)
(7, 5, 6)
(7, 6, 6)
(7, 7, 6)
(7, 8, 6)
(7, 9, 6)
(7, 10, 6)
(7, 11, 6)
(7, 12, 6)
(7, 13, 6)
(7, 14, 6)
(7, 15, 6)
(7, 16, 6)
(7, 17, 6)
(7, 18, 6)
(7, 19, 6)
(7, 20, 6)
(7, 21, 6)
(7, 22, 2)
(7, 23, 2)
(7, 24, 2)
(7, 25, 2)
(7, 26, 2)
(7, 27, 2)
(7, 28, 2)
(7, 29, 2)
(7, 30, 2)
(7, 31, 2)
(7, 32, 2)
(7, 33, 2)
(7, 34, 2)
(7, 35, 2)
(7, 36, 2)
(7, 37, 2)
(7, 38, 2)
(7, 39, 2)

(8, 0, 34)
(8, 1, 10)
(8, 2, 10)
(8, 3, 10)
(8, 4, 10)
(8, 5, 9)
(8, 6, 9)
(8, 7, 9)
(8, 8, 9)
(8, 9, 9)
(8, 10, 9)
(8, 11, 9)
(8, 12, 9)
(8, 13, 9)
(8, 14, 9)
(8, 15, 9)
(8, 16, 9)
(8, 17, 9)
(8, 18, 9)
(8, 19, 9)
(8, 20, 9)
(8, 21, 9)
(8, 22, 3)
(8, 23, 3)
(8, 24, 3)
(8, 25, 3)
(8, 26, 3)
(8, 27, 3)
(8, 28, 3)
(8, 29, 3)
(8, 30, 3)
(8, 31, 3)
(8, 32, 3)
(8, 33, 3)
(8, 34, 3)
(8, 35, 3)
(8, 36, 3)
(8, 37, 3)
(8, 38, 3)
(8, 39, 3)

(9, 0, 39)
(9, 1, 14)
(9, 2, 13)
(9, 3, 13)
(9, 4, 13)
(9, 5, 11)
(9, 6, 11)
(9, 7, 11)
(9, 8, 11)
(9, 9, 11)
(9, 10, 11)
(9, 11, 11)
(9, 12, 11)
(9, 13, 11)
(9, 14, 11)
(9, 15, 11)
(9, 16, 11)
(9, 17, 11)
(9, 18, 11)
(9, 19, 11)
(9, 20, 11)
(9, 21, 11)
(9, 22, 3)
(9, 23, 3)
(9, 24, 3)
(9, 25, 3)
(9, 26, 3)
(9, 27, 3)
(9, 28, 3)
(9, 29, 3)
(9, 30, 3)
(9, 31, 3)
(9, 32, 3)
(9, 33, 3)
(9, 34, 3)
(9, 35, 3)
(9, 36, 3)
(9, 37, 3)
(9, 38, 3)
(9, 39, 3)

(10, 0, 46)
(10, 1, 14)
(10, 2, 13)
(10, 3, 13)
(10, 4, 13)
(10, 5, 11)
(10, 6, 11)
(10, 7, 11)
(10, 8, 11)
(10, 9, 11)
(10, 10, 11)
(10, 11, 11)
(10, 12, 11)
(10, 13, 11)
(10, 14, 11)
(10, 15, 11)
(10, 16, 11)
(10, 17, 11)
(10, 18, 11)
(10, 19, 11)
(10, 20, 11)
(10, 21, 11)
(10, 22, 3)
(10, 23, 3)
(10, 24, 3)
(10, 25, 3)
(10, 26, 3)
(10, 27, 3)
(10, 28, 3)
(10, 29, 3)
(10, 30, 3)
(10, 31, 3)
(10, 32, 3)
(10, 33, 3)
(10, 34, 3)
(10, 35, 3)
(10, 36, 3)
(10, 37, 3)
(10, 38, 3)
(10, 39, 3)

(11, 0, 54)
(11, 1, 17)
(11, 2, 16)
(11, 3, 16)
(11, 4, 16)
(11, 5, 14)
(11, 6, 14)
(11, 7, 14)
(11, 8, 14)
(11, 9, 14)
(11, 10, 14)
(11, 11, 14)
(11, 12, 14)
(11, 13, 14)
(11, 14, 14)
(11, 15, 14)
(11, 16, 14)
(11, 17, 14)
(11, 18, 14)
(11, 19, 13)
(11, 20, 13)
(11, 21, 13)
(11, 22, 3)
(11, 23, 3)
(11, 24, 3)
(11, 25, 3)
(11, 26, 3)
(11, 27, 3)
(11, 28, 3)
(11, 29, 3)
(11, 30, 3)
(11, 31, 3)
(11, 32, 3)
(11, 33, 3)
(11, 34, 3)
(11, 35, 3)
(11, 36, 3)
(11, 37, 3)
(11, 38, 3)
(11, 39, 3)

(12, 0, 56)
(12, 1, 19)
(12, 2, 16)
(12, 3, 16)
(12, 4, 16)
(12, 5, 14)
(12, 6, 14)
(12, 7, 14)
(12, 8, 14)
(12, 9, 14)
(12, 10, 14)
(12, 11, 14)
(12, 12, 14)
(12, 13, 14)
(12, 14, 14)
(12, 15, 14)
(12, 16, 14)
(12, 17, 14)
(12, 18, 14)
(12, 19, 13)
(12, 20, 13)
(12, 21, 13)
(12, 22, 3)
(12, 23, 3)
(12, 24, 3)
(12, 25, 3)
(12, 26, 3)
(12, 27, 3)
(12, 28, 3)
(12, 29, 3)
(12, 30, 3)
(12, 31, 3)
(12, 32, 3)
(12, 33, 3)
(12, 34, 3)
(12, 35, 3)
(12, 36, 3)
(12, 37, 3)
(12, 38, 3)
(12, 39, 3)

(13, 0, 62)
(13, 1, 22)
(13, 2, 19)
(13, 3, 19)
(13, 4, 19)
(13, 5, 17)
(13, 6, 17)
(13, 7, 17)
(13, 8, 17)
(13, 9, 16)
(13, 10, 16)
(13, 11, 16)
(13, 12, 16)
(13, 13, 16)
(13, 14, 16)
(13, 15, 16)
(13, 16, 16)
(13, 17, 16)
(13, 18, 16)
(13, 19, 14)
(13, 20, 14)
(13, 21, 14)
(13, 22, 4)
(13, 23, 4)
(13, 24, 4)
(13, 25, 4)
(13, 26, 4)
(13, 27, 4)
(13, 28, 4)
(13, 29, 4)
(13, 30, 4)
(13, 31, 4)
(13, 32, 4)
(13, 33, 4)
(13, 34, 4)
(13, 35, 4)
(13, 36, 4)
(13, 37, 4)
(13, 38, 4)
(13, 39, 4)

(14, 0, 66)
(14, 1, 24)
(14, 2, 21)
(14, 3, 20)
(14, 4, 20)
(14, 5, 18)
(14, 6, 18)
(14, 7, 18)
(14, 8, 18)
(14, 9, 17)
(14, 10, 17)
(14, 11, 17)
(14, 12, 17)
(14, 13, 17)
(14, 14, 17)
(14, 15, 17)
(14, 16, 17)
(14, 17, 17)
(14, 18, 17)
(14, 19, 15)
(14, 20, 15)
(14, 21, 15)
(14, 22, 4)
(14, 23, 4)
(14, 24, 4)
(14, 25, 4)
(14, 26, 4)
(14, 27, 4)
(14, 28, 4)
(14, 29, 4)
(14, 30, 4)
(14, 31, 4)
(14, 32, 4)
(14, 33, 4)
(14, 34, 4)
(14, 35, 4)
(14, 36, 4)
(14, 37, 4)
(14, 38, 4)
(14, 39, 4)

(15, 0, 74)
(15, 1, 26)
(15, 2, 23)
(15, 3, 22)
(15, 4, 22)
(15, 5, 20)
(15, 6, 20)
(15, 7, 20)
(15, 8, 20)
(15, 9, 19)
(15, 10, 19)
(15, 11, 19)
(15, 12, 19)
(15, 13, 19)
(15, 14, 19)
(15, 15, 18)
(15, 16, 18)
(15, 17, 17)
(15, 18, 17)
(15, 19, 16)
(15, 20, 16)
(15, 21, 16)
(15, 22, 4)
(15, 23, 4)
(15, 24, 4)
(15, 25, 4)
(15, 26, 4)
(15, 27, 4)
(15, 28, 4)
(15, 29, 4)
(15, 30, 4)
(15, 31, 4)
(15, 32, 4)
(15, 33, 4)
(15, 34, 4)
(15, 35, 4)
(15, 36, 4)
(15, 37, 4)
(15, 38, 4)
(15, 39, 4)

(16, 0, 75)
(16, 1, 27)
(16, 2, 24)
(16, 3, 23)
(16, 4, 23)
(16, 5, 20)
(16, 6, 20)
(16, 7, 20)
(16, 8, 20)
(16, 9, 19)
(16, 10, 19)
(16, 11, 19)
(16, 12, 19)
(16, 13, 19)
(16, 14, 19)
(16, 15, 18)
(16, 16, 18)
(16, 17, 17)
(16, 18, 17)
(16, 19, 16)
(16, 20, 16)
(16, 21, 16)
(16, 22, 4)
(16, 23, 4)
(16, 24, 4)
(16, 25, 4)
(16, 26, 4)
(16, 27, 4)
(16, 28, 4)
(16, 29, 4)
(16, 30, 4)
(16, 31, 4)
(16, 32, 4)
(16, 33, 4)
(16, 34, 4)
(16, 35, 4)
(16, 36, 4)
(16, 37, 4)
(16, 38, 4)
(16, 39, 4)

(17, 0, 83)
(17, 1, 29)
(17, 2, 26)
(17, 3, 25)
(17, 4, 25)
(17, 5, 22)
(17, 6, 22)
(17, 7, 22)
(17, 8, 22)
(17, 9, 21)
(17, 10, 21)
(17, 11, 21)
(17, 12, 21)
(17, 13, 21)
(17, 14, 21)
(17, 15, 20)
(17, 16, 20)
(17, 17, 19)
(17, 18, 19)
(17, 19, 18)
(17, 20, 18)
(17, 21, 18)
(17, 22, 4)
(17, 23, 4)
(17, 24, 4)
(17, 25, 4)
(17, 26, 4)
(17, 27, 4)
(17, 28, 4)
(17, 29, 4)
(17, 30, 4)
(17, 31, 4)
(17, 32, 4)
(17, 33, 4)
(17, 34, 4)
(17, 35, 4)
(17, 36, 4)
(17, 37, 4)
(17, 38, 4)
(17, 39, 4)

(18, 0, 83)
(18, 1, 30)
(18, 2, 27)
(18, 3, 26)
(18, 4, 26)
(18, 5, 23)
(18, 6, 23)
(18, 7, 23)
(18, 8, 23)
(18, 9, 22)
(18, 10, 22)
(18, 11, 22)
(18, 12, 22)
(18, 13, 22)
(18, 14, 22)
(18, 15, 21)
(18, 16, 21)
(18, 17, 20)
(18, 18, 20)
(18, 19, 19)
(18, 20, 19)
(18, 21, 19)
(18, 22, 4)
(18, 23, 4)
(18, 24, 4)
(18, 25, 4)
(18, 26, 4)
(18, 27, 4)
(18, 28, 4)
(18, 29, 4)
(18, 30, 4)
(18, 31, 4)
(18, 32, 4)
(18, 33, 4)
(18, 34, 4)
(18, 35, 4)
(18, 36, 4)
(18, 37, 4)
(18, 38, 4)
(18, 39, 4)

(19, 0, 88)
(19, 1, 31)
(19, 2, 28)
(19, 3, 27)
(19, 4, 27)
(19, 5, 24)
(19, 6, 24)
(19, 7, 24)
(19, 8, 24)
(19, 9, 23)
(19, 10, 23)
(19, 11, 23)
(19, 12, 23)
(19, 13, 23)
(19, 14, 23)
(19, 15, 22)
(19, 16, 22)
(19, 17, 21)
(19, 18, 21)
(19, 19, 20)
(19, 20, 20)
(19, 21, 20)
(19, 22, 5)
(19, 23, 5)
(19, 24, 5)
(19, 25, 5)
(19, 26, 5)
(19, 27, 5)
(19, 28, 5)
(19, 29, 5)
(19, 30, 5)
(19, 31, 5)
(19, 32, 5)
(19, 33, 5)
(19, 34, 5)
(19, 35, 5)
(19, 36, 5)
(19, 37, 5)
(19, 38, 5)
(19, 39, 5)

(20, 0, 94)
(20, 1, 33)
(20, 2, 30)
(20, 3, 29)
(20, 4, 29)
(20, 5, 26)
(20, 6, 26)
(20, 7, 26)
(20, 8, 26)
(20, 9, 25)
(20, 10, 25)
(20, 11, 25)
(20, 12, 25)
(20, 13, 25)
(20, 14, 25)
(20, 15, 24)
(20, 16, 24)
(20, 17, 23)
(20, 18, 23)
(20, 19, 22)
(20, 20, 22)
(20, 21, 22)
(20, 22, 5)
(20, 23, 5)
(20, 24, 5)
(20, 25, 5)
(20, 26, 5)
(20, 27, 5)
(20, 28, 5)
(20, 29, 5)
(20, 30, 5)
(20, 31, 5)
(20, 32, 5)
(20, 33, 5)
(20, 34, 5)
(20, 35, 5)
(20, 36, 5)
(20, 37, 5)
(20, 38, 5)
(20, 39, 5)

(21, 0, 98)
(21, 1, 35)
(21, 2, 32)
(21, 3, 30)
(21, 4, 30)
(21, 5, 27)
(21, 6, 27)
(21, 7, 27)
(21, 8, 27)
(21, 9, 26)
(21, 10, 26)
(21, 11, 26)
(21, 12, 26)
(21, 13, 26)
(21, 14, 26)
(21, 15, 25)
(21, 16, 25)
(21, 17, 24)
(21, 18, 24)
(21, 19, 23)
(21, 20, 23)
(21, 21, 23)
(21, 22, 6)
(21, 23, 6)
(21, 24, 6)
(21, 25, 6)
(21, 26, 5)
(21, 27, 5)
(21, 28, 5)
(21, 29, 5)
(21, 30, 5)
(21, 31, 5)
(21, 32, 5)
(21, 33, 5)
(21, 34, 5)
(21, 35, 5)
(21, 36, 5)
(21, 37, 5)
(21, 38, 5)
(21, 39, 5)

(22, 0, 100)
(22, 1, 37)
(22, 2, 33)
(22, 3, 31)
(22, 4, 31)
(22, 5, 28)
(22, 6, 28)
(22, 7, 28)
(22, 8, 28)
(22, 9, 27)
(22, 10, 27)
(22, 11, 27)
(22, 12, 27)
(22, 13, 27)
(22, 14, 27)
(22, 15, 26)
(22, 16, 26)
(22, 17, 25)
(22, 18, 25)
(22, 19, 24)
(22, 20, 24)
(22, 21, 24)
(22, 22, 6)
(22, 23, 6)
(22, 24, 6)
(22, 25, 6)
(22, 26, 5)
(22, 27, 5)
(22, 28, 5)
(22, 29, 5)
(22, 30, 5)
(22, 31, 5)
(22, 32, 5)
(22, 33, 5)
(22, 34, 5)
(22, 35, 5)
(22, 36, 5)
(22, 37, 5)
(22, 38, 5)
(22, 39, 5)

(23, 0, 105)
(23, 1, 38)
(23, 2, 35)
(23, 3, 33)
(23, 4, 33)
(23, 5, 30)
(23, 6, 30)
(23, 7, 30)
(23, 8, 30)
(23, 9, 29)
(23, 10, 29)
(23, 11, 29)
(23, 12, 29)
(23, 13, 29)
(23, 14, 29)
(23, 15, 28)
(23, 16, 28)
(23, 17, 27)
(23, 18, 27)
(23, 19, 26)
(23, 20, 26)
(23, 21, 26)
(23, 22, 6)
(23, 23, 6)
(23, 24, 6)
(23, 25, 6)
(23, 26, 5)
(23, 27, 5)
(23, 28, 5)
(23, 29, 5)
(23, 30, 5)
(23, 31, 5)
(23, 32, 5)
(23, 33, 5)
(23, 34, 5)
(23, 35, 5)
(23, 36, 5)
(23, 37, 5)
(23, 38, 5)
(23, 39, 5)

(24, 0, 108)
(24, 1, 39)
(24, 2, 36)
(24, 3, 34)
(24, 4, 34)
(24, 5, 31)
(24, 6, 31)
(24, 7, 31)
(24, 8, 31)
(24, 9, 30)
(24, 10, 30)
(24, 11, 30)
(24, 12, 30)
(24, 13, 30)
(24, 14, 30)
(24, 15, 29)
(24, 16, 29)
(24, 17, 28)
(24, 18, 28)
(24, 19, 27)
(24, 20, 27)
(24, 21, 27)
(24, 22, 7)
(24, 23, 7)
(24, 24, 7)
(24, 25, 7)
(24, 26, 6)
(24, 27, 6)
(24, 28, 6)
(24, 29, 6)
(24, 30, 6)
(24, 31, 6)
(24, 32, 6)
(24, 33, 6)
(24, 34, 6)
(24, 35, 6)
(24, 36, 6)
(24, 37, 6)
(24, 38, 6)
(24, 39, 5)

(25, 0, 116)
(25, 1, 43)
(25, 2, 40)
(25, 3, 38)
(25, 4, 38)
(25, 5, 35)
(25, 6, 35)
(25, 7, 35)
(25, 8, 35)
(25, 9, 33)
(25, 10, 33)
(25, 11, 33)
(25, 12, 32)
(25, 13, 32)
(25, 14, 32)
(25, 15, 31)
(25, 16, 31)
(25, 17, 30)
(25, 18, 30)
(25, 19, 29)
(25, 20, 29)
(25, 21, 29)
(25, 22, 8)
(25, 23, 8)
(25, 24, 8)
(25, 25, 8)
(25, 26, 7)
(25, 27, 7)
(25, 28, 7)
(25, 29, 7)
(25, 30, 7)
(25, 31, 7)
(25, 32, 7)
(25, 33, 7)
(25, 34, 7)
(25, 35, 7)
(25, 36, 7)
(25, 37, 7)
(25, 38, 7)
(25, 39, 6)

(26, 0, 120)
(26, 1, 47)
(26, 2, 42)
(26, 3, 40)
(26, 4, 40)
(26, 5, 37)
(26, 6, 37)
(26, 7, 37)
(26, 8, 37)
(26, 9, 35)
(26, 10, 35)
(26, 11, 35)
(26, 12, 34)
(26, 13, 34)
(26, 14, 33)
(26, 15, 32)
(26, 16, 32)
(26, 17, 31)
(26, 18, 31)
(26, 19, 30)
(26, 20, 30)
(26, 21, 30)
(26, 22, 8)
(26, 23, 8)
(26, 24, 8)
(26, 25, 8)
(26, 26, 7)
(26, 27, 7)
(26, 28, 7)
(26, 29, 7)
(26, 30, 7)
(26, 31, 7)
(26, 32, 7)
(26, 33, 7)
(26, 34, 7)
(26, 35, 7)
(26, 36, 7)
(26, 37, 7)
(26, 38, 7)
(26, 39, 6)

(27, 0, 125)
(27, 1, 49)
(27, 2, 45)
(27, 3, 43)
(27, 4, 43)
(27, 5, 39)
(27, 6, 39)
(27, 7, 39)
(27, 8, 37)
(27, 9, 35)
(27, 10, 34)
(27, 11, 34)
(27, 12, 33)
(27, 13, 33)
(27, 14, 33)
(27, 15, 32)
(27, 16, 32)
(27, 17, 31)
(27, 18, 31)
(27, 19, 30)
(27, 20, 30)
(27, 21, 30)
(27, 22, 8)
(27, 23, 8)
(27, 24, 8)
(27, 25, 8)
(27, 26, 7)
(27, 27, 7)
(27, 28, 7)
(27, 29, 7)
(27, 30, 7)
(27, 31, 7)
(27, 32, 7)
(27, 33, 7)
(27, 34, 6)
(27, 35, 6)
(27, 36, 6)
(27, 37, 6)
(27, 38, 6)
(27, 39, 6)

(28, 0, 131)
(28, 1, 55)
(28, 2, 51)
(28, 3, 45)
(28, 4, 44)
(28, 5, 41)
(28, 6, 40)
(28, 7, 40)
(28, 8, 39)
(28, 9, 37)
(28, 10, 36)
(28, 11, 36)
(28, 12, 35)
(28, 13, 35)
(28, 14, 34)
(28, 15, 33)
(28, 16, 33)
(28, 17, 32)
(28, 18, 32)
(28, 19, 31)
(28, 20, 31)
(28, 21, 31)
(28, 22, 9)
(28, 23, 9)
(28, 24, 9)
(28, 25, 9)
(28, 26, 8)
(28, 27, 8)
(28, 28, 8)
(28, 29, 8)
(28, 30, 8)
(28, 31, 8)
(28, 32, 8)
(28, 33, 8)
(28, 34, 7)
(28, 35, 7)
(28, 36, 7)
(28, 37, 7)
(28, 38, 7)
(28, 39, 7)

(29, 0, 132)
(29, 1, 56)
(29, 2, 52)
(29, 3, 45)
(29, 4, 44)
(29, 5, 41)
(29, 6, 40)
(29, 7, 40)
(29, 8, 39)
(29, 9, 37)
(29, 10, 36)
(29, 11, 36)
(29, 12, 35)
(29, 13, 35)
(29, 14, 34)
(29, 15, 33)
(29, 16, 33)
(29, 17, 32)
(29, 18, 32)
(29, 19, 31)
(29, 20, 31)
(29, 21, 31)
(29, 22, 9)
(29, 23, 9)
(29, 24, 9)
(29, 25, 9)
(29, 26, 8)
(29, 27, 8)
(29, 28, 8)
(29, 29, 8)
(29, 30, 8)
(29, 31, 8)
(29, 32, 8)
(29, 33, 8)
(29, 34, 7)
(29, 35, 7)
(29, 36, 7)
(29, 37, 7)
(29, 38, 7)
(29, 39, 7)

(30, 0, 132)
(30, 1, 56)
(30, 2, 52)
(30, 3, 45)
(30, 4, 44)
(30, 5, 41)
(30, 6, 40)
(30, 7, 40)
(30, 8, 39)
(30, 9, 37)
(30, 10, 36)
(30, 11, 36)
(30, 12, 35)
(30, 13, 35)
(30, 14, 34)
(30, 15, 33)
(30, 16, 33)
(30, 17, 32)
(30, 18, 32)
(30, 19, 31)
(30, 20, 31)
(30, 21, 31)
(30, 22, 9)
(30, 23, 9)
(30, 24, 9)
(30, 25, 9)
(30, 26, 8)
(30, 27, 8)
(30, 28, 8)
(30, 29, 8)
(30, 30, 8)
(30, 31, 8)
(30, 32, 8)
(30, 33, 8)
(30, 34, 7)
(30, 35, 7)
(30, 36, 7)
(30, 37, 7)
(30, 38, 7)
(30, 39, 7)

(31, 0, 132)
(31, 1, 56)
(31, 2, 52)
(31, 3, 45)
(31, 4, 44)
(31, 5, 41)
(31, 6, 40)
(31, 7, 40)
(31, 8, 39)
(31, 9, 37)
(31, 10, 36)
(31, 11, 36)
(31, 12, 35)
(31, 13, 35)
(31, 14, 34)
(31, 15, 33)
(31, 16, 33)
(31, 17, 32)
(31, 18, 32)
(31, 19, 31)
(31, 20, 31)
(31, 21, 31)
(31, 22, 9)
(31, 23, 9)
(31, 24, 9)
(31, 25, 9)
(31, 26, 8)
(31, 27, 8)
(31, 28, 8)
(31, 29, 8)
(31, 30, 8)
(31, 31, 8)
(31, 32, 8)
(31, 33, 8)
(31, 34, 7)
(31, 35, 7)
(31, 36, 7)
(31, 37, 7)
(31, 38, 7)
(31, 39, 7)

(32, 0, 132)
(32, 1, 56)
(32, 2, 52)
(32, 3, 45)
(32, 4, 44)
(32, 5, 41)
(32, 6, 40)
(32, 7, 40)
(32, 8, 39)
(32, 9, 37)
(32, 10, 36)
(32, 11, 36)
(32, 12, 35)
(32, 13, 35)
(32, 14, 34)
(32, 15, 33)
(32, 16, 33)
(32, 17, 32)
(32, 18, 32)
(32, 19, 31)
(32, 20, 31)
(32, 21, 31)
(32, 22, 9)
(32, 23, 9)
(32, 24, 9)
(32, 25, 9)
(32, 26, 8)
(32, 27, 8)
(32, 28, 8)
(32, 29, 8)
(32, 30, 8)
(32, 31, 8)
(32, 32, 8)
(32, 33, 8)
(32, 34, 7)
(32, 35, 7)
(32, 36, 7)
(32, 37, 7)
(32, 38, 7)
(32, 39, 7)

(33, 0, 132)
(33, 1, 56)
(33, 2, 52)
(33, 3, 45)
(33, 4, 44)
(33, 5, 41)
(33, 6, 40)
(33, 7, 40)
(33, 8, 39)
(33, 9, 37)
(33, 10, 36)
(33, 11, 36)
(33, 12, 35)
(33, 13, 35)
(33, 14, 34)
(33, 15, 33)
(33, 16, 33)
(33, 17, 32)
(33, 18, 32)
(33, 19, 31)
(33, 20, 31)
(33, 21, 31)
(33, 22, 9)
(33, 23, 9)
(33, 24, 9)
(33, 25, 9)
(33, 26, 8)
(33, 27, 8)
(33, 28, 8)
(33, 29, 8)
(33, 30, 8)
(33, 31, 8)
(33, 32, 8)
(33, 33, 8)
(33, 34, 7)
(33, 35, 7)
(33, 36, 7)
(33, 37, 7)
(33, 38, 7)
(33, 39, 7)

(34, 0, 134)
(34, 1, 58)
(34, 2, 54)
(34, 3, 47)
(34, 4, 46)
(34, 5, 43)
(34, 6, 42)
(34, 7, 42)
(34, 8, 41)
(34, 9, 39)
(34, 10, 38)
(34, 11, 38)
(34, 12, 37)
(34, 13, 37)
(34, 14, 36)
(34, 15, 35)
(34, 16, 35)
(34, 17, 34)
(34, 18, 34)
(34, 19, 33)
(34, 20, 33)
(34, 21, 33)
(34, 22, 11)
(34, 23, 11)
(34, 24, 11)
(34, 25, 10)
(34, 26, 9)
(34, 27, 9)
(34, 28, 9)
(34, 29, 9)
(34, 30, 9)
(34, 31, 9)
(34, 32, 9)
(34, 33, 9)
(34, 34, 8)
(34, 35, 8)
(34, 36, 8)
(34, 37, 8)
(34, 38, 8)
(34, 39, 8)

(35, 0, 139)
(35, 1, 63)
(35, 2, 57)
(35, 3, 48)
(35, 4, 47)
(35, 5, 44)
(35, 6, 42)
(35, 7, 42)
(35, 8, 41)
(35, 9, 39)
(35, 10, 38)
(35, 11, 38)
(35, 12, 37)
(35, 13, 37)
(35, 14, 36)
(35, 15, 35)
(35, 16, 35)
(35, 17, 34)
(35, 18, 34)
(35, 19, 33)
(35, 20, 33)
(35, 21, 33)
(35, 22, 11)
(35, 23, 11)
(35, 24, 11)
(35, 25, 10)
(35, 26, 9)
(35, 27, 9)
(35, 28, 9)
(35, 29, 9)
(35, 30, 9)
(35, 31, 9)
(35, 32, 9)
(35, 33, 9)
(35, 34, 8)
(35, 35, 7)
(35, 36, 7)
(35, 37, 7)
(35, 38, 7)
(35, 39, 7)

(36, 0, 142)
(36, 1, 66)
(36, 2, 60)
(36, 3, 50)
(36, 4, 49)
(36, 5, 45)
(36, 6, 43)
(36, 7, 43)
(36, 8, 42)
(36, 9, 40)
(36, 10, 39)
(36, 11, 39)
(36, 12, 37)
(36, 13, 37)
(36, 14, 36)
(36, 15, 35)
(36, 16, 35)
(36, 17, 34)
(36, 18, 34)
(36, 19, 33)
(36, 20, 33)
(36, 21, 33)
(36, 22, 11)
(36, 23, 11)
(36, 24, 11)
(36, 25, 10)
(36, 26, 9)
(36, 27, 9)
(36, 28, 9)
(36, 29, 9)
(36, 30, 9)
(36, 31, 9)
(36, 32, 8)
(36, 33, 8)
(36, 34, 7)
(36, 35, 7)
(36, 36, 7)
(36, 37, 7)
(36, 38, 7)
(36, 39, 6)

(37, 0, 143)
(37, 1, 67)
(37, 2, 61)
(37, 3, 51)
(37, 4, 50)
(37, 5, 46)
(37, 6, 44)
(37, 7, 44)
(37, 8, 43)
(37, 9, 41)
(37, 10, 40)
(37, 11, 40)
(37, 12, 38)
(37, 13, 38)
(37, 14, 37)
(37, 15, 36)
(37, 16, 36)
(37, 17, 34)
(37, 18, 34)
(37, 19, 33)
(37, 20, 33)
(37, 21, 33)
(37, 22, 11)
(37, 23, 11)
(37, 24, 11)
(37, 25, 10)
(37, 26, 9)
(37, 27, 9)
(37, 28, 9)
(37, 29, 9)
(37, 30, 9)
(37, 31, 9)
(37, 32, 8)
(37, 33, 8)
(37, 34, 7)
(37, 35, 7)
(37, 36, 7)
(37, 37, 7)
(37, 38, 7)
(37, 39, 6)

(38, 0, 152)
(38, 1, 72)
(38, 2, 63)
(38, 3, 53)
(38, 4, 52)
(38, 5, 48)
(38, 6, 45)
(38, 7, 45)
(38, 8, 44)
(38, 9, 40)
(38, 10, 38)
(38, 11, 38)
(38, 12, 36)
(38, 13, 36)
(38, 14, 35)
(38, 15, 34)
(38, 16, 34)
(38, 17, 33)
(38, 18, 33)
(38, 19, 32)
(38, 20, 32)
(38, 21, 32)
(38, 22, 10)
(38, 23, 10)
(38, 24, 10)
(38, 25, 9)
(38, 26, 8)
(38, 27, 8)
(38, 28, 8)
(38, 29, 8)
(38, 30, 8)
(38, 31, 8)
(38, 32, 8)
(38, 33, 8)
(38, 34, 7)
(38, 35, 7)
(38, 36, 7)
(38, 37, 7)
(38, 38, 7)
(38, 39, 6)

(39, 0, 157)
(39, 1, 69)
(39, 2, 62)
(39, 3, 52)
(39, 4, 51)
(39, 5, 47)
(39, 6, 44)
(39, 7, 44)
(39, 8, 43)
(39, 9, 39)
(39, 10, 38)
(39, 11, 38)
(39, 12, 36)
(39, 13, 36)
(39, 14, 35)
(39, 15, 34)
(39, 16, 34)
(39, 17, 33)
(39, 18, 33)
(39, 19, 32)
(39, 20, 32)
(39, 21, 32)
(39, 22, 10)
(39, 23, 10)
(39, 24, 10)
(39, 25, 9)
(39, 26, 8)
(39, 27, 8)
(39, 28, 8)
(39, 29, 8)
(39, 30, 8)
(39, 31, 8)
(39, 32, 8)
(39, 33, 8)
(39, 34, 7)
(39, 35, 7)
(39, 36, 7)
(39, 37, 7)
(39, 38, 7)
(39, 39, 6)


Betti numbers:
xi_0:
(0, 0, 1)
(1, 0, 1)
(2, 0, 3)
(6, 0, 11)
(7, 0, 8)
(8, 0, 10)
(9, 0, 5)
(10, 0, 7)
(11, 0, 8)
(12, 0, 2)
(13, 0, 6)
(14, 0, 4)
(15, 0, 8)
(16, 0, 1)
(17, 0, 8)
(18, 0, 1)
(19, 0, 5)
(20, 0, 6)
(21, 0, 4)
(22, 0, 2)
(23, 0, 5)
(24, 0, 3)
(25, 0, 8)
(26, 0, 4)
(27, 0, 5)
(28, 0, 6)
(29, 0, 1)
(34, 0, 2)
(35, 0, 5)
(36, 0, 3)
(37, 0, 1)
(38, 0, 9)
(39, 0, 5)
xi_1:
(1, 5, 1)
(2, 1, 3)
(6, 1, 7)
(6, 22, 3)
(7, 1, 7)
(7, 22, 1)
(8, 1, 7)
(8, 22, 2)
(9, 1, 1)
(9, 2, 1)
(9, 5, 1)
(9, 22, 2)
(10, 1, 7)
(10, 2, 1)
(11, 1, 5)
(11, 19, 1)
(11, 22, 2)
(12, 2, 2)
(13, 1, 3)
(13, 9, 1)
(13, 19, 1)
(14, 1, 2)
(14, 3, 1)
(14, 22, 1)
(15, 1, 6)
(15, 15, 1)
(15, 17, 1)
(15, 22, 1)
(16, 5, 1)
(17, 1, 6)
(17, 22, 2)
(18, 0, 1)
(18, 22, 1)
(19, 1, 4)
(20, 1, 4)
(20, 22, 2)
(21, 1, 2)
(21, 3, 1)
(21, 26, 1)
(22, 2, 1)
(22, 22, 1)
(23, 1, 4)
(23, 22, 2)
(24, 1, 2)
(24, 39, 1)
(25, 1, 4)
(25, 9, 1)
(25, 12, 1)
(25, 22, 1)
(26, 2, 2)
(26, 14, 1)
(26, 22, 1)
(27, 1, 3)
(27, 5, 1)
(27, 8, 2)
(27, 10, 1)
(27, 34, 1)
(28, 3, 4)
(28, 4, 1)
(28, 6, 1)
(28, 14, 1)
(29, 3, 1)
(34, 25, 1)
(35, 2, 2)
(35, 3, 2)
(35, 6, 1)
(35, 35, 1)
(36, 3, 1)
(36, 5, 1)
(36, 12, 1)
(36, 32, 1)
(36, 39, 1)
(37, 17, 1)
(38, 1, 4)
(38, 2, 3)
(38, 6, 1)
(38, 9, 2)
(38, 10, 1)
(39, 1, 8)
xi_2:
(10, 2, 1)
(15, 19, 1)
(18, 1, 1)
(23, 2, 1)
(27, 2, 1)
(27, 14, 1)
(27, 39, 1)
(28, 5, 1)
(28, 8, 1)
(36, 35, 1)
(38, 17, 1)
(38, 32, 1)
(39, 2, 2)
(39, 10, 1)
