x-grades
-340064435213550091/20000000000000000
-166945285900425151/10000000000000000
-327716708388150513/20000000000000000
-80385711243862681/5000000000000000
-63073796312550187/4000000000000000
-154597559075025573/10000000000000000
-303021254737351357/20000000000000000
-18552961957790723/1250000000000000
-290673527911951779/20000000000000000
-28449966449925199/2000000000000000
-278325801086552201/20000000000000000
-68037984418463103/5000000000000000
-265978074261152623/20000000000000000
-129902105424226417/10000000000000000
-50726069487150609/4000000000000000
-30932060502881657/2500000000000000
-241282620610353467/20000000000000000
-117554378598826839/10000000000000000
-228934893784953889/20000000000000000
-2227610303722541/200000000000000
-216587166959554311/20000000000000000
-105206651773427261/10000000000000000
-204239440134154733/20000000000000000
-6189549272545467/625000000000000
-38378342661751031/4000000000000000
-92858924948027683/10000000000000000
-179543986483355577/20000000000000000
-43342530767663947/5000000000000000
-167196259657955999/20000000000000000
-16102239624525621/2000000000000000
-154848532832556421/20000000000000000
-18584333677482079/2500000000000000
-142500806007156843/20000000000000000
-68163471297228527/10000000000000000
-26030615836351453/4000000000000000
-30994803942264369/5000000000000000
-117805352356357687/20000000000000000
-55815744471828949/10000000000000000
-105457625530958109/20000000000000000
-1241047026478229/250000000000000

y-grades
4994729/2000000
4994729/1000000
14984187/2000000
4994729/500000
4994729/400000
14984187/1000000
34963103/2000000
4994729/250000
44952561/2000000
4994729/200000
54942019/2000000
14984187/500000
64931477/2000000
34963103/1000000
14984187/400000
4994729/125000
84910393/2000000
44952561/1000000
94899851/2000000
4994729/100000
104889309/2000000
54942019/1000000
114878767/2000000
14984187/250000
4994729/80000
64931477/1000000
134857683/2000000
34963103/500000
144847141/2000000
14984187/200000
154836599/2000000
4994729/62500
164826057/2000000
84910393/1000000
34963103/400000
44952561/500000
184804973/2000000
94899851/1000000
194794431/2000000
4994729/50000

Dimensions > 0:
(0, 0, 2)
(0, 1, 2)
(0, 2, 2)
(0, 3, 2)
(0, 4, 2)
(0, 5, 2)
(0, 6, 1)
(0, 7, 1)
(0, 8, 1)
(0, 9, 1)
(0, 10, 1)
(0, 11, 1)
(0, 12, 1)
(0, 13, 1)
(0, 14, 1)
(0, 15, 1)
(0, 16, 1)
(0, 17, 1)
(0, 18, 1)
(0, 19, 1)
(0, 20, 1)
(0, 21, 1)
(0, 22, 1)
(0, 23, 1)
(0, 24, 1)
(0, 25, 1)
(0, 26, 1)
(0, 27, 1)
(0, 28, 1)
(0, 29, 1)
(0, 30, 1)
(0, 31, 1)
(0, 32, 1)
(0, 33, 1)
(0, 34, 1)
(0, 35, 1)
(0, 36, 1)
(0, 37, 1)
(0, 38, 1)
(0, 39, 1)

(1, 0, 2)
(1, 1, 2)
(1, 2, 2)
(1, 3, 2)
(1, 4, 2)
(1, 5, 2)
(1, 6, 1)
(1, 7, 1)
(1, 8, 1)
(1, 9, 1)
(1, 10, 1)
(1, 11, 1)
(1, 12, 1)
(1, 13, 1)
(1, 14, 1)
(1, 15, 1)
(1, 16, 1)
(1, 17, 1)
(1, 18, 1)
(1, 19, 1)
(1, 20, 1)
(1, 21, 1)
(1, 22, 1)
(1, 23, 1)
(1, 24, 1)
(1, 25, 1)
(1, 26, 1)
(1, 27, 1)
(1, 28, 1)
(1, 29, 1)
(1, 30, 1)
(1, 31, 1)
(1, 32, 1)
(1, 33, 1)
(1, 34, 1)
(1, 35, 1)
(1, 36, 1)
(1, 37, 1)
(1, 38, 1)
(1, 39, 1)

(2, 0, 12)
(2, 1, 9)
(2, 2, 7)
(2, 3, 7)
(2, 4, 7)
(2, 5, 7)
(2, 6, 5)
(2, 7, 5)
(2, 8, 5)
(2, 9, 4)
(2, 10, 4)
(2, 11, 3)
(2, 12, 3)
(2, 13, 3)
(2, 14, 3)
(2, 15, 3)
(2, 16, 3)
(2, 17, 3)
(2, 18, 3)
(2, 19, 3)
(2, 20, 3)
(2, 21, 3)
(2, 22, 3)
(2, 23, 3)
(2, 24, 3)
(2, 25, 3)
(2, 26, 3)
(2, 27, 3)
(2, 28, 3)
(2, 29, 3)
(2, 30, 3)
(2, 31, 3)
(2, 32, 3)
(2, 33, 3)
(2, 34, 3)
(2, 35, 3)
(2, 36, 3)
(2, 37, 3)
(2, 38, 3)
(2, 39, 3)

(3, 0, 16)
(3, 1, 12)
(3, 2, 8)
(3, 3, 8)
(3, 4, 8)
(3, 5, 8)
(3, 6, 6)
(3, 7, 6)
(3, 8, 6)
(3, 9, 5)
(3, 10, 5)
(3, 11, 4)
(3, 12, 4)
(3, 13, 4)
(3, 14, 4)
(3, 15, 4)
(3, 16, 4)
(3, 17, 4)
(3, 18, 4)
(3, 19, 4)
(3, 20, 4)
(3, 21, 4)
(3, 22, 4)
(3, 23, 4)
(3, 24, 4)
(3, 25, 4)
(3, 26, 4)
(3, 27, 4)
(3, 28, 4)
(3, 29, 4)
(3, 30, 4)
(3, 31, 4)
(3, 32, 4)
(3, 33, 4)
(3, 34, 4)
(3, 35, 4)
(3, 36, 4)
(3, 37, 4)
(3, 38, 4)
(3, 39, 4)

(4, 0, 16)
(4, 1, 12)
(4, 2, 8)
(4, 3, 8)
(4, 4, 8)
(4, 5, 8)
(4, 6, 6)
(4, 7, 6)
(4, 8, 6)
(4, 9, 5)
(4, 10, 5)
(4, 11, 4)
(4, 12, 4)
(4, 13, 4)
(4, 14, 4)
(4, 15, 4)
(4, 16, 4)
(4, 17, 4)
(4, 18, 4)
(4, 19, 4)
(4, 20, 4)
(4, 21, 4)
(4, 22, 4)
(4, 23, 4)
(4, 24, 4)
(4, 25, 4)
(4, 26, 4)
(4, 27, 4)
(4, 28, 4)
(4, 29, 4)
(4, 30, 4)
(4, 31, 4)
(4, 32, 4)
(4, 33, 4)
(4, 34, 4)
(4, 35, 4)
(4, 36, 4)
(4, 37, 4)
(4, 38, 4)
(4, 39, 4)

(5, 0, 19)
(5, 1, 15)
(5, 2, 11)
(5, 3, 11)
(5, 4, 11)
(5, 5, 11)
(5, 6, 9)
(5, 7, 9)
(5, 8, 9)
(5, 9, 8)
(5, 10, 8)
(5, 11, 7)
(5, 12, 7)
(5, 13, 7)
(5, 14, 5)
(5, 15, 5)
(5, 16, 5)
(5, 17, 5)
(5, 18, 4)
(5, 19, 4)
(5, 20, 4)
(5, 21, 4)
(5, 22, 4)
(5, 23, 4)
(5, 24, 4)
(5, 25, 4)
(5, 26, 4)
(5, 27, 4)
(5, 28, 4)
(5, 29, 4)
(5, 30, 4)
(5, 31, 4)
(5, 32, 3)
(5, 33, 3)
(5, 34, 2)
(5, 35, 2)
(5, 36, 2)
(5, 37, 2)
(5, 38, 2)
(5, 39, 2)

(6, 0, 27)
(6, 1, 19)
(6, 2, 14)
(6, 3, 14)
(6, 4, 14)
(6, 5, 14)
(6, 6, 12)
(6, 7, 12)
(6, 8, 12)
(6, 9, 10)
(6, 10, 10)
(6, 11, 9)
(6, 12, 9)
(6, 13, 9)
(6, 14, 7)
(6, 15, 7)
(6, 16, 7)
(6, 17, 6)
(6, 18, 5)
(6, 19, 4)
(6, 20, 4)
(6, 21, 4)
(6, 22, 4)
(6, 23, 4)
(6, 24, 4)
(6, 25, 4)
(6, 26, 4)
(6, 27, 4)
(6, 28, 4)
(6, 29, 4)
(6, 30, 4)
(6, 31, 4)
(6, 32, 3)
(6, 33, 3)
(6, 34, 3)
(6, 35, 3)
(6, 36, 3)
(6, 37, 3)
(6, 38, 3)
(6, 39, 3)

(7, 0, 30)
(7, 1, 21)
(7, 2, 15)
(7, 3, 15)
(7, 4, 15)
(7, 5, 15)
(7, 6, 13)
(7, 7, 13)
(7, 8, 13)
(7, 9, 11)
(7, 10, 11)
(7, 11, 10)
(7, 12, 10)
(7, 13, 10)
(7, 14, 8)
(7, 15, 8)
(7, 16, 8)
(7, 17, 7)
(7, 18, 6)
(7, 19, 4)
(7, 20, 4)
(7, 21, 4)
(7, 22, 4)
(7, 23, 4)
(7, 24, 4)
(7, 25, 4)
(7, 26, 4)
(7, 27, 4)
(7, 28, 4)
(7, 29, 4)
(7, 30, 4)
(7, 31, 4)
(7, 32, 3)
(7, 33, 3)
(7, 34, 3)
(7, 35, 3)
(7, 36, 3)
(7, 37, 3)
(7, 38, 3)
(7, 39, 3)

(8, 0, 33)
(8, 1, 24)
(8, 2, 18)
(8, 3, 18)
(8, 4, 18)
(8, 5, 18)
(8, 6, 15)
(8, 7, 15)
(8, 8, 15)
(8, 9, 13)
(8, 10, 13)
(8, 11, 12)
(8, 12, 11)
(8, 13, 10)
(8, 14, 7)
(8, 15, 7)
(8, 16, 7)
(8, 17, 6)
(8, 18, 5)
(8, 19, 4)
(8, 20, 4)
(8, 21, 4)
(8, 22, 4)
(8, 23, 4)
(8, 24, 4)
(8, 25, 4)
(8, 26, 4)
(8, 27, 4)
(8, 28, 4)
(8, 29, 4)
(8, 30, 4)
(8, 31, 4)
(8, 32, 3)
(8, 33, 3)
(8, 34, 3)
(8, 35, 3)
(8, 36, 3)
(8, 37, 3)
(8, 38, 3)
(8, 39, 3)

(9, 0, 39)
(9, 1, 29)
(9, 2, 22)
(9, 3, 22)
(9, 4, 21)
(9, 5, 21)
(9, 6, 18)
(9, 7, 18)
(9, 8, 18)
(9, 9, 15)
(9, 10, 15)
(9, 11, 14)
(9, 12, 13)
(9, 13, 12)
(9, 14, 9)
(9, 15, 9)
(9, 16, 9)
(9, 17, 7)
(9, 18, 6)
(9, 19, 4)
(9, 20, 4)
(9, 21, 4)
(9, 22, 4)
(9, 23, 4)
(9, 24, 4)
(9, 25, 2)
(9, 26, 2)
(9, 27, 2)
(9, 28, 2)
(9, 29, 2)
(9, 30, 2)
(9, 31, 2)
(9, 32, 1)
(9, 33, 1)
(9, 34, 1)
(9, 35, 1)
(9, 36, 1)
(9, 37, 1)
(9, 38, 1)
(9, 39, 1)

(10, 0, 41)
(10, 1, 30)
(10, 2, 22)
(10, 3, 21)
(10, 4, 21)
(10, 5, 21)
(10, 6, 18)
(10, 7, 18)
(10, 8, 18)
(10, 9, 15)
(10, 10, 15)
(10, 11, 14)
(10, 12, 13)
(10, 13, 12)
(10, 14, 9)
(10, 15, 9)
(10, 16, 9)
(10, 17, 6)
(10, 18, 5)
(10, 19, 4)
(10, 20, 4)
(10, 21, 4)
(10, 22, 4)
(10, 23, 4)
(10, 24, 4)
(10, 25, 2)
(10, 26, 2)
(10, 27, 2)
(10, 28, 2)
(10, 29, 2)
(10, 30, 2)
(10, 31, 2)
(10, 32, 1)
(10, 33, 1)
(10, 34, 1)
(10, 35, 1)
(10, 36, 1)
(10, 37, 1)
(10, 38, 1)
(10, 39, 1)

(11, 0, 41)
(11, 1, 30)
(11, 2, 22)
(11, 3, 21)
(11, 4, 21)
(11, 5, 21)
(11, 6, 18)
(11, 7, 18)
(11, 8, 18)
(11, 9, 15)
(11, 10, 15)
(11, 11, 14)
(11, 12, 13)
(11, 13, 12)
(11, 14, 9)
(11, 15, 9)
(11, 16, 9)
(11, 17, 6)
(11, 18, 5)
(11, 19, 4)
(11, 20, 4)
(11, 21, 4)
(11, 22, 4)
(11, 23, 4)
(11, 24, 4)
(11, 25, 2)
(11, 26, 2)
(11, 27, 2)
(11, 28, 2)
(11, 29, 2)
(11, 30, 2)
(11, 31, 2)
(11, 32, 1)
(11, 33, 1)
(11, 34, 1)
(11, 35, 1)
(11, 36, 1)
(11, 37, 1)
(11, 38, 1)
(11, 39, 1)

(12, 0, 41)
(12, 1, 30)
(12, 2, 22)
(12, 3, 21)
(12, 4, 21)
(12, 5, 21)
(12, 6, 18)
(12, 7, 18)
(12, 8, 18)
(12, 9, 15)
(12, 10, 15)
(12, 11, 14)
(12, 12, 13)
(12, 13, 12)
(12, 14, 9)
(12, 15, 9)
(12, 16, 9)
(12, 17, 6)
(12, 18, 5)
(12, 19, 4)
(12, 20, 4)
(12, 21, 4)
(12, 22, 4)
(12, 23, 4)
(12, 24, 4)
(12, 25, 2)
(12, 26, 2)
(12, 27, 2)
(12, 28, 2)
(12, 29, 2)
(12, 30, 2)
(12, 31, 2)
(12, 32, 1)
(12, 33, 1)
(12, 34, 1)
(12, 35, 1)
(12, 36, 1)
(12, 37, 1)
(12, 38, 1)
(12, 39, 1)

(13, 0, 41)
(13, 1, 30)
(13, 2, 22)
(13, 3, 21)
(13, 4, 21)
(13, 5, 21)
(13, 6, 18)
(13, 7, 18)
(13, 8, 18)
(13, 9, 15)
(13, 10, 15)
(13, 11, 14)
(13, 12, 13)
(13, 13, 12)
(13, 14, 9)
(13, 15, 9)
(13, 16, 9)
(13, 17, 6)
(13, 18, 5)
(13, 19, 4)
(13, 20, 4)
(13, 21, 4)
(13, 22, 4)
(13, 23, 4)
(13, 24, 4)
(13, 25, 2)
(13, 26, 2)
(13, 27, 2)
(13, 28, 2)
(13, 29, 2)
(13, 30, 2)
(13, 31, 2)
(13, 32, 1)
(13, 33, 1)
(13, 34, 1)
(13, 35, 1)
(13, 36, 1)
(13, 37, 1)
(13, 38, 1)
(13, 39, 1)

(14, 0, 41)
(14, 1, 30)
(14, 2, 22)
(14, 3, 21)
(14, 4, 21)
(14, 5, 21)
(14, 6, 18)
(14, 7, 18)
(14, 8, 18)
(14, 9, 15)
(14, 10, 15)
(14, 11, 14)
(14, 12, 13)
(14, 13, 12)
(14, 14, 9)
(14, 15, 9)
(14, 16, 9)
(14, 17, 6)
(14, 18, 5)
(14, 19, 4)
(14, 20, 4)
(14, 21, 4)
(14, 22, 4)
(14, 23, 4)
(14, 24, 4)
(14, 25, 2)
(14, 26, 2)
(14, 27, 2)
(14, 28, 2)
(14, 29, 2)
(14, 30, 2)
(14, 31, 2)
(14, 32, 1)
(14, 33, 1)
(14, 34, 1)
(14, 35, 1)
(14, 36, 1)
(14, 37, 1)
(14, 38, 1)
(14, 39, 1)

(15, 0, 41)
(15, 1, 30)
(15, 2, 22)
(15, 3, 21)
(15, 4, 21)
(15, 5, 21)
(15, 6, 18)
(15, 7, 18)
(15, 8, 18)
(15, 9, 15)
(15, 10, 15)
(15, 11, 14)
(15, 12, 13)
(15, 13, 12)
(15, 14, 9)
(15, 15, 9)
(15, 16, 9)
(15, 17, 6)
(15, 18, 5)
(15, 19, 4)
(15, 20, 4)
(15, 21, 4)
(15, 22, 4)
(15, 23, 4)
(15, 24, 4)
(15, 25, 2)
(15, 26, 2)
(15, 27, 2)
(15, 28, 2)
(15, 29, 2)
(15, 30, 2)
(15, 31, 2)
(15, 32, 1)
(15, 33, 1)
(15, 34, 1)
(15, 35, 1)
(15, 36, 1)
(15, 37, 1)
(15, 38, 1)
(15, 39, 1)

(16, 0, 41)
(16, 1, 30)
(16, 2, 22)
(16, 3, 21)
(16, 4, 21)
(16, 5, 21)
(16, 6, 18)
(16, 7, 18)
(16, 8, 18)
(16, 9, 15)
(16, 10, 15)
(16, 11, 14)
(16, 12, 13)
(16, 13, 12)
(16, 14, 9)
(16, 15, 9)
(16, 16, 9)
(16, 17, 6)
(16, 18, 5)
(16, 19, 4)
(16, 20, 4)
(16, 21, 4)
(16, 22, 4)
(16, 23, 4)
(16, 24, 4)
(16, 25, 2)
(16, 26, 2)
(16, 27, 2)
(16, 28, 2)
(16, 29, 2)
(16, 30, 2)
(16, 31, 2)
(16, 32, 1)
(16, 33, 1)
(16, 34, 1)
(16, 35, 1)
(16, 36, 1)
(16, 37, 1)
(16, 38, 1)
(16, 39, 1)

(17, 0, 41)
(17, 1, 30)
(17, 2, 22)
(17, 3, 21)
(17, 4, 21)
(17, 5, 21)
(17, 6, 18)
(17, 7, 18)
(17, 8, 18)
(17, 9, 15)
(17, 10, 15)
(17, 11, 14)
(17, 12, 13)
(17, 13, 12)
(17, 14, 9)
(17, 15, 9)
(17, 16, 9)
(17, 17, 6)
(17, 18, 5)
(17, 19, 4)
(17, 20, 4)
(17, 21, 4)
(17, 22, 4)
(17, 23, 4)
(17, 24, 4)
(17, 25, 2)
(17, 26, 2)
(17, 27, 2)
(17, 28, 2)
(17, 29, 2)
(17, 30, 2)
(17, 31, 2)
(17, 32, 1)
(17, 33, 1)
(17, 34, 1)
(17, 35, 1)
(17, 36, 1)
(17, 37, 1)
(17, 38, 1)
(17, 39, 1)

(18, 0, 41)
(18, 1, 30)
(18, 2, 22)
(18, 3, 21)
(18, 4, 21)
(18, 5, 21)
(18, 6, 18)
(18, 7, 18)
(18, 8, 18)
(18, 9, 15)
(18, 10, 15)
(18, 11, 14)
(18, 12, 13)
(18, 13, 12)
(18, 14, 9)
(18, 15, 9)
(18, 16, 9)
(18, 17, 6)
(18, 18, 5)
(18, 19, 4)
(18, 20, 4)
(18, 21, 4)
(18, 22, 4)
(18, 23, 4)
(18, 24, 4)
(18, 25, 2)
(18, 26, 2)
(18, 27, 2)
(18, 28, 2)
(18, 29, 2)
(18, 30, 2)
(18, 31, 2)
(18, 32, 1)
(18, 33, 1)
(18, 34, 1)
(18, 35, 1)
(18, 36, 1)
(18, 37, 1)
(18, 38, 1)
(18, 39, 1)

(19, 0, 41)
(19, 1, 30)
(19, 2, 22)
(19, 3, 21)
(19, 4, 21)
(19, 5, 21)
(19, 6, 18)
(19, 7, 18)
(19, 8, 18)
(19, 9, 15)
(19, 10, 15)
(19, 11, 14)
(19, 12, 13)
(19, 13, 12)
(19, 14, 9)
(19, 15, 9)
(19, 16, 9)
(19, 17, 6)
(19, 18, 5)
(19, 19, 4)
(19, 20, 4)
(19, 21, 4)
(19, 22, 4)
(19, 23, 4)
(19, 24, 4)
(19, 25, 2)
(19, 26, 2)
(19, 27, 2)
(19, 28, 2)
(19, 29, 2)
(19, 30, 2)
(19, 31, 2)
(19, 32, 1)
(19, 33, 1)
(19, 34, 1)
(19, 35, 1)
(19, 36, 1)
(19, 37, 1)
(19, 38, 1)
(19, 39, 1)

(20, 0, 43)
(20, 1, 32)
(20, 2, 24)
(20, 3, 23)
(20, 4, 23)
(20, 5, 23)
(20, 6, 20)
(20, 7, 20)
(20, 8, 20)
(20, 9, 17)
(20, 10, 17)
(20, 11, 16)
(20, 12, 15)
(20, 13, 14)
(20, 14, 11)
(20, 15, 11)
(20, 16, 11)
(20, 17, 8)
(20, 18, 7)
(20, 19, 6)
(20, 20, 5)
(20, 21, 5)
(20, 22, 5)
(20, 23, 5)
(20, 24, 5)
(20, 25, 3)
(20, 26, 3)
(20, 27, 3)
(20, 28, 3)
(20, 29, 3)
(20, 30, 3)
(20, 31, 3)
(20, 32, 2)
(20, 33, 2)
(20, 34, 2)
(20, 35, 2)
(20, 36, 2)
(20, 37, 2)
(20, 38, 2)
(20, 39, 2)

(21, 0, 43)
(21, 1, 32)
(21, 2, 24)
(21, 3, 23)
(21, 4, 23)
(21, 5, 23)
(21, 6, 20)
(21, 7, 20)
(21, 8, 20)
(21, 9, 17)
(21, 10, 17)
(21, 11, 16)
(21, 12, 15)
(21, 13, 14)
(21, 14, 11)
(21, 15, 11)
(21, 16, 11)
(21, 17, 8)
(21, 18, 7)
(21, 19, 6)
(21, 20, 5)
(21, 21, 5)
(21, 22, 5)
(21, 23, 5)
(21, 24, 5)
(21, 25, 3)
(21, 26, 3)
(21, 27, 3)
(21, 28, 3)
(21, 29, 3)
(21, 30, 3)
(21, 31, 3)
(21, 32, 2)
(21, 33, 2)
(21, 34, 2)
(21, 35, 2)
(21, 36, 2)
(21, 37, 2)
(21, 38, 2)
(21, 39, 2)

(22, 0, 45)
(22, 1, 34)
(22, 2, 26)
(22, 3, 25)
(22, 4, 25)
(22, 5, 25)
(22, 6, 22)
(22, 7, 22)
(22, 8, 22)
(22, 9, 19)
(22, 10, 19)
(22, 11, 18)
(22, 12, 17)
(22, 13, 16)
(22, 14, 13)
(22, 15, 13)
(22, 16, 13)
(22, 17, 10)
(22, 18, 9)
(22, 19, 8)
(22, 20, 7)
(22, 21, 7)
(22, 22, 7)
(22, 23, 7)
(22, 24, 7)
(22, 25, 4)
(22, 26, 4)
(22, 27, 4)
(22, 28, 4)
(22, 29, 4)
(22, 30, 4)
(22, 31, 4)
(22, 32, 3)
(22, 33, 3)
(22, 34, 3)
(22, 35, 3)
(22, 36, 3)
(22, 37, 3)
(22, 38, 3)
(22, 39, 3)

(23, 0, 56)
(23, 1, 38)
(23, 2, 27)
(23, 3, 26)
(23, 4, 26)
(23, 5, 26)
(23, 6, 23)
(23, 7, 23)
(23, 8, 23)
(23, 9, 19)
(23, 10, 19)
(23, 11, 18)
(23, 12, 17)
(23, 13, 16)
(23, 14, 13)
(23, 15, 13)
(23, 16, 13)
(23, 17, 10)
(23, 18, 9)
(23, 19, 8)
(23, 20, 7)
(23, 21, 7)
(23, 22, 7)
(23, 23, 7)
(23, 24, 7)
(23, 25, 4)
(23, 26, 4)
(23, 27, 4)
(23, 28, 4)
(23, 29, 4)
(23, 30, 4)
(23, 31, 4)
(23, 32, 3)
(23, 33, 3)
(23, 34, 3)
(23, 35, 3)
(23, 36, 3)
(23, 37, 3)
(23, 38, 3)
(23, 39, 3)

(24, 0, 69)
(24, 1, 41)
(24, 2, 29)
(24, 3, 28)
(24, 4, 28)
(24, 5, 28)
(24, 6, 25)
(24, 7, 25)
(24, 8, 24)
(24, 9, 21)
(24, 10, 21)
(24, 11, 20)
(24, 12, 19)
(24, 13, 18)
(24, 14, 15)
(24, 15, 15)
(24, 16, 15)
(24, 17, 12)
(24, 18, 11)
(24, 19, 10)
(24, 20, 9)
(24, 21, 9)
(24, 22, 9)
(24, 23, 9)
(24, 24, 9)
(24, 25, 4)
(24, 26, 4)
(24, 27, 4)
(24, 28, 4)
(24, 29, 4)
(24, 30, 4)
(24, 31, 4)
(24, 32, 3)
(24, 33, 3)
(24, 34, 3)
(24, 35, 3)
(24, 36, 3)
(24, 37, 3)
(24, 38, 3)
(24, 39, 3)

(25, 0, 79)
(25, 1, 44)
(25, 2, 31)
(25, 3, 30)
(25, 4, 30)
(25, 5, 30)
(25, 6, 27)
(25, 7, 27)
(25, 8, 26)
(25, 9, 23)
(25, 10, 23)
(25, 11, 22)
(25, 12, 21)
(25, 13, 20)
(25, 14, 17)
(25, 15, 17)
(25, 16, 17)
(25, 17, 13)
(25, 18, 12)
(25, 19, 11)
(25, 20, 10)
(25, 21, 10)
(25, 22, 10)
(25, 23, 10)
(25, 24, 10)
(25, 25, 5)
(25, 26, 5)
(25, 27, 5)
(25, 28, 5)
(25, 29, 5)
(25, 30, 5)
(25, 31, 5)
(25, 32, 4)
(25, 33, 4)
(25, 34, 4)
(25, 35, 4)
(25, 36, 4)
(25, 37, 4)
(25, 38, 4)
(25, 39, 4)

(26, 0, 85)
(26, 1, 46)
(26, 2, 32)
(26, 3, 31)
(26, 4, 31)
(26, 5, 31)
(26, 6, 28)
(26, 7, 28)
(26, 8, 27)
(26, 9, 23)
(26, 10, 23)
(26, 11, 22)
(26, 12, 21)
(26, 13, 20)
(26, 14, 17)
(26, 15, 17)
(26, 16, 17)
(26, 17, 13)
(26, 18, 12)
(26, 19, 11)
(26, 20, 10)
(26, 21, 10)
(26, 22, 10)
(26, 23, 10)
(26, 24, 10)
(26, 25, 5)
(26, 26, 5)
(26, 27, 5)
(26, 28, 5)
(26, 29, 5)
(26, 30, 5)
(26, 31, 5)
(26, 32, 4)
(26, 33, 4)
(26, 34, 4)
(26, 35, 4)
(26, 36, 4)
(26, 37, 4)
(26, 38, 4)
(26, 39, 4)

(27, 0, 85)
(27, 1, 46)
(27, 2, 32)
(27, 3, 31)
(27, 4, 31)
(27, 5, 31)
(27, 6, 28)
(27, 7, 28)
(27, 8, 27)
(27, 9, 23)
(27, 10, 23)
(27, 11, 22)
(27, 12, 21)
(27, 13, 20)
(27, 14, 17)
(27, 15, 17)
(27, 16, 17)
(27, 17, 13)
(27, 18, 12)
(27, 19, 11)
(27, 20, 10)
(27, 21, 10)
(27, 22, 10)
(27, 23, 10)
(27, 24, 10)
(27, 25, 5)
(27, 26, 5)
(27, 27, 5)
(27, 28, 5)
(27, 29, 5)
(27, 30, 5)
(27, 31, 5)
(27, 32, 4)
(27, 33, 4)
(27, 34, 4)
(27, 35, 4)
(27, 36, 4)
(27, 37, 4)
(27, 38, 4)
(27, 39, 4)

(28, 0, 85)
(28, 1, 46)
(28, 2, 32)
(28, 3, 31)
(28, 4, 31)
(28, 5, 31)
(28, 6, 28)
(28, 7, 28)
(28, 8, 27)
(28, 9, 23)
(28, 10, 23)
(28, 11, 22)
(28, 12, 21)
(28, 13, 20)
(28, 14, 17)
(28, 15, 17)
(28, 16, 17)
(28, 17, 13)
(28, 18, 12)
(28, 19, 11)
(28, 20, 10)
(28, 21, 10)
(28, 22, 10)
(28, 23, 10)
(28, 24, 10)
(28, 25, 5)
(28, 26, 5)
(28, 27, 5)
(28, 28, 5)
(28, 29, 5)
(28, 30, 5)
(28, 31, 5)
(28, 32, 4)
(28, 33, 4)
(28, 34, 4)
(28, 35, 4)
(28, 36, 4)
(28, 37, 4)
(28, 38, 4)
(28, 39, 4)

(29, 0, 86)
(29, 1, 47)
(29, 2, 33)
(29, 3, 32)
(29, 4, 32)
(29, 5, 32)
(29, 6, 29)
(29, 7, 29)
(29, 8, 28)
(29, 9, 24)
(29, 10, 24)
(29, 11, 23)
(29, 12, 22)
(29, 13, 21)
(29, 14, 18)
(29, 15, 18)
(29, 16, 18)
(29, 17, 14)
(29, 18, 13)
(29, 19, 12)
(29, 20, 11)
(29, 21, 11)
(29, 22, 11)
(29, 23, 11)
(29, 24, 11)
(29, 25, 6)
(29, 26, 6)
(29, 27, 6)
(29, 28, 6)
(29, 29, 6)
(29, 30, 6)
(29, 31, 6)
(29, 32, 5)
(29, 33, 5)
(29, 34, 5)
(29, 35, 5)
(29, 36, 5)
(29, 37, 5)
(29, 38, 5)
(29, 39, 5)

(30, 0, 94)
(30, 1, 50)
(30, 2, 35)
(30, 3, 34)
(30, 4, 34)
(30, 5, 34)
(30, 6, 30)
(30, 7, 30)
(30, 8, 29)
(30, 9, 25)
(30, 10, 25)
(30, 11, 24)
(30, 12, 23)
(30, 13, 22)
(30, 14, 19)
(30, 15, 19)
(30, 16, 19)
(30, 17, 15)
(30, 18, 14)
(30, 19, 13)
(30, 20, 12)
(30, 21, 12)
(30, 22, 12)
(30, 23, 12)
(30, 24, 12)
(30, 25, 7)
(30, 26, 6)
(30, 27, 6)
(30, 28, 6)
(30, 29, 6)
(30, 30, 6)
(30, 31, 6)
(30, 32, 5)
(30, 33, 5)
(30, 34, 5)
(30, 35, 5)
(30, 36, 5)
(30, 37, 5)
(30, 38, 5)
(30, 39, 5)

(31, 0, 103)
(31, 1, 56)
(31, 2, 39)
(31, 3, 38)
(31, 4, 38)
(31, 5, 38)
(31, 6, 34)
(31, 7, 34)
(31, 8, 33)
(31, 9, 28)
(31, 10, 28)
(31, 11, 27)
(31, 12, 26)
(31, 13, 25)
(31, 14, 22)
(31, 15, 22)
(31, 16, 22)
(31, 17, 18)
(31, 18, 17)
(31, 19, 15)
(31, 20, 14)
(31, 21, 14)
(31, 22, 14)
(31, 23, 14)
(31, 24, 14)
(31, 25, 9)
(31, 26, 8)
(31, 27, 8)
(31, 28, 8)
(31, 29, 8)
(31, 30, 8)
(31, 31, 8)
(31, 32, 7)
(31, 33, 7)
(31, 34, 7)
(31, 35, 7)
(31, 36, 7)
(31, 37, 7)
(31, 38, 7)
(31, 39, 7)

(32, 0, 105)
(32, 1, 57)
(32, 2, 40)
(32, 3, 39)
(32, 4, 39)
(32, 5, 39)
(32, 6, 35)
(32, 7, 35)
(32, 8, 33)
(32, 9, 28)
(32, 10, 28)
(32, 11, 27)
(32, 12, 26)
(32, 13, 25)
(32, 14, 22)
(32, 15, 22)
(32, 16, 22)
(32, 17, 18)
(32, 18, 17)
(32, 19, 15)
(32, 20, 14)
(32, 21, 14)
(32, 22, 14)
(32, 23, 14)
(32, 24, 14)
(32, 25, 9)
(32, 26, 8)
(32, 27, 8)
(32, 28, 8)
(32, 29, 8)
(32, 30, 8)
(32, 31, 8)
(32, 32, 7)
(32, 33, 7)
(32, 34, 7)
(32, 35, 7)
(32, 36, 7)
(32, 37, 7)
(32, 38, 7)
(32, 39, 7)

(33, 0, 111)
(33, 1, 63)
(33, 2, 44)
(33, 3, 43)
(33, 4, 43)
(33, 5, 43)
(33, 6, 39)
(33, 7, 39)
(33, 8, 37)
(33, 9, 32)
(33, 10, 32)
(33, 11, 31)
(33, 12, 30)
(33, 13, 29)
(33, 14, 26)
(33, 15, 26)
(33, 16, 26)
(33, 17, 22)
(33, 18, 21)
(33, 19, 19)
(33, 20, 18)
(33, 21, 17)
(33, 22, 17)
(33, 23, 17)
(33, 24, 17)
(33, 25, 12)
(33, 26, 11)
(33, 27, 11)
(33, 28, 11)
(33, 29, 10)
(33, 30, 10)
(33, 31, 10)
(33, 32, 9)
(33, 33, 9)
(33, 34, 9)
(33, 35, 9)
(33, 36, 9)
(33, 37, 9)
(33, 38, 9)
(33, 39, 9)

(34, 0, 120)
(34, 1, 69)
(34, 2, 48)
(34, 3, 47)
(34, 4, 46)
(34, 5, 45)
(34, 6, 41)
(34, 7, 41)
(34, 8, 39)
(34, 9, 34)
(34, 10, 34)
(34, 11, 32)
(34, 12, 31)
(34, 13, 30)
(34, 14, 27)
(34, 15, 27)
(34, 16, 27)
(34, 17, 22)
(34, 18, 21)
(34, 19, 19)
(34, 20, 18)
(34, 21, 17)
(34, 22, 17)
(34, 23, 17)
(34, 24, 17)
(34, 25, 12)
(34, 26, 11)
(34, 27, 11)
(34, 28, 11)
(34, 29, 10)
(34, 30, 10)
(34, 31, 10)
(34, 32, 9)
(34, 33, 9)
(34, 34, 9)
(34, 35, 9)
(34, 36, 9)
(34, 37, 9)
(34, 38, 9)
(34, 39, 9)

(35, 0, 126)
(35, 1, 73)
(35, 2, 51)
(35, 3, 50)
(35, 4, 49)
(35, 5, 48)
(35, 6, 43)
(35, 7, 43)
(35, 8, 41)
(35, 9, 35)
(35, 10, 35)
(35, 11, 33)
(35, 12, 32)
(35, 13, 31)
(35, 14, 28)
(35, 15, 28)
(35, 16, 28)
(35, 17, 23)
(35, 18, 22)
(35, 19, 20)
(35, 20, 19)
(35, 21, 18)
(35, 22, 18)
(35, 23, 18)
(35, 24, 18)
(35, 25, 13)
(35, 26, 12)
(35, 27, 11)
(35, 28, 11)
(35, 29, 10)
(35, 30, 10)
(35, 31, 10)
(35, 32, 8)
(35, 33, 8)
(35, 34, 8)
(35, 35, 8)
(35, 36, 8)
(35, 37, 8)
(35, 38, 8)
(35, 39, 8)

(36, 0, 135)
(36, 1, 78)
(36, 2, 55)
(36, 3, 54)
(36, 4, 53)
(36, 5, 52)
(36, 6, 47)
(36, 7, 47)
(36, 8, 45)
(36, 9, 39)
(36, 10, 39)
(36, 11, 37)
(36, 12, 36)
(36, 13, 34)
(36, 14, 31)
(36, 15, 31)
(36, 16, 31)
(36, 17, 26)
(36, 18, 25)
(36, 19, 22)
(36, 20, 21)
(36, 21, 20)
(36, 22, 19)
(36, 23, 19)
(36, 24, 19)
(36, 25, 14)
(36, 26, 13)
(36, 27, 12)
(36, 28, 12)
(36, 29, 11)
(36, 30, 11)
(36, 31, 11)
(36, 32, 9)
(36, 33, 9)
(36, 34, 9)
(36, 35, 9)
(36, 36, 8)
(36, 37, 8)
(36, 38, 8)
(36, 39, 7)

(37, 0, 135)
(37, 1, 78)
(37, 2, 55)
(37, 3, 54)
(37, 4, 53)
(37, 5, 52)
(37, 6, 47)
(37, 7, 47)
(37, 8, 45)
(37, 9, 39)
(37, 10, 39)
(37, 11, 37)
(37, 12, 36)
(37, 13, 34)
(37, 14, 31)
(37, 15, 31)
(37, 16, 31)
(37, 17, 26)
(37, 18, 25)
(37, 19, 22)
(37, 20, 21)
(37, 21, 20)
(37, 22, 19)
(37, 23, 19)
(37, 24, 19)
(37, 25, 14)
(37, 26, 13)
(37, 27, 12)
(37, 28, 12)
(37, 29, 11)
(37, 30, 11)
(37, 31, 11)
(37, 32, 9)
(37, 33, 9)
(37, 34, 9)
(37, 35, 9)
(37, 36, 8)
(37, 37, 8)
(37, 38, 8)
(37, 39, 7)

(38, 0, 141)
(38, 1, 83)
(38, 2, 58)
(38, 3, 57)
(38, 4, 56)
(38, 5, 55)
(38, 6, 50)
(38, 7, 50)
(38, 8, 48)
(38, 9, 42)
(38, 10, 42)
(38, 11, 40)
(38, 12, 39)
(38, 13, 36)
(38, 14, 33)
(38, 15, 33)
(38, 16, 33)
(38, 17, 27)
(38, 18, 26)
(38, 19, 22)
(38, 20, 21)
(38, 21, 20)
(38, 22, 19)
(38, 23, 19)
(38, 24, 19)
(38, 25, 14)
(38, 26, 13)
(38, 27, 12)
(38, 28, 12)
(38, 29, 11)
(38, 30, 11)
(38, 31, 11)
(38, 32, 9)
(38, 33, 9)
(38, 34, 9)
(38, 35, 9)
(38, 36, 8)
(38, 37, 8)
(38, 38, 7)
(38, 39, 7)

(39, 0, 146)
(39, 1, 86)
(39, 2, 61)
(39, 3, 59)
(39, 4, 58)
(39, 5, 57)
(39, 6, 52)
(39, 7, 52)
(39, 8, 50)
(39, 9, 44)
(39, 10, 44)
(39, 11, 41)
(39, 12, 40)
(39, 13, 37)
(39, 14, 34)
(39, 15, 34)
(39, 16, 34)
(39, 17, 27)
(39, 18, 26)
(39, 19, 23)
(39, 20, 22)
(39, 21, 21)
(39, 22, 20)
(39, 23, 20)
(39, 24, 20)
(39, 25, 15)
(39, 26, 14)
(39, 27, 13)
(39, 28, 13)
(39, 29, 12)
(39, 30, 12)
(39, 31, 12)
(39, 32, 10)
(39, 33, 10)
(39, 34, 10)
(39, 35, 10)
(39, 36, 9)
(39, 37, 9)
(39, 38, 7)
(39, 39, 7)


Betti numbers:
xi_0:
(0, 0, 2)
(2, 0, 10)
(3, 0, 4)
(5, 0, 3)
(6, 0, 8)
(7, 0, 3)
(8, 0, 3)
(9, 0, 6)
(10, 0, 2)
(20, 0, 2)
(22, 0, 2)
(23, 0, 11)
(24, 0, 13)
(25, 0, 10)
(26, 0, 6)
(29, 0, 1)
(30, 0, 8)
(31, 0, 9)
(32, 0, 2)
(33, 0, 6)
(34, 0, 9)
(35, 0, 6)
(36, 0, 9)
(38, 0, 6)
(39, 0, 5)
xi_1:
(0, 6, 1)
(2, 1, 3)
(2, 2, 2)
(2, 6, 1)
(2, 9, 1)
(2, 11, 1)
(3, 1, 1)
(3, 2, 2)
(5, 14, 2)
(5, 18, 1)
(5, 32, 1)
(5, 34, 1)
(6, 1, 4)
(6, 2, 1)
(6, 9, 1)
(6, 17, 1)
(6, 19, 1)
(7, 1, 1)
(7, 2, 1)
(7, 19, 1)
(8, 6, 1)
(8, 12, 1)
(8, 13, 1)
(8, 14, 1)
(9, 1, 1)
(9, 2, 1)
(9, 4, 1)
(9, 9, 1)
(9, 17, 1)
(9, 19, 1)
(9, 25, 2)
(10, 1, 1)
(10, 2, 1)
(10, 3, 1)
(10, 17, 1)
(20, 20, 1)
(22, 25, 1)
(23, 1, 7)
(23, 2, 3)
(23, 9, 1)
(24, 1, 10)
(24, 2, 1)
(24, 8, 1)
(24, 25, 2)
(25, 1, 7)
(25, 2, 1)
(25, 17, 1)
(26, 1, 4)
(26, 2, 1)
(26, 9, 1)
(30, 1, 5)
(30, 2, 1)
(30, 6, 1)
(30, 26, 1)
(31, 1, 3)
(31, 2, 2)
(31, 9, 1)
(31, 19, 1)
(32, 1, 1)
(32, 8, 1)
(33, 2, 2)
(33, 21, 1)
(33, 29, 1)
(34, 1, 3)
(34, 2, 2)
(34, 4, 1)
(34, 5, 1)
(34, 11, 1)
(34, 17, 1)
(35, 1, 2)
(35, 2, 1)
(35, 6, 1)
(35, 9, 1)
(35, 27, 1)
(35, 32, 1)
(36, 1, 4)
(36, 2, 1)
(36, 13, 1)
(36, 19, 1)
(36, 22, 1)
(36, 36, 1)
(36, 39, 1)
(38, 1, 1)
(38, 2, 2)
(38, 13, 1)
(38, 17, 1)
(38, 19, 1)
(38, 38, 1)
(39, 1, 2)
(39, 3, 1)
(39, 11, 1)
(39, 17, 1)
(39, 38, 1)
xi_2:
(6, 34, 1)
(8, 19, 1)
(10, 4, 1)
(10, 19, 1)
(24, 9, 1)
(38, 39, 1)
(39, 19, 1)
