x-grades
-11371633216340681/5000000000000000
-5591879964371101/2500000000000000
-10995886641143723/5000000000000000
-2702003338386311/1250000000000000
-2124028013189353/1000000000000000
-5216133389174143/2500000000000000
-10244393490749807/5000000000000000
-314266256348479/156250000000000
-9868646915552849/5000000000000000
-968077362795437/500000000000000
-9492900340355891/5000000000000000
-2326256763189353/1250000000000000
-9117153765158933/5000000000000000
-4464640238780227/2500000000000000
-349656287598479/200000000000000
-1069191737795437/625000000000000
-8365660614765017/5000000000000000
-4088893663583269/2500000000000000
-7989914039568059/5000000000000000
-390102037598479/250000000000000
-7614167464371101/5000000000000000
-3713147088386311/2500000000000000
-7238420889174143/5000000000000000
-440659225098479/312500000000000
-1372534862795437/1000000000000000
-3337400513189353/2500000000000000
-6486927738780227/5000000000000000
-1574763612795437/1250000000000000
-6111181163583269/5000000000000000
-592330787598479/500000000000000
-5735434588386311/5000000000000000
-693445162598479/625000000000000
-5359688013189353/5000000000000000
-2585907362795437/2500000000000000
-996788287598479/1000000000000000
-1199017037598479/1250000000000000
-4608194862795437/5000000000000000
-2210160787598479/2500000000000000
-4232448287598479/5000000000000000
-161783/200000

y-grades
9994581/4000000
9994581/2000000
29983743/4000000
9994581/1000000
9994581/800000
29983743/2000000
69962067/4000000
9994581/500000
89951229/4000000
9994581/400000
109940391/4000000
29983743/1000000
129929553/4000000
69962067/2000000
29983743/800000
9994581/250000
169907877/4000000
89951229/2000000
189897039/4000000
9994581/200000
209886201/4000000
109940391/2000000
229875363/4000000
29983743/500000
9994581/160000
129929553/2000000
269853687/4000000
69962067/1000000
289842849/4000000
29983743/400000
309832011/4000000
9994581/125000
329821173/4000000
169907877/2000000
69962067/800000
89951229/1000000
369799497/4000000
189897039/2000000
389788659/4000000
9994581/100000

Dimensions > 0:
(0, 0, 1)
(0, 1, 1)
(0, 2, 1)
(0, 3, 1)
(0, 4, 1)
(0, 5, 1)
(0, 6, 1)
(0, 7, 1)
(0, 8, 1)
(0, 9, 1)
(0, 10, 1)
(0, 11, 1)
(0, 12, 1)
(0, 13, 1)
(0, 14, 1)
(0, 15, 1)
(0, 16, 1)
(0, 17, 1)
(0, 18, 1)
(0, 19, 1)
(0, 20, 1)
(0, 21, 1)
(0, 22, 1)
(0, 23, 1)
(0, 24, 1)
(0, 25, 1)
(0, 26, 1)
(0, 27, 1)
(0, 28, 1)
(0, 29, 1)
(0, 30, 1)
(0, 31, 1)
(0, 32, 1)
(0, 33, 1)
(0, 34, 1)
(0, 35, 1)
(0, 36, 1)
(0, 37, 1)
(0, 38, 1)
(0, 39, 1)

(1, 0, 3)
(1, 1, 3)
(1, 2, 2)
(1, 3, 2)
(1, 4, 2)
(1, 5, 2)
(1, 6, 2)
(1, 7, 2)
(1, 8, 2)
(1, 9, 2)
(1, 10, 1)
(1, 11, 1)
(1, 12, 1)
(1, 13, 1)
(1, 14, 1)
(1, 15, 1)
(1, 16, 1)
(1, 17, 1)
(1, 18, 1)
(1, 19, 1)
(1, 20, 1)
(1, 21, 1)
(1, 22, 1)
(1, 23, 1)
(1, 24, 1)
(1, 25, 1)
(1, 26, 1)
(1, 27, 1)
(1, 28, 1)
(1, 29, 1)
(1, 30, 1)
(1, 31, 1)
(1, 32, 1)
(1, 33, 1)
(1, 34, 1)
(1, 35, 1)
(1, 36, 1)
(1, 37, 1)
(1, 38, 1)
(1, 39, 1)

(2, 0, 4)
(2, 1, 4)
(2, 2, 3)
(2, 3, 3)
(2, 4, 3)
(2, 5, 3)
(2, 6, 3)
(2, 7, 3)
(2, 8, 3)
(2, 9, 2)
(2, 10, 2)
(2, 11, 2)
(2, 12, 2)
(2, 13, 2)
(2, 14, 2)
(2, 15, 2)
(2, 16, 2)
(2, 17, 2)
(2, 18, 2)
(2, 19, 2)
(2, 20, 2)
(2, 21, 2)
(2, 22, 2)
(2, 23, 2)
(2, 24, 2)
(2, 25, 2)
(2, 26, 2)
(2, 27, 2)
(2, 28, 2)
(2, 29, 2)
(2, 30, 2)
(2, 31, 2)
(2, 32, 2)
(2, 33, 2)
(2, 34, 2)
(2, 35, 2)
(2, 36, 2)
(2, 37, 2)
(2, 38, 2)
(2, 39, 2)

(3, 0, 7)
(3, 1, 5)
(3, 2, 3)
(3, 3, 3)
(3, 4, 3)
(3, 5, 3)
(3, 6, 3)
(3, 7, 3)
(3, 8, 3)
(3, 9, 2)
(3, 10, 2)
(3, 11, 2)
(3, 12, 2)
(3, 13, 2)
(3, 14, 2)
(3, 15, 2)
(3, 16, 2)
(3, 17, 2)
(3, 18, 2)
(3, 19, 2)
(3, 20, 2)
(3, 21, 2)
(3, 22, 2)
(3, 23, 2)
(3, 24, 2)
(3, 25, 2)
(3, 26, 2)
(3, 27, 2)
(3, 28, 2)
(3, 29, 2)
(3, 30, 2)
(3, 31, 2)
(3, 32, 2)
(3, 33, 2)
(3, 34, 2)
(3, 35, 2)
(3, 36, 2)
(3, 37, 2)
(3, 38, 2)
(3, 39, 2)

(4, 0, 12)
(4, 1, 8)
(4, 2, 5)
(4, 3, 5)
(4, 4, 5)
(4, 5, 5)
(4, 6, 5)
(4, 7, 5)
(4, 8, 5)
(4, 9, 3)
(4, 10, 3)
(4, 11, 3)
(4, 12, 3)
(4, 13, 3)
(4, 14, 3)
(4, 15, 3)
(4, 16, 3)
(4, 17, 3)
(4, 18, 3)
(4, 19, 3)
(4, 20, 3)
(4, 21, 3)
(4, 22, 3)
(4, 23, 3)
(4, 24, 2)
(4, 25, 2)
(4, 26, 2)
(4, 27, 2)
(4, 28, 2)
(4, 29, 2)
(4, 30, 2)
(4, 31, 2)
(4, 32, 2)
(4, 33, 2)
(4, 34, 2)
(4, 35, 2)
(4, 36, 2)
(4, 37, 2)
(4, 38, 2)
(4, 39, 2)

(5, 0, 15)
(5, 1, 11)
(5, 2, 5)
(5, 3, 5)
(5, 4, 5)
(5, 5, 5)
(5, 6, 5)
(5, 7, 5)
(5, 8, 5)
(5, 9, 3)
(5, 10, 3)
(5, 11, 3)
(5, 12, 3)
(5, 13, 3)
(5, 14, 3)
(5, 15, 3)
(5, 16, 3)
(5, 17, 3)
(5, 18, 3)
(5, 19, 3)
(5, 20, 3)
(5, 21, 3)
(5, 22, 3)
(5, 23, 3)
(5, 24, 2)
(5, 25, 2)
(5, 26, 2)
(5, 27, 2)
(5, 28, 2)
(5, 29, 2)
(5, 30, 2)
(5, 31, 2)
(5, 32, 2)
(5, 33, 2)
(5, 34, 2)
(5, 35, 2)
(5, 36, 2)
(5, 37, 2)
(5, 38, 2)
(5, 39, 2)

(6, 0, 18)
(6, 1, 12)
(6, 2, 6)
(6, 3, 5)
(6, 4, 5)
(6, 5, 5)
(6, 6, 4)
(6, 7, 4)
(6, 8, 4)
(6, 9, 3)
(6, 10, 3)
(6, 11, 3)
(6, 12, 3)
(6, 13, 3)
(6, 14, 3)
(6, 15, 3)
(6, 16, 3)
(6, 17, 3)
(6, 18, 3)
(6, 19, 3)
(6, 20, 3)
(6, 21, 3)
(6, 22, 3)
(6, 23, 3)
(6, 24, 2)
(6, 25, 2)
(6, 26, 2)
(6, 27, 2)
(6, 28, 2)
(6, 29, 2)
(6, 30, 2)
(6, 31, 2)
(6, 32, 2)
(6, 33, 2)
(6, 34, 2)
(6, 35, 2)
(6, 36, 2)
(6, 37, 2)
(6, 38, 2)
(6, 39, 2)

(7, 0, 20)
(7, 1, 12)
(7, 2, 6)
(7, 3, 5)
(7, 4, 5)
(7, 5, 5)
(7, 6, 4)
(7, 7, 4)
(7, 8, 4)
(7, 9, 3)
(7, 10, 3)
(7, 11, 3)
(7, 12, 3)
(7, 13, 3)
(7, 14, 3)
(7, 15, 3)
(7, 16, 3)
(7, 17, 3)
(7, 18, 3)
(7, 19, 3)
(7, 20, 3)
(7, 21, 3)
(7, 22, 3)
(7, 23, 3)
(7, 24, 2)
(7, 25, 2)
(7, 26, 2)
(7, 27, 2)
(7, 28, 2)
(7, 29, 2)
(7, 30, 2)
(7, 31, 2)
(7, 32, 2)
(7, 33, 2)
(7, 34, 2)
(7, 35, 2)
(7, 36, 2)
(7, 37, 2)
(7, 38, 2)
(7, 39, 2)

(8, 0, 21)
(8, 1, 13)
(8, 2, 6)
(8, 3, 5)
(8, 4, 5)
(8, 5, 5)
(8, 6, 4)
(8, 7, 4)
(8, 8, 4)
(8, 9, 3)
(8, 10, 3)
(8, 11, 3)
(8, 12, 3)
(8, 13, 3)
(8, 14, 3)
(8, 15, 3)
(8, 16, 3)
(8, 17, 3)
(8, 18, 3)
(8, 19, 3)
(8, 20, 3)
(8, 21, 3)
(8, 22, 2)
(8, 23, 2)
(8, 24, 2)
(8, 25, 2)
(8, 26, 2)
(8, 27, 2)
(8, 28, 2)
(8, 29, 2)
(8, 30, 2)
(8, 31, 2)
(8, 32, 2)
(8, 33, 2)
(8, 34, 2)
(8, 35, 2)
(8, 36, 2)
(8, 37, 2)
(8, 38, 2)
(8, 39, 2)

(9, 0, 25)
(9, 1, 15)
(9, 2, 8)
(9, 3, 6)
(9, 4, 6)
(9, 5, 6)
(9, 6, 4)
(9, 7, 4)
(9, 8, 4)
(9, 9, 4)
(9, 10, 3)
(9, 11, 3)
(9, 12, 2)
(9, 13, 2)
(9, 14, 2)
(9, 15, 2)
(9, 16, 2)
(9, 17, 2)
(9, 18, 2)
(9, 19, 2)
(9, 20, 2)
(9, 21, 2)
(9, 22, 2)
(9, 23, 2)
(9, 24, 2)
(9, 25, 2)
(9, 26, 2)
(9, 27, 2)
(9, 28, 2)
(9, 29, 2)
(9, 30, 2)
(9, 31, 2)
(9, 32, 2)
(9, 33, 2)
(9, 34, 2)
(9, 35, 2)
(9, 36, 2)
(9, 37, 2)
(9, 38, 2)
(9, 39, 2)

(10, 0, 25)
(10, 1, 15)
(10, 2, 8)
(10, 3, 6)
(10, 4, 6)
(10, 5, 6)
(10, 6, 4)
(10, 7, 4)
(10, 8, 4)
(10, 9, 4)
(10, 10, 3)
(10, 11, 3)
(10, 12, 2)
(10, 13, 2)
(10, 14, 2)
(10, 15, 2)
(10, 16, 2)
(10, 17, 2)
(10, 18, 2)
(10, 19, 2)
(10, 20, 2)
(10, 21, 2)
(10, 22, 2)
(10, 23, 2)
(10, 24, 2)
(10, 25, 2)
(10, 26, 2)
(10, 27, 2)
(10, 28, 2)
(10, 29, 2)
(10, 30, 2)
(10, 31, 2)
(10, 32, 2)
(10, 33, 2)
(10, 34, 2)
(10, 35, 2)
(10, 36, 2)
(10, 37, 2)
(10, 38, 2)
(10, 39, 2)

(11, 0, 30)
(11, 1, 19)
(11, 2, 9)
(11, 3, 6)
(11, 4, 6)
(11, 5, 6)
(11, 6, 4)
(11, 7, 4)
(11, 8, 4)
(11, 9, 4)
(11, 10, 3)
(11, 11, 2)
(11, 12, 2)
(11, 13, 2)
(11, 14, 2)
(11, 15, 2)
(11, 16, 2)
(11, 17, 2)
(11, 18, 2)
(11, 19, 2)
(11, 20, 2)
(11, 21, 2)
(11, 22, 2)
(11, 23, 2)
(11, 24, 2)
(11, 25, 2)
(11, 26, 2)
(11, 27, 2)
(11, 28, 2)
(11, 29, 2)
(11, 30, 2)
(11, 31, 2)
(11, 32, 2)
(11, 33, 2)
(11, 34, 2)
(11, 35, 2)
(11, 36, 2)
(11, 37, 2)
(11, 38, 2)
(11, 39, 2)

(12, 0, 32)
(12, 1, 20)
(12, 2, 9)
(12, 3, 6)
(12, 4, 6)
(12, 5, 6)
(12, 6, 4)
(12, 7, 4)
(12, 8, 4)
(12, 9, 4)
(12, 10, 3)
(12, 11, 2)
(12, 12, 2)
(12, 13, 2)
(12, 14, 2)
(12, 15, 2)
(12, 16, 2)
(12, 17, 2)
(12, 18, 2)
(12, 19, 2)
(12, 20, 2)
(12, 21, 2)
(12, 22, 2)
(12, 23, 2)
(12, 24, 2)
(12, 25, 2)
(12, 26, 2)
(12, 27, 2)
(12, 28, 2)
(12, 29, 2)
(12, 30, 2)
(12, 31, 2)
(12, 32, 2)
(12, 33, 2)
(12, 34, 2)
(12, 35, 2)
(12, 36, 2)
(12, 37, 2)
(12, 38, 2)
(12, 39, 2)

(13, 0, 35)
(13, 1, 22)
(13, 2, 11)
(13, 3, 7)
(13, 4, 7)
(13, 5, 7)
(13, 6, 5)
(13, 7, 4)
(13, 8, 4)
(13, 9, 4)
(13, 10, 3)
(13, 11, 2)
(13, 12, 2)
(13, 13, 2)
(13, 14, 2)
(13, 15, 2)
(13, 16, 2)
(13, 17, 2)
(13, 18, 2)
(13, 19, 2)
(13, 20, 2)
(13, 21, 2)
(13, 22, 2)
(13, 23, 2)
(13, 24, 2)
(13, 25, 2)
(13, 26, 2)
(13, 27, 2)
(13, 28, 2)
(13, 29, 2)
(13, 30, 2)
(13, 31, 2)
(13, 32, 2)
(13, 33, 2)
(13, 34, 2)
(13, 35, 2)
(13, 36, 2)
(13, 37, 2)
(13, 38, 2)
(13, 39, 2)

(14, 0, 39)
(14, 1, 24)
(14, 2, 13)
(14, 3, 9)
(14, 4, 9)
(14, 5, 8)
(14, 6, 6)
(14, 7, 5)
(14, 8, 5)
(14, 9, 5)
(14, 10, 4)
(14, 11, 3)
(14, 12, 2)
(14, 13, 2)
(14, 14, 2)
(14, 15, 2)
(14, 16, 2)
(14, 17, 2)
(14, 18, 2)
(14, 19, 2)
(14, 20, 2)
(14, 21, 2)
(14, 22, 2)
(14, 23, 1)
(14, 24, 1)
(14, 25, 1)
(14, 26, 1)
(14, 27, 1)
(14, 28, 1)
(14, 29, 1)
(14, 30, 1)
(14, 31, 1)
(14, 32, 1)
(14, 33, 1)
(14, 34, 1)
(14, 35, 1)
(14, 36, 1)
(14, 37, 1)
(14, 38, 1)
(14, 39, 1)

(15, 0, 45)
(15, 1, 26)
(15, 2, 13)
(15, 3, 10)
(15, 4, 9)
(15, 5, 9)
(15, 6, 7)
(15, 7, 5)
(15, 8, 5)
(15, 9, 5)
(15, 10, 4)
(15, 11, 3)
(15, 12, 2)
(15, 13, 2)
(15, 14, 2)
(15, 15, 1)
(15, 16, 1)
(15, 17, 1)
(15, 18, 1)
(15, 19, 1)
(15, 20, 1)
(15, 21, 1)
(15, 22, 1)
(15, 23, 1)
(15, 24, 1)
(15, 25, 1)
(15, 26, 1)
(15, 27, 1)
(15, 28, 1)
(15, 29, 1)
(15, 30, 1)
(15, 31, 1)
(15, 32, 1)
(15, 33, 1)
(15, 34, 1)
(15, 35, 1)
(15, 36, 1)
(15, 37, 1)
(15, 38, 1)
(15, 39, 1)

(16, 0, 55)
(16, 1, 29)
(16, 2, 13)
(16, 3, 10)
(16, 4, 10)
(16, 5, 10)
(16, 6, 7)
(16, 7, 6)
(16, 8, 6)
(16, 9, 5)
(16, 10, 4)
(16, 11, 3)
(16, 12, 1)
(16, 13, 1)
(16, 14, 1)
(16, 15, 1)
(16, 16, 1)
(16, 17, 1)
(16, 18, 1)
(16, 19, 1)
(16, 20, 1)
(16, 21, 1)
(16, 22, 1)
(16, 23, 1)
(16, 24, 1)
(16, 25, 1)
(16, 26, 1)
(16, 27, 1)
(16, 28, 1)
(16, 29, 1)
(16, 30, 1)
(16, 31, 1)
(16, 32, 1)
(16, 33, 1)
(16, 34, 1)
(16, 35, 1)
(16, 36, 1)
(16, 37, 1)
(16, 38, 1)
(16, 39, 1)

(17, 0, 59)
(17, 1, 28)
(17, 2, 13)
(17, 3, 10)
(17, 4, 10)
(17, 5, 10)
(17, 6, 7)
(17, 7, 6)
(17, 8, 6)
(17, 9, 5)
(17, 10, 4)
(17, 11, 3)
(17, 12, 1)
(17, 13, 1)
(17, 14, 1)
(17, 15, 1)
(17, 16, 1)
(17, 17, 1)
(17, 18, 1)
(17, 19, 1)
(17, 20, 1)
(17, 21, 1)
(17, 22, 1)
(17, 23, 1)
(17, 24, 1)
(17, 25, 1)
(17, 26, 1)
(17, 27, 1)
(17, 28, 1)
(17, 29, 1)
(17, 30, 1)
(17, 31, 1)
(17, 32, 1)
(17, 33, 1)
(17, 34, 1)
(17, 35, 1)
(17, 36, 1)
(17, 37, 1)
(17, 38, 1)
(17, 39, 1)

(18, 0, 64)
(18, 1, 28)
(18, 2, 13)
(18, 3, 10)
(18, 4, 10)
(18, 5, 10)
(18, 6, 7)
(18, 7, 6)
(18, 8, 6)
(18, 9, 5)
(18, 10, 4)
(18, 11, 3)
(18, 12, 1)
(18, 13, 1)
(18, 14, 1)
(18, 15, 1)
(18, 16, 1)
(18, 17, 1)
(18, 18, 1)
(18, 19, 1)
(18, 20, 1)
(18, 21, 1)
(18, 22, 1)
(18, 23, 1)
(18, 24, 1)
(18, 25, 1)
(18, 26, 1)
(18, 27, 1)
(18, 28, 1)
(18, 29, 1)
(18, 30, 1)
(18, 31, 1)
(18, 32, 1)
(18, 33, 1)
(18, 34, 1)
(18, 35, 1)
(18, 36, 1)
(18, 37, 1)
(18, 38, 1)
(18, 39, 1)

(19, 0, 69)
(19, 1, 31)
(19, 2, 16)
(19, 3, 11)
(19, 4, 11)
(19, 5, 10)
(19, 6, 6)
(19, 7, 6)
(19, 8, 6)
(19, 9, 6)
(19, 10, 5)
(19, 11, 3)
(19, 12, 1)
(19, 13, 1)
(19, 14, 1)
(19, 15, 1)
(19, 16, 1)
(19, 17, 1)
(19, 18, 1)
(19, 19, 1)
(19, 20, 1)
(19, 21, 1)
(19, 22, 1)
(19, 23, 1)
(19, 24, 1)
(19, 25, 1)
(19, 26, 1)
(19, 27, 1)
(19, 28, 1)
(19, 29, 1)
(19, 30, 1)
(19, 31, 1)
(19, 32, 1)
(19, 33, 1)
(19, 34, 1)
(19, 35, 1)
(19, 36, 1)
(19, 37, 1)
(19, 38, 1)
(19, 39, 1)

(20, 0, 76)
(20, 1, 33)
(20, 2, 16)
(20, 3, 10)
(20, 4, 10)
(20, 5, 9)
(20, 6, 6)
(20, 7, 6)
(20, 8, 6)
(20, 9, 5)
(20, 10, 4)
(20, 11, 3)
(20, 12, 1)
(20, 13, 1)
(20, 14, 1)
(20, 15, 1)
(20, 16, 1)
(20, 17, 1)
(20, 18, 1)
(20, 19, 1)
(20, 20, 1)
(20, 21, 1)
(20, 22, 1)
(20, 23, 1)
(20, 24, 1)
(20, 25, 1)
(20, 26, 1)
(20, 27, 1)
(20, 28, 1)
(20, 29, 1)
(20, 30, 1)
(20, 31, 1)
(20, 32, 1)
(20, 33, 1)
(20, 34, 1)
(20, 35, 1)
(20, 36, 1)
(20, 37, 1)
(20, 38, 1)
(20, 39, 1)

(21, 0, 80)
(21, 1, 35)
(21, 2, 16)
(21, 3, 10)
(21, 4, 10)
(21, 5, 9)
(21, 6, 5)
(21, 7, 5)
(21, 8, 5)
(21, 9, 5)
(21, 10, 4)
(21, 11, 3)
(21, 12, 1)
(21, 13, 1)
(21, 14, 1)
(21, 15, 1)
(21, 16, 1)
(21, 17, 1)
(21, 18, 1)
(21, 19, 1)
(21, 20, 1)
(21, 21, 1)
(21, 22, 1)
(21, 23, 1)
(21, 24, 1)
(21, 25, 1)
(21, 26, 1)
(21, 27, 1)
(21, 28, 1)
(21, 29, 1)
(21, 30, 1)
(21, 31, 1)
(21, 32, 1)
(21, 33, 1)
(21, 34, 1)
(21, 35, 1)
(21, 36, 1)
(21, 37, 1)
(21, 38, 1)
(21, 39, 1)

(22, 0, 86)
(22, 1, 38)
(22, 2, 16)
(22, 3, 9)
(22, 4, 9)
(22, 5, 9)
(22, 6, 5)
(22, 7, 5)
(22, 8, 5)
(22, 9, 5)
(22, 10, 4)
(22, 11, 3)
(22, 12, 1)
(22, 13, 1)
(22, 14, 1)
(22, 15, 1)
(22, 16, 1)
(22, 17, 1)
(22, 18, 1)
(22, 19, 1)
(22, 20, 1)
(22, 21, 1)
(22, 22, 1)
(22, 23, 1)
(22, 24, 1)
(22, 25, 1)
(22, 26, 1)
(22, 27, 1)
(22, 28, 1)
(22, 29, 1)
(22, 30, 1)
(22, 31, 1)
(22, 32, 1)
(22, 33, 1)
(22, 34, 1)
(22, 35, 1)
(22, 36, 1)
(22, 37, 1)
(22, 38, 1)
(22, 39, 1)

(23, 0, 89)
(23, 1, 39)
(23, 2, 17)
(23, 3, 10)
(23, 4, 10)
(23, 5, 10)
(23, 6, 6)
(23, 7, 6)
(23, 8, 6)
(23, 9, 6)
(23, 10, 5)
(23, 11, 4)
(23, 12, 2)
(23, 13, 2)
(23, 14, 1)
(23, 15, 1)
(23, 16, 1)
(23, 17, 1)
(23, 18, 1)
(23, 19, 1)
(23, 20, 1)
(23, 21, 1)
(23, 22, 1)
(23, 23, 1)
(23, 24, 1)
(23, 25, 1)
(23, 26, 1)
(23, 27, 1)
(23, 28, 1)
(23, 29, 1)
(23, 30, 1)
(23, 31, 1)
(23, 32, 1)
(23, 33, 1)
(23, 34, 1)
(23, 35, 1)
(23, 36, 1)
(23, 37, 1)
(23, 38, 1)
(23, 39, 1)

(24, 0, 94)
(24, 1, 41)
(24, 2, 17)
(24, 3, 10)
(24, 4, 10)
(24, 5, 10)
(24, 6, 6)
(24, 7, 6)
(24, 8, 6)
(24, 9, 6)
(24, 10, 5)
(24, 11, 4)
(24, 12, 2)
(24, 13, 2)
(24, 14, 1)
(24, 15, 1)
(24, 16, 1)
(24, 17, 1)
(24, 18, 1)
(24, 19, 1)
(24, 20, 1)
(24, 21, 1)
(24, 22, 1)
(24, 23, 1)
(24, 24, 1)
(24, 25, 1)
(24, 26, 1)
(24, 27, 1)
(24, 28, 1)
(24, 29, 1)
(24, 30, 1)
(24, 31, 1)
(24, 32, 1)
(24, 33, 1)
(24, 34, 1)
(24, 35, 1)
(24, 36, 1)
(24, 37, 1)
(24, 38, 1)
(24, 39, 1)

(25, 0, 95)
(25, 1, 41)
(25, 2, 17)
(25, 3, 10)
(25, 4, 10)
(25, 5, 10)
(25, 6, 6)
(25, 7, 6)
(25, 8, 6)
(25, 9, 6)
(25, 10, 5)
(25, 11, 4)
(25, 12, 2)
(25, 13, 2)
(25, 14, 1)
(25, 15, 1)
(25, 16, 1)
(25, 17, 1)
(25, 18, 1)
(25, 19, 1)
(25, 20, 1)
(25, 21, 1)
(25, 22, 1)
(25, 23, 1)
(25, 24, 1)
(25, 25, 1)
(25, 26, 1)
(25, 27, 1)
(25, 28, 1)
(25, 29, 1)
(25, 30, 1)
(25, 31, 1)
(25, 32, 1)
(25, 33, 1)
(25, 34, 1)
(25, 35, 1)
(25, 36, 1)
(25, 37, 1)
(25, 38, 1)
(25, 39, 1)

(26, 0, 96)
(26, 1, 41)
(26, 2, 17)
(26, 3, 10)
(26, 4, 10)
(26, 5, 10)
(26, 6, 6)
(26, 7, 6)
(26, 8, 6)
(26, 9, 6)
(26, 10, 5)
(26, 11, 4)
(26, 12, 2)
(26, 13, 2)
(26, 14, 1)
(26, 15, 1)
(26, 16, 1)
(26, 17, 1)
(26, 18, 1)
(26, 19, 1)
(26, 20, 1)
(26, 21, 1)
(26, 22, 1)
(26, 23, 1)
(26, 24, 1)
(26, 25, 1)
(26, 26, 1)
(26, 27, 1)
(26, 28, 1)
(26, 29, 1)
(26, 30, 1)
(26, 31, 1)
(26, 32, 1)
(26, 33, 1)
(26, 34, 1)
(26, 35, 1)
(26, 36, 1)
(26, 37, 1)
(26, 38, 1)
(26, 39, 1)

(27, 0, 96)
(27, 1, 41)
(27, 2, 17)
(27, 3, 10)
(27, 4, 10)
(27, 5, 10)
(27, 6, 6)
(27, 7, 6)
(27, 8, 6)
(27, 9, 6)
(27, 10, 5)
(27, 11, 4)
(27, 12, 2)
(27, 13, 2)
(27, 14, 1)
(27, 15, 1)
(27, 16, 1)
(27, 17, 1)
(27, 18, 1)
(27, 19, 1)
(27, 20, 1)
(27, 21, 1)
(27, 22, 1)
(27, 23, 1)
(27, 24, 1)
(27, 25, 1)
(27, 26, 1)
(27, 27, 1)
(27, 28, 1)
(27, 29, 1)
(27, 30, 1)
(27, 31, 1)
(27, 32, 1)
(27, 33, 1)
(27, 34, 1)
(27, 35, 1)
(27, 36, 1)
(27, 37, 1)
(27, 38, 1)
(27, 39, 1)

(28, 0, 96)
(28, 1, 41)
(28, 2, 17)
(28, 3, 10)
(28, 4, 10)
(28, 5, 10)
(28, 6, 6)
(28, 7, 6)
(28, 8, 6)
(28, 9, 6)
(28, 10, 5)
(28, 11, 4)
(28, 12, 2)
(28, 13, 2)
(28, 14, 1)
(28, 15, 1)
(28, 16, 1)
(28, 17, 1)
(28, 18, 1)
(28, 19, 1)
(28, 20, 1)
(28, 21, 1)
(28, 22, 1)
(28, 23, 1)
(28, 24, 1)
(28, 25, 1)
(28, 26, 1)
(28, 27, 1)
(28, 28, 1)
(28, 29, 1)
(28, 30, 1)
(28, 31, 1)
(28, 32, 1)
(28, 33, 1)
(28, 34, 1)
(28, 35, 1)
(28, 36, 1)
(28, 37, 1)
(28, 38, 1)
(28, 39, 1)

(29, 0, 96)
(29, 1, 41)
(29, 2, 17)
(29, 3, 10)
(29, 4, 10)
(29, 5, 10)
(29, 6, 6)
(29, 7, 6)
(29, 8, 6)
(29, 9, 6)
(29, 10, 5)
(29, 11, 4)
(29, 12, 2)
(29, 13, 2)
(29, 14, 1)
(29, 15, 1)
(29, 16, 1)
(29, 17, 1)
(29, 18, 1)
(29, 19, 1)
(29, 20, 1)
(29, 21, 1)
(29, 22, 1)
(29, 23, 1)
(29, 24, 1)
(29, 25, 1)
(29, 26, 1)
(29, 27, 1)
(29, 28, 1)
(29, 29, 1)
(29, 30, 1)
(29, 31, 1)
(29, 32, 1)
(29, 33, 1)
(29, 34, 1)
(29, 35, 1)
(29, 36, 1)
(29, 37, 1)
(29, 38, 1)
(29, 39, 1)

(30, 0, 96)
(30, 1, 41)
(30, 2, 17)
(30, 3, 10)
(30, 4, 10)
(30, 5, 10)
(30, 6, 6)
(30, 7, 6)
(30, 8, 6)
(30, 9, 6)
(30, 10, 5)
(30, 11, 4)
(30, 12, 2)
(30, 13, 2)
(30, 14, 1)
(30, 15, 1)
(30, 16, 1)
(30, 17, 1)
(30, 18, 1)
(30, 19, 1)
(30, 20, 1)
(30, 21, 1)
(30, 22, 1)
(30, 23, 1)
(30, 24, 1)
(30, 25, 1)
(30, 26, 1)
(30, 27, 1)
(30, 28, 1)
(30, 29, 1)
(30, 30, 1)
(30, 31, 1)
(30, 32, 1)
(30, 33, 1)
(30, 34, 1)
(30, 35, 1)
(30, 36, 1)
(30, 37, 1)
(30, 38, 1)
(30, 39, 1)

(31, 0, 96)
(31, 1, 41)
(31, 2, 17)
(31, 3, 10)
(31, 4, 10)
(31, 5, 10)
(31, 6, 6)
(31, 7, 6)
(31, 8, 6)
(31, 9, 6)
(31, 10, 5)
(31, 11, 4)
(31, 12, 2)
(31, 13, 2)
(31, 14, 1)
(31, 15, 1)
(31, 16, 1)
(31, 17, 1)
(31, 18, 1)
(31, 19, 1)
(31, 20, 1)
(31, 21, 1)
(31, 22, 1)
(31, 23, 1)
(31, 24, 1)
(31, 25, 1)
(31, 26, 1)
(31, 27, 1)
(31, 28, 1)
(31, 29, 1)
(31, 30, 1)
(31, 31, 1)
(31, 32, 1)
(31, 33, 1)
(31, 34, 1)
(31, 35, 1)
(31, 36, 1)
(31, 37, 1)
(31, 38, 1)
(31, 39, 1)

(32, 0, 96)
(32, 1, 41)
(32, 2, 17)
(32, 3, 10)
(32, 4, 10)
(32, 5, 10)
(32, 6, 6)
(32, 7, 6)
(32, 8, 6)
(32, 9, 6)
(32, 10, 5)
(32, 11, 4)
(32, 12, 2)
(32, 13, 2)
(32, 14, 1)
(32, 15, 1)
(32, 16, 1)
(32, 17, 1)
(32, 18, 1)
(32, 19, 1)
(32, 20, 1)
(32, 21, 1)
(32, 22, 1)
(32, 23, 1)
(32, 24, 1)
(32, 25, 1)
(32, 26, 1)
(32, 27, 1)
(32, 28, 1)
(32, 29, 1)
(32, 30, 1)
(32, 31, 1)
(32, 32, 1)
(32, 33, 1)
(32, 34, 1)
(32, 35, 1)
(32, 36, 1)
(32, 37, 1)
(32, 38, 1)
(32, 39, 1)

(33, 0, 96)
(33, 1, 41)
(33, 2, 17)
(33, 3, 10)
(33, 4, 10)
(33, 5, 10)
(33, 6, 6)
(33, 7, 6)
(33, 8, 6)
(33, 9, 6)
(33, 10, 5)
(33, 11, 4)
(33, 12, 2)
(33, 13, 2)
(33, 14, 1)
(33, 15, 1)
(33, 16, 1)
(33, 17, 1)
(33, 18, 1)
(33, 19, 1)
(33, 20, 1)
(33, 21, 1)
(33, 22, 1)
(33, 23, 1)
(33, 24, 1)
(33, 25, 1)
(33, 26, 1)
(33, 27, 1)
(33, 28, 1)
(33, 29, 1)
(33, 30, 1)
(33, 31, 1)
(33, 32, 1)
(33, 33, 1)
(33, 34, 1)
(33, 35, 1)
(33, 36, 1)
(33, 37, 1)
(33, 38, 1)
(33, 39, 1)

(34, 0, 96)
(34, 1, 41)
(34, 2, 17)
(34, 3, 10)
(34, 4, 10)
(34, 5, 10)
(34, 6, 6)
(34, 7, 6)
(34, 8, 6)
(34, 9, 6)
(34, 10, 5)
(34, 11, 4)
(34, 12, 2)
(34, 13, 2)
(34, 14, 1)
(34, 15, 1)
(34, 16, 1)
(34, 17, 1)
(34, 18, 1)
(34, 19, 1)
(34, 20, 1)
(34, 21, 1)
(34, 22, 1)
(34, 23, 1)
(34, 24, 1)
(34, 25, 1)
(34, 26, 1)
(34, 27, 1)
(34, 28, 1)
(34, 29, 1)
(34, 30, 1)
(34, 31, 1)
(34, 32, 1)
(34, 33, 1)
(34, 34, 1)
(34, 35, 1)
(34, 36, 1)
(34, 37, 1)
(34, 38, 1)
(34, 39, 1)

(35, 0, 97)
(35, 1, 42)
(35, 2, 18)
(35, 3, 11)
(35, 4, 11)
(35, 5, 11)
(35, 6, 7)
(35, 7, 7)
(35, 8, 7)
(35, 9, 7)
(35, 10, 5)
(35, 11, 3)
(35, 12, 1)
(35, 13, 1)
(35, 14, 1)
(35, 15, 1)
(35, 16, 1)
(35, 17, 1)
(35, 18, 1)
(35, 19, 1)
(35, 20, 1)
(35, 21, 1)
(35, 22, 1)
(35, 23, 1)
(35, 24, 1)
(35, 25, 1)
(35, 26, 1)
(35, 27, 1)
(35, 28, 1)
(35, 29, 1)
(35, 30, 1)
(35, 31, 1)
(35, 32, 1)
(35, 33, 1)
(35, 34, 1)
(35, 35, 1)
(35, 36, 1)
(35, 37, 1)
(35, 38, 1)
(35, 39, 1)

(36, 0, 97)
(36, 1, 42)
(36, 2, 18)
(36, 3, 11)
(36, 4, 11)
(36, 5, 11)
(36, 6, 7)
(36, 7, 7)
(36, 8, 7)
(36, 9, 7)
(36, 10, 5)
(36, 11, 3)
(36, 12, 1)
(36, 13, 1)
(36, 14, 1)
(36, 15, 1)
(36, 16, 1)
(36, 17, 1)
(36, 18, 1)
(36, 19, 1)
(36, 20, 1)
(36, 21, 1)
(36, 22, 1)
(36, 23, 1)
(36, 24, 1)
(36, 25, 1)
(36, 26, 1)
(36, 27, 1)
(36, 28, 1)
(36, 29, 1)
(36, 30, 1)
(36, 31, 1)
(36, 32, 1)
(36, 33, 1)
(36, 34, 1)
(36, 35, 1)
(36, 36, 1)
(36, 37, 1)
(36, 38, 1)
(36, 39, 1)

(37, 0, 97)
(37, 1, 42)
(37, 2, 18)
(37, 3, 11)
(37, 4, 11)
(37, 5, 11)
(37, 6, 7)
(37, 7, 7)
(37, 8, 7)
(37, 9, 7)
(37, 10, 5)
(37, 11, 3)
(37, 12, 1)
(37, 13, 1)
(37, 14, 1)
(37, 15, 1)
(37, 16, 1)
(37, 17, 1)
(37, 18, 1)
(37, 19, 1)
(37, 20, 1)
(37, 21, 1)
(37, 22, 1)
(37, 23, 1)
(37, 24, 1)
(37, 25, 1)
(37, 26, 1)
(37, 27, 1)
(37, 28, 1)
(37, 29, 1)
(37, 30, 1)
(37, 31, 1)
(37, 32, 1)
(37, 33, 1)
(37, 34, 1)
(37, 35, 1)
(37, 36, 1)
(37, 37, 1)
(37, 38, 1)
(37, 39, 1)

(38, 0, 98)
(38, 1, 43)
(38, 2, 19)
(38, 3, 12)
(38, 4, 12)
(38, 5, 12)
(38, 6, 7)
(38, 7, 7)
(38, 8, 7)
(38, 9, 7)
(38, 10, 5)
(38, 11, 3)
(38, 12, 1)
(38, 13, 1)
(38, 14, 1)
(38, 15, 1)
(38, 16, 1)
(38, 17, 1)
(38, 18, 1)
(38, 19, 1)
(38, 20, 1)
(38, 21, 1)
(38, 22, 1)
(38, 23, 1)
(38, 24, 1)
(38, 25, 1)
(38, 26, 1)
(38, 27, 1)
(38, 28, 1)
(38, 29, 1)
(38, 30, 1)
(38, 31, 1)
(38, 32, 1)
(38, 33, 1)
(38, 34, 1)
(38, 35, 1)
(38, 36, 1)
(38, 37, 1)
(38, 38, 1)
(38, 39, 1)

(39, 0, 99)
(39, 1, 44)
(39, 2, 18)
(39, 3, 11)
(39, 4, 11)
(39, 5, 11)
(39, 6, 7)
(39, 7, 7)
(39, 8, 7)
(39, 9, 7)
(39, 10, 5)
(39, 11, 3)
(39, 12, 1)
(39, 13, 1)
(39, 14, 1)
(39, 15, 1)
(39, 16, 1)
(39, 17, 1)
(39, 18, 1)
(39, 19, 1)
(39, 20, 1)
(39, 21, 1)
(39, 22, 1)
(39, 23, 1)
(39, 24, 1)
(39, 25, 1)
(39, 26, 1)
(39, 27, 1)
(39, 28, 1)
(39, 29, 1)
(39, 30, 1)
(39, 31, 1)
(39, 32, 1)
(39, 33, 1)
(39, 34, 1)
(39, 35, 1)
(39, 36, 1)
(39, 37, 1)
(39, 38, 1)
(39, 39, 1)


Betti numbers:
xi_0:
(0, 0, 1)
(1, 0, 2)
(2, 0, 1)
(3, 0, 3)
(4, 0, 5)
(5, 0, 3)
(6, 0, 3)
(7, 0, 2)
(8, 0, 1)
(9, 0, 4)
(11, 0, 5)
(12, 0, 2)
(13, 0, 3)
(14, 0, 4)
(15, 0, 6)
(16, 0, 10)
(17, 0, 4)
(18, 0, 5)
(19, 0, 5)
(20, 0, 7)
(21, 0, 4)
(22, 0, 6)
(23, 0, 3)
(24, 0, 5)
(25, 0, 1)
(26, 0, 1)
(35, 0, 1)
(38, 0, 1)
(39, 0, 1)
xi_1:
(1, 2, 1)
(1, 10, 1)
(2, 9, 1)
(3, 1, 2)
(3, 2, 1)
(4, 1, 2)
(4, 2, 1)
(4, 9, 1)
(4, 24, 1)
(5, 2, 3)
(6, 1, 2)
(6, 3, 1)
(6, 6, 1)
(7, 1, 2)
(8, 2, 1)
(8, 22, 1)
(9, 1, 2)
(9, 3, 1)
(9, 6, 1)
(9, 10, 1)
(9, 12, 1)
(11, 1, 1)
(11, 2, 3)
(11, 3, 1)
(11, 11, 1)
(12, 1, 1)
(12, 2, 1)
(13, 1, 1)
(13, 3, 1)
(13, 7, 1)
(14, 1, 2)
(14, 5, 1)
(14, 12, 1)
(14, 23, 1)
(15, 1, 4)
(15, 2, 2)
(15, 4, 1)
(15, 7, 1)
(15, 15, 1)
(16, 1, 7)
(16, 2, 3)
(16, 6, 1)
(16, 9, 1)
(16, 12, 1)
(17, 1, 5)
(18, 1, 5)
(19, 1, 2)
(19, 3, 2)
(19, 5, 1)
(19, 6, 1)
(19, 11, 1)
(20, 1, 5)
(20, 2, 2)
(20, 3, 1)
(20, 5, 1)
(20, 9, 1)
(21, 1, 2)
(21, 2, 2)
(21, 3, 1)
(21, 6, 1)
(22, 1, 3)
(22, 2, 3)
(22, 3, 1)
(23, 1, 2)
(23, 14, 1)
(24, 1, 3)
(24, 2, 2)
(25, 1, 1)
(26, 1, 1)
(35, 10, 1)
(35, 11, 1)
(38, 6, 1)
(39, 2, 2)
xi_2:
(2, 10, 1)
(6, 9, 1)
(8, 24, 1)
(9, 9, 1)
(9, 22, 1)
(11, 12, 1)
(15, 3, 1)
(15, 5, 1)
(15, 23, 1)
(16, 4, 1)
(16, 7, 1)
(16, 15, 1)
(17, 2, 1)
(19, 7, 1)
(19, 9, 1)
(20, 5, 1)
(20, 6, 1)
(20, 11, 1)
(21, 3, 1)
(21, 9, 1)
(22, 5, 1)
(35, 14, 1)
(39, 6, 1)
