x-grades
-9142881595761462997/400000000000000000
-4457350479720905997/200000000000000000
-8686520323122160991/400000000000000000
-2114584921700627497/100000000000000000
-1646031810096571797/80000000000000000
-4000989207081603991/200000000000000000
-7773797777843556979/400000000000000000
-943202142690488247/50000000000000000
-7317436505204254973/400000000000000000
-708925586888460397/40000000000000000
-6861075232564952967/400000000000000000
-1658223649061325491/100000000000000000
-6404713959925650961/400000000000000000
-3088266661802999979/200000000000000000
-1189670537457269791/80000000000000000
-178755376592709311/12500000000000000
-5491991414647046949/400000000000000000
-2631905389163697973/200000000000000000
-5035630142007744943/400000000000000000
-240372475284404697/20000000000000000
-4579268869368442937/400000000000000000
-2175544116524395967/200000000000000000
-4122907596729140931/400000000000000000
-486840870051186241/50000000000000000
-146661852963593557/16000000000000000
-1719182843885093961/200000000000000000
-3210185051450536919/400000000000000000
-745501103782721479/100000000000000000
-2753823778811234913/400000000000000000
-252564314249158391/40000000000000000
-2297462506171932907/400000000000000000
-129330116865767619/25000000000000000
-1841101233532630901/400000000000000000
-806460298606489949/200000000000000000
-276947992178665779/80000000000000000
-289139831143419473/100000000000000000
-928378688254026889/400000000000000000
-350099025967187943/200000000000000000
-472017415614724883/400000000000000000
-6095919482376847/10000000000000000

y-grades
4996829/2000000
4996829/1000000
14990487/2000000
4996829/500000
4996829/400000
14990487/1000000
34977803/2000000
4996829/250000
44971461/2000000
4996829/200000
54965119/2000000
14990487/500000
64958777/2000000
34977803/1000000
14990487/400000
4996829/125000
84946093/2000000
44971461/1000000
94939751/2000000
4996829/100000
104933409/2000000
54965119/1000000
114927067/2000000
14990487/250000
4996829/80000
64958777/1000000
134914383/2000000
34977803/500000
144908041/2000000
14990487/200000
154901699/2000000
4996829/62500
164895357/2000000
84946093/1000000
34977803/400000
44971461/500000
184882673/2000000
94939751/1000000
194876331/2000000
4996829/50000

Dimensions > 0:
(0, 0, 3)
(0, 1, 3)
(0, 2, 3)
(0, 3, 3)
(0, 4, 3)
(0, 5, 3)
(0, 6, 3)
(0, 7, 3)
(0, 8, 3)
(0, 9, 2)
(0, 10, 2)
(0, 11, 2)
(0, 12, 2)
(0, 13, 2)
(0, 14, 2)
(0, 15, 2)
(0, 16, 2)
(0, 17, 2)
(0, 18, 2)
(0, 19, 2)
(0, 20, 2)
(0, 21, 2)
(0, 22, 2)
(0, 23, 2)
(0, 24, 2)
(0, 25, 2)
(0, 26, 2)
(0, 27, 2)
(0, 28, 2)
(0, 29, 2)
(0, 30, 2)
(0, 31, 2)
(0, 32, 2)
(0, 33, 2)
(0, 34, 2)
(0, 35, 2)
(0, 36, 2)
(0, 37, 2)
(0, 38, 2)
(0, 39, 2)

(1, 0, 4)
(1, 1, 4)
(1, 2, 4)
(1, 3, 4)
(1, 4, 4)
(1, 5, 4)
(1, 6, 4)
(1, 7, 4)
(1, 8, 4)
(1, 9, 2)
(1, 10, 2)
(1, 11, 2)
(1, 12, 2)
(1, 13, 2)
(1, 14, 2)
(1, 15, 2)
(1, 16, 2)
(1, 17, 2)
(1, 18, 2)
(1, 19, 2)
(1, 20, 2)
(1, 21, 2)
(1, 22, 2)
(1, 23, 2)
(1, 24, 2)
(1, 25, 2)
(1, 26, 2)
(1, 27, 2)
(1, 28, 2)
(1, 29, 2)
(1, 30, 2)
(1, 31, 2)
(1, 32, 2)
(1, 33, 2)
(1, 34, 2)
(1, 35, 2)
(1, 36, 2)
(1, 37, 2)
(1, 38, 2)
(1, 39, 2)

(2, 0, 4)
(2, 1, 4)
(2, 2, 4)
(2, 3, 4)
(2, 4, 4)
(2, 5, 4)
(2, 6, 4)
(2, 7, 4)
(2, 8, 4)
(2, 9, 2)
(2, 10, 2)
(2, 11, 2)
(2, 12, 2)
(2, 13, 2)
(2, 14, 2)
(2, 15, 2)
(2, 16, 2)
(2, 17, 2)
(2, 18, 2)
(2, 19, 2)
(2, 20, 2)
(2, 21, 2)
(2, 22, 2)
(2, 23, 2)
(2, 24, 2)
(2, 25, 2)
(2, 26, 2)
(2, 27, 2)
(2, 28, 2)
(2, 29, 2)
(2, 30, 2)
(2, 31, 2)
(2, 32, 2)
(2, 33, 2)
(2, 34, 2)
(2, 35, 2)
(2, 36, 2)
(2, 37, 2)
(2, 38, 2)
(2, 39, 2)

(3, 0, 4)
(3, 1, 4)
(3, 2, 4)
(3, 3, 4)
(3, 4, 4)
(3, 5, 4)
(3, 6, 4)
(3, 7, 4)
(3, 8, 4)
(3, 9, 2)
(3, 10, 2)
(3, 11, 2)
(3, 12, 2)
(3, 13, 2)
(3, 14, 2)
(3, 15, 2)
(3, 16, 2)
(3, 17, 2)
(3, 18, 2)
(3, 19, 2)
(3, 20, 2)
(3, 21, 2)
(3, 22, 2)
(3, 23, 2)
(3, 24, 2)
(3, 25, 2)
(3, 26, 2)
(3, 27, 2)
(3, 28, 2)
(3, 29, 2)
(3, 30, 2)
(3, 31, 2)
(3, 32, 2)
(3, 33, 2)
(3, 34, 2)
(3, 35, 2)
(3, 36, 2)
(3, 37, 2)
(3, 38, 2)
(3, 39, 2)

(4, 0, 6)
(4, 1, 6)
(4, 2, 6)
(4, 3, 6)
(4, 4, 6)
(4, 5, 6)
(4, 6, 6)
(4, 7, 6)
(4, 8, 6)
(4, 9, 4)
(4, 10, 4)
(4, 11, 4)
(4, 12, 4)
(4, 13, 4)
(4, 14, 4)
(4, 15, 4)
(4, 16, 4)
(4, 17, 4)
(4, 18, 4)
(4, 19, 4)
(4, 20, 4)
(4, 21, 4)
(4, 22, 4)
(4, 23, 4)
(4, 24, 3)
(4, 25, 3)
(4, 26, 3)
(4, 27, 3)
(4, 28, 3)
(4, 29, 3)
(4, 30, 3)
(4, 31, 3)
(4, 32, 3)
(4, 33, 3)
(4, 34, 3)
(4, 35, 3)
(4, 36, 3)
(4, 37, 3)
(4, 38, 3)
(4, 39, 3)

(5, 0, 8)
(5, 1, 8)
(5, 2, 8)
(5, 3, 8)
(5, 4, 8)
(5, 5, 8)
(5, 6, 8)
(5, 7, 8)
(5, 8, 8)
(5, 9, 4)
(5, 10, 4)
(5, 11, 4)
(5, 12, 4)
(5, 13, 4)
(5, 14, 4)
(5, 15, 4)
(5, 16, 4)
(5, 17, 4)
(5, 18, 4)
(5, 19, 4)
(5, 20, 4)
(5, 21, 4)
(5, 22, 4)
(5, 23, 4)
(5, 24, 3)
(5, 25, 3)
(5, 26, 3)
(5, 27, 3)
(5, 28, 3)
(5, 29, 3)
(5, 30, 3)
(5, 31, 3)
(5, 32, 3)
(5, 33, 3)
(5, 34, 3)
(5, 35, 3)
(5, 36, 3)
(5, 37, 3)
(5, 38, 3)
(5, 39, 3)

(6, 0, 14)
(6, 1, 14)
(6, 2, 14)
(6, 3, 14)
(6, 4, 13)
(6, 5, 13)
(6, 6, 12)
(6, 7, 12)
(6, 8, 12)
(6, 9, 8)
(6, 10, 8)
(6, 11, 8)
(6, 12, 8)
(6, 13, 8)
(6, 14, 8)
(6, 15, 8)
(6, 16, 8)
(6, 17, 8)
(6, 18, 7)
(6, 19, 7)
(6, 20, 7)
(6, 21, 7)
(6, 22, 7)
(6, 23, 7)
(6, 24, 5)
(6, 25, 5)
(6, 26, 4)
(6, 27, 4)
(6, 28, 4)
(6, 29, 4)
(6, 30, 4)
(6, 31, 4)
(6, 32, 4)
(6, 33, 4)
(6, 34, 4)
(6, 35, 4)
(6, 36, 4)
(6, 37, 4)
(6, 38, 4)
(6, 39, 4)

(7, 0, 16)
(7, 1, 16)
(7, 2, 16)
(7, 3, 16)
(7, 4, 15)
(7, 5, 15)
(7, 6, 14)
(7, 7, 14)
(7, 8, 14)
(7, 9, 8)
(7, 10, 8)
(7, 11, 8)
(7, 12, 8)
(7, 13, 8)
(7, 14, 8)
(7, 15, 8)
(7, 16, 8)
(7, 17, 8)
(7, 18, 7)
(7, 19, 7)
(7, 20, 7)
(7, 21, 7)
(7, 22, 7)
(7, 23, 7)
(7, 24, 5)
(7, 25, 5)
(7, 26, 4)
(7, 27, 4)
(7, 28, 4)
(7, 29, 4)
(7, 30, 4)
(7, 31, 4)
(7, 32, 4)
(7, 33, 4)
(7, 34, 4)
(7, 35, 4)
(7, 36, 4)
(7, 37, 4)
(7, 38, 4)
(7, 39, 4)

(8, 0, 16)
(8, 1, 16)
(8, 2, 16)
(8, 3, 16)
(8, 4, 15)
(8, 5, 15)
(8, 6, 14)
(8, 7, 14)
(8, 8, 14)
(8, 9, 8)
(8, 10, 8)
(8, 11, 8)
(8, 12, 8)
(8, 13, 8)
(8, 14, 8)
(8, 15, 8)
(8, 16, 8)
(8, 17, 8)
(8, 18, 7)
(8, 19, 7)
(8, 20, 7)
(8, 21, 7)
(8, 22, 7)
(8, 23, 7)
(8, 24, 5)
(8, 25, 5)
(8, 26, 4)
(8, 27, 4)
(8, 28, 4)
(8, 29, 4)
(8, 30, 4)
(8, 31, 4)
(8, 32, 4)
(8, 33, 4)
(8, 34, 4)
(8, 35, 4)
(8, 36, 4)
(8, 37, 4)
(8, 38, 4)
(8, 39, 4)

(9, 0, 22)
(9, 1, 20)
(9, 2, 20)
(9, 3, 20)
(9, 4, 19)
(9, 5, 19)
(9, 6, 17)
(9, 7, 17)
(9, 8, 17)
(9, 9, 11)
(9, 10, 11)
(9, 11, 11)
(9, 12, 11)
(9, 13, 11)
(9, 14, 11)
(9, 15, 11)
(9, 16, 11)
(9, 17, 11)
(9, 18, 10)
(9, 19, 10)
(9, 20, 10)
(9, 21, 10)
(9, 22, 10)
(9, 23, 10)
(9, 24, 8)
(9, 25, 8)
(9, 26, 7)
(9, 27, 7)
(9, 28, 7)
(9, 29, 7)
(9, 30, 7)
(9, 31, 7)
(9, 32, 7)
(9, 33, 7)
(9, 34, 7)
(9, 35, 7)
(9, 36, 7)
(9, 37, 6)
(9, 38, 6)
(9, 39, 6)

(10, 0, 27)
(10, 1, 23)
(10, 2, 23)
(10, 3, 23)
(10, 4, 22)
(10, 5, 22)
(10, 6, 19)
(10, 7, 19)
(10, 8, 19)
(10, 9, 12)
(10, 10, 11)
(10, 11, 11)
(10, 12, 11)
(10, 13, 11)
(10, 14, 11)
(10, 15, 11)
(10, 16, 11)
(10, 17, 11)
(10, 18, 10)
(10, 19, 10)
(10, 20, 10)
(10, 21, 10)
(10, 22, 10)
(10, 23, 10)
(10, 24, 8)
(10, 25, 8)
(10, 26, 7)
(10, 27, 7)
(10, 28, 7)
(10, 29, 7)
(10, 30, 7)
(10, 31, 7)
(10, 32, 7)
(10, 33, 7)
(10, 34, 7)
(10, 35, 7)
(10, 36, 7)
(10, 37, 6)
(10, 38, 6)
(10, 39, 6)

(11, 0, 32)
(11, 1, 26)
(11, 2, 26)
(11, 3, 26)
(11, 4, 25)
(11, 5, 25)
(11, 6, 21)
(11, 7, 21)
(11, 8, 21)
(11, 9, 12)
(11, 10, 11)
(11, 11, 11)
(11, 12, 11)
(11, 13, 11)
(11, 14, 11)
(11, 15, 11)
(11, 16, 11)
(11, 17, 11)
(11, 18, 10)
(11, 19, 10)
(11, 20, 10)
(11, 21, 10)
(11, 22, 10)
(11, 23, 10)
(11, 24, 8)
(11, 25, 8)
(11, 26, 7)
(11, 27, 7)
(11, 28, 7)
(11, 29, 7)
(11, 30, 7)
(11, 31, 7)
(11, 32, 7)
(11, 33, 7)
(11, 34, 7)
(11, 35, 7)
(11, 36, 7)
(11, 37, 6)
(11, 38, 6)
(11, 39, 6)

(12, 0, 36)
(12, 1, 28)
(12, 2, 28)
(12, 3, 28)
(12, 4, 27)
(12, 5, 27)
(12, 6, 22)
(12, 7, 22)
(12, 8, 22)
(12, 9, 13)
(12, 10, 11)
(12, 11, 11)
(12, 12, 11)
(12, 13, 11)
(12, 14, 11)
(12, 15, 11)
(12, 16, 11)
(12, 17, 11)
(12, 18, 10)
(12, 19, 10)
(12, 20, 10)
(12, 21, 10)
(12, 22, 10)
(12, 23, 10)
(12, 24, 8)
(12, 25, 8)
(12, 26, 7)
(12, 27, 7)
(12, 28, 7)
(12, 29, 7)
(12, 30, 7)
(12, 31, 7)
(12, 32, 7)
(12, 33, 7)
(12, 34, 7)
(12, 35, 7)
(12, 36, 7)
(12, 37, 6)
(12, 38, 6)
(12, 39, 6)

(13, 0, 38)
(13, 1, 30)
(13, 2, 30)
(13, 3, 30)
(13, 4, 29)
(13, 5, 29)
(13, 6, 24)
(13, 7, 24)
(13, 8, 24)
(13, 9, 15)
(13, 10, 13)
(13, 11, 13)
(13, 12, 13)
(13, 13, 13)
(13, 14, 13)
(13, 15, 13)
(13, 16, 13)
(13, 17, 13)
(13, 18, 12)
(13, 19, 12)
(13, 20, 12)
(13, 21, 12)
(13, 22, 10)
(13, 23, 10)
(13, 24, 8)
(13, 25, 8)
(13, 26, 7)
(13, 27, 7)
(13, 28, 7)
(13, 29, 7)
(13, 30, 7)
(13, 31, 7)
(13, 32, 7)
(13, 33, 7)
(13, 34, 7)
(13, 35, 7)
(13, 36, 7)
(13, 37, 6)
(13, 38, 6)
(13, 39, 6)

(14, 0, 40)
(14, 1, 32)
(14, 2, 32)
(14, 3, 32)
(14, 4, 31)
(14, 5, 31)
(14, 6, 26)
(14, 7, 26)
(14, 8, 26)
(14, 9, 17)
(14, 10, 15)
(14, 11, 15)
(14, 12, 15)
(14, 13, 15)
(14, 14, 15)
(14, 15, 15)
(14, 16, 15)
(14, 17, 15)
(14, 18, 14)
(14, 19, 14)
(14, 20, 14)
(14, 21, 14)
(14, 22, 12)
(14, 23, 12)
(14, 24, 9)
(14, 25, 9)
(14, 26, 8)
(14, 27, 8)
(14, 28, 8)
(14, 29, 8)
(14, 30, 8)
(14, 31, 8)
(14, 32, 8)
(14, 33, 8)
(14, 34, 8)
(14, 35, 8)
(14, 36, 8)
(14, 37, 7)
(14, 38, 7)
(14, 39, 7)

(15, 0, 50)
(15, 1, 42)
(15, 2, 38)
(15, 3, 38)
(15, 4, 35)
(15, 5, 35)
(15, 6, 29)
(15, 7, 27)
(15, 8, 27)
(15, 9, 18)
(15, 10, 16)
(15, 11, 16)
(15, 12, 16)
(15, 13, 16)
(15, 14, 16)
(15, 15, 16)
(15, 16, 16)
(15, 17, 16)
(15, 18, 15)
(15, 19, 15)
(15, 20, 15)
(15, 21, 15)
(15, 22, 13)
(15, 23, 13)
(15, 24, 10)
(15, 25, 10)
(15, 26, 8)
(15, 27, 8)
(15, 28, 8)
(15, 29, 8)
(15, 30, 8)
(15, 31, 8)
(15, 32, 8)
(15, 33, 8)
(15, 34, 8)
(15, 35, 8)
(15, 36, 8)
(15, 37, 7)
(15, 38, 7)
(15, 39, 7)

(16, 0, 54)
(16, 1, 46)
(16, 2, 38)
(16, 3, 38)
(16, 4, 35)
(16, 5, 35)
(16, 6, 29)
(16, 7, 27)
(16, 8, 27)
(16, 9, 18)
(16, 10, 16)
(16, 11, 16)
(16, 12, 16)
(16, 13, 16)
(16, 14, 16)
(16, 15, 16)
(16, 16, 16)
(16, 17, 16)
(16, 18, 15)
(16, 19, 15)
(16, 20, 15)
(16, 21, 15)
(16, 22, 13)
(16, 23, 13)
(16, 24, 10)
(16, 25, 10)
(16, 26, 8)
(16, 27, 8)
(16, 28, 8)
(16, 29, 8)
(16, 30, 8)
(16, 31, 8)
(16, 32, 8)
(16, 33, 8)
(16, 34, 8)
(16, 35, 8)
(16, 36, 8)
(16, 37, 7)
(16, 38, 7)
(16, 39, 7)

(17, 0, 62)
(17, 1, 54)
(17, 2, 40)
(17, 3, 40)
(17, 4, 37)
(17, 5, 37)
(17, 6, 31)
(17, 7, 29)
(17, 8, 29)
(17, 9, 20)
(17, 10, 18)
(17, 11, 18)
(17, 12, 18)
(17, 13, 18)
(17, 14, 18)
(17, 15, 18)
(17, 16, 18)
(17, 17, 18)
(17, 18, 17)
(17, 19, 17)
(17, 20, 17)
(17, 21, 17)
(17, 22, 15)
(17, 23, 15)
(17, 24, 11)
(17, 25, 11)
(17, 26, 9)
(17, 27, 9)
(17, 28, 9)
(17, 29, 9)
(17, 30, 9)
(17, 31, 9)
(17, 32, 9)
(17, 33, 9)
(17, 34, 9)
(17, 35, 9)
(17, 36, 9)
(17, 37, 8)
(17, 38, 8)
(17, 39, 8)

(18, 0, 70)
(18, 1, 62)
(18, 2, 42)
(18, 3, 42)
(18, 4, 38)
(18, 5, 38)
(18, 6, 31)
(18, 7, 29)
(18, 8, 29)
(18, 9, 20)
(18, 10, 18)
(18, 11, 18)
(18, 12, 18)
(18, 13, 18)
(18, 14, 18)
(18, 15, 18)
(18, 16, 18)
(18, 17, 18)
(18, 18, 16)
(18, 19, 16)
(18, 20, 16)
(18, 21, 16)
(18, 22, 14)
(18, 23, 14)
(18, 24, 11)
(18, 25, 11)
(18, 26, 9)
(18, 27, 9)
(18, 28, 9)
(18, 29, 9)
(18, 30, 9)
(18, 31, 9)
(18, 32, 9)
(18, 33, 9)
(18, 34, 9)
(18, 35, 9)
(18, 36, 9)
(18, 37, 8)
(18, 38, 8)
(18, 39, 8)

(19, 0, 74)
(19, 1, 66)
(19, 2, 42)
(19, 3, 42)
(19, 4, 38)
(19, 5, 38)
(19, 6, 31)
(19, 7, 29)
(19, 8, 29)
(19, 9, 20)
(19, 10, 18)
(19, 11, 18)
(19, 12, 18)
(19, 13, 18)
(19, 14, 18)
(19, 15, 18)
(19, 16, 18)
(19, 17, 18)
(19, 18, 16)
(19, 19, 16)
(19, 20, 16)
(19, 21, 16)
(19, 22, 14)
(19, 23, 14)
(19, 24, 11)
(19, 25, 11)
(19, 26, 9)
(19, 27, 9)
(19, 28, 9)
(19, 29, 9)
(19, 30, 9)
(19, 31, 9)
(19, 32, 9)
(19, 33, 9)
(19, 34, 9)
(19, 35, 9)
(19, 36, 9)
(19, 37, 8)
(19, 38, 8)
(19, 39, 8)

(20, 0, 80)
(20, 1, 72)
(20, 2, 42)
(20, 3, 42)
(20, 4, 38)
(20, 5, 38)
(20, 6, 31)
(20, 7, 29)
(20, 8, 29)
(20, 9, 20)
(20, 10, 18)
(20, 11, 18)
(20, 12, 18)
(20, 13, 18)
(20, 14, 18)
(20, 15, 18)
(20, 16, 18)
(20, 17, 18)
(20, 18, 16)
(20, 19, 16)
(20, 20, 16)
(20, 21, 16)
(20, 22, 14)
(20, 23, 14)
(20, 24, 11)
(20, 25, 11)
(20, 26, 9)
(20, 27, 9)
(20, 28, 9)
(20, 29, 9)
(20, 30, 9)
(20, 31, 9)
(20, 32, 9)
(20, 33, 9)
(20, 34, 9)
(20, 35, 9)
(20, 36, 9)
(20, 37, 8)
(20, 38, 8)
(20, 39, 8)

(21, 0, 86)
(21, 1, 78)
(21, 2, 42)
(21, 3, 42)
(21, 4, 38)
(21, 5, 38)
(21, 6, 31)
(21, 7, 29)
(21, 8, 29)
(21, 9, 20)
(21, 10, 18)
(21, 11, 18)
(21, 12, 18)
(21, 13, 18)
(21, 14, 18)
(21, 15, 18)
(21, 16, 18)
(21, 17, 18)
(21, 18, 16)
(21, 19, 16)
(21, 20, 16)
(21, 21, 16)
(21, 22, 14)
(21, 23, 14)
(21, 24, 11)
(21, 25, 11)
(21, 26, 9)
(21, 27, 9)
(21, 28, 9)
(21, 29, 9)
(21, 30, 9)
(21, 31, 9)
(21, 32, 9)
(21, 33, 9)
(21, 34, 9)
(21, 35, 9)
(21, 36, 9)
(21, 37, 8)
(21, 38, 8)
(21, 39, 8)

(22, 0, 90)
(22, 1, 82)
(22, 2, 42)
(22, 3, 42)
(22, 4, 38)
(22, 5, 38)
(22, 6, 31)
(22, 7, 29)
(22, 8, 29)
(22, 9, 20)
(22, 10, 18)
(22, 11, 18)
(22, 12, 18)
(22, 13, 18)
(22, 14, 18)
(22, 15, 18)
(22, 16, 18)
(22, 17, 18)
(22, 18, 16)
(22, 19, 16)
(22, 20, 16)
(22, 21, 16)
(22, 22, 14)
(22, 23, 14)
(22, 24, 11)
(22, 25, 11)
(22, 26, 9)
(22, 27, 9)
(22, 28, 9)
(22, 29, 9)
(22, 30, 9)
(22, 31, 9)
(22, 32, 9)
(22, 33, 9)
(22, 34, 9)
(22, 35, 9)
(22, 36, 9)
(22, 37, 8)
(22, 38, 8)
(22, 39, 8)

(23, 0, 96)
(23, 1, 88)
(23, 2, 42)
(23, 3, 42)
(23, 4, 38)
(23, 5, 38)
(23, 6, 31)
(23, 7, 29)
(23, 8, 29)
(23, 9, 20)
(23, 10, 18)
(23, 11, 18)
(23, 12, 18)
(23, 13, 18)
(23, 14, 18)
(23, 15, 18)
(23, 16, 18)
(23, 17, 18)
(23, 18, 16)
(23, 19, 16)
(23, 20, 16)
(23, 21, 16)
(23, 22, 14)
(23, 23, 14)
(23, 24, 11)
(23, 25, 11)
(23, 26, 9)
(23, 27, 9)
(23, 28, 9)
(23, 29, 9)
(23, 30, 9)
(23, 31, 9)
(23, 32, 9)
(23, 33, 9)
(23, 34, 9)
(23, 35, 9)
(23, 36, 9)
(23, 37, 8)
(23, 38, 8)
(23, 39, 8)

(24, 0, 102)
(24, 1, 94)
(24, 2, 42)
(24, 3, 42)
(24, 4, 38)
(24, 5, 38)
(24, 6, 31)
(24, 7, 29)
(24, 8, 29)
(24, 9, 20)
(24, 10, 18)
(24, 11, 18)
(24, 12, 18)
(24, 13, 18)
(24, 14, 18)
(24, 15, 18)
(24, 16, 18)
(24, 17, 18)
(24, 18, 16)
(24, 19, 16)
(24, 20, 16)
(24, 21, 16)
(24, 22, 14)
(24, 23, 14)
(24, 24, 11)
(24, 25, 11)
(24, 26, 9)
(24, 27, 9)
(24, 28, 9)
(24, 29, 9)
(24, 30, 9)
(24, 31, 9)
(24, 32, 9)
(24, 33, 9)
(24, 34, 9)
(24, 35, 9)
(24, 36, 9)
(24, 37, 8)
(24, 38, 8)
(24, 39, 8)

(25, 0, 106)
(25, 1, 98)
(25, 2, 42)
(25, 3, 42)
(25, 4, 38)
(25, 5, 38)
(25, 6, 31)
(25, 7, 29)
(25, 8, 29)
(25, 9, 20)
(25, 10, 18)
(25, 11, 18)
(25, 12, 18)
(25, 13, 18)
(25, 14, 18)
(25, 15, 18)
(25, 16, 18)
(25, 17, 18)
(25, 18, 16)
(25, 19, 16)
(25, 20, 16)
(25, 21, 16)
(25, 22, 14)
(25, 23, 14)
(25, 24, 11)
(25, 25, 11)
(25, 26, 9)
(25, 27, 9)
(25, 28, 9)
(25, 29, 9)
(25, 30, 9)
(25, 31, 9)
(25, 32, 9)
(25, 33, 9)
(25, 34, 9)
(25, 35, 9)
(25, 36, 9)
(25, 37, 8)
(25, 38, 8)
(25, 39, 8)

(26, 0, 112)
(26, 1, 104)
(26, 2, 42)
(26, 3, 42)
(26, 4, 38)
(26, 5, 38)
(26, 6, 31)
(26, 7, 29)
(26, 8, 29)
(26, 9, 20)
(26, 10, 18)
(26, 11, 18)
(26, 12, 18)
(26, 13, 18)
(26, 14, 18)
(26, 15, 18)
(26, 16, 18)
(26, 17, 18)
(26, 18, 16)
(26, 19, 16)
(26, 20, 16)
(26, 21, 16)
(26, 22, 14)
(26, 23, 14)
(26, 24, 11)
(26, 25, 11)
(26, 26, 9)
(26, 27, 9)
(26, 28, 9)
(26, 29, 9)
(26, 30, 9)
(26, 31, 9)
(26, 32, 9)
(26, 33, 9)
(26, 34, 9)
(26, 35, 9)
(26, 36, 9)
(26, 37, 8)
(26, 38, 8)
(26, 39, 8)

(27, 0, 118)
(27, 1, 110)
(27, 2, 42)
(27, 3, 42)
(27, 4, 38)
(27, 5, 38)
(27, 6, 31)
(27, 7, 29)
(27, 8, 29)
(27, 9, 20)
(27, 10, 18)
(27, 11, 18)
(27, 12, 18)
(27, 13, 18)
(27, 14, 18)
(27, 15, 18)
(27, 16, 18)
(27, 17, 18)
(27, 18, 16)
(27, 19, 16)
(27, 20, 16)
(27, 21, 16)
(27, 22, 14)
(27, 23, 14)
(27, 24, 11)
(27, 25, 11)
(27, 26, 9)
(27, 27, 9)
(27, 28, 9)
(27, 29, 9)
(27, 30, 9)
(27, 31, 9)
(27, 32, 9)
(27, 33, 9)
(27, 34, 9)
(27, 35, 9)
(27, 36, 9)
(27, 37, 8)
(27, 38, 8)
(27, 39, 8)

(28, 0, 122)
(28, 1, 114)
(28, 2, 42)
(28, 3, 42)
(28, 4, 38)
(28, 5, 38)
(28, 6, 31)
(28, 7, 29)
(28, 8, 29)
(28, 9, 20)
(28, 10, 18)
(28, 11, 18)
(28, 12, 18)
(28, 13, 18)
(28, 14, 18)
(28, 15, 18)
(28, 16, 18)
(28, 17, 18)
(28, 18, 16)
(28, 19, 16)
(28, 20, 16)
(28, 21, 16)
(28, 22, 14)
(28, 23, 14)
(28, 24, 11)
(28, 25, 11)
(28, 26, 9)
(28, 27, 9)
(28, 28, 9)
(28, 29, 9)
(28, 30, 9)
(28, 31, 9)
(28, 32, 9)
(28, 33, 9)
(28, 34, 9)
(28, 35, 9)
(28, 36, 9)
(28, 37, 8)
(28, 38, 8)
(28, 39, 8)

(29, 0, 128)
(29, 1, 120)
(29, 2, 42)
(29, 3, 42)
(29, 4, 38)
(29, 5, 38)
(29, 6, 31)
(29, 7, 29)
(29, 8, 29)
(29, 9, 20)
(29, 10, 18)
(29, 11, 18)
(29, 12, 18)
(29, 13, 18)
(29, 14, 18)
(29, 15, 18)
(29, 16, 18)
(29, 17, 18)
(29, 18, 16)
(29, 19, 16)
(29, 20, 16)
(29, 21, 16)
(29, 22, 14)
(29, 23, 14)
(29, 24, 11)
(29, 25, 11)
(29, 26, 9)
(29, 27, 9)
(29, 28, 9)
(29, 29, 9)
(29, 30, 9)
(29, 31, 9)
(29, 32, 9)
(29, 33, 9)
(29, 34, 9)
(29, 35, 9)
(29, 36, 9)
(29, 37, 8)
(29, 38, 8)
(29, 39, 8)

(30, 0, 134)
(30, 1, 126)
(30, 2, 42)
(30, 3, 42)
(30, 4, 38)
(30, 5, 38)
(30, 6, 31)
(30, 7, 29)
(30, 8, 29)
(30, 9, 20)
(30, 10, 18)
(30, 11, 18)
(30, 12, 18)
(30, 13, 18)
(30, 14, 18)
(30, 15, 18)
(30, 16, 18)
(30, 17, 18)
(30, 18, 16)
(30, 19, 16)
(30, 20, 16)
(30, 21, 16)
(30, 22, 14)
(30, 23, 14)
(30, 24, 11)
(30, 25, 11)
(30, 26, 9)
(30, 27, 9)
(30, 28, 9)
(30, 29, 9)
(30, 30, 9)
(30, 31, 9)
(30, 32, 9)
(30, 33, 9)
(30, 34, 9)
(30, 35, 9)
(30, 36, 9)
(30, 37, 8)
(30, 38, 8)
(30, 39, 8)

(31, 0, 138)
(31, 1, 130)
(31, 2, 42)
(31, 3, 42)
(31, 4, 38)
(31, 5, 38)
(31, 6, 31)
(31, 7, 29)
(31, 8, 29)
(31, 9, 20)
(31, 10, 18)
(31, 11, 18)
(31, 12, 18)
(31, 13, 18)
(31, 14, 18)
(31, 15, 18)
(31, 16, 18)
(31, 17, 18)
(31, 18, 16)
(31, 19, 16)
(31, 20, 16)
(31, 21, 16)
(31, 22, 14)
(31, 23, 14)
(31, 24, 11)
(31, 25, 11)
(31, 26, 9)
(31, 27, 9)
(31, 28, 9)
(31, 29, 9)
(31, 30, 9)
(31, 31, 9)
(31, 32, 9)
(31, 33, 9)
(31, 34, 9)
(31, 35, 9)
(31, 36, 9)
(31, 37, 8)
(31, 38, 8)
(31, 39, 8)

(32, 0, 144)
(32, 1, 136)
(32, 2, 42)
(32, 3, 42)
(32, 4, 38)
(32, 5, 38)
(32, 6, 31)
(32, 7, 29)
(32, 8, 29)
(32, 9, 20)
(32, 10, 18)
(32, 11, 18)
(32, 12, 18)
(32, 13, 18)
(32, 14, 18)
(32, 15, 18)
(32, 16, 18)
(32, 17, 18)
(32, 18, 16)
(32, 19, 16)
(32, 20, 16)
(32, 21, 16)
(32, 22, 14)
(32, 23, 14)
(32, 24, 11)
(32, 25, 11)
(32, 26, 9)
(32, 27, 9)
(32, 28, 9)
(32, 29, 9)
(32, 30, 9)
(32, 31, 9)
(32, 32, 9)
(32, 33, 9)
(32, 34, 9)
(32, 35, 9)
(32, 36, 9)
(32, 37, 8)
(32, 38, 8)
(32, 39, 8)

(33, 0, 150)
(33, 1, 142)
(33, 2, 42)
(33, 3, 42)
(33, 4, 38)
(33, 5, 38)
(33, 6, 31)
(33, 7, 29)
(33, 8, 29)
(33, 9, 20)
(33, 10, 18)
(33, 11, 18)
(33, 12, 18)
(33, 13, 18)
(33, 14, 18)
(33, 15, 18)
(33, 16, 18)
(33, 17, 18)
(33, 18, 16)
(33, 19, 16)
(33, 20, 16)
(33, 21, 16)
(33, 22, 14)
(33, 23, 14)
(33, 24, 11)
(33, 25, 11)
(33, 26, 9)
(33, 27, 9)
(33, 28, 9)
(33, 29, 9)
(33, 30, 9)
(33, 31, 9)
(33, 32, 9)
(33, 33, 9)
(33, 34, 9)
(33, 35, 9)
(33, 36, 9)
(33, 37, 8)
(33, 38, 8)
(33, 39, 8)

(34, 0, 156)
(34, 1, 148)
(34, 2, 42)
(34, 3, 42)
(34, 4, 38)
(34, 5, 38)
(34, 6, 31)
(34, 7, 29)
(34, 8, 29)
(34, 9, 20)
(34, 10, 18)
(34, 11, 18)
(34, 12, 18)
(34, 13, 18)
(34, 14, 18)
(34, 15, 18)
(34, 16, 18)
(34, 17, 18)
(34, 18, 16)
(34, 19, 16)
(34, 20, 16)
(34, 21, 16)
(34, 22, 14)
(34, 23, 14)
(34, 24, 11)
(34, 25, 11)
(34, 26, 9)
(34, 27, 9)
(34, 28, 9)
(34, 29, 9)
(34, 30, 9)
(34, 31, 9)
(34, 32, 9)
(34, 33, 9)
(34, 34, 9)
(34, 35, 9)
(34, 36, 9)
(34, 37, 8)
(34, 38, 8)
(34, 39, 8)

(35, 0, 160)
(35, 1, 152)
(35, 2, 42)
(35, 3, 42)
(35, 4, 38)
(35, 5, 38)
(35, 6, 31)
(35, 7, 29)
(35, 8, 29)
(35, 9, 20)
(35, 10, 18)
(35, 11, 18)
(35, 12, 18)
(35, 13, 18)
(35, 14, 18)
(35, 15, 18)
(35, 16, 18)
(35, 17, 18)
(35, 18, 16)
(35, 19, 16)
(35, 20, 16)
(35, 21, 16)
(35, 22, 14)
(35, 23, 14)
(35, 24, 11)
(35, 25, 11)
(35, 26, 9)
(35, 27, 9)
(35, 28, 9)
(35, 29, 9)
(35, 30, 9)
(35, 31, 9)
(35, 32, 9)
(35, 33, 9)
(35, 34, 9)
(35, 35, 9)
(35, 36, 9)
(35, 37, 8)
(35, 38, 8)
(35, 39, 8)

(36, 0, 166)
(36, 1, 158)
(36, 2, 42)
(36, 3, 42)
(36, 4, 38)
(36, 5, 38)
(36, 6, 31)
(36, 7, 29)
(36, 8, 29)
(36, 9, 20)
(36, 10, 18)
(36, 11, 18)
(36, 12, 18)
(36, 13, 18)
(36, 14, 18)
(36, 15, 18)
(36, 16, 18)
(36, 17, 18)
(36, 18, 16)
(36, 19, 16)
(36, 20, 16)
(36, 21, 16)
(36, 22, 14)
(36, 23, 14)
(36, 24, 11)
(36, 25, 11)
(36, 26, 9)
(36, 27, 9)
(36, 28, 9)
(36, 29, 9)
(36, 30, 9)
(36, 31, 9)
(36, 32, 9)
(36, 33, 9)
(36, 34, 9)
(36, 35, 9)
(36, 36, 9)
(36, 37, 8)
(36, 38, 8)
(36, 39, 8)

(37, 0, 172)
(37, 1, 164)
(37, 2, 42)
(37, 3, 42)
(37, 4, 38)
(37, 5, 38)
(37, 6, 31)
(37, 7, 29)
(37, 8, 29)
(37, 9, 20)
(37, 10, 18)
(37, 11, 18)
(37, 12, 18)
(37, 13, 18)
(37, 14, 18)
(37, 15, 18)
(37, 16, 18)
(37, 17, 18)
(37, 18, 16)
(37, 19, 16)
(37, 20, 16)
(37, 21, 16)
(37, 22, 14)
(37, 23, 14)
(37, 24, 11)
(37, 25, 11)
(37, 26, 9)
(37, 27, 9)
(37, 28, 9)
(37, 29, 9)
(37, 30, 9)
(37, 31, 9)
(37, 32, 9)
(37, 33, 9)
(37, 34, 9)
(37, 35, 9)
(37, 36, 9)
(37, 37, 8)
(37, 38, 8)
(37, 39, 8)

(38, 0, 178)
(38, 1, 170)
(38, 2, 42)
(38, 3, 42)
(38, 4, 38)
(38, 5, 38)
(38, 6, 31)
(38, 7, 29)
(38, 8, 29)
(38, 9, 20)
(38, 10, 18)
(38, 11, 18)
(38, 12, 18)
(38, 13, 18)
(38, 14, 18)
(38, 15, 18)
(38, 16, 18)
(38, 17, 18)
(38, 18, 16)
(38, 19, 16)
(38, 20, 16)
(38, 21, 16)
(38, 22, 14)
(38, 23, 14)
(38, 24, 11)
(38, 25, 11)
(38, 26, 9)
(38, 27, 9)
(38, 28, 9)
(38, 29, 9)
(38, 30, 9)
(38, 31, 9)
(38, 32, 9)
(38, 33, 9)
(38, 34, 9)
(38, 35, 9)
(38, 36, 9)
(38, 37, 8)
(38, 38, 8)
(38, 39, 8)

(39, 0, 190)
(39, 1, 182)
(39, 2, 54)
(39, 3, 46)
(39, 4, 40)
(39, 5, 40)
(39, 6, 32)
(39, 7, 30)
(39, 8, 29)
(39, 9, 20)
(39, 10, 18)
(39, 11, 18)
(39, 12, 18)
(39, 13, 18)
(39, 14, 18)
(39, 15, 18)
(39, 16, 18)
(39, 17, 18)
(39, 18, 16)
(39, 19, 16)
(39, 20, 16)
(39, 21, 16)
(39, 22, 14)
(39, 23, 14)
(39, 24, 11)
(39, 25, 11)
(39, 26, 9)
(39, 27, 9)
(39, 28, 9)
(39, 29, 9)
(39, 30, 9)
(39, 31, 9)
(39, 32, 9)
(39, 33, 9)
(39, 34, 9)
(39, 35, 9)
(39, 36, 9)
(39, 37, 8)
(39, 38, 8)
(39, 39, 8)


Betti numbers:
xi_0:
(0, 0, 3)
(1, 0, 1)
(4, 0, 2)
(5, 0, 2)
(6, 0, 6)
(7, 0, 2)
(9, 0, 6)
(10, 0, 5)
(11, 0, 5)
(12, 0, 4)
(13, 0, 2)
(14, 0, 2)
(15, 0, 10)
(16, 0, 4)
(17, 0, 8)
(18, 0, 8)
(19, 0, 4)
(20, 0, 6)
(21, 0, 6)
(22, 0, 4)
(23, 0, 6)
(24, 0, 6)
(25, 0, 4)
(26, 0, 6)
(27, 0, 6)
(28, 0, 4)
(29, 0, 6)
(30, 0, 6)
(31, 0, 4)
(32, 0, 6)
(33, 0, 6)
(34, 0, 6)
(35, 0, 4)
(36, 0, 6)
(37, 0, 6)
(38, 0, 6)
(39, 0, 12)
xi_1:
(0, 9, 1)
(1, 9, 1)
(4, 24, 1)
(5, 9, 2)
(6, 4, 1)
(6, 6, 1)
(6, 18, 1)
(6, 24, 1)
(6, 26, 1)
(7, 9, 2)
(9, 1, 2)
(9, 6, 1)
(9, 37, 1)
(10, 1, 2)
(10, 6, 1)
(10, 9, 1)
(10, 10, 1)
(11, 1, 2)
(11, 6, 1)
(11, 9, 2)
(12, 1, 2)
(12, 6, 1)
(12, 10, 1)
(13, 22, 2)
(14, 24, 1)
(15, 2, 4)
(15, 4, 2)
(15, 6, 1)
(15, 7, 2)
(15, 24, 1)
(15, 26, 1)
(16, 2, 4)
(17, 2, 6)
(17, 24, 1)
(18, 2, 6)
(18, 4, 1)
(18, 6, 1)
(18, 18, 1)
(19, 2, 4)
(20, 2, 6)
(21, 2, 6)
(22, 2, 4)
(23, 2, 6)
(24, 2, 6)
(25, 2, 4)
(26, 2, 6)
(27, 2, 6)
(28, 2, 4)
(29, 2, 6)
(30, 2, 6)
(31, 2, 4)
(32, 2, 6)
(33, 2, 6)
(34, 2, 6)
(35, 2, 4)
(36, 2, 6)
(37, 2, 6)
(38, 2, 6)
(39, 3, 8)
(39, 4, 2)
(39, 6, 1)
(39, 8, 1)
xi_2:
(15, 24, 1)
(18, 24, 1)
