x-grades
-2429036678728008211/400000000000000000
-1190750674120008611/200000000000000000
-2333966017752026233/400000000000000000
-571607671816008811/100000000000000000
-447779071355208851/80000000000000000
-1095680013144026633/200000000000000000
-2143824695800062277/400000000000000000
-262036170664008911/50000000000000000
-2048754034824080299/400000000000000000
-200121870433608931/40000000000000000
-1953683373848098321/400000000000000000
-476537010840026833/100000000000000000
-1858612712872116343/400000000000000000
-905538691192062677/200000000000000000
-352708410379226873/80000000000000000
-107250420088008961/25000000000000000
-1668471390920152387/400000000000000000
-810468030216080699/200000000000000000
-1573400729944170409/400000000000000000
-76293269972808971/20000000000000000
-1478330068968188431/400000000000000000
-715397369240098721/200000000000000000
-1383259407992206453/400000000000000000
-166965509688026933/50000000000000000
-51527549880648979/16000000000000000
-620326708264116743/200000000000000000
-1193118086040242497/400000000000000000
-286395688888062877/100000000000000000
-1098047425064260519/400000000000000000
-105051209457626953/40000000000000000
-1002976764088278541/400000000000000000
-14928772400004493/6250000000000000
-907906103112296563/400000000000000000
-430185386312152787/200000000000000000
-162567088427262917/80000000000000000
-191325027912080899/100000000000000000
-717764781160332607/400000000000000000
-335114725336170809/200000000000000000
-622694120184350629/400000000000000000
-14378969742408991/10000000000000000

y-grades
4999911/2000000
4999911/1000000
14999733/2000000
4999911/500000
4999911/400000
14999733/1000000
34999377/2000000
4999911/250000
44999199/2000000
4999911/200000
54999021/2000000
14999733/500000
64998843/2000000
34999377/1000000
14999733/400000
4999911/125000
84998487/2000000
44999199/1000000
94998309/2000000
4999911/100000
104998131/2000000
54999021/1000000
114997953/2000000
14999733/250000
4999911/80000
64998843/1000000
134997597/2000000
34999377/500000
144997419/2000000
14999733/200000
154997241/2000000
4999911/62500
164997063/2000000
84998487/1000000
34999377/400000
44999199/500000
184996707/2000000
94998309/1000000
194996529/2000000
4999911/50000

Dimensions > 0:
(0, 0, 2)
(0, 1, 2)
(0, 2, 2)
(0, 3, 2)
(0, 4, 2)
(0, 5, 1)
(0, 6, 1)
(0, 7, 1)
(0, 8, 1)
(0, 9, 1)
(0, 10, 1)
(0, 11, 1)
(0, 12, 1)
(0, 13, 1)
(0, 14, 1)
(0, 15, 1)
(0, 16, 1)
(0, 17, 1)
(0, 18, 1)
(0, 19, 1)
(0, 20, 1)
(0, 21, 1)
(0, 22, 1)
(0, 23, 1)
(0, 24, 1)
(0, 25, 1)
(0, 26, 1)
(0, 27, 1)
(0, 28, 1)
(0, 29, 1)
(0, 30, 1)
(0, 31, 1)
(0, 32, 1)
(0, 33, 1)
(0, 34, 1)
(0, 35, 1)
(0, 36, 1)
(0, 37, 1)
(0, 38, 1)
(0, 39, 1)

(1, 0, 2)
(1, 1, 2)
(1, 2, 2)
(1, 3, 2)
(1, 4, 2)
(1, 5, 1)
(1, 6, 1)
(1, 7, 1)
(1, 8, 1)
(1, 9, 1)
(1, 10, 1)
(1, 11, 1)
(1, 12, 1)
(1, 13, 1)
(1, 14, 1)
(1, 15, 1)
(1, 16, 1)
(1, 17, 1)
(1, 18, 1)
(1, 19, 1)
(1, 20, 1)
(1, 21, 1)
(1, 22, 1)
(1, 23, 1)
(1, 24, 1)
(1, 25, 1)
(1, 26, 1)
(1, 27, 1)
(1, 28, 1)
(1, 29, 1)
(1, 30, 1)
(1, 31, 1)
(1, 32, 1)
(1, 33, 1)
(1, 34, 1)
(1, 35, 1)
(1, 36, 1)
(1, 37, 1)
(1, 38, 1)
(1, 39, 1)

(2, 0, 3)
(2, 1, 3)
(2, 2, 3)
(2, 3, 3)
(2, 4, 3)
(2, 5, 2)
(2, 6, 2)
(2, 7, 2)
(2, 8, 2)
(2, 9, 2)
(2, 10, 2)
(2, 11, 2)
(2, 12, 2)
(2, 13, 2)
(2, 14, 2)
(2, 15, 2)
(2, 16, 2)
(2, 17, 2)
(2, 18, 2)
(2, 19, 2)
(2, 20, 2)
(2, 21, 2)
(2, 22, 2)
(2, 23, 2)
(2, 24, 2)
(2, 25, 2)
(2, 26, 2)
(2, 27, 2)
(2, 28, 2)
(2, 29, 2)
(2, 30, 2)
(2, 31, 2)
(2, 32, 2)
(2, 33, 2)
(2, 34, 2)
(2, 35, 1)
(2, 36, 1)
(2, 37, 1)
(2, 38, 1)
(2, 39, 1)

(3, 0, 4)
(3, 1, 4)
(3, 2, 4)
(3, 3, 4)
(3, 4, 4)
(3, 5, 2)
(3, 6, 2)
(3, 7, 2)
(3, 8, 2)
(3, 9, 2)
(3, 10, 2)
(3, 11, 2)
(3, 12, 2)
(3, 13, 2)
(3, 14, 2)
(3, 15, 2)
(3, 16, 2)
(3, 17, 2)
(3, 18, 2)
(3, 19, 2)
(3, 20, 2)
(3, 21, 2)
(3, 22, 2)
(3, 23, 2)
(3, 24, 2)
(3, 25, 2)
(3, 26, 2)
(3, 27, 2)
(3, 28, 2)
(3, 29, 2)
(3, 30, 2)
(3, 31, 2)
(3, 32, 2)
(3, 33, 2)
(3, 34, 2)
(3, 35, 1)
(3, 36, 1)
(3, 37, 1)
(3, 38, 1)
(3, 39, 1)

(4, 0, 5)
(4, 1, 5)
(4, 2, 5)
(4, 3, 5)
(4, 4, 5)
(4, 5, 3)
(4, 6, 3)
(4, 7, 3)
(4, 8, 3)
(4, 9, 3)
(4, 10, 3)
(4, 11, 3)
(4, 12, 3)
(4, 13, 3)
(4, 14, 3)
(4, 15, 3)
(4, 16, 3)
(4, 17, 3)
(4, 18, 3)
(4, 19, 3)
(4, 20, 3)
(4, 21, 3)
(4, 22, 3)
(4, 23, 3)
(4, 24, 3)
(4, 25, 3)
(4, 26, 3)
(4, 27, 3)
(4, 28, 3)
(4, 29, 3)
(4, 30, 3)
(4, 31, 3)
(4, 32, 3)
(4, 33, 3)
(4, 34, 3)
(4, 35, 1)
(4, 36, 1)
(4, 37, 1)
(4, 38, 1)
(4, 39, 1)

(5, 0, 6)
(5, 1, 6)
(5, 2, 6)
(5, 3, 6)
(5, 4, 6)
(5, 5, 3)
(5, 6, 3)
(5, 7, 3)
(5, 8, 3)
(5, 9, 3)
(5, 10, 3)
(5, 11, 3)
(5, 12, 3)
(5, 13, 3)
(5, 14, 3)
(5, 15, 3)
(5, 16, 3)
(5, 17, 3)
(5, 18, 3)
(5, 19, 3)
(5, 20, 3)
(5, 21, 3)
(5, 22, 3)
(5, 23, 3)
(5, 24, 3)
(5, 25, 3)
(5, 26, 3)
(5, 27, 3)
(5, 28, 3)
(5, 29, 3)
(5, 30, 3)
(5, 31, 3)
(5, 32, 3)
(5, 33, 3)
(5, 34, 3)
(5, 35, 1)
(5, 36, 1)
(5, 37, 1)
(5, 38, 1)
(5, 39, 1)

(6, 0, 7)
(6, 1, 7)
(6, 2, 7)
(6, 3, 7)
(6, 4, 7)
(6, 5, 4)
(6, 6, 4)
(6, 7, 4)
(6, 8, 4)
(6, 9, 4)
(6, 10, 4)
(6, 11, 4)
(6, 12, 4)
(6, 13, 4)
(6, 14, 4)
(6, 15, 4)
(6, 16, 4)
(6, 17, 4)
(6, 18, 4)
(6, 19, 4)
(6, 20, 4)
(6, 21, 4)
(6, 22, 4)
(6, 23, 4)
(6, 24, 4)
(6, 25, 4)
(6, 26, 4)
(6, 27, 4)
(6, 28, 4)
(6, 29, 4)
(6, 30, 4)
(6, 31, 4)
(6, 32, 4)
(6, 33, 4)
(6, 34, 4)
(6, 35, 1)
(6, 36, 1)
(6, 37, 1)
(6, 38, 1)
(6, 39, 1)

(7, 0, 7)
(7, 1, 7)
(7, 2, 7)
(7, 3, 7)
(7, 4, 7)
(7, 5, 4)
(7, 6, 4)
(7, 7, 4)
(7, 8, 4)
(7, 9, 4)
(7, 10, 4)
(7, 11, 4)
(7, 12, 4)
(7, 13, 4)
(7, 14, 4)
(7, 15, 4)
(7, 16, 4)
(7, 17, 4)
(7, 18, 4)
(7, 19, 4)
(7, 20, 4)
(7, 21, 4)
(7, 22, 4)
(7, 23, 4)
(7, 24, 4)
(7, 25, 4)
(7, 26, 4)
(7, 27, 4)
(7, 28, 4)
(7, 29, 4)
(7, 30, 4)
(7, 31, 4)
(7, 32, 4)
(7, 33, 4)
(7, 34, 4)
(7, 35, 1)
(7, 36, 1)
(7, 37, 1)
(7, 38, 1)
(7, 39, 1)

(8, 0, 8)
(8, 1, 8)
(8, 2, 8)
(8, 3, 8)
(8, 4, 8)
(8, 5, 4)
(8, 6, 4)
(8, 7, 4)
(8, 8, 4)
(8, 9, 4)
(8, 10, 4)
(8, 11, 4)
(8, 12, 4)
(8, 13, 4)
(8, 14, 4)
(8, 15, 4)
(8, 16, 4)
(8, 17, 4)
(8, 18, 4)
(8, 19, 4)
(8, 20, 4)
(8, 21, 4)
(8, 22, 4)
(8, 23, 4)
(8, 24, 4)
(8, 25, 4)
(8, 26, 4)
(8, 27, 4)
(8, 28, 4)
(8, 29, 4)
(8, 30, 4)
(8, 31, 4)
(8, 32, 4)
(8, 33, 4)
(8, 34, 4)
(8, 35, 1)
(8, 36, 1)
(8, 37, 1)
(8, 38, 1)
(8, 39, 1)

(9, 0, 8)
(9, 1, 8)
(9, 2, 8)
(9, 3, 8)
(9, 4, 8)
(9, 5, 4)
(9, 6, 4)
(9, 7, 4)
(9, 8, 4)
(9, 9, 4)
(9, 10, 4)
(9, 11, 4)
(9, 12, 4)
(9, 13, 4)
(9, 14, 4)
(9, 15, 4)
(9, 16, 4)
(9, 17, 4)
(9, 18, 4)
(9, 19, 4)
(9, 20, 4)
(9, 21, 4)
(9, 22, 4)
(9, 23, 4)
(9, 24, 4)
(9, 25, 4)
(9, 26, 4)
(9, 27, 4)
(9, 28, 4)
(9, 29, 4)
(9, 30, 4)
(9, 31, 4)
(9, 32, 4)
(9, 33, 4)
(9, 34, 4)
(9, 35, 1)
(9, 36, 1)
(9, 37, 1)
(9, 38, 1)
(9, 39, 1)

(10, 0, 8)
(10, 1, 8)
(10, 2, 8)
(10, 3, 8)
(10, 4, 8)
(10, 5, 4)
(10, 6, 4)
(10, 7, 4)
(10, 8, 4)
(10, 9, 4)
(10, 10, 4)
(10, 11, 4)
(10, 12, 4)
(10, 13, 4)
(10, 14, 4)
(10, 15, 4)
(10, 16, 4)
(10, 17, 4)
(10, 18, 4)
(10, 19, 4)
(10, 20, 4)
(10, 21, 4)
(10, 22, 4)
(10, 23, 4)
(10, 24, 4)
(10, 25, 4)
(10, 26, 4)
(10, 27, 4)
(10, 28, 4)
(10, 29, 4)
(10, 30, 4)
(10, 31, 4)
(10, 32, 4)
(10, 33, 4)
(10, 34, 4)
(10, 35, 1)
(10, 36, 1)
(10, 37, 1)
(10, 38, 1)
(10, 39, 1)

(11, 0, 9)
(11, 1, 9)
(11, 2, 9)
(11, 3, 9)
(11, 4, 9)
(11, 5, 5)
(11, 6, 5)
(11, 7, 5)
(11, 8, 5)
(11, 9, 5)
(11, 10, 5)
(11, 11, 5)
(11, 12, 5)
(11, 13, 5)
(11, 14, 4)
(11, 15, 4)
(11, 16, 4)
(11, 17, 4)
(11, 18, 4)
(11, 19, 4)
(11, 20, 4)
(11, 21, 4)
(11, 22, 4)
(11, 23, 4)
(11, 24, 4)
(11, 25, 4)
(11, 26, 4)
(11, 27, 4)
(11, 28, 4)
(11, 29, 4)
(11, 30, 4)
(11, 31, 4)
(11, 32, 4)
(11, 33, 4)
(11, 34, 4)
(11, 35, 1)
(11, 36, 1)
(11, 37, 1)
(11, 38, 1)
(11, 39, 1)

(12, 0, 11)
(12, 1, 11)
(12, 2, 11)
(12, 3, 10)
(12, 4, 10)
(12, 5, 6)
(12, 6, 6)
(12, 7, 6)
(12, 8, 6)
(12, 9, 6)
(12, 10, 6)
(12, 11, 6)
(12, 12, 5)
(12, 13, 5)
(12, 14, 5)
(12, 15, 5)
(12, 16, 5)
(12, 17, 5)
(12, 18, 5)
(12, 19, 5)
(12, 20, 5)
(12, 21, 5)
(12, 22, 5)
(12, 23, 5)
(12, 24, 5)
(12, 25, 4)
(12, 26, 4)
(12, 27, 4)
(12, 28, 4)
(12, 29, 4)
(12, 30, 4)
(12, 31, 4)
(12, 32, 4)
(12, 33, 4)
(12, 34, 4)
(12, 35, 1)
(12, 36, 1)
(12, 37, 1)
(12, 38, 1)
(12, 39, 1)

(13, 0, 12)
(13, 1, 12)
(13, 2, 11)
(13, 3, 10)
(13, 4, 10)
(13, 5, 6)
(13, 6, 6)
(13, 7, 6)
(13, 8, 6)
(13, 9, 6)
(13, 10, 6)
(13, 11, 6)
(13, 12, 5)
(13, 13, 5)
(13, 14, 5)
(13, 15, 5)
(13, 16, 5)
(13, 17, 5)
(13, 18, 5)
(13, 19, 5)
(13, 20, 5)
(13, 21, 5)
(13, 22, 5)
(13, 23, 5)
(13, 24, 5)
(13, 25, 4)
(13, 26, 4)
(13, 27, 4)
(13, 28, 4)
(13, 29, 4)
(13, 30, 4)
(13, 31, 4)
(13, 32, 4)
(13, 33, 4)
(13, 34, 4)
(13, 35, 1)
(13, 36, 1)
(13, 37, 1)
(13, 38, 1)
(13, 39, 1)

(14, 0, 16)
(14, 1, 16)
(14, 2, 13)
(14, 3, 12)
(14, 4, 12)
(14, 5, 8)
(14, 6, 8)
(14, 7, 8)
(14, 8, 8)
(14, 9, 8)
(14, 10, 8)
(14, 11, 8)
(14, 12, 7)
(14, 13, 7)
(14, 14, 6)
(14, 15, 6)
(14, 16, 6)
(14, 17, 6)
(14, 18, 6)
(14, 19, 6)
(14, 20, 6)
(14, 21, 6)
(14, 22, 5)
(14, 23, 5)
(14, 24, 5)
(14, 25, 4)
(14, 26, 4)
(14, 27, 4)
(14, 28, 4)
(14, 29, 4)
(14, 30, 4)
(14, 31, 4)
(14, 32, 4)
(14, 33, 4)
(14, 34, 4)
(14, 35, 1)
(14, 36, 1)
(14, 37, 1)
(14, 38, 1)
(14, 39, 1)

(15, 0, 19)
(15, 1, 19)
(15, 2, 14)
(15, 3, 12)
(15, 4, 12)
(15, 5, 8)
(15, 6, 8)
(15, 7, 8)
(15, 8, 8)
(15, 9, 8)
(15, 10, 8)
(15, 11, 8)
(15, 12, 6)
(15, 13, 6)
(15, 14, 6)
(15, 15, 6)
(15, 16, 6)
(15, 17, 6)
(15, 18, 6)
(15, 19, 6)
(15, 20, 6)
(15, 21, 6)
(15, 22, 5)
(15, 23, 5)
(15, 24, 5)
(15, 25, 4)
(15, 26, 4)
(15, 27, 4)
(15, 28, 4)
(15, 29, 4)
(15, 30, 4)
(15, 31, 4)
(15, 32, 4)
(15, 33, 4)
(15, 34, 4)
(15, 35, 1)
(15, 36, 1)
(15, 37, 1)
(15, 38, 1)
(15, 39, 1)

(16, 0, 26)
(16, 1, 26)
(16, 2, 16)
(16, 3, 14)
(16, 4, 14)
(16, 5, 10)
(16, 6, 10)
(16, 7, 10)
(16, 8, 10)
(16, 9, 10)
(16, 10, 10)
(16, 11, 10)
(16, 12, 8)
(16, 13, 8)
(16, 14, 7)
(16, 15, 6)
(16, 16, 6)
(16, 17, 6)
(16, 18, 6)
(16, 19, 6)
(16, 20, 6)
(16, 21, 6)
(16, 22, 4)
(16, 23, 4)
(16, 24, 4)
(16, 25, 3)
(16, 26, 3)
(16, 27, 3)
(16, 28, 3)
(16, 29, 3)
(16, 30, 3)
(16, 31, 3)
(16, 32, 3)
(16, 33, 3)
(16, 34, 3)
(16, 35, 1)
(16, 36, 1)
(16, 37, 1)
(16, 38, 1)
(16, 39, 1)

(17, 0, 35)
(17, 1, 35)
(17, 2, 18)
(17, 3, 16)
(17, 4, 15)
(17, 5, 10)
(17, 6, 10)
(17, 7, 9)
(17, 8, 9)
(17, 9, 9)
(17, 10, 9)
(17, 11, 9)
(17, 12, 7)
(17, 13, 7)
(17, 14, 6)
(17, 15, 6)
(17, 16, 6)
(17, 17, 5)
(17, 18, 5)
(17, 19, 5)
(17, 20, 5)
(17, 21, 5)
(17, 22, 4)
(17, 23, 4)
(17, 24, 4)
(17, 25, 3)
(17, 26, 3)
(17, 27, 3)
(17, 28, 3)
(17, 29, 3)
(17, 30, 3)
(17, 31, 3)
(17, 32, 3)
(17, 33, 3)
(17, 34, 3)
(17, 35, 1)
(17, 36, 1)
(17, 37, 1)
(17, 38, 1)
(17, 39, 1)

(18, 0, 44)
(18, 1, 44)
(18, 2, 18)
(18, 3, 16)
(18, 4, 15)
(18, 5, 10)
(18, 6, 10)
(18, 7, 10)
(18, 8, 10)
(18, 9, 10)
(18, 10, 10)
(18, 11, 10)
(18, 12, 8)
(18, 13, 7)
(18, 14, 5)
(18, 15, 5)
(18, 16, 5)
(18, 17, 5)
(18, 18, 5)
(18, 19, 5)
(18, 20, 5)
(18, 21, 5)
(18, 22, 4)
(18, 23, 4)
(18, 24, 4)
(18, 25, 3)
(18, 26, 3)
(18, 27, 3)
(18, 28, 3)
(18, 29, 3)
(18, 30, 3)
(18, 31, 3)
(18, 32, 3)
(18, 33, 3)
(18, 34, 3)
(18, 35, 1)
(18, 36, 1)
(18, 37, 1)
(18, 38, 1)
(18, 39, 1)

(19, 0, 50)
(19, 1, 50)
(19, 2, 19)
(19, 3, 16)
(19, 4, 15)
(19, 5, 10)
(19, 6, 10)
(19, 7, 10)
(19, 8, 10)
(19, 9, 10)
(19, 10, 10)
(19, 11, 10)
(19, 12, 8)
(19, 13, 7)
(19, 14, 5)
(19, 15, 5)
(19, 16, 5)
(19, 17, 5)
(19, 18, 5)
(19, 19, 5)
(19, 20, 5)
(19, 21, 5)
(19, 22, 4)
(19, 23, 4)
(19, 24, 4)
(19, 25, 3)
(19, 26, 3)
(19, 27, 3)
(19, 28, 3)
(19, 29, 3)
(19, 30, 3)
(19, 31, 3)
(19, 32, 3)
(19, 33, 3)
(19, 34, 3)
(19, 35, 1)
(19, 36, 1)
(19, 37, 1)
(19, 38, 1)
(19, 39, 1)

(20, 0, 55)
(20, 1, 55)
(20, 2, 20)
(20, 3, 17)
(20, 4, 16)
(20, 5, 10)
(20, 6, 10)
(20, 7, 10)
(20, 8, 10)
(20, 9, 10)
(20, 10, 10)
(20, 11, 10)
(20, 12, 8)
(20, 13, 6)
(20, 14, 5)
(20, 15, 5)
(20, 16, 5)
(20, 17, 5)
(20, 18, 5)
(20, 19, 5)
(20, 20, 5)
(20, 21, 5)
(20, 22, 4)
(20, 23, 4)
(20, 24, 4)
(20, 25, 3)
(20, 26, 3)
(20, 27, 3)
(20, 28, 3)
(20, 29, 3)
(20, 30, 3)
(20, 31, 3)
(20, 32, 3)
(20, 33, 3)
(20, 34, 2)
(20, 35, 1)
(20, 36, 1)
(20, 37, 1)
(20, 38, 1)
(20, 39, 1)

(21, 0, 63)
(21, 1, 63)
(21, 2, 24)
(21, 3, 20)
(21, 4, 18)
(21, 5, 11)
(21, 6, 11)
(21, 7, 11)
(21, 8, 11)
(21, 9, 11)
(21, 10, 11)
(21, 11, 11)
(21, 12, 8)
(21, 13, 6)
(21, 14, 5)
(21, 15, 5)
(21, 16, 5)
(21, 17, 5)
(21, 18, 5)
(21, 19, 5)
(21, 20, 5)
(21, 21, 5)
(21, 22, 4)
(21, 23, 4)
(21, 24, 4)
(21, 25, 3)
(21, 26, 3)
(21, 27, 3)
(21, 28, 3)
(21, 29, 3)
(21, 30, 3)
(21, 31, 3)
(21, 32, 3)
(21, 33, 3)
(21, 34, 2)
(21, 35, 1)
(21, 36, 1)
(21, 37, 1)
(21, 38, 1)
(21, 39, 1)

(22, 0, 74)
(22, 1, 74)
(22, 2, 26)
(22, 3, 22)
(22, 4, 19)
(22, 5, 12)
(22, 6, 12)
(22, 7, 12)
(22, 8, 11)
(22, 9, 11)
(22, 10, 11)
(22, 11, 11)
(22, 12, 8)
(22, 13, 6)
(22, 14, 5)
(22, 15, 5)
(22, 16, 5)
(22, 17, 5)
(22, 18, 5)
(22, 19, 5)
(22, 20, 5)
(22, 21, 5)
(22, 22, 4)
(22, 23, 4)
(22, 24, 4)
(22, 25, 3)
(22, 26, 3)
(22, 27, 3)
(22, 28, 3)
(22, 29, 3)
(22, 30, 3)
(22, 31, 3)
(22, 32, 3)
(22, 33, 3)
(22, 34, 2)
(22, 35, 1)
(22, 36, 1)
(22, 37, 1)
(22, 38, 1)
(22, 39, 1)

(23, 0, 91)
(23, 1, 91)
(23, 2, 28)
(23, 3, 24)
(23, 4, 20)
(23, 5, 12)
(23, 6, 12)
(23, 7, 12)
(23, 8, 12)
(23, 9, 12)
(23, 10, 12)
(23, 11, 12)
(23, 12, 9)
(23, 13, 7)
(23, 14, 6)
(23, 15, 5)
(23, 16, 5)
(23, 17, 5)
(23, 18, 5)
(23, 19, 4)
(23, 20, 4)
(23, 21, 4)
(23, 22, 3)
(23, 23, 3)
(23, 24, 3)
(23, 25, 2)
(23, 26, 2)
(23, 27, 2)
(23, 28, 2)
(23, 29, 2)
(23, 30, 2)
(23, 31, 2)
(23, 32, 1)
(23, 33, 1)
(23, 34, 1)
(23, 35, 1)
(23, 36, 1)
(23, 37, 1)
(23, 38, 1)
(23, 39, 1)

(24, 0, 97)
(24, 1, 97)
(24, 2, 28)
(24, 3, 24)
(24, 4, 20)
(24, 5, 12)
(24, 6, 12)
(24, 7, 12)
(24, 8, 12)
(24, 9, 12)
(24, 10, 12)
(24, 11, 12)
(24, 12, 9)
(24, 13, 7)
(24, 14, 5)
(24, 15, 5)
(24, 16, 5)
(24, 17, 4)
(24, 18, 4)
(24, 19, 4)
(24, 20, 4)
(24, 21, 4)
(24, 22, 3)
(24, 23, 3)
(24, 24, 3)
(24, 25, 2)
(24, 26, 2)
(24, 27, 2)
(24, 28, 2)
(24, 29, 2)
(24, 30, 2)
(24, 31, 2)
(24, 32, 1)
(24, 33, 1)
(24, 34, 1)
(24, 35, 1)
(24, 36, 1)
(24, 37, 1)
(24, 38, 1)
(24, 39, 1)

(25, 0, 104)
(25, 1, 104)
(25, 2, 28)
(25, 3, 24)
(25, 4, 20)
(25, 5, 12)
(25, 6, 12)
(25, 7, 12)
(25, 8, 12)
(25, 9, 12)
(25, 10, 12)
(25, 11, 12)
(25, 12, 9)
(25, 13, 6)
(25, 14, 5)
(25, 15, 4)
(25, 16, 4)
(25, 17, 4)
(25, 18, 4)
(25, 19, 4)
(25, 20, 4)
(25, 21, 4)
(25, 22, 3)
(25, 23, 3)
(25, 24, 3)
(25, 25, 2)
(25, 26, 2)
(25, 27, 2)
(25, 28, 2)
(25, 29, 2)
(25, 30, 2)
(25, 31, 2)
(25, 32, 1)
(25, 33, 1)
(25, 34, 1)
(25, 35, 1)
(25, 36, 1)
(25, 37, 1)
(25, 38, 1)
(25, 39, 1)

(26, 0, 114)
(26, 1, 114)
(26, 2, 31)
(26, 3, 27)
(26, 4, 22)
(26, 5, 12)
(26, 6, 12)
(26, 7, 12)
(26, 8, 12)
(26, 9, 12)
(26, 10, 12)
(26, 11, 12)
(26, 12, 9)
(26, 13, 6)
(26, 14, 4)
(26, 15, 4)
(26, 16, 4)
(26, 17, 4)
(26, 18, 4)
(26, 19, 4)
(26, 20, 4)
(26, 21, 4)
(26, 22, 3)
(26, 23, 3)
(26, 24, 3)
(26, 25, 2)
(26, 26, 2)
(26, 27, 2)
(26, 28, 2)
(26, 29, 2)
(26, 30, 2)
(26, 31, 2)
(26, 32, 1)
(26, 33, 1)
(26, 34, 1)
(26, 35, 1)
(26, 36, 1)
(26, 37, 1)
(26, 38, 1)
(26, 39, 1)

(27, 0, 120)
(27, 1, 120)
(27, 2, 31)
(27, 3, 27)
(27, 4, 22)
(27, 5, 12)
(27, 6, 12)
(27, 7, 12)
(27, 8, 12)
(27, 9, 12)
(27, 10, 12)
(27, 11, 12)
(27, 12, 9)
(27, 13, 5)
(27, 14, 4)
(27, 15, 4)
(27, 16, 4)
(27, 17, 4)
(27, 18, 4)
(27, 19, 4)
(27, 20, 4)
(27, 21, 4)
(27, 22, 3)
(27, 23, 3)
(27, 24, 3)
(27, 25, 2)
(27, 26, 2)
(27, 27, 2)
(27, 28, 2)
(27, 29, 2)
(27, 30, 2)
(27, 31, 2)
(27, 32, 1)
(27, 33, 1)
(27, 34, 1)
(27, 35, 1)
(27, 36, 1)
(27, 37, 1)
(27, 38, 1)
(27, 39, 1)

(28, 0, 126)
(28, 1, 126)
(28, 2, 32)
(28, 3, 28)
(28, 4, 22)
(28, 5, 12)
(28, 6, 12)
(28, 7, 12)
(28, 8, 12)
(28, 9, 12)
(28, 10, 12)
(28, 11, 12)
(28, 12, 9)
(28, 13, 5)
(28, 14, 4)
(28, 15, 4)
(28, 16, 4)
(28, 17, 4)
(28, 18, 4)
(28, 19, 4)
(28, 20, 4)
(28, 21, 4)
(28, 22, 3)
(28, 23, 3)
(28, 24, 3)
(28, 25, 2)
(28, 26, 2)
(28, 27, 2)
(28, 28, 2)
(28, 29, 2)
(28, 30, 2)
(28, 31, 2)
(28, 32, 1)
(28, 33, 1)
(28, 34, 1)
(28, 35, 1)
(28, 36, 1)
(28, 37, 1)
(28, 38, 1)
(28, 39, 1)

(29, 0, 134)
(29, 1, 134)
(29, 2, 35)
(29, 3, 31)
(29, 4, 25)
(29, 5, 14)
(29, 6, 14)
(29, 7, 13)
(29, 8, 13)
(29, 9, 13)
(29, 10, 13)
(29, 11, 12)
(29, 12, 9)
(29, 13, 5)
(29, 14, 4)
(29, 15, 4)
(29, 16, 4)
(29, 17, 4)
(29, 18, 4)
(29, 19, 4)
(29, 20, 4)
(29, 21, 4)
(29, 22, 3)
(29, 23, 3)
(29, 24, 3)
(29, 25, 2)
(29, 26, 2)
(29, 27, 1)
(29, 28, 1)
(29, 29, 1)
(29, 30, 1)
(29, 31, 1)
(29, 32, 1)
(29, 33, 1)
(29, 34, 1)
(29, 35, 1)
(29, 36, 1)
(29, 37, 1)
(29, 38, 1)
(29, 39, 1)

(30, 0, 143)
(30, 1, 143)
(30, 2, 38)
(30, 3, 33)
(30, 4, 26)
(30, 5, 14)
(30, 6, 14)
(30, 7, 13)
(30, 8, 13)
(30, 9, 12)
(30, 10, 12)
(30, 11, 12)
(30, 12, 9)
(30, 13, 5)
(30, 14, 4)
(30, 15, 4)
(30, 16, 4)
(30, 17, 4)
(30, 18, 4)
(30, 19, 4)
(30, 20, 4)
(30, 21, 4)
(30, 22, 3)
(30, 23, 3)
(30, 24, 3)
(30, 25, 2)
(30, 26, 2)
(30, 27, 1)
(30, 28, 1)
(30, 29, 1)
(30, 30, 1)
(30, 31, 1)
(30, 32, 1)
(30, 33, 1)
(30, 34, 1)
(30, 35, 1)
(30, 36, 1)
(30, 37, 1)
(30, 38, 1)
(30, 39, 1)

(31, 0, 152)
(31, 1, 152)
(31, 2, 38)
(31, 3, 33)
(31, 4, 26)
(31, 5, 14)
(31, 6, 14)
(31, 7, 13)
(31, 8, 13)
(31, 9, 12)
(31, 10, 12)
(31, 11, 12)
(31, 12, 9)
(31, 13, 5)
(31, 14, 4)
(31, 15, 4)
(31, 16, 4)
(31, 17, 4)
(31, 18, 4)
(31, 19, 4)
(31, 20, 4)
(31, 21, 4)
(31, 22, 3)
(31, 23, 3)
(31, 24, 3)
(31, 25, 2)
(31, 26, 2)
(31, 27, 1)
(31, 28, 1)
(31, 29, 1)
(31, 30, 1)
(31, 31, 1)
(31, 32, 1)
(31, 33, 1)
(31, 34, 1)
(31, 35, 1)
(31, 36, 1)
(31, 37, 1)
(31, 38, 1)
(31, 39, 1)

(32, 0, 153)
(32, 1, 153)
(32, 2, 38)
(32, 3, 33)
(32, 4, 26)
(32, 5, 14)
(32, 6, 14)
(32, 7, 13)
(32, 8, 13)
(32, 9, 12)
(32, 10, 12)
(32, 11, 12)
(32, 12, 9)
(32, 13, 5)
(32, 14, 4)
(32, 15, 4)
(32, 16, 4)
(32, 17, 4)
(32, 18, 4)
(32, 19, 4)
(32, 20, 4)
(32, 21, 4)
(32, 22, 3)
(32, 23, 3)
(32, 24, 3)
(32, 25, 2)
(32, 26, 2)
(32, 27, 1)
(32, 28, 1)
(32, 29, 1)
(32, 30, 1)
(32, 31, 1)
(32, 32, 1)
(32, 33, 1)
(32, 34, 1)
(32, 35, 1)
(32, 36, 1)
(32, 37, 1)
(32, 38, 1)
(32, 39, 1)

(33, 0, 154)
(33, 1, 154)
(33, 2, 38)
(33, 3, 33)
(33, 4, 26)
(33, 5, 14)
(33, 6, 14)
(33, 7, 13)
(33, 8, 13)
(33, 9, 12)
(33, 10, 12)
(33, 11, 12)
(33, 12, 9)
(33, 13, 5)
(33, 14, 4)
(33, 15, 4)
(33, 16, 4)
(33, 17, 4)
(33, 18, 4)
(33, 19, 4)
(33, 20, 4)
(33, 21, 4)
(33, 22, 3)
(33, 23, 3)
(33, 24, 3)
(33, 25, 2)
(33, 26, 2)
(33, 27, 1)
(33, 28, 1)
(33, 29, 1)
(33, 30, 1)
(33, 31, 1)
(33, 32, 1)
(33, 33, 1)
(33, 34, 1)
(33, 35, 1)
(33, 36, 1)
(33, 37, 1)
(33, 38, 1)
(33, 39, 1)

(34, 0, 155)
(34, 1, 155)
(34, 2, 38)
(34, 3, 33)
(34, 4, 26)
(34, 5, 14)
(34, 6, 14)
(34, 7, 13)
(34, 8, 13)
(34, 9, 12)
(34, 10, 12)
(34, 11, 12)
(34, 12, 9)
(34, 13, 5)
(34, 14, 4)
(34, 15, 4)
(34, 16, 4)
(34, 17, 4)
(34, 18, 4)
(34, 19, 4)
(34, 20, 4)
(34, 21, 4)
(34, 22, 3)
(34, 23, 3)
(34, 24, 3)
(34, 25, 2)
(34, 26, 2)
(34, 27, 1)
(34, 28, 1)
(34, 29, 1)
(34, 30, 1)
(34, 31, 1)
(34, 32, 1)
(34, 33, 1)
(34, 34, 1)
(34, 35, 1)
(34, 36, 1)
(34, 37, 1)
(34, 38, 1)
(34, 39, 1)

(35, 0, 158)
(35, 1, 158)
(35, 2, 39)
(35, 3, 34)
(35, 4, 27)
(35, 5, 15)
(35, 6, 15)
(35, 7, 14)
(35, 8, 14)
(35, 9, 13)
(35, 10, 13)
(35, 11, 13)
(35, 12, 9)
(35, 13, 5)
(35, 14, 4)
(35, 15, 4)
(35, 16, 4)
(35, 17, 4)
(35, 18, 4)
(35, 19, 4)
(35, 20, 4)
(35, 21, 4)
(35, 22, 3)
(35, 23, 3)
(35, 24, 3)
(35, 25, 2)
(35, 26, 2)
(35, 27, 1)
(35, 28, 1)
(35, 29, 1)
(35, 30, 1)
(35, 31, 1)
(35, 32, 1)
(35, 33, 1)
(35, 34, 1)
(35, 35, 1)
(35, 36, 1)
(35, 37, 1)
(35, 38, 1)
(35, 39, 1)

(36, 0, 160)
(36, 1, 160)
(36, 2, 41)
(36, 3, 35)
(36, 4, 28)
(36, 5, 16)
(36, 6, 16)
(36, 7, 14)
(36, 8, 14)
(36, 9, 13)
(36, 10, 12)
(36, 11, 12)
(36, 12, 9)
(36, 13, 5)
(36, 14, 4)
(36, 15, 4)
(36, 16, 4)
(36, 17, 4)
(36, 18, 4)
(36, 19, 4)
(36, 20, 4)
(36, 21, 4)
(36, 22, 3)
(36, 23, 3)
(36, 24, 3)
(36, 25, 2)
(36, 26, 2)
(36, 27, 1)
(36, 28, 1)
(36, 29, 1)
(36, 30, 1)
(36, 31, 1)
(36, 32, 1)
(36, 33, 1)
(36, 34, 1)
(36, 35, 1)
(36, 36, 1)
(36, 37, 1)
(36, 38, 1)
(36, 39, 1)

(37, 0, 161)
(37, 1, 161)
(37, 2, 42)
(37, 3, 36)
(37, 4, 28)
(37, 5, 16)
(37, 6, 16)
(37, 7, 14)
(37, 8, 14)
(37, 9, 13)
(37, 10, 12)
(37, 11, 12)
(37, 12, 9)
(37, 13, 5)
(37, 14, 4)
(37, 15, 4)
(37, 16, 4)
(37, 17, 4)
(37, 18, 4)
(37, 19, 4)
(37, 20, 4)
(37, 21, 4)
(37, 22, 3)
(37, 23, 3)
(37, 24, 3)
(37, 25, 2)
(37, 26, 2)
(37, 27, 1)
(37, 28, 1)
(37, 29, 1)
(37, 30, 1)
(37, 31, 1)
(37, 32, 1)
(37, 33, 1)
(37, 34, 1)
(37, 35, 1)
(37, 36, 1)
(37, 37, 1)
(37, 38, 1)
(37, 39, 1)

(38, 0, 163)
(38, 1, 163)
(38, 2, 44)
(38, 3, 38)
(38, 4, 29)
(38, 5, 16)
(38, 6, 16)
(38, 7, 14)
(38, 8, 14)
(38, 9, 13)
(38, 10, 12)
(38, 11, 12)
(38, 12, 9)
(38, 13, 5)
(38, 14, 4)
(38, 15, 4)
(38, 16, 4)
(38, 17, 4)
(38, 18, 4)
(38, 19, 4)
(38, 20, 4)
(38, 21, 4)
(38, 22, 3)
(38, 23, 3)
(38, 24, 3)
(38, 25, 2)
(38, 26, 2)
(38, 27, 1)
(38, 28, 1)
(38, 29, 1)
(38, 30, 1)
(38, 31, 1)
(38, 32, 1)
(38, 33, 1)
(38, 34, 1)
(38, 35, 1)
(38, 36, 1)
(38, 37, 1)
(38, 38, 1)
(38, 39, 1)

(39, 0, 164)
(39, 1, 164)
(39, 2, 45)
(39, 3, 39)
(39, 4, 30)
(39, 5, 16)
(39, 6, 16)
(39, 7, 14)
(39, 8, 14)
(39, 9, 13)
(39, 10, 12)
(39, 11, 12)
(39, 12, 9)
(39, 13, 5)
(39, 14, 4)
(39, 15, 4)
(39, 16, 4)
(39, 17, 4)
(39, 18, 4)
(39, 19, 4)
(39, 20, 4)
(39, 21, 4)
(39, 22, 3)
(39, 23, 3)
(39, 24, 3)
(39, 25, 2)
(39, 26, 2)
(39, 27, 1)
(39, 28, 1)
(39, 29, 1)
(39, 30, 1)
(39, 31, 1)
(39, 32, 1)
(39, 33, 1)
(39, 34, 1)
(39, 35, 1)
(39, 36, 1)
(39, 37, 1)
(39, 38, 1)
(39, 39, 1)


Betti numbers:
xi_0:
(0, 0, 2)
(2, 0, 1)
(3, 0, 1)
(4, 0, 1)
(5, 0, 1)
(6, 0, 1)
(8, 0, 1)
(11, 0, 1)
(12, 0, 2)
(13, 0, 1)
(14, 0, 4)
(15, 0, 3)
(16, 0, 7)
(17, 0, 9)
(18, 0, 9)
(19, 0, 6)
(20, 0, 5)
(21, 0, 8)
(22, 0, 11)
(23, 0, 17)
(24, 0, 6)
(25, 0, 7)
(26, 0, 10)
(27, 0, 6)
(28, 0, 6)
(29, 0, 8)
(30, 0, 9)
(31, 0, 9)
(32, 0, 1)
(33, 0, 1)
(34, 0, 1)
(35, 0, 3)
(36, 0, 2)
(37, 0, 1)
(38, 0, 2)
(39, 0, 1)
xi_1:
(0, 5, 1)
(2, 35, 1)
(3, 5, 1)
(4, 35, 1)
(5, 5, 1)
(6, 35, 1)
(8, 5, 1)
(11, 14, 1)
(12, 3, 1)
(12, 12, 1)
(12, 25, 1)
(13, 2, 1)
(14, 2, 2)
(14, 14, 1)
(14, 22, 1)
(15, 2, 2)
(15, 3, 1)
(15, 12, 1)
(16, 2, 5)
(16, 14, 1)
(16, 15, 1)
(16, 22, 1)
(17, 2, 7)
(17, 4, 1)
(17, 5, 1)
(17, 7, 1)
(17, 14, 1)
(17, 17, 1)
(18, 2, 9)
(18, 13, 1)
(18, 14, 2)
(19, 2, 5)
(19, 3, 1)
(20, 2, 4)
(20, 5, 1)
(20, 13, 1)
(20, 34, 1)
(21, 2, 4)
(21, 3, 1)
(21, 4, 1)
(21, 5, 1)
(21, 12, 1)
(22, 2, 9)
(22, 4, 1)
(22, 8, 1)
(23, 2, 15)
(23, 4, 1)
(23, 5, 1)
(23, 15, 1)
(23, 19, 1)
(23, 32, 1)
(24, 2, 6)
(24, 14, 1)
(24, 17, 1)
(25, 2, 7)
(25, 13, 1)
(25, 15, 1)
(26, 2, 7)
(26, 4, 1)
(26, 5, 2)
(26, 14, 1)
(27, 2, 6)
(27, 13, 1)
(28, 2, 5)
(28, 4, 1)
(29, 2, 5)
(29, 5, 1)
(29, 7, 1)
(29, 11, 1)
(29, 27, 1)
(30, 2, 6)
(30, 3, 1)
(30, 4, 1)
(30, 5, 1)
(30, 9, 1)
(31, 2, 9)
(32, 2, 1)
(33, 2, 1)
(34, 2, 1)
(35, 2, 2)
(35, 12, 1)
(36, 3, 1)
(36, 7, 1)
(36, 10, 1)
(37, 4, 1)
(38, 4, 1)
(38, 5, 1)
(39, 5, 1)
xi_2:
(12, 14, 1)
(15, 14, 1)
(16, 35, 1)
(17, 14, 1)
(17, 15, 1)
(17, 22, 1)
(18, 7, 1)
(18, 14, 1)
(18, 17, 1)
(20, 14, 1)
(20, 35, 1)
(23, 8, 1)
(23, 34, 1)
(23, 35, 1)
(24, 15, 1)
(24, 19, 1)
(25, 14, 1)
(25, 17, 1)
(26, 15, 1)
(27, 14, 1)
(29, 32, 1)
(30, 11, 1)
(36, 12, 1)
