x-grades
-977447350592360037/2000000000000000
-479370670652659977/1000000000000000
-940035332018279871/2000000000000000
-230332330682809947/500000000000000
-180524662688839941/400000000000000
-441958652078579811/1000000000000000
-865211294870119539/2000000000000000
-26453290174471233/62500000000000
-827799276296039373/2000000000000000
-80909326700899929/200000000000000
-790387257721959207/2000000000000000
-192920312108729781/500000000000000
-752975239147879041/2000000000000000
-367134614930419479/1000000000000000
-5724505764590391/16000000000000
-87107151410844849/250000000000000
-678151201999718709/2000000000000000
-329722596356339313/1000000000000000
-640739183425638543/2000000000000000
-31101658706929923/100000000000000
-603327164851558377/2000000000000000
-292310577782259147/1000000000000000
-565915146277478211/2000000000000000
-34200571061902383/125000000000000
-105700625540679609/400000000000000
-254898559208178981/1000000000000000
-491091109129317879/2000000000000000
-118096274960569449/500000000000000
-453679090555237713/2000000000000000
-43497308126819763/200000000000000
-416267071981157547/2000000000000000
-49695132836764683/250000000000000
-378855053407077381/2000000000000000
-180074522060018649/1000000000000000
-68288606966599443/400000000000000
-80684256386489283/500000000000000
-304031016258917049/2000000000000000
-142662503485938483/1000000000000000
-266618997684836883/2000000000000000
-154945617748623/1250000000000

y-grades
5/2
5
15/2
10
25/2
15
35/2
20
45/2
25
55/2
30
65/2
35
75/2
40
85/2
45
95/2
50
105/2
55
115/2
60
125/2
65
135/2
70
145/2
75
155/2
80
165/2
85
175/2
90
185/2
95
195/2
100

Dimensions > 0:
(0, 0, 7)
(0, 1, 7)
(0, 2, 7)
(0, 3, 7)
(0, 4, 7)
(0, 5, 7)
(0, 6, 7)
(0, 7, 7)
(0, 8, 7)
(0, 9, 7)
(0, 10, 7)
(0, 11, 7)
(0, 12, 7)
(0, 13, 7)
(0, 14, 7)
(0, 15, 7)
(0, 16, 7)
(0, 17, 7)
(0, 18, 7)
(0, 19, 7)
(0, 20, 7)
(0, 21, 7)
(0, 22, 7)
(0, 23, 7)
(0, 24, 7)
(0, 25, 7)
(0, 26, 7)
(0, 27, 7)
(0, 28, 7)
(0, 29, 7)
(0, 30, 7)
(0, 31, 7)
(0, 32, 7)
(0, 33, 7)
(0, 34, 7)
(0, 35, 7)
(0, 36, 7)
(0, 37, 7)
(0, 38, 7)
(0, 39, 7)

(1, 0, 14)
(1, 1, 14)
(1, 2, 14)
(1, 3, 14)
(1, 4, 14)
(1, 5, 14)
(1, 6, 14)
(1, 7, 14)
(1, 8, 14)
(1, 9, 14)
(1, 10, 14)
(1, 11, 14)
(1, 12, 14)
(1, 13, 14)
(1, 14, 14)
(1, 15, 14)
(1, 16, 14)
(1, 17, 14)
(1, 18, 14)
(1, 19, 14)
(1, 20, 14)
(1, 21, 14)
(1, 22, 14)
(1, 23, 14)
(1, 24, 14)
(1, 25, 14)
(1, 26, 14)
(1, 27, 14)
(1, 28, 14)
(1, 29, 14)
(1, 30, 14)
(1, 31, 14)
(1, 32, 13)
(1, 33, 13)
(1, 34, 13)
(1, 35, 13)
(1, 36, 13)
(1, 37, 13)
(1, 38, 13)
(1, 39, 13)

(2, 0, 20)
(2, 1, 20)
(2, 2, 20)
(2, 3, 20)
(2, 4, 20)
(2, 5, 20)
(2, 6, 18)
(2, 7, 18)
(2, 8, 18)
(2, 9, 18)
(2, 10, 18)
(2, 11, 18)
(2, 12, 18)
(2, 13, 18)
(2, 14, 18)
(2, 15, 18)
(2, 16, 18)
(2, 17, 18)
(2, 18, 18)
(2, 19, 18)
(2, 20, 18)
(2, 21, 18)
(2, 22, 18)
(2, 23, 18)
(2, 24, 18)
(2, 25, 18)
(2, 26, 18)
(2, 27, 18)
(2, 28, 18)
(2, 29, 18)
(2, 30, 18)
(2, 31, 18)
(2, 32, 17)
(2, 33, 17)
(2, 34, 17)
(2, 35, 17)
(2, 36, 17)
(2, 37, 17)
(2, 38, 17)
(2, 39, 17)

(3, 0, 36)
(3, 1, 36)
(3, 2, 36)
(3, 3, 36)
(3, 4, 36)
(3, 5, 36)
(3, 6, 26)
(3, 7, 26)
(3, 8, 26)
(3, 9, 26)
(3, 10, 26)
(3, 11, 26)
(3, 12, 26)
(3, 13, 26)
(3, 14, 26)
(3, 15, 26)
(3, 16, 26)
(3, 17, 26)
(3, 18, 26)
(3, 19, 26)
(3, 20, 26)
(3, 21, 26)
(3, 22, 26)
(3, 23, 26)
(3, 24, 26)
(3, 25, 26)
(3, 26, 26)
(3, 27, 26)
(3, 28, 26)
(3, 29, 26)
(3, 30, 26)
(3, 31, 26)
(3, 32, 25)
(3, 33, 25)
(3, 34, 25)
(3, 35, 25)
(3, 36, 25)
(3, 37, 25)
(3, 38, 25)
(3, 39, 25)

(4, 0, 38)
(4, 1, 38)
(4, 2, 38)
(4, 3, 38)
(4, 4, 38)
(4, 5, 38)
(4, 6, 27)
(4, 7, 27)
(4, 8, 27)
(4, 9, 27)
(4, 10, 27)
(4, 11, 27)
(4, 12, 27)
(4, 13, 27)
(4, 14, 27)
(4, 15, 27)
(4, 16, 27)
(4, 17, 27)
(4, 18, 27)
(4, 19, 27)
(4, 20, 27)
(4, 21, 27)
(4, 22, 27)
(4, 23, 27)
(4, 24, 27)
(4, 25, 27)
(4, 26, 27)
(4, 27, 27)
(4, 28, 27)
(4, 29, 27)
(4, 30, 27)
(4, 31, 27)
(4, 32, 26)
(4, 33, 26)
(4, 34, 26)
(4, 35, 26)
(4, 36, 26)
(4, 37, 26)
(4, 38, 26)
(4, 39, 26)

(5, 0, 38)
(5, 1, 38)
(5, 2, 38)
(5, 3, 38)
(5, 4, 38)
(5, 5, 38)
(5, 6, 27)
(5, 7, 27)
(5, 8, 27)
(5, 9, 27)
(5, 10, 27)
(5, 11, 27)
(5, 12, 27)
(5, 13, 27)
(5, 14, 27)
(5, 15, 27)
(5, 16, 27)
(5, 17, 27)
(5, 18, 27)
(5, 19, 27)
(5, 20, 27)
(5, 21, 27)
(5, 22, 27)
(5, 23, 27)
(5, 24, 27)
(5, 25, 27)
(5, 26, 27)
(5, 27, 27)
(5, 28, 27)
(5, 29, 27)
(5, 30, 27)
(5, 31, 27)
(5, 32, 26)
(5, 33, 26)
(5, 34, 26)
(5, 35, 26)
(5, 36, 26)
(5, 37, 26)
(5, 38, 26)
(5, 39, 26)

(6, 0, 38)
(6, 1, 38)
(6, 2, 38)
(6, 3, 38)
(6, 4, 38)
(6, 5, 38)
(6, 6, 27)
(6, 7, 27)
(6, 8, 27)
(6, 9, 27)
(6, 10, 27)
(6, 11, 27)
(6, 12, 27)
(6, 13, 27)
(6, 14, 27)
(6, 15, 27)
(6, 16, 27)
(6, 17, 27)
(6, 18, 27)
(6, 19, 27)
(6, 20, 27)
(6, 21, 27)
(6, 22, 27)
(6, 23, 27)
(6, 24, 27)
(6, 25, 27)
(6, 26, 27)
(6, 27, 27)
(6, 28, 27)
(6, 29, 27)
(6, 30, 27)
(6, 31, 27)
(6, 32, 26)
(6, 33, 26)
(6, 34, 26)
(6, 35, 26)
(6, 36, 26)
(6, 37, 26)
(6, 38, 26)
(6, 39, 26)

(7, 0, 38)
(7, 1, 38)
(7, 2, 38)
(7, 3, 38)
(7, 4, 38)
(7, 5, 38)
(7, 6, 27)
(7, 7, 27)
(7, 8, 27)
(7, 9, 27)
(7, 10, 27)
(7, 11, 27)
(7, 12, 27)
(7, 13, 27)
(7, 14, 27)
(7, 15, 27)
(7, 16, 27)
(7, 17, 27)
(7, 18, 27)
(7, 19, 27)
(7, 20, 27)
(7, 21, 27)
(7, 22, 27)
(7, 23, 27)
(7, 24, 27)
(7, 25, 27)
(7, 26, 27)
(7, 27, 27)
(7, 28, 27)
(7, 29, 27)
(7, 30, 27)
(7, 31, 27)
(7, 32, 26)
(7, 33, 26)
(7, 34, 26)
(7, 35, 26)
(7, 36, 26)
(7, 37, 26)
(7, 38, 26)
(7, 39, 26)

(8, 0, 38)
(8, 1, 38)
(8, 2, 38)
(8, 3, 38)
(8, 4, 38)
(8, 5, 38)
(8, 6, 27)
(8, 7, 27)
(8, 8, 27)
(8, 9, 27)
(8, 10, 27)
(8, 11, 27)
(8, 12, 27)
(8, 13, 27)
(8, 14, 27)
(8, 15, 27)
(8, 16, 27)
(8, 17, 27)
(8, 18, 27)
(8, 19, 27)
(8, 20, 27)
(8, 21, 27)
(8, 22, 27)
(8, 23, 27)
(8, 24, 27)
(8, 25, 27)
(8, 26, 27)
(8, 27, 27)
(8, 28, 27)
(8, 29, 27)
(8, 30, 27)
(8, 31, 27)
(8, 32, 26)
(8, 33, 26)
(8, 34, 26)
(8, 35, 26)
(8, 36, 26)
(8, 37, 26)
(8, 38, 26)
(8, 39, 26)

(9, 0, 38)
(9, 1, 38)
(9, 2, 38)
(9, 3, 38)
(9, 4, 38)
(9, 5, 38)
(9, 6, 27)
(9, 7, 27)
(9, 8, 27)
(9, 9, 27)
(9, 10, 27)
(9, 11, 27)
(9, 12, 27)
(9, 13, 27)
(9, 14, 27)
(9, 15, 27)
(9, 16, 27)
(9, 17, 27)
(9, 18, 27)
(9, 19, 27)
(9, 20, 27)
(9, 21, 27)
(9, 22, 27)
(9, 23, 27)
(9, 24, 27)
(9, 25, 27)
(9, 26, 27)
(9, 27, 27)
(9, 28, 27)
(9, 29, 27)
(9, 30, 27)
(9, 31, 27)
(9, 32, 26)
(9, 33, 26)
(9, 34, 26)
(9, 35, 26)
(9, 36, 26)
(9, 37, 26)
(9, 38, 26)
(9, 39, 26)

(10, 0, 41)
(10, 1, 41)
(10, 2, 41)
(10, 3, 41)
(10, 4, 41)
(10, 5, 41)
(10, 6, 30)
(10, 7, 30)
(10, 8, 30)
(10, 9, 30)
(10, 10, 30)
(10, 11, 30)
(10, 12, 30)
(10, 13, 30)
(10, 14, 30)
(10, 15, 30)
(10, 16, 30)
(10, 17, 30)
(10, 18, 30)
(10, 19, 30)
(10, 20, 30)
(10, 21, 30)
(10, 22, 30)
(10, 23, 30)
(10, 24, 30)
(10, 25, 30)
(10, 26, 30)
(10, 27, 30)
(10, 28, 30)
(10, 29, 30)
(10, 30, 30)
(10, 31, 30)
(10, 32, 29)
(10, 33, 29)
(10, 34, 29)
(10, 35, 29)
(10, 36, 29)
(10, 37, 29)
(10, 38, 29)
(10, 39, 29)

(11, 0, 50)
(11, 1, 50)
(11, 2, 50)
(11, 3, 50)
(11, 4, 50)
(11, 5, 50)
(11, 6, 39)
(11, 7, 39)
(11, 8, 39)
(11, 9, 39)
(11, 10, 39)
(11, 11, 39)
(11, 12, 39)
(11, 13, 39)
(11, 14, 39)
(11, 15, 39)
(11, 16, 39)
(11, 17, 39)
(11, 18, 39)
(11, 19, 39)
(11, 20, 39)
(11, 21, 39)
(11, 22, 39)
(11, 23, 39)
(11, 24, 39)
(11, 25, 39)
(11, 26, 39)
(11, 27, 39)
(11, 28, 39)
(11, 29, 39)
(11, 30, 39)
(11, 31, 39)
(11, 32, 37)
(11, 33, 37)
(11, 34, 37)
(11, 35, 37)
(11, 36, 37)
(11, 37, 37)
(11, 38, 37)
(11, 39, 37)

(12, 0, 50)
(12, 1, 50)
(12, 2, 50)
(12, 3, 50)
(12, 4, 50)
(12, 5, 50)
(12, 6, 39)
(12, 7, 39)
(12, 8, 39)
(12, 9, 39)
(12, 10, 39)
(12, 11, 39)
(12, 12, 39)
(12, 13, 39)
(12, 14, 39)
(12, 15, 39)
(12, 16, 39)
(12, 17, 39)
(12, 18, 39)
(12, 19, 39)
(12, 20, 39)
(12, 21, 39)
(12, 22, 39)
(12, 23, 39)
(12, 24, 39)
(12, 25, 39)
(12, 26, 39)
(12, 27, 39)
(12, 28, 39)
(12, 29, 39)
(12, 30, 39)
(12, 31, 39)
(12, 32, 37)
(12, 33, 37)
(12, 34, 37)
(12, 35, 37)
(12, 36, 37)
(12, 37, 37)
(12, 38, 37)
(12, 39, 37)

(13, 0, 50)
(13, 1, 50)
(13, 2, 50)
(13, 3, 50)
(13, 4, 50)
(13, 5, 50)
(13, 6, 39)
(13, 7, 39)
(13, 8, 39)
(13, 9, 39)
(13, 10, 39)
(13, 11, 39)
(13, 12, 39)
(13, 13, 39)
(13, 14, 39)
(13, 15, 39)
(13, 16, 39)
(13, 17, 39)
(13, 18, 39)
(13, 19, 39)
(13, 20, 39)
(13, 21, 39)
(13, 22, 39)
(13, 23, 39)
(13, 24, 39)
(13, 25, 39)
(13, 26, 39)
(13, 27, 39)
(13, 28, 39)
(13, 29, 39)
(13, 30, 39)
(13, 31, 39)
(13, 32, 37)
(13, 33, 37)
(13, 34, 37)
(13, 35, 37)
(13, 36, 37)
(13, 37, 37)
(13, 38, 37)
(13, 39, 37)

(14, 0, 50)
(14, 1, 50)
(14, 2, 50)
(14, 3, 50)
(14, 4, 50)
(14, 5, 50)
(14, 6, 39)
(14, 7, 39)
(14, 8, 39)
(14, 9, 39)
(14, 10, 39)
(14, 11, 39)
(14, 12, 39)
(14, 13, 39)
(14, 14, 39)
(14, 15, 39)
(14, 16, 39)
(14, 17, 39)
(14, 18, 39)
(14, 19, 39)
(14, 20, 39)
(14, 21, 39)
(14, 22, 39)
(14, 23, 39)
(14, 24, 39)
(14, 25, 39)
(14, 26, 39)
(14, 27, 39)
(14, 28, 39)
(14, 29, 39)
(14, 30, 39)
(14, 31, 39)
(14, 32, 37)
(14, 33, 37)
(14, 34, 37)
(14, 35, 37)
(14, 36, 37)
(14, 37, 37)
(14, 38, 37)
(14, 39, 37)

(15, 0, 50)
(15, 1, 50)
(15, 2, 50)
(15, 3, 50)
(15, 4, 50)
(15, 5, 50)
(15, 6, 39)
(15, 7, 39)
(15, 8, 39)
(15, 9, 39)
(15, 10, 39)
(15, 11, 39)
(15, 12, 39)
(15, 13, 39)
(15, 14, 39)
(15, 15, 39)
(15, 16, 39)
(15, 17, 39)
(15, 18, 39)
(15, 19, 39)
(15, 20, 39)
(15, 21, 39)
(15, 22, 39)
(15, 23, 39)
(15, 24, 39)
(15, 25, 39)
(15, 26, 39)
(15, 27, 39)
(15, 28, 39)
(15, 29, 39)
(15, 30, 39)
(15, 31, 39)
(15, 32, 37)
(15, 33, 37)
(15, 34, 37)
(15, 35, 37)
(15, 36, 37)
(15, 37, 37)
(15, 38, 37)
(15, 39, 37)

(16, 0, 50)
(16, 1, 50)
(16, 2, 50)
(16, 3, 50)
(16, 4, 50)
(16, 5, 50)
(16, 6, 39)
(16, 7, 39)
(16, 8, 39)
(16, 9, 39)
(16, 10, 39)
(16, 11, 39)
(16, 12, 39)
(16, 13, 39)
(16, 14, 39)
(16, 15, 39)
(16, 16, 39)
(16, 17, 39)
(16, 18, 39)
(16, 19, 39)
(16, 20, 39)
(16, 21, 39)
(16, 22, 39)
(16, 23, 39)
(16, 24, 39)
(16, 25, 39)
(16, 26, 39)
(16, 27, 39)
(16, 28, 39)
(16, 29, 39)
(16, 30, 39)
(16, 31, 39)
(16, 32, 37)
(16, 33, 37)
(16, 34, 37)
(16, 35, 37)
(16, 36, 37)
(16, 37, 37)
(16, 38, 37)
(16, 39, 37)

(17, 0, 54)
(17, 1, 54)
(17, 2, 54)
(17, 3, 54)
(17, 4, 54)
(17, 5, 54)
(17, 6, 43)
(17, 7, 43)
(17, 8, 43)
(17, 9, 43)
(17, 10, 41)
(17, 11, 41)
(17, 12, 41)
(17, 13, 41)
(17, 14, 41)
(17, 15, 41)
(17, 16, 41)
(17, 17, 41)
(17, 18, 41)
(17, 19, 41)
(17, 20, 41)
(17, 21, 41)
(17, 22, 41)
(17, 23, 41)
(17, 24, 41)
(17, 25, 41)
(17, 26, 41)
(17, 27, 41)
(17, 28, 41)
(17, 29, 41)
(17, 30, 41)
(17, 31, 41)
(17, 32, 39)
(17, 33, 39)
(17, 34, 39)
(17, 35, 39)
(17, 36, 39)
(17, 37, 39)
(17, 38, 39)
(17, 39, 39)

(18, 0, 64)
(18, 1, 64)
(18, 2, 64)
(18, 3, 64)
(18, 4, 64)
(18, 5, 64)
(18, 6, 53)
(18, 7, 53)
(18, 8, 53)
(18, 9, 53)
(18, 10, 50)
(18, 11, 50)
(18, 12, 50)
(18, 13, 50)
(18, 14, 49)
(18, 15, 49)
(18, 16, 49)
(18, 17, 49)
(18, 18, 49)
(18, 19, 49)
(18, 20, 49)
(18, 21, 49)
(18, 22, 49)
(18, 23, 48)
(18, 24, 48)
(18, 25, 48)
(18, 26, 48)
(18, 27, 48)
(18, 28, 48)
(18, 29, 48)
(18, 30, 48)
(18, 31, 48)
(18, 32, 46)
(18, 33, 46)
(18, 34, 46)
(18, 35, 46)
(18, 36, 46)
(18, 37, 46)
(18, 38, 44)
(18, 39, 44)

(19, 0, 89)
(19, 1, 89)
(19, 2, 89)
(19, 3, 89)
(19, 4, 87)
(19, 5, 87)
(19, 6, 76)
(19, 7, 76)
(19, 8, 76)
(19, 9, 76)
(19, 10, 68)
(19, 11, 67)
(19, 12, 67)
(19, 13, 67)
(19, 14, 66)
(19, 15, 66)
(19, 16, 66)
(19, 17, 66)
(19, 18, 66)
(19, 19, 66)
(19, 20, 66)
(19, 21, 66)
(19, 22, 66)
(19, 23, 65)
(19, 24, 65)
(19, 25, 65)
(19, 26, 65)
(19, 27, 65)
(19, 28, 65)
(19, 29, 65)
(19, 30, 65)
(19, 31, 65)
(19, 32, 62)
(19, 33, 62)
(19, 34, 62)
(19, 35, 62)
(19, 36, 62)
(19, 37, 62)
(19, 38, 56)
(19, 39, 56)

(20, 0, 101)
(20, 1, 101)
(20, 2, 101)
(20, 3, 101)
(20, 4, 97)
(20, 5, 97)
(20, 6, 86)
(20, 7, 86)
(20, 8, 86)
(20, 9, 86)
(20, 10, 75)
(20, 11, 74)
(20, 12, 74)
(20, 13, 74)
(20, 14, 73)
(20, 15, 73)
(20, 16, 73)
(20, 17, 73)
(20, 18, 73)
(20, 19, 73)
(20, 20, 73)
(20, 21, 73)
(20, 22, 73)
(20, 23, 72)
(20, 24, 72)
(20, 25, 72)
(20, 26, 72)
(20, 27, 72)
(20, 28, 72)
(20, 29, 72)
(20, 30, 72)
(20, 31, 72)
(20, 32, 69)
(20, 33, 69)
(20, 34, 69)
(20, 35, 69)
(20, 36, 69)
(20, 37, 69)
(20, 38, 63)
(20, 39, 63)

(21, 0, 110)
(21, 1, 110)
(21, 2, 110)
(21, 3, 110)
(21, 4, 104)
(21, 5, 104)
(21, 6, 93)
(21, 7, 93)
(21, 8, 93)
(21, 9, 93)
(21, 10, 80)
(21, 11, 79)
(21, 12, 79)
(21, 13, 79)
(21, 14, 78)
(21, 15, 78)
(21, 16, 78)
(21, 17, 78)
(21, 18, 78)
(21, 19, 78)
(21, 20, 78)
(21, 21, 78)
(21, 22, 78)
(21, 23, 77)
(21, 24, 77)
(21, 25, 77)
(21, 26, 77)
(21, 27, 77)
(21, 28, 77)
(21, 29, 77)
(21, 30, 77)
(21, 31, 77)
(21, 32, 74)
(21, 33, 74)
(21, 34, 74)
(21, 35, 74)
(21, 36, 74)
(21, 37, 74)
(21, 38, 68)
(21, 39, 68)

(22, 0, 120)
(22, 1, 120)
(22, 2, 120)
(22, 3, 120)
(22, 4, 113)
(22, 5, 113)
(22, 6, 102)
(22, 7, 102)
(22, 8, 102)
(22, 9, 102)
(22, 10, 88)
(22, 11, 87)
(22, 12, 86)
(22, 13, 86)
(22, 14, 85)
(22, 15, 85)
(22, 16, 85)
(22, 17, 85)
(22, 18, 85)
(22, 19, 85)
(22, 20, 85)
(22, 21, 85)
(22, 22, 85)
(22, 23, 84)
(22, 24, 84)
(22, 25, 84)
(22, 26, 84)
(22, 27, 84)
(22, 28, 84)
(22, 29, 84)
(22, 30, 84)
(22, 31, 84)
(22, 32, 81)
(22, 33, 78)
(22, 34, 78)
(22, 35, 78)
(22, 36, 78)
(22, 37, 78)
(22, 38, 72)
(22, 39, 72)

(23, 0, 140)
(23, 1, 139)
(23, 2, 139)
(23, 3, 139)
(23, 4, 132)
(23, 5, 132)
(23, 6, 121)
(23, 7, 121)
(23, 8, 121)
(23, 9, 121)
(23, 10, 107)
(23, 11, 105)
(23, 12, 101)
(23, 13, 101)
(23, 14, 100)
(23, 15, 100)
(23, 16, 100)
(23, 17, 100)
(23, 18, 100)
(23, 19, 100)
(23, 20, 100)
(23, 21, 100)
(23, 22, 99)
(23, 23, 98)
(23, 24, 98)
(23, 25, 98)
(23, 26, 98)
(23, 27, 98)
(23, 28, 98)
(23, 29, 98)
(23, 30, 98)
(23, 31, 98)
(23, 32, 95)
(23, 33, 88)
(23, 34, 88)
(23, 35, 88)
(23, 36, 88)
(23, 37, 88)
(23, 38, 82)
(23, 39, 82)

(24, 0, 154)
(24, 1, 153)
(24, 2, 153)
(24, 3, 153)
(24, 4, 146)
(24, 5, 146)
(24, 6, 135)
(24, 7, 135)
(24, 8, 135)
(24, 9, 135)
(24, 10, 121)
(24, 11, 119)
(24, 12, 112)
(24, 13, 112)
(24, 14, 111)
(24, 15, 111)
(24, 16, 111)
(24, 17, 111)
(24, 18, 111)
(24, 19, 111)
(24, 20, 111)
(24, 21, 111)
(24, 22, 110)
(24, 23, 109)
(24, 24, 109)
(24, 25, 109)
(24, 26, 109)
(24, 27, 109)
(24, 28, 109)
(24, 29, 109)
(24, 30, 109)
(24, 31, 109)
(24, 32, 106)
(24, 33, 99)
(24, 34, 99)
(24, 35, 99)
(24, 36, 99)
(24, 37, 99)
(24, 38, 93)
(24, 39, 93)

(25, 0, 179)
(25, 1, 176)
(25, 2, 176)
(25, 3, 176)
(25, 4, 169)
(25, 5, 169)
(25, 6, 158)
(25, 7, 158)
(25, 8, 158)
(25, 9, 158)
(25, 10, 144)
(25, 11, 142)
(25, 12, 131)
(25, 13, 131)
(25, 14, 130)
(25, 15, 130)
(25, 16, 130)
(25, 17, 130)
(25, 18, 130)
(25, 19, 130)
(25, 20, 130)
(25, 21, 130)
(25, 22, 129)
(25, 23, 128)
(25, 24, 128)
(25, 25, 128)
(25, 26, 128)
(25, 27, 128)
(25, 28, 128)
(25, 29, 128)
(25, 30, 128)
(25, 31, 128)
(25, 32, 125)
(25, 33, 115)
(25, 34, 115)
(25, 35, 115)
(25, 36, 115)
(25, 37, 115)
(25, 38, 109)
(25, 39, 109)

(26, 0, 211)
(26, 1, 205)
(26, 2, 205)
(26, 3, 205)
(26, 4, 198)
(26, 5, 198)
(26, 6, 187)
(26, 7, 187)
(26, 8, 187)
(26, 9, 187)
(26, 10, 173)
(26, 11, 171)
(26, 12, 158)
(26, 13, 158)
(26, 14, 157)
(26, 15, 157)
(26, 16, 156)
(26, 17, 156)
(26, 18, 156)
(26, 19, 156)
(26, 20, 156)
(26, 21, 156)
(26, 22, 155)
(26, 23, 154)
(26, 24, 154)
(26, 25, 154)
(26, 26, 154)
(26, 27, 154)
(26, 28, 154)
(26, 29, 154)
(26, 30, 154)
(26, 31, 154)
(26, 32, 151)
(26, 33, 139)
(26, 34, 139)
(26, 35, 139)
(26, 36, 139)
(26, 37, 139)
(26, 38, 133)
(26, 39, 133)

(27, 0, 247)
(27, 1, 240)
(27, 2, 240)
(27, 3, 240)
(27, 4, 232)
(27, 5, 232)
(27, 6, 221)
(27, 7, 221)
(27, 8, 221)
(27, 9, 221)
(27, 10, 207)
(27, 11, 205)
(27, 12, 191)
(27, 13, 191)
(27, 14, 190)
(27, 15, 190)
(27, 16, 189)
(27, 17, 189)
(27, 18, 189)
(27, 19, 189)
(27, 20, 189)
(27, 21, 189)
(27, 22, 188)
(27, 23, 186)
(27, 24, 186)
(27, 25, 186)
(27, 26, 186)
(27, 27, 186)
(27, 28, 186)
(27, 29, 186)
(27, 30, 186)
(27, 31, 186)
(27, 32, 183)
(27, 33, 171)
(27, 34, 171)
(27, 35, 171)
(27, 36, 171)
(27, 37, 171)
(27, 38, 165)
(27, 39, 165)

(28, 0, 288)
(28, 1, 276)
(28, 2, 276)
(28, 3, 276)
(28, 4, 267)
(28, 5, 267)
(28, 6, 254)
(28, 7, 254)
(28, 8, 252)
(28, 9, 252)
(28, 10, 238)
(28, 11, 234)
(28, 12, 220)
(28, 13, 220)
(28, 14, 219)
(28, 15, 219)
(28, 16, 218)
(28, 17, 218)
(28, 18, 218)
(28, 19, 218)
(28, 20, 218)
(28, 21, 218)
(28, 22, 217)
(28, 23, 214)
(28, 24, 214)
(28, 25, 214)
(28, 26, 214)
(28, 27, 214)
(28, 28, 214)
(28, 29, 214)
(28, 30, 214)
(28, 31, 214)
(28, 32, 211)
(28, 33, 199)
(28, 34, 197)
(28, 35, 197)
(28, 36, 197)
(28, 37, 197)
(28, 38, 191)
(28, 39, 191)

(29, 0, 350)
(29, 1, 328)
(29, 2, 328)
(29, 3, 327)
(29, 4, 318)
(29, 5, 317)
(29, 6, 303)
(29, 7, 303)
(29, 8, 295)
(29, 9, 293)
(29, 10, 279)
(29, 11, 275)
(29, 12, 259)
(29, 13, 259)
(29, 14, 256)
(29, 15, 250)
(29, 16, 249)
(29, 17, 249)
(29, 18, 249)
(29, 19, 249)
(29, 20, 249)
(29, 21, 249)
(29, 22, 248)
(29, 23, 245)
(29, 24, 245)
(29, 25, 245)
(29, 26, 245)
(29, 27, 245)
(29, 28, 245)
(29, 29, 236)
(29, 30, 236)
(29, 31, 236)
(29, 32, 233)
(29, 33, 220)
(29, 34, 218)
(29, 35, 218)
(29, 36, 218)
(29, 37, 218)
(29, 38, 212)
(29, 39, 212)

(30, 0, 510)
(30, 1, 440)
(30, 2, 440)
(30, 3, 439)
(30, 4, 406)
(30, 5, 405)
(30, 6, 389)
(30, 7, 388)
(30, 8, 361)
(30, 9, 358)
(30, 10, 344)
(30, 11, 340)
(30, 12, 312)
(30, 13, 312)
(30, 14, 307)
(30, 15, 287)
(30, 16, 285)
(30, 17, 285)
(30, 18, 285)
(30, 19, 285)
(30, 20, 285)
(30, 21, 285)
(30, 22, 284)
(30, 23, 281)
(30, 24, 281)
(30, 25, 281)
(30, 26, 281)
(30, 27, 280)
(30, 28, 280)
(30, 29, 257)
(30, 30, 257)
(30, 31, 257)
(30, 32, 254)
(30, 33, 238)
(30, 34, 235)
(30, 35, 235)
(30, 36, 235)
(30, 37, 235)
(30, 38, 229)
(30, 39, 229)

(31, 0, 521)
(31, 1, 451)
(31, 2, 451)
(31, 3, 450)
(31, 4, 417)
(31, 5, 416)
(31, 6, 400)
(31, 7, 399)
(31, 8, 372)
(31, 9, 369)
(31, 10, 355)
(31, 11, 351)
(31, 12, 323)
(31, 13, 323)
(31, 14, 318)
(31, 15, 298)
(31, 16, 296)
(31, 17, 296)
(31, 18, 296)
(31, 19, 296)
(31, 20, 296)
(31, 21, 296)
(31, 22, 295)
(31, 23, 292)
(31, 24, 292)
(31, 25, 292)
(31, 26, 292)
(31, 27, 291)
(31, 28, 291)
(31, 29, 268)
(31, 30, 268)
(31, 31, 268)
(31, 32, 265)
(31, 33, 249)
(31, 34, 246)
(31, 35, 246)
(31, 36, 246)
(31, 37, 246)
(31, 38, 240)
(31, 39, 240)

(32, 0, 530)
(32, 1, 460)
(32, 2, 460)
(32, 3, 459)
(32, 4, 426)
(32, 5, 425)
(32, 6, 409)
(32, 7, 408)
(32, 8, 381)
(32, 9, 378)
(32, 10, 364)
(32, 11, 359)
(32, 12, 331)
(32, 13, 331)
(32, 14, 326)
(32, 15, 306)
(32, 16, 304)
(32, 17, 304)
(32, 18, 304)
(32, 19, 304)
(32, 20, 304)
(32, 21, 303)
(32, 22, 302)
(32, 23, 299)
(32, 24, 299)
(32, 25, 299)
(32, 26, 299)
(32, 27, 298)
(32, 28, 298)
(32, 29, 275)
(32, 30, 275)
(32, 31, 275)
(32, 32, 272)
(32, 33, 252)
(32, 34, 249)
(32, 35, 249)
(32, 36, 249)
(32, 37, 249)
(32, 38, 243)
(32, 39, 243)

(33, 0, 530)
(33, 1, 460)
(33, 2, 460)
(33, 3, 459)
(33, 4, 426)
(33, 5, 425)
(33, 6, 409)
(33, 7, 408)
(33, 8, 381)
(33, 9, 378)
(33, 10, 364)
(33, 11, 359)
(33, 12, 331)
(33, 13, 331)
(33, 14, 326)
(33, 15, 306)
(33, 16, 304)
(33, 17, 304)
(33, 18, 304)
(33, 19, 304)
(33, 20, 304)
(33, 21, 303)
(33, 22, 302)
(33, 23, 299)
(33, 24, 299)
(33, 25, 299)
(33, 26, 299)
(33, 27, 298)
(33, 28, 298)
(33, 29, 275)
(33, 30, 275)
(33, 31, 275)
(33, 32, 272)
(33, 33, 252)
(33, 34, 249)
(33, 35, 249)
(33, 36, 249)
(33, 37, 249)
(33, 38, 243)
(33, 39, 243)

(34, 0, 530)
(34, 1, 460)
(34, 2, 460)
(34, 3, 459)
(34, 4, 426)
(34, 5, 425)
(34, 6, 409)
(34, 7, 408)
(34, 8, 381)
(34, 9, 378)
(34, 10, 364)
(34, 11, 359)
(34, 12, 331)
(34, 13, 331)
(34, 14, 326)
(34, 15, 306)
(34, 16, 304)
(34, 17, 304)
(34, 18, 304)
(34, 19, 304)
(34, 20, 304)
(34, 21, 303)
(34, 22, 302)
(34, 23, 299)
(34, 24, 299)
(34, 25, 299)
(34, 26, 299)
(34, 27, 298)
(34, 28, 298)
(34, 29, 275)
(34, 30, 275)
(34, 31, 275)
(34, 32, 272)
(34, 33, 252)
(34, 34, 249)
(34, 35, 249)
(34, 36, 249)
(34, 37, 249)
(34, 38, 243)
(34, 39, 243)

(35, 0, 530)
(35, 1, 460)
(35, 2, 460)
(35, 3, 459)
(35, 4, 426)
(35, 5, 425)
(35, 6, 409)
(35, 7, 408)
(35, 8, 381)
(35, 9, 378)
(35, 10, 364)
(35, 11, 359)
(35, 12, 331)
(35, 13, 331)
(35, 14, 326)
(35, 15, 306)
(35, 16, 304)
(35, 17, 304)
(35, 18, 304)
(35, 19, 304)
(35, 20, 304)
(35, 21, 303)
(35, 22, 302)
(35, 23, 299)
(35, 24, 299)
(35, 25, 299)
(35, 26, 299)
(35, 27, 298)
(35, 28, 298)
(35, 29, 275)
(35, 30, 275)
(35, 31, 275)
(35, 32, 272)
(35, 33, 252)
(35, 34, 249)
(35, 35, 249)
(35, 36, 249)
(35, 37, 249)
(35, 38, 243)
(35, 39, 243)

(36, 0, 533)
(36, 1, 463)
(36, 2, 463)
(36, 3, 462)
(36, 4, 429)
(36, 5, 428)
(36, 6, 412)
(36, 7, 411)
(36, 8, 384)
(36, 9, 381)
(36, 10, 367)
(36, 11, 362)
(36, 12, 334)
(36, 13, 334)
(36, 14, 329)
(36, 15, 309)
(36, 16, 307)
(36, 17, 307)
(36, 18, 307)
(36, 19, 307)
(36, 20, 307)
(36, 21, 306)
(36, 22, 305)
(36, 23, 302)
(36, 24, 302)
(36, 25, 302)
(36, 26, 302)
(36, 27, 301)
(36, 28, 301)
(36, 29, 278)
(36, 30, 278)
(36, 31, 278)
(36, 32, 275)
(36, 33, 255)
(36, 34, 252)
(36, 35, 252)
(36, 36, 252)
(36, 37, 252)
(36, 38, 246)
(36, 39, 246)

(37, 0, 541)
(37, 1, 470)
(37, 2, 470)
(37, 3, 469)
(37, 4, 435)
(37, 5, 434)
(37, 6, 418)
(37, 7, 417)
(37, 8, 390)
(37, 9, 387)
(37, 10, 373)
(37, 11, 368)
(37, 12, 340)
(37, 13, 340)
(37, 14, 335)
(37, 15, 315)
(37, 16, 313)
(37, 17, 313)
(37, 18, 313)
(37, 19, 313)
(37, 20, 313)
(37, 21, 312)
(37, 22, 311)
(37, 23, 308)
(37, 24, 308)
(37, 25, 308)
(37, 26, 308)
(37, 27, 307)
(37, 28, 307)
(37, 29, 284)
(37, 30, 284)
(37, 31, 284)
(37, 32, 281)
(37, 33, 261)
(37, 34, 258)
(37, 35, 258)
(37, 36, 258)
(37, 37, 258)
(37, 38, 252)
(37, 39, 252)

(38, 0, 564)
(38, 1, 490)
(38, 2, 490)
(38, 3, 483)
(38, 4, 449)
(38, 5, 448)
(38, 6, 432)
(38, 7, 431)
(38, 8, 404)
(38, 9, 401)
(38, 10, 387)
(38, 11, 382)
(38, 12, 354)
(38, 13, 354)
(38, 14, 349)
(38, 15, 329)
(38, 16, 327)
(38, 17, 327)
(38, 18, 327)
(38, 19, 327)
(38, 20, 327)
(38, 21, 324)
(38, 22, 321)
(38, 23, 318)
(38, 24, 318)
(38, 25, 318)
(38, 26, 318)
(38, 27, 317)
(38, 28, 317)
(38, 29, 294)
(38, 30, 294)
(38, 31, 293)
(38, 32, 290)
(38, 33, 270)
(38, 34, 267)
(38, 35, 267)
(38, 36, 266)
(38, 37, 265)
(38, 38, 259)
(38, 39, 259)

(39, 0, 673)
(39, 1, 525)
(39, 2, 522)
(39, 3, 507)
(39, 4, 468)
(39, 5, 464)
(39, 6, 447)
(39, 7, 446)
(39, 8, 419)
(39, 9, 415)
(39, 10, 401)
(39, 11, 396)
(39, 12, 368)
(39, 13, 368)
(39, 14, 363)
(39, 15, 343)
(39, 16, 341)
(39, 17, 340)
(39, 18, 340)
(39, 19, 340)
(39, 20, 340)
(39, 21, 335)
(39, 22, 330)
(39, 23, 326)
(39, 24, 326)
(39, 25, 326)
(39, 26, 326)
(39, 27, 324)
(39, 28, 324)
(39, 29, 301)
(39, 30, 301)
(39, 31, 300)
(39, 32, 297)
(39, 33, 276)
(39, 34, 273)
(39, 35, 273)
(39, 36, 271)
(39, 37, 269)
(39, 38, 263)
(39, 39, 263)


Betti numbers:
xi_0:
(0, 0, 7)
(1, 0, 7)
(2, 0, 6)
(3, 0, 16)
(4, 0, 2)
(10, 0, 3)
(11, 0, 9)
(17, 0, 4)
(18, 0, 10)
(19, 0, 25)
(20, 0, 12)
(21, 0, 9)
(22, 0, 10)
(23, 0, 20)
(24, 0, 14)
(25, 0, 25)
(26, 0, 32)
(27, 0, 36)
(28, 0, 41)
(29, 0, 62)
(30, 0, 160)
(31, 0, 11)
(32, 0, 9)
(36, 0, 3)
(37, 0, 8)
(38, 0, 23)
(39, 0, 109)
xi_1:
(1, 32, 1)
(2, 6, 2)
(3, 6, 8)
(4, 6, 1)
(11, 32, 1)
(17, 10, 2)
(18, 10, 1)
(18, 14, 1)
(18, 23, 1)
(18, 38, 2)
(19, 4, 2)
(19, 10, 5)
(19, 11, 1)
(19, 32, 1)
(19, 38, 4)
(20, 4, 2)
(20, 10, 3)
(21, 4, 2)
(21, 10, 2)
(22, 4, 1)
(22, 10, 1)
(22, 12, 1)
(22, 33, 3)
(23, 1, 1)
(23, 11, 1)
(23, 12, 3)
(23, 22, 1)
(23, 33, 4)
(24, 12, 3)
(25, 1, 2)
(25, 12, 4)
(25, 33, 3)
(26, 1, 3)
(26, 12, 2)
(26, 16, 1)
(26, 33, 2)
(27, 1, 1)
(27, 4, 1)
(27, 12, 1)
(27, 23, 1)
(28, 1, 5)
(28, 4, 1)
(28, 6, 2)
(28, 8, 2)
(28, 11, 2)
(28, 23, 1)
(28, 34, 2)
(29, 1, 10)
(29, 3, 1)
(29, 5, 1)
(29, 6, 1)
(29, 8, 6)
(29, 9, 2)
(29, 12, 2)
(29, 14, 2)
(29, 15, 6)
(29, 29, 9)
(29, 33, 1)
(30, 1, 48)
(30, 4, 24)
(30, 6, 2)
(30, 7, 1)
(30, 8, 19)
(30, 9, 1)
(30, 12, 12)
(30, 14, 3)
(30, 15, 14)
(30, 16, 1)
(30, 27, 1)
(30, 29, 14)
(30, 33, 3)
(30, 34, 1)
(32, 11, 1)
(32, 21, 1)
(32, 33, 4)
(37, 1, 1)
(37, 4, 1)
(38, 1, 3)
(38, 3, 6)
(38, 21, 2)
(38, 22, 2)
(38, 31, 1)
(38, 36, 1)
(38, 37, 1)
(39, 1, 74)
(39, 2, 3)
(39, 3, 8)
(39, 4, 5)
(39, 5, 3)
(39, 6, 1)
(39, 9, 1)
(39, 17, 1)
(39, 21, 2)
(39, 22, 2)
(39, 23, 1)
(39, 27, 1)
(39, 33, 1)
(39, 36, 1)
(39, 37, 1)
xi_2:
(30, 14, 1)
