x-grades
-53946042209401009313/4000000000000000000
-26287106026038137313/2000000000000000000
-51202381894751539939/4000000000000000000
-12457637934356701313/1000000000000000000
-9691744316020414113/800000000000000000
-23543445711388667939/2000000000000000000
-45715061265452601191/4000000000000000000
-5542903888515983313/500000000000000000
-42971400950803131817/4000000000000000000
-4159957079347839713/400000000000000000
-40227740636153662443/4000000000000000000
-9713977619707231939/1000000000000000000
-37484080321504193069/4000000000000000000
-18056125082089729191/2000000000000000000
-6948084001370944739/800000000000000000
-2085536865595624313/250000000000000000
-31996759692205254321/4000000000000000000
-15312464767440259817/2000000000000000000
-29253099377555784947/4000000000000000000
-1394063461011552513/200000000000000000
-26509439062906315573/4000000000000000000
-12568804452790790443/2000000000000000000
-23765778748256846199/4000000000000000000
-2799243573866513939/500000000000000000
-840884737344295073/160000000000000000
-9825144138141321069/2000000000000000000
-18278458118957907451/4000000000000000000
-4226656990408293191/1000000000000000000
-15534797804308438077/4000000000000000000
-1416296764698370339/400000000000000000
-12791137489658968703/4000000000000000000
-356853354135444813/125000000000000000
-10047477175009499329/4000000000000000000
-4337823508842382321/2000000000000000000
-1460763372072005991/800000000000000000
-1482996675758823817/1000000000000000000
-4560156545710560581/4000000000000000000
-1594163194192912947/2000000000000000000
-1816496231061091207/4000000000000000000
-11116651843408913/100000000000000000

y-grades
9997761/4000000
9997761/2000000
29993283/4000000
9997761/1000000
9997761/800000
29993283/2000000
69984327/4000000
9997761/500000
89979849/4000000
9997761/400000
109975371/4000000
29993283/1000000
129970893/4000000
69984327/2000000
29993283/800000
9997761/250000
169961937/4000000
89979849/2000000
189957459/4000000
9997761/200000
209952981/4000000
109975371/2000000
229948503/4000000
29993283/500000
9997761/160000
129970893/2000000
269939547/4000000
69984327/1000000
289935069/4000000
29993283/400000
309930591/4000000
9997761/125000
329926113/4000000
169961937/2000000
69984327/800000
89979849/1000000
369917157/4000000
189957459/2000000
389912679/4000000
9997761/100000

Dimensions > 0:
(0, 0, 8)
(0, 1, 6)
(0, 2, 2)
(0, 3, 2)
(0, 4, 2)
(0, 5, 2)
(0, 6, 2)
(0, 7, 2)
(0, 8, 2)
(0, 9, 2)
(0, 10, 2)
(0, 11, 2)
(0, 12, 2)
(0, 13, 2)
(0, 14, 2)
(0, 15, 2)
(0, 16, 2)
(0, 17, 2)
(0, 18, 2)
(0, 19, 2)
(0, 20, 2)
(0, 21, 2)
(0, 22, 2)
(0, 23, 2)
(0, 24, 2)
(0, 25, 2)
(0, 26, 2)
(0, 27, 2)
(0, 28, 2)
(0, 29, 2)
(0, 30, 2)
(0, 31, 2)
(0, 32, 2)
(0, 33, 2)
(0, 34, 2)
(0, 35, 2)
(0, 36, 2)
(0, 37, 2)
(0, 38, 2)
(0, 39, 2)

(1, 0, 16)
(1, 1, 12)
(1, 2, 4)
(1, 3, 4)
(1, 4, 4)
(1, 5, 4)
(1, 6, 4)
(1, 7, 3)
(1, 8, 3)
(1, 9, 3)
(1, 10, 3)
(1, 11, 3)
(1, 12, 3)
(1, 13, 3)
(1, 14, 2)
(1, 15, 2)
(1, 16, 2)
(1, 17, 2)
(1, 18, 2)
(1, 19, 2)
(1, 20, 2)
(1, 21, 2)
(1, 22, 2)
(1, 23, 2)
(1, 24, 2)
(1, 25, 2)
(1, 26, 2)
(1, 27, 2)
(1, 28, 2)
(1, 29, 2)
(1, 30, 2)
(1, 31, 2)
(1, 32, 2)
(1, 33, 2)
(1, 34, 1)
(1, 35, 1)
(1, 36, 1)
(1, 37, 1)
(1, 38, 1)
(1, 39, 1)

(2, 0, 28)
(2, 1, 21)
(2, 2, 7)
(2, 3, 6)
(2, 4, 6)
(2, 5, 6)
(2, 6, 6)
(2, 7, 4)
(2, 8, 4)
(2, 9, 4)
(2, 10, 4)
(2, 11, 4)
(2, 12, 4)
(2, 13, 4)
(2, 14, 3)
(2, 15, 3)
(2, 16, 3)
(2, 17, 3)
(2, 18, 3)
(2, 19, 3)
(2, 20, 3)
(2, 21, 3)
(2, 22, 3)
(2, 23, 3)
(2, 24, 3)
(2, 25, 3)
(2, 26, 3)
(2, 27, 3)
(2, 28, 2)
(2, 29, 2)
(2, 30, 2)
(2, 31, 2)
(2, 32, 2)
(2, 33, 1)
(2, 34, 1)
(2, 35, 1)
(2, 36, 1)
(2, 37, 1)
(2, 38, 1)
(2, 39, 1)

(3, 0, 55)
(3, 1, 41)
(3, 2, 15)
(3, 3, 13)
(3, 4, 13)
(3, 5, 12)
(3, 6, 9)
(3, 7, 7)
(3, 8, 7)
(3, 9, 7)
(3, 10, 7)
(3, 11, 7)
(3, 12, 6)
(3, 13, 6)
(3, 14, 5)
(3, 15, 5)
(3, 16, 5)
(3, 17, 5)
(3, 18, 5)
(3, 19, 5)
(3, 20, 5)
(3, 21, 4)
(3, 22, 4)
(3, 23, 4)
(3, 24, 4)
(3, 25, 4)
(3, 26, 3)
(3, 27, 3)
(3, 28, 3)
(3, 29, 3)
(3, 30, 3)
(3, 31, 3)
(3, 32, 3)
(3, 33, 3)
(3, 34, 3)
(3, 35, 3)
(3, 36, 3)
(3, 37, 3)
(3, 38, 3)
(3, 39, 3)

(4, 0, 71)
(4, 1, 55)
(4, 2, 23)
(4, 3, 20)
(4, 4, 20)
(4, 5, 15)
(4, 6, 12)
(4, 7, 10)
(4, 8, 10)
(4, 9, 9)
(4, 10, 9)
(4, 11, 9)
(4, 12, 8)
(4, 13, 8)
(4, 14, 7)
(4, 15, 6)
(4, 16, 6)
(4, 17, 5)
(4, 18, 5)
(4, 19, 5)
(4, 20, 5)
(4, 21, 4)
(4, 22, 4)
(4, 23, 4)
(4, 24, 4)
(4, 25, 4)
(4, 26, 3)
(4, 27, 3)
(4, 28, 3)
(4, 29, 3)
(4, 30, 3)
(4, 31, 3)
(4, 32, 3)
(4, 33, 3)
(4, 34, 2)
(4, 35, 2)
(4, 36, 2)
(4, 37, 2)
(4, 38, 1)
(4, 39, 1)

(5, 0, 84)
(5, 1, 66)
(5, 2, 27)
(5, 3, 24)
(5, 4, 24)
(5, 5, 17)
(5, 6, 15)
(5, 7, 12)
(5, 8, 12)
(5, 9, 11)
(5, 10, 11)
(5, 11, 10)
(5, 12, 9)
(5, 13, 9)
(5, 14, 7)
(5, 15, 5)
(5, 16, 5)
(5, 17, 5)
(5, 18, 5)
(5, 19, 5)
(5, 20, 5)
(5, 21, 4)
(5, 22, 4)
(5, 23, 4)
(5, 24, 4)
(5, 25, 4)
(5, 26, 3)
(5, 27, 3)
(5, 28, 2)
(5, 29, 2)
(5, 30, 2)
(5, 31, 2)
(5, 32, 2)
(5, 33, 1)
(5, 34, 1)
(5, 35, 1)
(5, 36, 1)
(5, 37, 1)
(5, 38, 1)
(5, 39, 1)

(6, 0, 94)
(6, 1, 75)
(6, 2, 29)
(6, 3, 26)
(6, 4, 25)
(6, 5, 18)
(6, 6, 16)
(6, 7, 13)
(6, 8, 13)
(6, 9, 11)
(6, 10, 11)
(6, 11, 11)
(6, 12, 10)
(6, 13, 10)
(6, 14, 7)
(6, 15, 5)
(6, 16, 5)
(6, 17, 5)
(6, 18, 5)
(6, 19, 5)
(6, 20, 5)
(6, 21, 3)
(6, 22, 3)
(6, 23, 3)
(6, 24, 3)
(6, 25, 3)
(6, 26, 2)
(6, 27, 2)
(6, 28, 1)
(6, 29, 1)
(6, 30, 1)
(6, 31, 1)
(6, 32, 1)
(6, 33, 1)
(6, 34, 1)
(6, 35, 1)
(6, 36, 1)
(6, 37, 1)
(6, 38, 1)
(6, 39, 1)

(7, 0, 104)
(7, 1, 82)
(7, 2, 32)
(7, 3, 29)
(7, 4, 27)
(7, 5, 20)
(7, 6, 18)
(7, 7, 15)
(7, 8, 14)
(7, 9, 12)
(7, 10, 10)
(7, 11, 10)
(7, 12, 9)
(7, 13, 8)
(7, 14, 6)
(7, 15, 5)
(7, 16, 5)
(7, 17, 5)
(7, 18, 5)
(7, 19, 5)
(7, 20, 5)
(7, 21, 3)
(7, 22, 3)
(7, 23, 3)
(7, 24, 3)
(7, 25, 3)
(7, 26, 2)
(7, 27, 1)
(7, 28, 1)
(7, 29, 1)
(7, 30, 1)
(7, 31, 1)
(7, 32, 1)
(7, 33, 1)
(7, 34, 1)
(7, 35, 1)
(7, 36, 1)
(7, 37, 1)
(7, 38, 1)
(7, 39, 1)

(8, 0, 104)
(8, 1, 82)
(8, 2, 32)
(8, 3, 29)
(8, 4, 27)
(8, 5, 20)
(8, 6, 18)
(8, 7, 15)
(8, 8, 14)
(8, 9, 12)
(8, 10, 10)
(8, 11, 10)
(8, 12, 9)
(8, 13, 8)
(8, 14, 6)
(8, 15, 5)
(8, 16, 5)
(8, 17, 5)
(8, 18, 5)
(8, 19, 5)
(8, 20, 5)
(8, 21, 3)
(8, 22, 3)
(8, 23, 3)
(8, 24, 3)
(8, 25, 3)
(8, 26, 2)
(8, 27, 1)
(8, 28, 1)
(8, 29, 1)
(8, 30, 1)
(8, 31, 1)
(8, 32, 1)
(8, 33, 1)
(8, 34, 1)
(8, 35, 1)
(8, 36, 1)
(8, 37, 1)
(8, 38, 1)
(8, 39, 1)

(9, 0, 104)
(9, 1, 82)
(9, 2, 32)
(9, 3, 29)
(9, 4, 27)
(9, 5, 20)
(9, 6, 18)
(9, 7, 15)
(9, 8, 14)
(9, 9, 12)
(9, 10, 10)
(9, 11, 10)
(9, 12, 9)
(9, 13, 8)
(9, 14, 6)
(9, 15, 5)
(9, 16, 5)
(9, 17, 5)
(9, 18, 5)
(9, 19, 5)
(9, 20, 5)
(9, 21, 3)
(9, 22, 3)
(9, 23, 3)
(9, 24, 3)
(9, 25, 3)
(9, 26, 2)
(9, 27, 1)
(9, 28, 1)
(9, 29, 1)
(9, 30, 1)
(9, 31, 1)
(9, 32, 1)
(9, 33, 1)
(9, 34, 1)
(9, 35, 1)
(9, 36, 1)
(9, 37, 1)
(9, 38, 1)
(9, 39, 1)

(10, 0, 104)
(10, 1, 82)
(10, 2, 32)
(10, 3, 29)
(10, 4, 27)
(10, 5, 20)
(10, 6, 18)
(10, 7, 15)
(10, 8, 14)
(10, 9, 12)
(10, 10, 10)
(10, 11, 10)
(10, 12, 9)
(10, 13, 8)
(10, 14, 6)
(10, 15, 5)
(10, 16, 5)
(10, 17, 5)
(10, 18, 5)
(10, 19, 5)
(10, 20, 5)
(10, 21, 3)
(10, 22, 3)
(10, 23, 3)
(10, 24, 3)
(10, 25, 3)
(10, 26, 2)
(10, 27, 1)
(10, 28, 1)
(10, 29, 1)
(10, 30, 1)
(10, 31, 1)
(10, 32, 1)
(10, 33, 1)
(10, 34, 1)
(10, 35, 1)
(10, 36, 1)
(10, 37, 1)
(10, 38, 1)
(10, 39, 1)

(11, 0, 104)
(11, 1, 82)
(11, 2, 32)
(11, 3, 29)
(11, 4, 27)
(11, 5, 20)
(11, 6, 18)
(11, 7, 15)
(11, 8, 14)
(11, 9, 12)
(11, 10, 10)
(11, 11, 10)
(11, 12, 9)
(11, 13, 8)
(11, 14, 6)
(11, 15, 5)
(11, 16, 5)
(11, 17, 5)
(11, 18, 5)
(11, 19, 5)
(11, 20, 5)
(11, 21, 3)
(11, 22, 3)
(11, 23, 3)
(11, 24, 3)
(11, 25, 3)
(11, 26, 2)
(11, 27, 1)
(11, 28, 1)
(11, 29, 1)
(11, 30, 1)
(11, 31, 1)
(11, 32, 1)
(11, 33, 1)
(11, 34, 1)
(11, 35, 1)
(11, 36, 1)
(11, 37, 1)
(11, 38, 1)
(11, 39, 1)

(12, 0, 104)
(12, 1, 82)
(12, 2, 32)
(12, 3, 29)
(12, 4, 27)
(12, 5, 20)
(12, 6, 18)
(12, 7, 15)
(12, 8, 14)
(12, 9, 12)
(12, 10, 10)
(12, 11, 10)
(12, 12, 9)
(12, 13, 8)
(12, 14, 6)
(12, 15, 5)
(12, 16, 5)
(12, 17, 5)
(12, 18, 5)
(12, 19, 5)
(12, 20, 5)
(12, 21, 3)
(12, 22, 3)
(12, 23, 3)
(12, 24, 3)
(12, 25, 3)
(12, 26, 2)
(12, 27, 1)
(12, 28, 1)
(12, 29, 1)
(12, 30, 1)
(12, 31, 1)
(12, 32, 1)
(12, 33, 1)
(12, 34, 1)
(12, 35, 1)
(12, 36, 1)
(12, 37, 1)
(12, 38, 1)
(12, 39, 1)

(13, 0, 104)
(13, 1, 82)
(13, 2, 32)
(13, 3, 29)
(13, 4, 27)
(13, 5, 20)
(13, 6, 18)
(13, 7, 15)
(13, 8, 14)
(13, 9, 12)
(13, 10, 10)
(13, 11, 10)
(13, 12, 9)
(13, 13, 8)
(13, 14, 6)
(13, 15, 5)
(13, 16, 5)
(13, 17, 5)
(13, 18, 5)
(13, 19, 5)
(13, 20, 5)
(13, 21, 3)
(13, 22, 3)
(13, 23, 3)
(13, 24, 3)
(13, 25, 3)
(13, 26, 2)
(13, 27, 1)
(13, 28, 1)
(13, 29, 1)
(13, 30, 1)
(13, 31, 1)
(13, 32, 1)
(13, 33, 1)
(13, 34, 1)
(13, 35, 1)
(13, 36, 1)
(13, 37, 1)
(13, 38, 1)
(13, 39, 1)

(14, 0, 104)
(14, 1, 82)
(14, 2, 32)
(14, 3, 29)
(14, 4, 27)
(14, 5, 20)
(14, 6, 18)
(14, 7, 15)
(14, 8, 14)
(14, 9, 12)
(14, 10, 10)
(14, 11, 10)
(14, 12, 9)
(14, 13, 8)
(14, 14, 6)
(14, 15, 5)
(14, 16, 5)
(14, 17, 5)
(14, 18, 5)
(14, 19, 5)
(14, 20, 5)
(14, 21, 3)
(14, 22, 3)
(14, 23, 3)
(14, 24, 3)
(14, 25, 3)
(14, 26, 2)
(14, 27, 1)
(14, 28, 1)
(14, 29, 1)
(14, 30, 1)
(14, 31, 1)
(14, 32, 1)
(14, 33, 1)
(14, 34, 1)
(14, 35, 1)
(14, 36, 1)
(14, 37, 1)
(14, 38, 1)
(14, 39, 1)

(15, 0, 105)
(15, 1, 83)
(15, 2, 33)
(15, 3, 30)
(15, 4, 28)
(15, 5, 21)
(15, 6, 19)
(15, 7, 16)
(15, 8, 15)
(15, 9, 13)
(15, 10, 11)
(15, 11, 11)
(15, 12, 10)
(15, 13, 9)
(15, 14, 7)
(15, 15, 6)
(15, 16, 6)
(15, 17, 6)
(15, 18, 6)
(15, 19, 6)
(15, 20, 6)
(15, 21, 4)
(15, 22, 4)
(15, 23, 4)
(15, 24, 4)
(15, 25, 4)
(15, 26, 3)
(15, 27, 2)
(15, 28, 2)
(15, 29, 2)
(15, 30, 2)
(15, 31, 2)
(15, 32, 2)
(15, 33, 2)
(15, 34, 2)
(15, 35, 2)
(15, 36, 2)
(15, 37, 2)
(15, 38, 2)
(15, 39, 2)

(16, 0, 106)
(16, 1, 84)
(16, 2, 34)
(16, 3, 31)
(16, 4, 29)
(16, 5, 21)
(16, 6, 19)
(16, 7, 16)
(16, 8, 15)
(16, 9, 13)
(16, 10, 11)
(16, 11, 11)
(16, 12, 10)
(16, 13, 9)
(16, 14, 7)
(16, 15, 6)
(16, 16, 6)
(16, 17, 6)
(16, 18, 6)
(16, 19, 6)
(16, 20, 6)
(16, 21, 4)
(16, 22, 4)
(16, 23, 4)
(16, 24, 4)
(16, 25, 4)
(16, 26, 3)
(16, 27, 2)
(16, 28, 2)
(16, 29, 2)
(16, 30, 2)
(16, 31, 2)
(16, 32, 2)
(16, 33, 2)
(16, 34, 2)
(16, 35, 2)
(16, 36, 2)
(16, 37, 2)
(16, 38, 2)
(16, 39, 2)

(17, 0, 110)
(17, 1, 88)
(17, 2, 38)
(17, 3, 35)
(17, 4, 31)
(17, 5, 23)
(17, 6, 21)
(17, 7, 18)
(17, 8, 17)
(17, 9, 15)
(17, 10, 13)
(17, 11, 12)
(17, 12, 11)
(17, 13, 10)
(17, 14, 8)
(17, 15, 7)
(17, 16, 7)
(17, 17, 7)
(17, 18, 7)
(17, 19, 7)
(17, 20, 7)
(17, 21, 5)
(17, 22, 5)
(17, 23, 5)
(17, 24, 5)
(17, 25, 5)
(17, 26, 4)
(17, 27, 3)
(17, 28, 3)
(17, 29, 3)
(17, 30, 3)
(17, 31, 3)
(17, 32, 3)
(17, 33, 3)
(17, 34, 3)
(17, 35, 3)
(17, 36, 3)
(17, 37, 3)
(17, 38, 3)
(17, 39, 3)

(18, 0, 115)
(18, 1, 93)
(18, 2, 43)
(18, 3, 40)
(18, 4, 36)
(18, 5, 27)
(18, 6, 22)
(18, 7, 18)
(18, 8, 17)
(18, 9, 15)
(18, 10, 13)
(18, 11, 13)
(18, 12, 12)
(18, 13, 11)
(18, 14, 8)
(18, 15, 7)
(18, 16, 7)
(18, 17, 7)
(18, 18, 7)
(18, 19, 7)
(18, 20, 7)
(18, 21, 5)
(18, 22, 5)
(18, 23, 5)
(18, 24, 5)
(18, 25, 5)
(18, 26, 4)
(18, 27, 3)
(18, 28, 3)
(18, 29, 3)
(18, 30, 3)
(18, 31, 3)
(18, 32, 3)
(18, 33, 3)
(18, 34, 3)
(18, 35, 3)
(18, 36, 3)
(18, 37, 3)
(18, 38, 3)
(18, 39, 3)

(19, 0, 122)
(19, 1, 98)
(19, 2, 46)
(19, 3, 43)
(19, 4, 39)
(19, 5, 29)
(19, 6, 24)
(19, 7, 19)
(19, 8, 18)
(19, 9, 16)
(19, 10, 14)
(19, 11, 14)
(19, 12, 13)
(19, 13, 11)
(19, 14, 8)
(19, 15, 7)
(19, 16, 7)
(19, 17, 7)
(19, 18, 7)
(19, 19, 7)
(19, 20, 7)
(19, 21, 5)
(19, 22, 5)
(19, 23, 5)
(19, 24, 5)
(19, 25, 5)
(19, 26, 4)
(19, 27, 3)
(19, 28, 3)
(19, 29, 3)
(19, 30, 3)
(19, 31, 3)
(19, 32, 3)
(19, 33, 3)
(19, 34, 3)
(19, 35, 3)
(19, 36, 3)
(19, 37, 3)
(19, 38, 3)
(19, 39, 3)

(20, 0, 130)
(20, 1, 105)
(20, 2, 50)
(20, 3, 46)
(20, 4, 42)
(20, 5, 32)
(20, 6, 27)
(20, 7, 22)
(20, 8, 19)
(20, 9, 17)
(20, 10, 15)
(20, 11, 15)
(20, 12, 14)
(20, 13, 12)
(20, 14, 9)
(20, 15, 8)
(20, 16, 8)
(20, 17, 8)
(20, 18, 8)
(20, 19, 8)
(20, 20, 8)
(20, 21, 6)
(20, 22, 6)
(20, 23, 6)
(20, 24, 6)
(20, 25, 6)
(20, 26, 5)
(20, 27, 4)
(20, 28, 4)
(20, 29, 4)
(20, 30, 4)
(20, 31, 4)
(20, 32, 4)
(20, 33, 4)
(20, 34, 4)
(20, 35, 4)
(20, 36, 4)
(20, 37, 4)
(20, 38, 4)
(20, 39, 4)

(21, 0, 135)
(21, 1, 108)
(21, 2, 52)
(21, 3, 47)
(21, 4, 43)
(21, 5, 33)
(21, 6, 28)
(21, 7, 22)
(21, 8, 20)
(21, 9, 18)
(21, 10, 16)
(21, 11, 16)
(21, 12, 15)
(21, 13, 13)
(21, 14, 10)
(21, 15, 9)
(21, 16, 9)
(21, 17, 9)
(21, 18, 9)
(21, 19, 9)
(21, 20, 9)
(21, 21, 7)
(21, 22, 7)
(21, 23, 7)
(21, 24, 7)
(21, 25, 7)
(21, 26, 6)
(21, 27, 5)
(21, 28, 5)
(21, 29, 5)
(21, 30, 5)
(21, 31, 5)
(21, 32, 5)
(21, 33, 5)
(21, 34, 5)
(21, 35, 5)
(21, 36, 5)
(21, 37, 5)
(21, 38, 5)
(21, 39, 4)

(22, 0, 140)
(22, 1, 112)
(22, 2, 55)
(22, 3, 49)
(22, 4, 45)
(22, 5, 35)
(22, 6, 30)
(22, 7, 24)
(22, 8, 22)
(22, 9, 20)
(22, 10, 18)
(22, 11, 18)
(22, 12, 17)
(22, 13, 15)
(22, 14, 11)
(22, 15, 10)
(22, 16, 10)
(22, 17, 10)
(22, 18, 10)
(22, 19, 10)
(22, 20, 10)
(22, 21, 8)
(22, 22, 8)
(22, 23, 8)
(22, 24, 8)
(22, 25, 8)
(22, 26, 7)
(22, 27, 6)
(22, 28, 6)
(22, 29, 6)
(22, 30, 6)
(22, 31, 6)
(22, 32, 6)
(22, 33, 6)
(22, 34, 6)
(22, 35, 6)
(22, 36, 6)
(22, 37, 6)
(22, 38, 6)
(22, 39, 5)

(23, 0, 147)
(23, 1, 118)
(23, 2, 60)
(23, 3, 53)
(23, 4, 49)
(23, 5, 38)
(23, 6, 32)
(23, 7, 26)
(23, 8, 24)
(23, 9, 22)
(23, 10, 20)
(23, 11, 20)
(23, 12, 19)
(23, 13, 17)
(23, 14, 13)
(23, 15, 12)
(23, 16, 12)
(23, 17, 11)
(23, 18, 11)
(23, 19, 11)
(23, 20, 11)
(23, 21, 8)
(23, 22, 8)
(23, 23, 8)
(23, 24, 8)
(23, 25, 8)
(23, 26, 7)
(23, 27, 6)
(23, 28, 6)
(23, 29, 6)
(23, 30, 6)
(23, 31, 6)
(23, 32, 6)
(23, 33, 6)
(23, 34, 6)
(23, 35, 6)
(23, 36, 6)
(23, 37, 6)
(23, 38, 6)
(23, 39, 5)

(24, 0, 173)
(24, 1, 140)
(24, 2, 66)
(24, 3, 57)
(24, 4, 53)
(24, 5, 42)
(24, 6, 35)
(24, 7, 29)
(24, 8, 27)
(24, 9, 24)
(24, 10, 21)
(24, 11, 21)
(24, 12, 19)
(24, 13, 16)
(24, 14, 12)
(24, 15, 11)
(24, 16, 11)
(24, 17, 11)
(24, 18, 11)
(24, 19, 11)
(24, 20, 11)
(24, 21, 8)
(24, 22, 8)
(24, 23, 8)
(24, 24, 8)
(24, 25, 8)
(24, 26, 7)
(24, 27, 5)
(24, 28, 5)
(24, 29, 5)
(24, 30, 5)
(24, 31, 5)
(24, 32, 5)
(24, 33, 5)
(24, 34, 5)
(24, 35, 5)
(24, 36, 5)
(24, 37, 5)
(24, 38, 5)
(24, 39, 4)

(25, 0, 182)
(25, 1, 147)
(25, 2, 68)
(25, 3, 59)
(25, 4, 54)
(25, 5, 43)
(25, 6, 36)
(25, 7, 30)
(25, 8, 28)
(25, 9, 25)
(25, 10, 22)
(25, 11, 21)
(25, 12, 19)
(25, 13, 16)
(25, 14, 12)
(25, 15, 11)
(25, 16, 11)
(25, 17, 11)
(25, 18, 11)
(25, 19, 11)
(25, 20, 11)
(25, 21, 8)
(25, 22, 8)
(25, 23, 8)
(25, 24, 8)
(25, 25, 8)
(25, 26, 7)
(25, 27, 5)
(25, 28, 5)
(25, 29, 5)
(25, 30, 5)
(25, 31, 5)
(25, 32, 5)
(25, 33, 5)
(25, 34, 5)
(25, 35, 5)
(25, 36, 5)
(25, 37, 5)
(25, 38, 5)
(25, 39, 4)

(26, 0, 186)
(26, 1, 151)
(26, 2, 72)
(26, 3, 62)
(26, 4, 56)
(26, 5, 44)
(26, 6, 37)
(26, 7, 31)
(26, 8, 29)
(26, 9, 26)
(26, 10, 23)
(26, 11, 22)
(26, 12, 20)
(26, 13, 17)
(26, 14, 13)
(26, 15, 12)
(26, 16, 12)
(26, 17, 12)
(26, 18, 12)
(26, 19, 12)
(26, 20, 12)
(26, 21, 9)
(26, 22, 9)
(26, 23, 9)
(26, 24, 9)
(26, 25, 9)
(26, 26, 8)
(26, 27, 6)
(26, 28, 6)
(26, 29, 6)
(26, 30, 6)
(26, 31, 6)
(26, 32, 6)
(26, 33, 6)
(26, 34, 6)
(26, 35, 6)
(26, 36, 6)
(26, 37, 6)
(26, 38, 6)
(26, 39, 5)

(27, 0, 193)
(27, 1, 157)
(27, 2, 77)
(27, 3, 65)
(27, 4, 58)
(27, 5, 46)
(27, 6, 39)
(27, 7, 32)
(27, 8, 30)
(27, 9, 27)
(27, 10, 24)
(27, 11, 23)
(27, 12, 21)
(27, 13, 17)
(27, 14, 13)
(27, 15, 12)
(27, 16, 12)
(27, 17, 12)
(27, 18, 12)
(27, 19, 12)
(27, 20, 12)
(27, 21, 9)
(27, 22, 9)
(27, 23, 9)
(27, 24, 9)
(27, 25, 9)
(27, 26, 8)
(27, 27, 6)
(27, 28, 6)
(27, 29, 6)
(27, 30, 6)
(27, 31, 6)
(27, 32, 6)
(27, 33, 6)
(27, 34, 6)
(27, 35, 6)
(27, 36, 6)
(27, 37, 6)
(27, 38, 6)
(27, 39, 5)

(28, 0, 193)
(28, 1, 157)
(28, 2, 77)
(28, 3, 65)
(28, 4, 58)
(28, 5, 46)
(28, 6, 39)
(28, 7, 32)
(28, 8, 30)
(28, 9, 27)
(28, 10, 24)
(28, 11, 23)
(28, 12, 21)
(28, 13, 17)
(28, 14, 13)
(28, 15, 12)
(28, 16, 12)
(28, 17, 12)
(28, 18, 12)
(28, 19, 12)
(28, 20, 12)
(28, 21, 9)
(28, 22, 9)
(28, 23, 9)
(28, 24, 9)
(28, 25, 9)
(28, 26, 8)
(28, 27, 6)
(28, 28, 6)
(28, 29, 6)
(28, 30, 6)
(28, 31, 6)
(28, 32, 6)
(28, 33, 6)
(28, 34, 6)
(28, 35, 6)
(28, 36, 6)
(28, 37, 6)
(28, 38, 6)
(28, 39, 5)

(29, 0, 196)
(29, 1, 160)
(29, 2, 80)
(29, 3, 67)
(29, 4, 59)
(29, 5, 47)
(29, 6, 40)
(29, 7, 33)
(29, 8, 30)
(29, 9, 27)
(29, 10, 24)
(29, 11, 23)
(29, 12, 21)
(29, 13, 17)
(29, 14, 13)
(29, 15, 12)
(29, 16, 12)
(29, 17, 12)
(29, 18, 12)
(29, 19, 12)
(29, 20, 12)
(29, 21, 9)
(29, 22, 9)
(29, 23, 9)
(29, 24, 9)
(29, 25, 9)
(29, 26, 8)
(29, 27, 6)
(29, 28, 6)
(29, 29, 6)
(29, 30, 6)
(29, 31, 6)
(29, 32, 6)
(29, 33, 6)
(29, 34, 6)
(29, 35, 6)
(29, 36, 6)
(29, 37, 6)
(29, 38, 6)
(29, 39, 5)

(30, 0, 196)
(30, 1, 160)
(30, 2, 80)
(30, 3, 67)
(30, 4, 59)
(30, 5, 47)
(30, 6, 40)
(30, 7, 33)
(30, 8, 30)
(30, 9, 27)
(30, 10, 24)
(30, 11, 23)
(30, 12, 21)
(30, 13, 17)
(30, 14, 13)
(30, 15, 12)
(30, 16, 12)
(30, 17, 12)
(30, 18, 12)
(30, 19, 12)
(30, 20, 12)
(30, 21, 9)
(30, 22, 9)
(30, 23, 9)
(30, 24, 9)
(30, 25, 9)
(30, 26, 8)
(30, 27, 6)
(30, 28, 6)
(30, 29, 6)
(30, 30, 6)
(30, 31, 6)
(30, 32, 6)
(30, 33, 6)
(30, 34, 6)
(30, 35, 6)
(30, 36, 6)
(30, 37, 6)
(30, 38, 6)
(30, 39, 5)

(31, 0, 196)
(31, 1, 160)
(31, 2, 80)
(31, 3, 67)
(31, 4, 59)
(31, 5, 47)
(31, 6, 40)
(31, 7, 33)
(31, 8, 30)
(31, 9, 27)
(31, 10, 24)
(31, 11, 23)
(31, 12, 21)
(31, 13, 17)
(31, 14, 13)
(31, 15, 12)
(31, 16, 12)
(31, 17, 12)
(31, 18, 12)
(31, 19, 12)
(31, 20, 12)
(31, 21, 9)
(31, 22, 9)
(31, 23, 9)
(31, 24, 9)
(31, 25, 9)
(31, 26, 8)
(31, 27, 6)
(31, 28, 6)
(31, 29, 6)
(31, 30, 6)
(31, 31, 6)
(31, 32, 6)
(31, 33, 6)
(31, 34, 6)
(31, 35, 6)
(31, 36, 6)
(31, 37, 6)
(31, 38, 6)
(31, 39, 5)

(32, 0, 199)
(32, 1, 163)
(32, 2, 81)
(32, 3, 68)
(32, 4, 60)
(32, 5, 48)
(32, 6, 41)
(32, 7, 34)
(32, 8, 31)
(32, 9, 28)
(32, 10, 25)
(32, 11, 24)
(32, 12, 22)
(32, 13, 18)
(32, 14, 14)
(32, 15, 13)
(32, 16, 13)
(32, 17, 13)
(32, 18, 13)
(32, 19, 13)
(32, 20, 13)
(32, 21, 10)
(32, 22, 9)
(32, 23, 9)
(32, 24, 9)
(32, 25, 9)
(32, 26, 8)
(32, 27, 6)
(32, 28, 6)
(32, 29, 6)
(32, 30, 6)
(32, 31, 6)
(32, 32, 6)
(32, 33, 6)
(32, 34, 6)
(32, 35, 6)
(32, 36, 6)
(32, 37, 6)
(32, 38, 6)
(32, 39, 5)

(33, 0, 199)
(33, 1, 163)
(33, 2, 81)
(33, 3, 68)
(33, 4, 60)
(33, 5, 48)
(33, 6, 41)
(33, 7, 34)
(33, 8, 31)
(33, 9, 28)
(33, 10, 25)
(33, 11, 24)
(33, 12, 22)
(33, 13, 18)
(33, 14, 14)
(33, 15, 13)
(33, 16, 13)
(33, 17, 13)
(33, 18, 13)
(33, 19, 13)
(33, 20, 13)
(33, 21, 10)
(33, 22, 9)
(33, 23, 9)
(33, 24, 9)
(33, 25, 9)
(33, 26, 8)
(33, 27, 6)
(33, 28, 6)
(33, 29, 6)
(33, 30, 6)
(33, 31, 6)
(33, 32, 6)
(33, 33, 6)
(33, 34, 6)
(33, 35, 6)
(33, 36, 6)
(33, 37, 6)
(33, 38, 6)
(33, 39, 5)

(34, 0, 201)
(34, 1, 165)
(34, 2, 83)
(34, 3, 69)
(34, 4, 61)
(34, 5, 49)
(34, 6, 42)
(34, 7, 35)
(34, 8, 32)
(34, 9, 29)
(34, 10, 26)
(34, 11, 25)
(34, 12, 23)
(34, 13, 18)
(34, 14, 14)
(34, 15, 13)
(34, 16, 13)
(34, 17, 13)
(34, 18, 13)
(34, 19, 13)
(34, 20, 13)
(34, 21, 10)
(34, 22, 9)
(34, 23, 9)
(34, 24, 9)
(34, 25, 9)
(34, 26, 8)
(34, 27, 6)
(34, 28, 6)
(34, 29, 6)
(34, 30, 6)
(34, 31, 6)
(34, 32, 6)
(34, 33, 6)
(34, 34, 6)
(34, 35, 6)
(34, 36, 6)
(34, 37, 6)
(34, 38, 6)
(34, 39, 5)

(35, 0, 204)
(35, 1, 168)
(35, 2, 85)
(35, 3, 70)
(35, 4, 62)
(35, 5, 50)
(35, 6, 43)
(35, 7, 36)
(35, 8, 33)
(35, 9, 30)
(35, 10, 25)
(35, 11, 24)
(35, 12, 22)
(35, 13, 18)
(35, 14, 14)
(35, 15, 13)
(35, 16, 13)
(35, 17, 13)
(35, 18, 13)
(35, 19, 13)
(35, 20, 13)
(35, 21, 10)
(35, 22, 9)
(35, 23, 9)
(35, 24, 9)
(35, 25, 9)
(35, 26, 8)
(35, 27, 6)
(35, 28, 6)
(35, 29, 6)
(35, 30, 6)
(35, 31, 6)
(35, 32, 6)
(35, 33, 6)
(35, 34, 6)
(35, 35, 6)
(35, 36, 6)
(35, 37, 6)
(35, 38, 6)
(35, 39, 5)

(36, 0, 212)
(36, 1, 174)
(36, 2, 87)
(36, 3, 71)
(36, 4, 63)
(36, 5, 51)
(36, 6, 44)
(36, 7, 37)
(36, 8, 34)
(36, 9, 31)
(36, 10, 26)
(36, 11, 25)
(36, 12, 23)
(36, 13, 19)
(36, 14, 15)
(36, 15, 13)
(36, 16, 13)
(36, 17, 13)
(36, 18, 13)
(36, 19, 13)
(36, 20, 13)
(36, 21, 10)
(36, 22, 9)
(36, 23, 9)
(36, 24, 9)
(36, 25, 9)
(36, 26, 8)
(36, 27, 6)
(36, 28, 6)
(36, 29, 6)
(36, 30, 6)
(36, 31, 6)
(36, 32, 6)
(36, 33, 6)
(36, 34, 6)
(36, 35, 6)
(36, 36, 6)
(36, 37, 6)
(36, 38, 6)
(36, 39, 5)

(37, 0, 220)
(37, 1, 182)
(37, 2, 88)
(37, 3, 72)
(37, 4, 64)
(37, 5, 52)
(37, 6, 45)
(37, 7, 37)
(37, 8, 34)
(37, 9, 31)
(37, 10, 26)
(37, 11, 25)
(37, 12, 23)
(37, 13, 18)
(37, 14, 14)
(37, 15, 13)
(37, 16, 13)
(37, 17, 13)
(37, 18, 13)
(37, 19, 13)
(37, 20, 13)
(37, 21, 10)
(37, 22, 9)
(37, 23, 9)
(37, 24, 9)
(37, 25, 9)
(37, 26, 8)
(37, 27, 6)
(37, 28, 6)
(37, 29, 6)
(37, 30, 6)
(37, 31, 6)
(37, 32, 6)
(37, 33, 6)
(37, 34, 6)
(37, 35, 6)
(37, 36, 6)
(37, 37, 6)
(37, 38, 6)
(37, 39, 5)

(38, 0, 225)
(38, 1, 187)
(38, 2, 88)
(38, 3, 72)
(38, 4, 64)
(38, 5, 52)
(38, 6, 45)
(38, 7, 37)
(38, 8, 34)
(38, 9, 31)
(38, 10, 26)
(38, 11, 25)
(38, 12, 23)
(38, 13, 18)
(38, 14, 14)
(38, 15, 13)
(38, 16, 13)
(38, 17, 13)
(38, 18, 13)
(38, 19, 13)
(38, 20, 13)
(38, 21, 10)
(38, 22, 9)
(38, 23, 9)
(38, 24, 9)
(38, 25, 9)
(38, 26, 8)
(38, 27, 6)
(38, 28, 6)
(38, 29, 6)
(38, 30, 6)
(38, 31, 6)
(38, 32, 6)
(38, 33, 6)
(38, 34, 6)
(38, 35, 6)
(38, 36, 6)
(38, 37, 6)
(38, 38, 6)
(38, 39, 5)

(39, 0, 232)
(39, 1, 192)
(39, 2, 88)
(39, 3, 72)
(39, 4, 64)
(39, 5, 52)
(39, 6, 45)
(39, 7, 37)
(39, 8, 34)
(39, 9, 31)
(39, 10, 26)
(39, 11, 25)
(39, 12, 23)
(39, 13, 18)
(39, 14, 14)
(39, 15, 13)
(39, 16, 13)
(39, 17, 13)
(39, 18, 13)
(39, 19, 13)
(39, 20, 13)
(39, 21, 10)
(39, 22, 9)
(39, 23, 9)
(39, 24, 9)
(39, 25, 9)
(39, 26, 8)
(39, 27, 6)
(39, 28, 6)
(39, 29, 6)
(39, 30, 6)
(39, 31, 6)
(39, 32, 6)
(39, 33, 6)
(39, 34, 6)
(39, 35, 6)
(39, 36, 6)
(39, 37, 6)
(39, 38, 6)
(39, 39, 5)


Betti numbers:
xi_0:
(0, 0, 8)
(1, 0, 8)
(2, 0, 12)
(3, 0, 27)
(4, 0, 16)
(5, 0, 13)
(6, 0, 10)
(7, 0, 10)
(15, 0, 1)
(16, 0, 1)
(17, 0, 4)
(18, 0, 5)
(19, 0, 7)
(20, 0, 8)
(21, 0, 5)
(22, 0, 5)
(23, 0, 7)
(24, 0, 26)
(25, 0, 9)
(26, 0, 4)
(27, 0, 7)
(29, 0, 3)
(32, 0, 3)
(34, 0, 2)
(35, 0, 3)
(36, 0, 8)
(37, 0, 8)
(38, 0, 5)
(39, 0, 7)
xi_1:
(0, 1, 2)
(0, 2, 4)
(1, 1, 2)
(1, 2, 4)
(1, 7, 1)
(1, 14, 1)
(1, 34, 1)
(2, 1, 3)
(2, 2, 6)
(2, 3, 1)
(2, 7, 1)
(2, 28, 1)
(2, 33, 1)
(3, 1, 7)
(3, 2, 12)
(3, 3, 1)
(3, 5, 1)
(3, 6, 3)
(3, 12, 1)
(3, 21, 1)
(3, 26, 1)
(4, 1, 2)
(4, 2, 6)
(4, 3, 1)
(4, 5, 4)
(4, 6, 1)
(4, 9, 1)
(4, 15, 1)
(4, 17, 1)
(4, 34, 1)
(4, 38, 1)
(5, 1, 2)
(5, 2, 7)
(5, 5, 2)
(5, 7, 1)
(5, 11, 1)
(5, 14, 1)
(5, 15, 1)
(5, 28, 1)
(5, 33, 1)
(6, 1, 1)
(6, 2, 7)
(6, 4, 1)
(6, 9, 1)
(6, 14, 1)
(6, 21, 1)
(7, 1, 3)
(7, 2, 4)
(7, 4, 1)
(7, 8, 1)
(7, 10, 2)
(7, 13, 1)
(7, 27, 1)
(16, 5, 1)
(17, 4, 2)
(17, 11, 1)
(18, 5, 1)
(18, 6, 3)
(18, 7, 1)
(18, 14, 1)
(19, 1, 2)
(19, 2, 2)
(19, 5, 1)
(19, 7, 1)
(19, 13, 1)
(20, 1, 1)
(20, 2, 3)
(20, 3, 1)
(20, 8, 2)
(21, 1, 2)
(21, 2, 1)
(21, 3, 1)
(21, 7, 1)
(21, 39, 1)
(22, 1, 1)
(22, 2, 1)
(22, 3, 1)
(22, 14, 1)
(23, 1, 1)
(23, 2, 1)
(23, 3, 1)
(23, 5, 1)
(23, 6, 1)
(23, 17, 1)
(23, 21, 1)
(24, 1, 4)
(24, 2, 16)
(24, 3, 2)
(24, 6, 1)
(24, 9, 1)
(24, 10, 1)
(24, 12, 1)
(24, 13, 1)
(24, 27, 1)
(25, 1, 2)
(25, 2, 5)
(25, 4, 1)
(25, 11, 1)
(26, 3, 1)
(26, 4, 1)
(26, 5, 1)
(27, 1, 1)
(27, 2, 1)
(27, 3, 2)
(27, 4, 1)
(27, 7, 1)
(27, 13, 1)
(29, 3, 1)
(29, 4, 1)
(29, 8, 1)
(32, 2, 2)
(32, 22, 1)
(34, 3, 1)
(34, 13, 1)
(35, 2, 1)
(35, 3, 1)
(35, 10, 2)
(36, 1, 2)
(36, 2, 4)
(36, 3, 1)
(36, 15, 1)
(37, 2, 7)
(37, 7, 1)
(37, 13, 1)
(38, 2, 5)
(39, 1, 2)
(39, 2, 5)
xi_2:
(2, 34, 1)
(3, 28, 1)
(3, 33, 1)
(4, 6, 1)
(5, 6, 1)
(5, 17, 1)
(5, 34, 1)
(5, 38, 1)
(6, 11, 1)
(6, 33, 1)
(7, 14, 1)
(7, 15, 1)
(7, 28, 1)
(18, 11, 1)
(21, 8, 1)
(24, 17, 1)
(35, 13, 1)
(37, 15, 1)
