x-grades
-1912255988876648953/400000000000000000
-936915093820491753/200000000000000000
-1835404386405318059/400000000000000000
-449244646292413153/100000000000000000
-351710556786797433/80000000000000000
-860063491349160859/200000000000000000
-1681701181462656271/400000000000000000
-205409422528373853/50000000000000000
-1604849578991325377/400000000000000000
-156642377775565993/40000000000000000
-1527997976519994483/400000000000000000
-372393043821082259/100000000000000000
-1451146374048663589/400000000000000000
-706360286406499071/200000000000000000
-274858954315466539/80000000000000000
-83491810646354203/25000000000000000
-1297443169106001801/400000000000000000
-629508683935168177/200000000000000000
-1220591566634670907/400000000000000000
-59108288269950273/20000000000000000
-1143739964163340013/400000000000000000
-552657081463837283/200000000000000000
-1066888361692009119/400000000000000000
-128557820057042959/50000000000000000
-39601470368827129/16000000000000000
-475805478992506389/200000000000000000
-913185156749347331/400000000000000000
-218689838878420471/100000000000000000
-836333554278016437/400000000000000000
-79790775304235099/40000000000000000
-759481951806685543/400000000000000000
-11266502352672189/6250000000000000
-682630349335354649/400000000000000000
-322102274049844601/200000000000000000
-121155749372804751/80000000000000000
-141838236407089577/100000000000000000
-528927144392692861/400000000000000000
-245250671578513707/200000000000000000
-452075541921361967/400000000000000000
-10341243517142413/10000000000000000

y-grades
4999757/2000000
4999757/1000000
14999271/2000000
4999757/500000
4999757/400000
14999271/1000000
34998299/2000000
4999757/250000
44997813/2000000
4999757/200000
54997327/2000000
14999271/500000
64996841/2000000
34998299/1000000
14999271/400000
4999757/125000
84995869/2000000
44997813/1000000
94995383/2000000
4999757/100000
104994897/2000000
54997327/1000000
114994411/2000000
14999271/250000
4999757/80000
64996841/1000000
134993439/2000000
34998299/500000
144992953/2000000
14999271/200000
154992467/2000000
4999757/62500
164991981/2000000
84995869/1000000
34998299/400000
44997813/500000
184991009/2000000
94995383/1000000
194990523/2000000
4999757/50000

Dimensions > 0:
(0, 0, 9)
(0, 1, 2)
(0, 2, 2)
(0, 3, 2)
(0, 4, 2)
(0, 5, 2)
(0, 6, 2)
(0, 7, 2)
(0, 8, 2)
(0, 9, 2)
(0, 10, 2)
(0, 11, 2)
(0, 12, 2)
(0, 13, 2)
(0, 14, 2)
(0, 15, 2)
(0, 16, 2)
(0, 17, 2)
(0, 18, 2)
(0, 19, 2)
(0, 20, 2)
(0, 21, 2)
(0, 22, 2)
(0, 23, 2)
(0, 24, 2)
(0, 25, 2)
(0, 26, 2)
(0, 27, 2)
(0, 28, 2)
(0, 29, 2)
(0, 30, 2)
(0, 31, 2)
(0, 32, 2)
(0, 33, 2)
(0, 34, 2)
(0, 35, 2)
(0, 36, 2)
(0, 37, 2)
(0, 38, 2)
(0, 39, 2)

(1, 0, 13)
(1, 1, 2)
(1, 2, 2)
(1, 3, 2)
(1, 4, 2)
(1, 5, 2)
(1, 6, 2)
(1, 7, 2)
(1, 8, 2)
(1, 9, 2)
(1, 10, 2)
(1, 11, 2)
(1, 12, 2)
(1, 13, 2)
(1, 14, 2)
(1, 15, 2)
(1, 16, 2)
(1, 17, 2)
(1, 18, 2)
(1, 19, 2)
(1, 20, 2)
(1, 21, 2)
(1, 22, 2)
(1, 23, 2)
(1, 24, 2)
(1, 25, 2)
(1, 26, 2)
(1, 27, 2)
(1, 28, 2)
(1, 29, 2)
(1, 30, 2)
(1, 31, 2)
(1, 32, 2)
(1, 33, 2)
(1, 34, 2)
(1, 35, 2)
(1, 36, 2)
(1, 37, 2)
(1, 38, 2)
(1, 39, 2)

(2, 0, 29)
(2, 1, 4)
(2, 2, 4)
(2, 3, 4)
(2, 4, 4)
(2, 5, 4)
(2, 6, 4)
(2, 7, 4)
(2, 8, 4)
(2, 9, 3)
(2, 10, 3)
(2, 11, 3)
(2, 12, 3)
(2, 13, 3)
(2, 14, 3)
(2, 15, 3)
(2, 16, 3)
(2, 17, 3)
(2, 18, 3)
(2, 19, 3)
(2, 20, 3)
(2, 21, 3)
(2, 22, 3)
(2, 23, 3)
(2, 24, 3)
(2, 25, 3)
(2, 26, 3)
(2, 27, 3)
(2, 28, 3)
(2, 29, 3)
(2, 30, 3)
(2, 31, 3)
(2, 32, 3)
(2, 33, 3)
(2, 34, 3)
(2, 35, 3)
(2, 36, 3)
(2, 37, 3)
(2, 38, 3)
(2, 39, 3)

(3, 0, 43)
(3, 1, 6)
(3, 2, 6)
(3, 3, 5)
(3, 4, 5)
(3, 5, 5)
(3, 6, 5)
(3, 7, 4)
(3, 8, 4)
(3, 9, 4)
(3, 10, 4)
(3, 11, 4)
(3, 12, 4)
(3, 13, 4)
(3, 14, 4)
(3, 15, 4)
(3, 16, 4)
(3, 17, 4)
(3, 18, 4)
(3, 19, 4)
(3, 20, 4)
(3, 21, 4)
(3, 22, 4)
(3, 23, 4)
(3, 24, 4)
(3, 25, 4)
(3, 26, 4)
(3, 27, 4)
(3, 28, 4)
(3, 29, 4)
(3, 30, 4)
(3, 31, 4)
(3, 32, 4)
(3, 33, 4)
(3, 34, 4)
(3, 35, 4)
(3, 36, 4)
(3, 37, 4)
(3, 38, 4)
(3, 39, 4)

(4, 0, 58)
(4, 1, 9)
(4, 2, 8)
(4, 3, 7)
(4, 4, 6)
(4, 5, 6)
(4, 6, 6)
(4, 7, 6)
(4, 8, 6)
(4, 9, 6)
(4, 10, 5)
(4, 11, 5)
(4, 12, 5)
(4, 13, 5)
(4, 14, 5)
(4, 15, 5)
(4, 16, 5)
(4, 17, 5)
(4, 18, 5)
(4, 19, 4)
(4, 20, 4)
(4, 21, 4)
(4, 22, 4)
(4, 23, 4)
(4, 24, 4)
(4, 25, 4)
(4, 26, 4)
(4, 27, 4)
(4, 28, 4)
(4, 29, 4)
(4, 30, 4)
(4, 31, 4)
(4, 32, 4)
(4, 33, 4)
(4, 34, 4)
(4, 35, 4)
(4, 36, 4)
(4, 37, 4)
(4, 38, 4)
(4, 39, 4)

(5, 0, 72)
(5, 1, 13)
(5, 2, 12)
(5, 3, 9)
(5, 4, 8)
(5, 5, 8)
(5, 6, 8)
(5, 7, 8)
(5, 8, 7)
(5, 9, 7)
(5, 10, 7)
(5, 11, 7)
(5, 12, 7)
(5, 13, 7)
(5, 14, 7)
(5, 15, 7)
(5, 16, 7)
(5, 17, 7)
(5, 18, 6)
(5, 19, 5)
(5, 20, 5)
(5, 21, 5)
(5, 22, 5)
(5, 23, 5)
(5, 24, 5)
(5, 25, 5)
(5, 26, 5)
(5, 27, 5)
(5, 28, 5)
(5, 29, 5)
(5, 30, 5)
(5, 31, 5)
(5, 32, 5)
(5, 33, 5)
(5, 34, 4)
(5, 35, 4)
(5, 36, 4)
(5, 37, 4)
(5, 38, 4)
(5, 39, 4)

(6, 0, 82)
(6, 1, 14)
(6, 2, 12)
(6, 3, 9)
(6, 4, 8)
(6, 5, 8)
(6, 6, 8)
(6, 7, 7)
(6, 8, 7)
(6, 9, 7)
(6, 10, 7)
(6, 11, 7)
(6, 12, 7)
(6, 13, 7)
(6, 14, 7)
(6, 15, 7)
(6, 16, 7)
(6, 17, 7)
(6, 18, 6)
(6, 19, 5)
(6, 20, 5)
(6, 21, 5)
(6, 22, 5)
(6, 23, 5)
(6, 24, 5)
(6, 25, 5)
(6, 26, 5)
(6, 27, 5)
(6, 28, 5)
(6, 29, 5)
(6, 30, 5)
(6, 31, 5)
(6, 32, 5)
(6, 33, 4)
(6, 34, 4)
(6, 35, 4)
(6, 36, 4)
(6, 37, 4)
(6, 38, 4)
(6, 39, 4)

(7, 0, 89)
(7, 1, 17)
(7, 2, 16)
(7, 3, 10)
(7, 4, 9)
(7, 5, 9)
(7, 6, 9)
(7, 7, 8)
(7, 8, 8)
(7, 9, 8)
(7, 10, 8)
(7, 11, 8)
(7, 12, 8)
(7, 13, 8)
(7, 14, 8)
(7, 15, 8)
(7, 16, 8)
(7, 17, 8)
(7, 18, 7)
(7, 19, 6)
(7, 20, 6)
(7, 21, 6)
(7, 22, 6)
(7, 23, 6)
(7, 24, 6)
(7, 25, 6)
(7, 26, 6)
(7, 27, 6)
(7, 28, 6)
(7, 29, 6)
(7, 30, 6)
(7, 31, 6)
(7, 32, 5)
(7, 33, 5)
(7, 34, 4)
(7, 35, 4)
(7, 36, 4)
(7, 37, 4)
(7, 38, 4)
(7, 39, 4)

(8, 0, 97)
(8, 1, 20)
(8, 2, 19)
(8, 3, 12)
(8, 4, 10)
(8, 5, 10)
(8, 6, 9)
(8, 7, 9)
(8, 8, 9)
(8, 9, 9)
(8, 10, 9)
(8, 11, 9)
(8, 12, 9)
(8, 13, 9)
(8, 14, 9)
(8, 15, 9)
(8, 16, 9)
(8, 17, 9)
(8, 18, 8)
(8, 19, 7)
(8, 20, 7)
(8, 21, 7)
(8, 22, 7)
(8, 23, 7)
(8, 24, 7)
(8, 25, 7)
(8, 26, 7)
(8, 27, 7)
(8, 28, 6)
(8, 29, 6)
(8, 30, 6)
(8, 31, 6)
(8, 32, 6)
(8, 33, 5)
(8, 34, 4)
(8, 35, 4)
(8, 36, 4)
(8, 37, 4)
(8, 38, 4)
(8, 39, 4)

(9, 0, 103)
(9, 1, 23)
(9, 2, 22)
(9, 3, 13)
(9, 4, 10)
(9, 5, 10)
(9, 6, 9)
(9, 7, 9)
(9, 8, 9)
(9, 9, 9)
(9, 10, 9)
(9, 11, 9)
(9, 12, 9)
(9, 13, 9)
(9, 14, 9)
(9, 15, 9)
(9, 16, 9)
(9, 17, 9)
(9, 18, 8)
(9, 19, 7)
(9, 20, 7)
(9, 21, 7)
(9, 22, 7)
(9, 23, 6)
(9, 24, 6)
(9, 25, 6)
(9, 26, 6)
(9, 27, 6)
(9, 28, 6)
(9, 29, 6)
(9, 30, 6)
(9, 31, 6)
(9, 32, 5)
(9, 33, 4)
(9, 34, 4)
(9, 35, 4)
(9, 36, 4)
(9, 37, 4)
(9, 38, 4)
(9, 39, 4)

(10, 0, 113)
(10, 1, 28)
(10, 2, 27)
(10, 3, 15)
(10, 4, 11)
(10, 5, 11)
(10, 6, 10)
(10, 7, 10)
(10, 8, 10)
(10, 9, 10)
(10, 10, 10)
(10, 11, 10)
(10, 12, 10)
(10, 13, 10)
(10, 14, 10)
(10, 15, 10)
(10, 16, 10)
(10, 17, 10)
(10, 18, 9)
(10, 19, 8)
(10, 20, 8)
(10, 21, 8)
(10, 22, 8)
(10, 23, 7)
(10, 24, 7)
(10, 25, 7)
(10, 26, 7)
(10, 27, 7)
(10, 28, 6)
(10, 29, 6)
(10, 30, 6)
(10, 31, 6)
(10, 32, 5)
(10, 33, 5)
(10, 34, 4)
(10, 35, 4)
(10, 36, 4)
(10, 37, 4)
(10, 38, 4)
(10, 39, 4)

(11, 0, 120)
(11, 1, 32)
(11, 2, 31)
(11, 3, 16)
(11, 4, 11)
(11, 5, 11)
(11, 6, 10)
(11, 7, 10)
(11, 8, 10)
(11, 9, 10)
(11, 10, 10)
(11, 11, 10)
(11, 12, 10)
(11, 13, 10)
(11, 14, 10)
(11, 15, 10)
(11, 16, 10)
(11, 17, 10)
(11, 18, 9)
(11, 19, 8)
(11, 20, 8)
(11, 21, 8)
(11, 22, 8)
(11, 23, 7)
(11, 24, 7)
(11, 25, 7)
(11, 26, 7)
(11, 27, 7)
(11, 28, 6)
(11, 29, 5)
(11, 30, 5)
(11, 31, 5)
(11, 32, 5)
(11, 33, 4)
(11, 34, 4)
(11, 35, 4)
(11, 36, 4)
(11, 37, 4)
(11, 38, 4)
(11, 39, 4)

(12, 0, 131)
(12, 1, 38)
(12, 2, 36)
(12, 3, 20)
(12, 4, 14)
(12, 5, 14)
(12, 6, 12)
(12, 7, 11)
(12, 8, 11)
(12, 9, 11)
(12, 10, 11)
(12, 11, 11)
(12, 12, 11)
(12, 13, 11)
(12, 14, 11)
(12, 15, 11)
(12, 16, 11)
(12, 17, 11)
(12, 18, 10)
(12, 19, 8)
(12, 20, 8)
(12, 21, 8)
(12, 22, 8)
(12, 23, 7)
(12, 24, 7)
(12, 25, 7)
(12, 26, 5)
(12, 27, 5)
(12, 28, 4)
(12, 29, 4)
(12, 30, 4)
(12, 31, 4)
(12, 32, 3)
(12, 33, 3)
(12, 34, 3)
(12, 35, 3)
(12, 36, 3)
(12, 37, 3)
(12, 38, 3)
(12, 39, 3)

(13, 0, 138)
(13, 1, 41)
(13, 2, 38)
(13, 3, 21)
(13, 4, 14)
(13, 5, 14)
(13, 6, 12)
(13, 7, 11)
(13, 8, 11)
(13, 9, 11)
(13, 10, 11)
(13, 11, 11)
(13, 12, 10)
(13, 13, 10)
(13, 14, 10)
(13, 15, 10)
(13, 16, 10)
(13, 17, 10)
(13, 18, 9)
(13, 19, 8)
(13, 20, 8)
(13, 21, 8)
(13, 22, 8)
(13, 23, 7)
(13, 24, 7)
(13, 25, 7)
(13, 26, 5)
(13, 27, 5)
(13, 28, 4)
(13, 29, 3)
(13, 30, 3)
(13, 31, 3)
(13, 32, 3)
(13, 33, 3)
(13, 34, 3)
(13, 35, 3)
(13, 36, 3)
(13, 37, 3)
(13, 38, 3)
(13, 39, 3)

(14, 0, 144)
(14, 1, 46)
(14, 2, 43)
(14, 3, 23)
(14, 4, 16)
(14, 5, 15)
(14, 6, 13)
(14, 7, 11)
(14, 8, 11)
(14, 9, 11)
(14, 10, 11)
(14, 11, 11)
(14, 12, 10)
(14, 13, 10)
(14, 14, 10)
(14, 15, 10)
(14, 16, 10)
(14, 17, 10)
(14, 18, 9)
(14, 19, 7)
(14, 20, 7)
(14, 21, 7)
(14, 22, 7)
(14, 23, 6)
(14, 24, 6)
(14, 25, 6)
(14, 26, 4)
(14, 27, 4)
(14, 28, 3)
(14, 29, 3)
(14, 30, 3)
(14, 31, 3)
(14, 32, 3)
(14, 33, 3)
(14, 34, 3)
(14, 35, 3)
(14, 36, 3)
(14, 37, 3)
(14, 38, 3)
(14, 39, 3)

(15, 0, 149)
(15, 1, 48)
(15, 2, 44)
(15, 3, 23)
(15, 4, 15)
(15, 5, 15)
(15, 6, 13)
(15, 7, 11)
(15, 8, 11)
(15, 9, 11)
(15, 10, 11)
(15, 11, 11)
(15, 12, 9)
(15, 13, 9)
(15, 14, 9)
(15, 15, 9)
(15, 16, 9)
(15, 17, 9)
(15, 18, 8)
(15, 19, 7)
(15, 20, 7)
(15, 21, 7)
(15, 22, 7)
(15, 23, 6)
(15, 24, 6)
(15, 25, 6)
(15, 26, 4)
(15, 27, 4)
(15, 28, 3)
(15, 29, 3)
(15, 30, 3)
(15, 31, 3)
(15, 32, 3)
(15, 33, 3)
(15, 34, 3)
(15, 35, 3)
(15, 36, 3)
(15, 37, 3)
(15, 38, 3)
(15, 39, 3)

(16, 0, 151)
(16, 1, 50)
(16, 2, 46)
(16, 3, 24)
(16, 4, 16)
(16, 5, 16)
(16, 6, 14)
(16, 7, 11)
(16, 8, 11)
(16, 9, 11)
(16, 10, 11)
(16, 11, 11)
(16, 12, 9)
(16, 13, 9)
(16, 14, 9)
(16, 15, 9)
(16, 16, 9)
(16, 17, 9)
(16, 18, 8)
(16, 19, 6)
(16, 20, 6)
(16, 21, 6)
(16, 22, 6)
(16, 23, 6)
(16, 24, 6)
(16, 25, 6)
(16, 26, 4)
(16, 27, 4)
(16, 28, 3)
(16, 29, 3)
(16, 30, 3)
(16, 31, 3)
(16, 32, 3)
(16, 33, 3)
(16, 34, 3)
(16, 35, 3)
(16, 36, 3)
(16, 37, 3)
(16, 38, 3)
(16, 39, 3)

(17, 0, 152)
(17, 1, 51)
(17, 2, 47)
(17, 3, 24)
(17, 4, 16)
(17, 5, 16)
(17, 6, 14)
(17, 7, 11)
(17, 8, 11)
(17, 9, 11)
(17, 10, 11)
(17, 11, 11)
(17, 12, 9)
(17, 13, 9)
(17, 14, 9)
(17, 15, 9)
(17, 16, 9)
(17, 17, 9)
(17, 18, 8)
(17, 19, 6)
(17, 20, 6)
(17, 21, 6)
(17, 22, 6)
(17, 23, 6)
(17, 24, 6)
(17, 25, 6)
(17, 26, 4)
(17, 27, 4)
(17, 28, 3)
(17, 29, 3)
(17, 30, 3)
(17, 31, 3)
(17, 32, 3)
(17, 33, 3)
(17, 34, 3)
(17, 35, 3)
(17, 36, 3)
(17, 37, 3)
(17, 38, 3)
(17, 39, 3)

(18, 0, 158)
(18, 1, 56)
(18, 2, 50)
(18, 3, 26)
(18, 4, 18)
(18, 5, 18)
(18, 6, 15)
(18, 7, 11)
(18, 8, 11)
(18, 9, 11)
(18, 10, 11)
(18, 11, 11)
(18, 12, 9)
(18, 13, 9)
(18, 14, 8)
(18, 15, 8)
(18, 16, 8)
(18, 17, 8)
(18, 18, 7)
(18, 19, 6)
(18, 20, 6)
(18, 21, 6)
(18, 22, 6)
(18, 23, 5)
(18, 24, 5)
(18, 25, 5)
(18, 26, 3)
(18, 27, 3)
(18, 28, 3)
(18, 29, 3)
(18, 30, 3)
(18, 31, 3)
(18, 32, 3)
(18, 33, 3)
(18, 34, 3)
(18, 35, 3)
(18, 36, 3)
(18, 37, 3)
(18, 38, 3)
(18, 39, 3)

(19, 0, 161)
(19, 1, 58)
(19, 2, 51)
(19, 3, 26)
(19, 4, 18)
(19, 5, 18)
(19, 6, 15)
(19, 7, 11)
(19, 8, 11)
(19, 9, 11)
(19, 10, 11)
(19, 11, 11)
(19, 12, 9)
(19, 13, 9)
(19, 14, 8)
(19, 15, 8)
(19, 16, 8)
(19, 17, 8)
(19, 18, 7)
(19, 19, 6)
(19, 20, 6)
(19, 21, 6)
(19, 22, 6)
(19, 23, 5)
(19, 24, 5)
(19, 25, 5)
(19, 26, 3)
(19, 27, 3)
(19, 28, 3)
(19, 29, 3)
(19, 30, 3)
(19, 31, 3)
(19, 32, 3)
(19, 33, 3)
(19, 34, 3)
(19, 35, 3)
(19, 36, 2)
(19, 37, 2)
(19, 38, 2)
(19, 39, 2)

(20, 0, 168)
(20, 1, 61)
(20, 2, 52)
(20, 3, 27)
(20, 4, 19)
(20, 5, 17)
(20, 6, 15)
(20, 7, 11)
(20, 8, 11)
(20, 9, 11)
(20, 10, 11)
(20, 11, 11)
(20, 12, 9)
(20, 13, 9)
(20, 14, 7)
(20, 15, 7)
(20, 16, 7)
(20, 17, 7)
(20, 18, 6)
(20, 19, 5)
(20, 20, 5)
(20, 21, 5)
(20, 22, 5)
(20, 23, 5)
(20, 24, 5)
(20, 25, 5)
(20, 26, 3)
(20, 27, 3)
(20, 28, 3)
(20, 29, 3)
(20, 30, 3)
(20, 31, 3)
(20, 32, 3)
(20, 33, 3)
(20, 34, 3)
(20, 35, 2)
(20, 36, 2)
(20, 37, 2)
(20, 38, 2)
(20, 39, 2)

(21, 0, 170)
(21, 1, 62)
(21, 2, 52)
(21, 3, 27)
(21, 4, 18)
(21, 5, 17)
(21, 6, 15)
(21, 7, 11)
(21, 8, 11)
(21, 9, 11)
(21, 10, 11)
(21, 11, 11)
(21, 12, 9)
(21, 13, 9)
(21, 14, 7)
(21, 15, 7)
(21, 16, 7)
(21, 17, 7)
(21, 18, 6)
(21, 19, 5)
(21, 20, 5)
(21, 21, 5)
(21, 22, 5)
(21, 23, 5)
(21, 24, 5)
(21, 25, 5)
(21, 26, 3)
(21, 27, 3)
(21, 28, 3)
(21, 29, 3)
(21, 30, 3)
(21, 31, 3)
(21, 32, 3)
(21, 33, 3)
(21, 34, 3)
(21, 35, 2)
(21, 36, 2)
(21, 37, 1)
(21, 38, 1)
(21, 39, 1)

(22, 0, 173)
(22, 1, 62)
(22, 2, 52)
(22, 3, 27)
(22, 4, 18)
(22, 5, 17)
(22, 6, 15)
(22, 7, 11)
(22, 8, 11)
(22, 9, 11)
(22, 10, 11)
(22, 11, 11)
(22, 12, 9)
(22, 13, 9)
(22, 14, 7)
(22, 15, 7)
(22, 16, 7)
(22, 17, 7)
(22, 18, 6)
(22, 19, 5)
(22, 20, 5)
(22, 21, 5)
(22, 22, 5)
(22, 23, 5)
(22, 24, 5)
(22, 25, 5)
(22, 26, 3)
(22, 27, 3)
(22, 28, 3)
(22, 29, 3)
(22, 30, 3)
(22, 31, 3)
(22, 32, 3)
(22, 33, 3)
(22, 34, 3)
(22, 35, 1)
(22, 36, 1)
(22, 37, 1)
(22, 38, 1)
(22, 39, 1)

(23, 0, 173)
(23, 1, 62)
(23, 2, 52)
(23, 3, 27)
(23, 4, 18)
(23, 5, 17)
(23, 6, 15)
(23, 7, 11)
(23, 8, 11)
(23, 9, 11)
(23, 10, 11)
(23, 11, 11)
(23, 12, 9)
(23, 13, 9)
(23, 14, 7)
(23, 15, 7)
(23, 16, 7)
(23, 17, 7)
(23, 18, 6)
(23, 19, 5)
(23, 20, 5)
(23, 21, 5)
(23, 22, 5)
(23, 23, 5)
(23, 24, 5)
(23, 25, 5)
(23, 26, 3)
(23, 27, 3)
(23, 28, 3)
(23, 29, 3)
(23, 30, 3)
(23, 31, 3)
(23, 32, 3)
(23, 33, 3)
(23, 34, 3)
(23, 35, 1)
(23, 36, 1)
(23, 37, 1)
(23, 38, 1)
(23, 39, 1)

(24, 0, 173)
(24, 1, 62)
(24, 2, 52)
(24, 3, 27)
(24, 4, 18)
(24, 5, 17)
(24, 6, 15)
(24, 7, 11)
(24, 8, 11)
(24, 9, 11)
(24, 10, 11)
(24, 11, 11)
(24, 12, 9)
(24, 13, 9)
(24, 14, 7)
(24, 15, 7)
(24, 16, 7)
(24, 17, 7)
(24, 18, 6)
(24, 19, 5)
(24, 20, 5)
(24, 21, 5)
(24, 22, 5)
(24, 23, 5)
(24, 24, 5)
(24, 25, 5)
(24, 26, 3)
(24, 27, 3)
(24, 28, 3)
(24, 29, 3)
(24, 30, 3)
(24, 31, 3)
(24, 32, 3)
(24, 33, 3)
(24, 34, 3)
(24, 35, 1)
(24, 36, 1)
(24, 37, 1)
(24, 38, 1)
(24, 39, 1)

(25, 0, 173)
(25, 1, 62)
(25, 2, 52)
(25, 3, 27)
(25, 4, 18)
(25, 5, 17)
(25, 6, 15)
(25, 7, 11)
(25, 8, 11)
(25, 9, 11)
(25, 10, 11)
(25, 11, 11)
(25, 12, 9)
(25, 13, 9)
(25, 14, 7)
(25, 15, 7)
(25, 16, 7)
(25, 17, 7)
(25, 18, 6)
(25, 19, 5)
(25, 20, 5)
(25, 21, 5)
(25, 22, 5)
(25, 23, 5)
(25, 24, 5)
(25, 25, 5)
(25, 26, 3)
(25, 27, 3)
(25, 28, 3)
(25, 29, 3)
(25, 30, 3)
(25, 31, 3)
(25, 32, 3)
(25, 33, 3)
(25, 34, 3)
(25, 35, 1)
(25, 36, 1)
(25, 37, 1)
(25, 38, 1)
(25, 39, 1)

(26, 0, 174)
(26, 1, 63)
(26, 2, 53)
(26, 3, 28)
(26, 4, 19)
(26, 5, 18)
(26, 6, 16)
(26, 7, 12)
(26, 8, 12)
(26, 9, 12)
(26, 10, 12)
(26, 11, 12)
(26, 12, 10)
(26, 13, 10)
(26, 14, 8)
(26, 15, 8)
(26, 16, 8)
(26, 17, 8)
(26, 18, 7)
(26, 19, 6)
(26, 20, 6)
(26, 21, 6)
(26, 22, 6)
(26, 23, 6)
(26, 24, 6)
(26, 25, 6)
(26, 26, 4)
(26, 27, 3)
(26, 28, 3)
(26, 29, 3)
(26, 30, 3)
(26, 31, 3)
(26, 32, 2)
(26, 33, 2)
(26, 34, 2)
(26, 35, 1)
(26, 36, 1)
(26, 37, 1)
(26, 38, 1)
(26, 39, 1)

(27, 0, 178)
(27, 1, 64)
(27, 2, 53)
(27, 3, 28)
(27, 4, 19)
(27, 5, 18)
(27, 6, 16)
(27, 7, 12)
(27, 8, 12)
(27, 9, 12)
(27, 10, 12)
(27, 11, 12)
(27, 12, 10)
(27, 13, 10)
(27, 14, 8)
(27, 15, 8)
(27, 16, 8)
(27, 17, 8)
(27, 18, 7)
(27, 19, 6)
(27, 20, 6)
(27, 21, 6)
(27, 22, 6)
(27, 23, 6)
(27, 24, 6)
(27, 25, 6)
(27, 26, 4)
(27, 27, 2)
(27, 28, 2)
(27, 29, 2)
(27, 30, 2)
(27, 31, 2)
(27, 32, 2)
(27, 33, 2)
(27, 34, 2)
(27, 35, 1)
(27, 36, 1)
(27, 37, 1)
(27, 38, 1)
(27, 39, 1)

(28, 0, 178)
(28, 1, 63)
(28, 2, 53)
(28, 3, 28)
(28, 4, 19)
(28, 5, 18)
(28, 6, 16)
(28, 7, 12)
(28, 8, 12)
(28, 9, 12)
(28, 10, 12)
(28, 11, 12)
(28, 12, 10)
(28, 13, 10)
(28, 14, 8)
(28, 15, 8)
(28, 16, 8)
(28, 17, 8)
(28, 18, 7)
(28, 19, 6)
(28, 20, 6)
(28, 21, 6)
(28, 22, 6)
(28, 23, 6)
(28, 24, 6)
(28, 25, 6)
(28, 26, 4)
(28, 27, 2)
(28, 28, 2)
(28, 29, 2)
(28, 30, 2)
(28, 31, 2)
(28, 32, 2)
(28, 33, 2)
(28, 34, 2)
(28, 35, 1)
(28, 36, 1)
(28, 37, 1)
(28, 38, 1)
(28, 39, 1)

(29, 0, 177)
(29, 1, 63)
(29, 2, 53)
(29, 3, 28)
(29, 4, 19)
(29, 5, 18)
(29, 6, 16)
(29, 7, 12)
(29, 8, 12)
(29, 9, 12)
(29, 10, 12)
(29, 11, 12)
(29, 12, 10)
(29, 13, 10)
(29, 14, 8)
(29, 15, 8)
(29, 16, 8)
(29, 17, 8)
(29, 18, 7)
(29, 19, 6)
(29, 20, 6)
(29, 21, 6)
(29, 22, 6)
(29, 23, 6)
(29, 24, 6)
(29, 25, 6)
(29, 26, 4)
(29, 27, 2)
(29, 28, 2)
(29, 29, 2)
(29, 30, 2)
(29, 31, 2)
(29, 32, 2)
(29, 33, 2)
(29, 34, 2)
(29, 35, 1)
(29, 36, 1)
(29, 37, 1)
(29, 38, 1)
(29, 39, 1)

(30, 0, 177)
(30, 1, 63)
(30, 2, 53)
(30, 3, 28)
(30, 4, 19)
(30, 5, 18)
(30, 6, 16)
(30, 7, 12)
(30, 8, 12)
(30, 9, 12)
(30, 10, 12)
(30, 11, 12)
(30, 12, 10)
(30, 13, 10)
(30, 14, 8)
(30, 15, 8)
(30, 16, 8)
(30, 17, 8)
(30, 18, 7)
(30, 19, 6)
(30, 20, 6)
(30, 21, 6)
(30, 22, 6)
(30, 23, 6)
(30, 24, 6)
(30, 25, 6)
(30, 26, 4)
(30, 27, 2)
(30, 28, 2)
(30, 29, 2)
(30, 30, 2)
(30, 31, 2)
(30, 32, 2)
(30, 33, 2)
(30, 34, 2)
(30, 35, 1)
(30, 36, 1)
(30, 37, 1)
(30, 38, 1)
(30, 39, 1)

(31, 0, 177)
(31, 1, 63)
(31, 2, 53)
(31, 3, 28)
(31, 4, 19)
(31, 5, 18)
(31, 6, 16)
(31, 7, 12)
(31, 8, 12)
(31, 9, 12)
(31, 10, 12)
(31, 11, 12)
(31, 12, 10)
(31, 13, 10)
(31, 14, 8)
(31, 15, 8)
(31, 16, 8)
(31, 17, 8)
(31, 18, 7)
(31, 19, 6)
(31, 20, 6)
(31, 21, 6)
(31, 22, 6)
(31, 23, 6)
(31, 24, 6)
(31, 25, 6)
(31, 26, 4)
(31, 27, 2)
(31, 28, 2)
(31, 29, 2)
(31, 30, 2)
(31, 31, 2)
(31, 32, 2)
(31, 33, 2)
(31, 34, 2)
(31, 35, 1)
(31, 36, 1)
(31, 37, 1)
(31, 38, 1)
(31, 39, 1)

(32, 0, 177)
(32, 1, 63)
(32, 2, 53)
(32, 3, 28)
(32, 4, 19)
(32, 5, 18)
(32, 6, 16)
(32, 7, 12)
(32, 8, 12)
(32, 9, 12)
(32, 10, 12)
(32, 11, 12)
(32, 12, 10)
(32, 13, 10)
(32, 14, 8)
(32, 15, 8)
(32, 16, 8)
(32, 17, 8)
(32, 18, 7)
(32, 19, 6)
(32, 20, 6)
(32, 21, 6)
(32, 22, 6)
(32, 23, 6)
(32, 24, 6)
(32, 25, 6)
(32, 26, 4)
(32, 27, 2)
(32, 28, 2)
(32, 29, 2)
(32, 30, 2)
(32, 31, 2)
(32, 32, 2)
(32, 33, 2)
(32, 34, 2)
(32, 35, 1)
(32, 36, 1)
(32, 37, 1)
(32, 38, 1)
(32, 39, 1)

(33, 0, 177)
(33, 1, 63)
(33, 2, 53)
(33, 3, 28)
(33, 4, 19)
(33, 5, 18)
(33, 6, 16)
(33, 7, 12)
(33, 8, 12)
(33, 9, 12)
(33, 10, 12)
(33, 11, 12)
(33, 12, 10)
(33, 13, 10)
(33, 14, 8)
(33, 15, 8)
(33, 16, 8)
(33, 17, 8)
(33, 18, 7)
(33, 19, 6)
(33, 20, 6)
(33, 21, 6)
(33, 22, 6)
(33, 23, 6)
(33, 24, 6)
(33, 25, 6)
(33, 26, 4)
(33, 27, 2)
(33, 28, 2)
(33, 29, 2)
(33, 30, 2)
(33, 31, 2)
(33, 32, 2)
(33, 33, 2)
(33, 34, 2)
(33, 35, 1)
(33, 36, 1)
(33, 37, 1)
(33, 38, 1)
(33, 39, 1)

(34, 0, 177)
(34, 1, 63)
(34, 2, 53)
(34, 3, 28)
(34, 4, 19)
(34, 5, 18)
(34, 6, 16)
(34, 7, 12)
(34, 8, 12)
(34, 9, 12)
(34, 10, 12)
(34, 11, 12)
(34, 12, 10)
(34, 13, 10)
(34, 14, 8)
(34, 15, 8)
(34, 16, 8)
(34, 17, 8)
(34, 18, 7)
(34, 19, 6)
(34, 20, 6)
(34, 21, 6)
(34, 22, 6)
(34, 23, 6)
(34, 24, 6)
(34, 25, 6)
(34, 26, 4)
(34, 27, 2)
(34, 28, 2)
(34, 29, 2)
(34, 30, 2)
(34, 31, 2)
(34, 32, 2)
(34, 33, 2)
(34, 34, 2)
(34, 35, 1)
(34, 36, 1)
(34, 37, 1)
(34, 38, 1)
(34, 39, 1)

(35, 0, 178)
(35, 1, 64)
(35, 2, 54)
(35, 3, 29)
(35, 4, 20)
(35, 5, 19)
(35, 6, 17)
(35, 7, 13)
(35, 8, 13)
(35, 9, 13)
(35, 10, 13)
(35, 11, 13)
(35, 12, 11)
(35, 13, 11)
(35, 14, 9)
(35, 15, 9)
(35, 16, 9)
(35, 17, 9)
(35, 18, 8)
(35, 19, 7)
(35, 20, 7)
(35, 21, 7)
(35, 22, 7)
(35, 23, 7)
(35, 24, 7)
(35, 25, 7)
(35, 26, 5)
(35, 27, 2)
(35, 28, 2)
(35, 29, 2)
(35, 30, 2)
(35, 31, 2)
(35, 32, 2)
(35, 33, 2)
(35, 34, 2)
(35, 35, 1)
(35, 36, 1)
(35, 37, 1)
(35, 38, 1)
(35, 39, 1)

(36, 0, 184)
(36, 1, 66)
(36, 2, 55)
(36, 3, 29)
(36, 4, 20)
(36, 5, 19)
(36, 6, 17)
(36, 7, 13)
(36, 8, 13)
(36, 9, 13)
(36, 10, 13)
(36, 11, 13)
(36, 12, 11)
(36, 13, 11)
(36, 14, 9)
(36, 15, 9)
(36, 16, 9)
(36, 17, 9)
(36, 18, 8)
(36, 19, 7)
(36, 20, 7)
(36, 21, 7)
(36, 22, 7)
(36, 23, 7)
(36, 24, 7)
(36, 25, 7)
(36, 26, 5)
(36, 27, 2)
(36, 28, 2)
(36, 29, 2)
(36, 30, 2)
(36, 31, 2)
(36, 32, 2)
(36, 33, 2)
(36, 34, 2)
(36, 35, 1)
(36, 36, 1)
(36, 37, 1)
(36, 38, 1)
(36, 39, 1)

(37, 0, 186)
(37, 1, 65)
(37, 2, 54)
(37, 3, 29)
(37, 4, 20)
(37, 5, 19)
(37, 6, 17)
(37, 7, 13)
(37, 8, 13)
(37, 9, 13)
(37, 10, 13)
(37, 11, 13)
(37, 12, 11)
(37, 13, 11)
(37, 14, 9)
(37, 15, 9)
(37, 16, 9)
(37, 17, 9)
(37, 18, 8)
(37, 19, 7)
(37, 20, 7)
(37, 21, 7)
(37, 22, 7)
(37, 23, 7)
(37, 24, 7)
(37, 25, 7)
(37, 26, 5)
(37, 27, 2)
(37, 28, 2)
(37, 29, 2)
(37, 30, 2)
(37, 31, 2)
(37, 32, 2)
(37, 33, 2)
(37, 34, 2)
(37, 35, 1)
(37, 36, 1)
(37, 37, 1)
(37, 38, 1)
(37, 39, 1)

(38, 0, 188)
(38, 1, 66)
(38, 2, 54)
(38, 3, 29)
(38, 4, 20)
(38, 5, 19)
(38, 6, 17)
(38, 7, 13)
(38, 8, 13)
(38, 9, 13)
(38, 10, 13)
(38, 11, 13)
(38, 12, 11)
(38, 13, 11)
(38, 14, 9)
(38, 15, 9)
(38, 16, 9)
(38, 17, 9)
(38, 18, 8)
(38, 19, 7)
(38, 20, 7)
(38, 21, 7)
(38, 22, 7)
(38, 23, 7)
(38, 24, 7)
(38, 25, 7)
(38, 26, 5)
(38, 27, 2)
(38, 28, 2)
(38, 29, 2)
(38, 30, 2)
(38, 31, 2)
(38, 32, 2)
(38, 33, 2)
(38, 34, 2)
(38, 35, 1)
(38, 36, 1)
(38, 37, 1)
(38, 38, 1)
(38, 39, 1)

(39, 0, 189)
(39, 1, 66)
(39, 2, 54)
(39, 3, 29)
(39, 4, 20)
(39, 5, 19)
(39, 6, 17)
(39, 7, 13)
(39, 8, 13)
(39, 9, 13)
(39, 10, 13)
(39, 11, 13)
(39, 12, 11)
(39, 13, 11)
(39, 14, 9)
(39, 15, 9)
(39, 16, 9)
(39, 17, 9)
(39, 18, 8)
(39, 19, 7)
(39, 20, 7)
(39, 21, 7)
(39, 22, 7)
(39, 23, 7)
(39, 24, 7)
(39, 25, 7)
(39, 26, 5)
(39, 27, 2)
(39, 28, 2)
(39, 29, 2)
(39, 30, 2)
(39, 31, 2)
(39, 32, 2)
(39, 33, 2)
(39, 34, 2)
(39, 35, 1)
(39, 36, 1)
(39, 37, 1)
(39, 38, 1)
(39, 39, 1)


Betti numbers:
xi_0:
(0, 0, 9)
(1, 0, 4)
(2, 0, 16)
(3, 0, 14)
(4, 0, 15)
(5, 0, 14)
(6, 0, 10)
(7, 0, 7)
(8, 0, 9)
(9, 0, 6)
(10, 0, 10)
(11, 0, 7)
(12, 0, 11)
(13, 0, 9)
(14, 0, 7)
(15, 0, 5)
(16, 0, 3)
(17, 0, 1)
(18, 0, 6)
(19, 0, 3)
(20, 0, 7)
(21, 0, 2)
(22, 0, 3)
(26, 0, 1)
(27, 0, 4)
(35, 0, 1)
(36, 0, 6)
(37, 0, 3)
(38, 0, 2)
(39, 0, 1)
xi_1:
(0, 1, 7)
(1, 1, 4)
(2, 1, 14)
(2, 9, 1)
(3, 1, 12)
(3, 3, 1)
(3, 7, 1)
(4, 1, 12)
(4, 2, 1)
(4, 4, 1)
(4, 10, 1)
(4, 19, 1)
(5, 1, 10)
(5, 3, 2)
(5, 8, 1)
(5, 18, 1)
(5, 34, 1)
(6, 1, 9)
(6, 2, 1)
(6, 7, 1)
(6, 33, 1)
(7, 1, 4)
(7, 3, 3)
(7, 32, 1)
(7, 34, 1)
(8, 0, 1)
(8, 1, 6)
(8, 3, 1)
(8, 4, 1)
(8, 6, 1)
(8, 28, 1)
(8, 33, 1)
(8, 34, 1)
(9, 1, 3)
(9, 3, 2)
(9, 4, 1)
(9, 23, 1)
(9, 32, 1)
(9, 33, 1)
(10, 1, 5)
(10, 3, 3)
(10, 4, 1)
(10, 28, 1)
(10, 32, 1)
(10, 34, 1)
(11, 1, 3)
(11, 3, 3)
(11, 4, 1)
(11, 29, 1)
(11, 33, 1)
(12, 1, 5)
(12, 2, 1)
(12, 3, 1)
(12, 4, 1)
(12, 6, 1)
(12, 7, 1)
(12, 19, 1)
(12, 23, 1)
(12, 26, 2)
(12, 32, 1)
(13, 0, 2)
(13, 1, 6)
(13, 2, 2)
(13, 3, 1)
(13, 4, 1)
(13, 12, 1)
(13, 29, 1)
(14, 0, 1)
(14, 1, 2)
(14, 3, 3)
(14, 5, 1)
(14, 7, 1)
(14, 19, 1)
(14, 28, 1)
(15, 1, 3)
(15, 2, 1)
(15, 3, 1)
(15, 4, 1)
(15, 12, 1)
(16, 0, 1)
(16, 1, 1)
(16, 3, 1)
(16, 7, 1)
(16, 19, 1)
(17, 3, 1)
(18, 1, 1)
(18, 2, 2)
(18, 3, 1)
(18, 6, 1)
(18, 7, 1)
(18, 14, 1)
(18, 23, 1)
(19, 1, 1)
(19, 2, 1)
(19, 3, 1)
(19, 36, 1)
(20, 1, 4)
(20, 2, 2)
(20, 5, 2)
(20, 14, 1)
(20, 35, 1)
(21, 1, 1)
(21, 2, 1)
(21, 4, 1)
(21, 37, 1)
(22, 1, 3)
(22, 35, 1)
(26, 27, 1)
(26, 32, 1)
(27, 1, 3)
(27, 2, 1)
(27, 27, 1)
(28, 1, 1)
(29, 0, 1)
(35, 27, 1)
(36, 1, 4)
(36, 2, 1)
(36, 3, 1)
(37, 0, 1)
(37, 1, 3)
(37, 2, 1)
(38, 1, 1)
(38, 2, 1)
(39, 1, 1)
xi_2:
(3, 9, 1)
(4, 7, 1)
(5, 10, 1)
(6, 8, 1)
(6, 34, 1)
(7, 2, 1)
(7, 33, 1)
(8, 1, 1)
(8, 7, 1)
(8, 32, 1)
(8, 34, 1)
(9, 28, 1)
(9, 33, 1)
(9, 34, 1)
(10, 32, 1)
(10, 33, 1)
(11, 32, 1)
(11, 34, 1)
(12, 23, 1)
(12, 29, 1)
(12, 33, 1)
(13, 1, 2)
(13, 2, 1)
(13, 19, 1)
(13, 32, 1)
(14, 1, 1)
(14, 28, 1)
(14, 29, 1)
(15, 5, 1)
(15, 19, 1)
(16, 1, 1)
(16, 23, 1)
(18, 19, 1)
(18, 28, 1)
(20, 6, 1)
(20, 23, 1)
(20, 36, 1)
(21, 5, 1)
(22, 37, 1)
(26, 35, 1)
(27, 32, 1)
(28, 2, 1)
(29, 1, 1)
(37, 2, 1)
(37, 3, 1)
