x-grades
-3657725734425725539/400000000000000000
-1792153957797148339/200000000000000000
-3510890096762867817/400000000000000000
-859368069482859739/100000000000000000
-672810891820002019/80000000000000000
-1645318320134290617/200000000000000000
-3217218821437152373/400000000000000000
-392975125325715439/50000000000000000
-3070383183774294651/400000000000000000
-299696536494286579/40000000000000000
-2923547546111436929/400000000000000000
-712532431820002017/100000000000000000
-2776711908448579207/400000000000000000
-1351647044808575173/200000000000000000
-525975254157144297/80000000000000000
-159778653247143289/25000000000000000
-2483040633122863763/400000000000000000
-1204811407145717451/200000000000000000
-2336204995460006041/400000000000000000
-113139358831428859/20000000000000000
-2189369357797148319/400000000000000000
-1057975769482859729/200000000000000000
-2042533720134290597/400000000000000000
-246139487662857717/50000000000000000
-15165584659771463/3200000000000000
-911140131820002007/200000000000000000
-1748862444808575153/400000000000000000
-418861156494286573/100000000000000000
-1602026807145717431/400000000000000000
-152860898831428857/40000000000000000
-1455191169482859709/400000000000000000
-21590208603928607/6250000000000000
-1308355531820001987/400000000000000000
-617468856494286563/200000000000000000
-232303978831428853/80000000000000000
-272025518831428851/100000000000000000
-1014684256494286543/400000000000000000
-470633218831428841/200000000000000000
-867848618831428821/400000000000000000
-19860769999999999/10000000000000000

y-grades
9999559/4000000
9999559/2000000
29998677/4000000
9999559/1000000
9999559/800000
29998677/2000000
69996913/4000000
9999559/500000
89996031/4000000
9999559/400000
109995149/4000000
29998677/1000000
129994267/4000000
69996913/2000000
29998677/800000
9999559/250000
169992503/4000000
89996031/2000000
189991621/4000000
9999559/200000
209990739/4000000
109995149/2000000
229989857/4000000
29998677/500000
9999559/160000
129994267/2000000
269988093/4000000
69996913/1000000
289987211/4000000
29998677/400000
309986329/4000000
9999559/125000
329985447/4000000
169992503/2000000
69996913/800000
89996031/1000000
369983683/4000000
189991621/2000000
389982801/4000000
9999559/100000

Dimensions > 0:
(0, 0, 5)
(0, 1, 5)
(0, 2, 3)
(0, 3, 3)
(0, 4, 3)
(0, 5, 3)
(0, 6, 3)
(0, 7, 3)
(0, 8, 2)
(0, 9, 1)
(0, 10, 1)
(0, 11, 1)
(0, 12, 1)
(0, 13, 1)
(0, 14, 1)
(0, 15, 1)
(0, 16, 1)
(0, 17, 1)
(0, 18, 1)
(0, 19, 1)
(0, 20, 1)
(0, 21, 1)
(0, 22, 1)
(0, 23, 1)
(0, 24, 1)
(0, 25, 1)
(0, 26, 1)
(0, 27, 1)
(0, 28, 1)
(0, 29, 1)
(0, 30, 1)
(0, 31, 1)
(0, 32, 1)
(0, 33, 1)
(0, 34, 1)
(0, 35, 1)
(0, 36, 1)
(0, 37, 1)
(0, 38, 1)
(0, 39, 1)

(1, 0, 9)
(1, 1, 9)
(1, 2, 5)
(1, 3, 5)
(1, 4, 5)
(1, 5, 5)
(1, 6, 5)
(1, 7, 5)
(1, 8, 3)
(1, 9, 1)
(1, 10, 1)
(1, 11, 1)
(1, 12, 1)
(1, 13, 1)
(1, 14, 1)
(1, 15, 1)
(1, 16, 1)
(1, 17, 1)
(1, 18, 1)
(1, 19, 1)
(1, 20, 1)
(1, 21, 1)
(1, 22, 1)
(1, 23, 1)
(1, 24, 1)
(1, 25, 1)
(1, 26, 1)
(1, 27, 1)
(1, 28, 1)
(1, 29, 1)
(1, 30, 1)
(1, 31, 1)
(1, 32, 1)
(1, 33, 1)
(1, 34, 1)
(1, 35, 1)
(1, 36, 1)
(1, 37, 1)
(1, 38, 1)
(1, 39, 1)

(2, 0, 11)
(2, 1, 11)
(2, 2, 6)
(2, 3, 6)
(2, 4, 6)
(2, 5, 6)
(2, 6, 6)
(2, 7, 6)
(2, 8, 4)
(2, 9, 2)
(2, 10, 1)
(2, 11, 1)
(2, 12, 1)
(2, 13, 1)
(2, 14, 1)
(2, 15, 1)
(2, 16, 1)
(2, 17, 1)
(2, 18, 1)
(2, 19, 1)
(2, 20, 1)
(2, 21, 1)
(2, 22, 1)
(2, 23, 1)
(2, 24, 1)
(2, 25, 1)
(2, 26, 1)
(2, 27, 1)
(2, 28, 1)
(2, 29, 1)
(2, 30, 1)
(2, 31, 1)
(2, 32, 1)
(2, 33, 1)
(2, 34, 1)
(2, 35, 1)
(2, 36, 1)
(2, 37, 1)
(2, 38, 1)
(2, 39, 1)

(3, 0, 16)
(3, 1, 16)
(3, 2, 9)
(3, 3, 9)
(3, 4, 9)
(3, 5, 9)
(3, 6, 9)
(3, 7, 9)
(3, 8, 7)
(3, 9, 4)
(3, 10, 2)
(3, 11, 2)
(3, 12, 2)
(3, 13, 2)
(3, 14, 2)
(3, 15, 2)
(3, 16, 2)
(3, 17, 2)
(3, 18, 2)
(3, 19, 2)
(3, 20, 2)
(3, 21, 2)
(3, 22, 2)
(3, 23, 2)
(3, 24, 1)
(3, 25, 1)
(3, 26, 1)
(3, 27, 1)
(3, 28, 1)
(3, 29, 1)
(3, 30, 1)
(3, 31, 1)
(3, 32, 1)
(3, 33, 1)
(3, 34, 1)
(3, 35, 1)
(3, 36, 1)
(3, 37, 1)
(3, 38, 1)
(3, 39, 1)

(4, 0, 17)
(4, 1, 17)
(4, 2, 10)
(4, 3, 10)
(4, 4, 10)
(4, 5, 10)
(4, 6, 10)
(4, 7, 10)
(4, 8, 8)
(4, 9, 5)
(4, 10, 2)
(4, 11, 2)
(4, 12, 2)
(4, 13, 2)
(4, 14, 2)
(4, 15, 2)
(4, 16, 2)
(4, 17, 2)
(4, 18, 2)
(4, 19, 2)
(4, 20, 2)
(4, 21, 2)
(4, 22, 2)
(4, 23, 2)
(4, 24, 1)
(4, 25, 1)
(4, 26, 1)
(4, 27, 1)
(4, 28, 1)
(4, 29, 1)
(4, 30, 1)
(4, 31, 1)
(4, 32, 1)
(4, 33, 1)
(4, 34, 1)
(4, 35, 1)
(4, 36, 1)
(4, 37, 1)
(4, 38, 1)
(4, 39, 1)

(5, 0, 20)
(5, 1, 20)
(5, 2, 11)
(5, 3, 11)
(5, 4, 11)
(5, 5, 11)
(5, 6, 11)
(5, 7, 11)
(5, 8, 9)
(5, 9, 5)
(5, 10, 2)
(5, 11, 2)
(5, 12, 2)
(5, 13, 2)
(5, 14, 2)
(5, 15, 2)
(5, 16, 2)
(5, 17, 2)
(5, 18, 2)
(5, 19, 2)
(5, 20, 2)
(5, 21, 2)
(5, 22, 2)
(5, 23, 2)
(5, 24, 1)
(5, 25, 1)
(5, 26, 1)
(5, 27, 1)
(5, 28, 1)
(5, 29, 1)
(5, 30, 1)
(5, 31, 1)
(5, 32, 1)
(5, 33, 1)
(5, 34, 1)
(5, 35, 1)
(5, 36, 1)
(5, 37, 1)
(5, 38, 1)
(5, 39, 1)

(6, 0, 24)
(6, 1, 24)
(6, 2, 15)
(6, 3, 15)
(6, 4, 15)
(6, 5, 15)
(6, 6, 15)
(6, 7, 15)
(6, 8, 13)
(6, 9, 9)
(6, 10, 5)
(6, 11, 4)
(6, 12, 4)
(6, 13, 4)
(6, 14, 4)
(6, 15, 4)
(6, 16, 4)
(6, 17, 4)
(6, 18, 4)
(6, 19, 3)
(6, 20, 3)
(6, 21, 3)
(6, 22, 3)
(6, 23, 3)
(6, 24, 2)
(6, 25, 2)
(6, 26, 2)
(6, 27, 2)
(6, 28, 2)
(6, 29, 2)
(6, 30, 2)
(6, 31, 2)
(6, 32, 2)
(6, 33, 2)
(6, 34, 2)
(6, 35, 2)
(6, 36, 2)
(6, 37, 2)
(6, 38, 2)
(6, 39, 2)

(7, 0, 33)
(7, 1, 33)
(7, 2, 20)
(7, 3, 20)
(7, 4, 19)
(7, 5, 19)
(7, 6, 18)
(7, 7, 17)
(7, 8, 15)
(7, 9, 11)
(7, 10, 6)
(7, 11, 5)
(7, 12, 4)
(7, 13, 4)
(7, 14, 4)
(7, 15, 4)
(7, 16, 4)
(7, 17, 4)
(7, 18, 3)
(7, 19, 3)
(7, 20, 3)
(7, 21, 3)
(7, 22, 3)
(7, 23, 3)
(7, 24, 2)
(7, 25, 2)
(7, 26, 2)
(7, 27, 2)
(7, 28, 2)
(7, 29, 2)
(7, 30, 2)
(7, 31, 2)
(7, 32, 2)
(7, 33, 2)
(7, 34, 2)
(7, 35, 2)
(7, 36, 2)
(7, 37, 2)
(7, 38, 2)
(7, 39, 2)

(8, 0, 37)
(8, 1, 37)
(8, 2, 23)
(8, 3, 23)
(8, 4, 20)
(8, 5, 20)
(8, 6, 19)
(8, 7, 18)
(8, 8, 16)
(8, 9, 12)
(8, 10, 7)
(8, 11, 5)
(8, 12, 4)
(8, 13, 4)
(8, 14, 4)
(8, 15, 4)
(8, 16, 4)
(8, 17, 3)
(8, 18, 3)
(8, 19, 3)
(8, 20, 3)
(8, 21, 3)
(8, 22, 3)
(8, 23, 3)
(8, 24, 2)
(8, 25, 2)
(8, 26, 2)
(8, 27, 2)
(8, 28, 2)
(8, 29, 2)
(8, 30, 2)
(8, 31, 2)
(8, 32, 2)
(8, 33, 2)
(8, 34, 2)
(8, 35, 2)
(8, 36, 2)
(8, 37, 2)
(8, 38, 2)
(8, 39, 2)

(9, 0, 41)
(9, 1, 41)
(9, 2, 26)
(9, 3, 26)
(9, 4, 21)
(9, 5, 20)
(9, 6, 19)
(9, 7, 18)
(9, 8, 16)
(9, 9, 12)
(9, 10, 7)
(9, 11, 5)
(9, 12, 4)
(9, 13, 4)
(9, 14, 4)
(9, 15, 4)
(9, 16, 4)
(9, 17, 3)
(9, 18, 3)
(9, 19, 3)
(9, 20, 3)
(9, 21, 3)
(9, 22, 3)
(9, 23, 3)
(9, 24, 2)
(9, 25, 2)
(9, 26, 2)
(9, 27, 2)
(9, 28, 2)
(9, 29, 2)
(9, 30, 2)
(9, 31, 2)
(9, 32, 2)
(9, 33, 2)
(9, 34, 2)
(9, 35, 2)
(9, 36, 2)
(9, 37, 2)
(9, 38, 2)
(9, 39, 2)

(10, 0, 48)
(10, 1, 48)
(10, 2, 32)
(10, 3, 30)
(10, 4, 24)
(10, 5, 23)
(10, 6, 22)
(10, 7, 20)
(10, 8, 18)
(10, 9, 14)
(10, 10, 8)
(10, 11, 6)
(10, 12, 4)
(10, 13, 4)
(10, 14, 4)
(10, 15, 4)
(10, 16, 4)
(10, 17, 3)
(10, 18, 3)
(10, 19, 3)
(10, 20, 3)
(10, 21, 3)
(10, 22, 3)
(10, 23, 3)
(10, 24, 2)
(10, 25, 2)
(10, 26, 2)
(10, 27, 2)
(10, 28, 2)
(10, 29, 2)
(10, 30, 2)
(10, 31, 2)
(10, 32, 2)
(10, 33, 2)
(10, 34, 2)
(10, 35, 2)
(10, 36, 2)
(10, 37, 2)
(10, 38, 2)
(10, 39, 2)

(11, 0, 54)
(11, 1, 54)
(11, 2, 37)
(11, 3, 33)
(11, 4, 25)
(11, 5, 24)
(11, 6, 23)
(11, 7, 21)
(11, 8, 19)
(11, 9, 15)
(11, 10, 8)
(11, 11, 6)
(11, 12, 4)
(11, 13, 4)
(11, 14, 4)
(11, 15, 4)
(11, 16, 4)
(11, 17, 3)
(11, 18, 3)
(11, 19, 3)
(11, 20, 3)
(11, 21, 3)
(11, 22, 3)
(11, 23, 3)
(11, 24, 2)
(11, 25, 2)
(11, 26, 2)
(11, 27, 2)
(11, 28, 2)
(11, 29, 2)
(11, 30, 2)
(11, 31, 2)
(11, 32, 2)
(11, 33, 2)
(11, 34, 2)
(11, 35, 2)
(11, 36, 2)
(11, 37, 2)
(11, 38, 2)
(11, 39, 2)

(12, 0, 58)
(12, 1, 58)
(12, 2, 40)
(12, 3, 34)
(12, 4, 25)
(12, 5, 24)
(12, 6, 23)
(12, 7, 21)
(12, 8, 19)
(12, 9, 15)
(12, 10, 8)
(12, 11, 6)
(12, 12, 4)
(12, 13, 4)
(12, 14, 4)
(12, 15, 4)
(12, 16, 4)
(12, 17, 3)
(12, 18, 3)
(12, 19, 3)
(12, 20, 3)
(12, 21, 3)
(12, 22, 3)
(12, 23, 3)
(12, 24, 2)
(12, 25, 2)
(12, 26, 2)
(12, 27, 2)
(12, 28, 2)
(12, 29, 2)
(12, 30, 2)
(12, 31, 2)
(12, 32, 2)
(12, 33, 2)
(12, 34, 2)
(12, 35, 2)
(12, 36, 2)
(12, 37, 2)
(12, 38, 2)
(12, 39, 2)

(13, 0, 62)
(13, 1, 62)
(13, 2, 44)
(13, 3, 37)
(13, 4, 27)
(13, 5, 26)
(13, 6, 25)
(13, 7, 23)
(13, 8, 21)
(13, 9, 17)
(13, 10, 9)
(13, 11, 6)
(13, 12, 4)
(13, 13, 4)
(13, 14, 4)
(13, 15, 4)
(13, 16, 4)
(13, 17, 3)
(13, 18, 3)
(13, 19, 3)
(13, 20, 3)
(13, 21, 3)
(13, 22, 3)
(13, 23, 3)
(13, 24, 2)
(13, 25, 2)
(13, 26, 2)
(13, 27, 2)
(13, 28, 2)
(13, 29, 2)
(13, 30, 2)
(13, 31, 2)
(13, 32, 2)
(13, 33, 2)
(13, 34, 2)
(13, 35, 2)
(13, 36, 2)
(13, 37, 2)
(13, 38, 2)
(13, 39, 2)

(14, 0, 67)
(14, 1, 67)
(14, 2, 47)
(14, 3, 38)
(14, 4, 27)
(14, 5, 26)
(14, 6, 25)
(14, 7, 23)
(14, 8, 21)
(14, 9, 17)
(14, 10, 9)
(14, 11, 6)
(14, 12, 4)
(14, 13, 4)
(14, 14, 4)
(14, 15, 4)
(14, 16, 4)
(14, 17, 3)
(14, 18, 3)
(14, 19, 3)
(14, 20, 3)
(14, 21, 3)
(14, 22, 3)
(14, 23, 3)
(14, 24, 2)
(14, 25, 2)
(14, 26, 2)
(14, 27, 2)
(14, 28, 2)
(14, 29, 2)
(14, 30, 2)
(14, 31, 2)
(14, 32, 2)
(14, 33, 2)
(14, 34, 2)
(14, 35, 2)
(14, 36, 2)
(14, 37, 2)
(14, 38, 2)
(14, 39, 2)

(15, 0, 72)
(15, 1, 72)
(15, 2, 51)
(15, 3, 41)
(15, 4, 28)
(15, 5, 27)
(15, 6, 26)
(15, 7, 24)
(15, 8, 22)
(15, 9, 17)
(15, 10, 9)
(15, 11, 6)
(15, 12, 4)
(15, 13, 4)
(15, 14, 4)
(15, 15, 4)
(15, 16, 4)
(15, 17, 3)
(15, 18, 3)
(15, 19, 3)
(15, 20, 3)
(15, 21, 3)
(15, 22, 3)
(15, 23, 3)
(15, 24, 2)
(15, 25, 2)
(15, 26, 2)
(15, 27, 2)
(15, 28, 2)
(15, 29, 2)
(15, 30, 2)
(15, 31, 2)
(15, 32, 2)
(15, 33, 2)
(15, 34, 2)
(15, 35, 2)
(15, 36, 2)
(15, 37, 2)
(15, 38, 2)
(15, 39, 2)

(16, 0, 76)
(16, 1, 76)
(16, 2, 54)
(16, 3, 43)
(16, 4, 30)
(16, 5, 29)
(16, 6, 28)
(16, 7, 26)
(16, 8, 24)
(16, 9, 19)
(16, 10, 11)
(16, 11, 7)
(16, 12, 5)
(16, 13, 5)
(16, 14, 5)
(16, 15, 5)
(16, 16, 5)
(16, 17, 4)
(16, 18, 3)
(16, 19, 3)
(16, 20, 3)
(16, 21, 3)
(16, 22, 3)
(16, 23, 3)
(16, 24, 2)
(16, 25, 2)
(16, 26, 2)
(16, 27, 2)
(16, 28, 2)
(16, 29, 2)
(16, 30, 2)
(16, 31, 2)
(16, 32, 2)
(16, 33, 2)
(16, 34, 2)
(16, 35, 2)
(16, 36, 2)
(16, 37, 2)
(16, 38, 2)
(16, 39, 2)

(17, 0, 82)
(17, 1, 82)
(17, 2, 58)
(17, 3, 47)
(17, 4, 33)
(17, 5, 32)
(17, 6, 30)
(17, 7, 28)
(17, 8, 26)
(17, 9, 20)
(17, 10, 12)
(17, 11, 8)
(17, 12, 6)
(17, 13, 6)
(17, 14, 6)
(17, 15, 6)
(17, 16, 6)
(17, 17, 4)
(17, 18, 3)
(17, 19, 3)
(17, 20, 3)
(17, 21, 3)
(17, 22, 3)
(17, 23, 3)
(17, 24, 2)
(17, 25, 2)
(17, 26, 2)
(17, 27, 2)
(17, 28, 2)
(17, 29, 1)
(17, 30, 1)
(17, 31, 1)
(17, 32, 1)
(17, 33, 1)
(17, 34, 1)
(17, 35, 1)
(17, 36, 1)
(17, 37, 1)
(17, 38, 1)
(17, 39, 1)

(18, 0, 86)
(18, 1, 86)
(18, 2, 60)
(18, 3, 49)
(18, 4, 34)
(18, 5, 33)
(18, 6, 31)
(18, 7, 29)
(18, 8, 27)
(18, 9, 21)
(18, 10, 12)
(18, 11, 8)
(18, 12, 6)
(18, 13, 6)
(18, 14, 6)
(18, 15, 6)
(18, 16, 5)
(18, 17, 4)
(18, 18, 3)
(18, 19, 3)
(18, 20, 3)
(18, 21, 3)
(18, 22, 3)
(18, 23, 3)
(18, 24, 2)
(18, 25, 2)
(18, 26, 2)
(18, 27, 2)
(18, 28, 2)
(18, 29, 1)
(18, 30, 1)
(18, 31, 1)
(18, 32, 1)
(18, 33, 1)
(18, 34, 1)
(18, 35, 1)
(18, 36, 1)
(18, 37, 1)
(18, 38, 1)
(18, 39, 1)

(19, 0, 91)
(19, 1, 91)
(19, 2, 64)
(19, 3, 53)
(19, 4, 36)
(19, 5, 34)
(19, 6, 32)
(19, 7, 30)
(19, 8, 27)
(19, 9, 21)
(19, 10, 12)
(19, 11, 8)
(19, 12, 6)
(19, 13, 6)
(19, 14, 6)
(19, 15, 6)
(19, 16, 5)
(19, 17, 4)
(19, 18, 3)
(19, 19, 3)
(19, 20, 3)
(19, 21, 3)
(19, 22, 3)
(19, 23, 3)
(19, 24, 2)
(19, 25, 2)
(19, 26, 2)
(19, 27, 2)
(19, 28, 2)
(19, 29, 1)
(19, 30, 1)
(19, 31, 1)
(19, 32, 1)
(19, 33, 1)
(19, 34, 1)
(19, 35, 1)
(19, 36, 1)
(19, 37, 1)
(19, 38, 1)
(19, 39, 1)

(20, 0, 98)
(20, 1, 98)
(20, 2, 70)
(20, 3, 58)
(20, 4, 39)
(20, 5, 37)
(20, 6, 35)
(20, 7, 33)
(20, 8, 29)
(20, 9, 21)
(20, 10, 11)
(20, 11, 8)
(20, 12, 6)
(20, 13, 6)
(20, 14, 6)
(20, 15, 6)
(20, 16, 5)
(20, 17, 4)
(20, 18, 3)
(20, 19, 3)
(20, 20, 3)
(20, 21, 3)
(20, 22, 3)
(20, 23, 3)
(20, 24, 2)
(20, 25, 2)
(20, 26, 2)
(20, 27, 2)
(20, 28, 2)
(20, 29, 1)
(20, 30, 1)
(20, 31, 1)
(20, 32, 1)
(20, 33, 1)
(20, 34, 1)
(20, 35, 1)
(20, 36, 1)
(20, 37, 1)
(20, 38, 1)
(20, 39, 1)

(21, 0, 103)
(21, 1, 103)
(21, 2, 72)
(21, 3, 59)
(21, 4, 39)
(21, 5, 37)
(21, 6, 35)
(21, 7, 33)
(21, 8, 29)
(21, 9, 21)
(21, 10, 11)
(21, 11, 8)
(21, 12, 6)
(21, 13, 6)
(21, 14, 6)
(21, 15, 6)
(21, 16, 5)
(21, 17, 4)
(21, 18, 3)
(21, 19, 3)
(21, 20, 3)
(21, 21, 3)
(21, 22, 3)
(21, 23, 3)
(21, 24, 2)
(21, 25, 2)
(21, 26, 2)
(21, 27, 2)
(21, 28, 2)
(21, 29, 1)
(21, 30, 1)
(21, 31, 1)
(21, 32, 1)
(21, 33, 1)
(21, 34, 1)
(21, 35, 1)
(21, 36, 1)
(21, 37, 1)
(21, 38, 1)
(21, 39, 1)

(22, 0, 106)
(22, 1, 106)
(22, 2, 75)
(22, 3, 60)
(22, 4, 39)
(22, 5, 37)
(22, 6, 35)
(22, 7, 33)
(22, 8, 29)
(22, 9, 21)
(22, 10, 11)
(22, 11, 8)
(22, 12, 6)
(22, 13, 6)
(22, 14, 6)
(22, 15, 6)
(22, 16, 5)
(22, 17, 4)
(22, 18, 3)
(22, 19, 3)
(22, 20, 3)
(22, 21, 3)
(22, 22, 3)
(22, 23, 3)
(22, 24, 2)
(22, 25, 2)
(22, 26, 2)
(22, 27, 2)
(22, 28, 2)
(22, 29, 1)
(22, 30, 1)
(22, 31, 1)
(22, 32, 1)
(22, 33, 1)
(22, 34, 1)
(22, 35, 1)
(22, 36, 1)
(22, 37, 1)
(22, 38, 1)
(22, 39, 1)

(23, 0, 108)
(23, 1, 108)
(23, 2, 77)
(23, 3, 61)
(23, 4, 39)
(23, 5, 37)
(23, 6, 35)
(23, 7, 33)
(23, 8, 29)
(23, 9, 21)
(23, 10, 11)
(23, 11, 8)
(23, 12, 6)
(23, 13, 6)
(23, 14, 6)
(23, 15, 6)
(23, 16, 5)
(23, 17, 4)
(23, 18, 3)
(23, 19, 3)
(23, 20, 3)
(23, 21, 3)
(23, 22, 3)
(23, 23, 3)
(23, 24, 2)
(23, 25, 2)
(23, 26, 2)
(23, 27, 2)
(23, 28, 2)
(23, 29, 1)
(23, 30, 1)
(23, 31, 1)
(23, 32, 1)
(23, 33, 1)
(23, 34, 1)
(23, 35, 1)
(23, 36, 1)
(23, 37, 1)
(23, 38, 1)
(23, 39, 1)

(24, 0, 110)
(24, 1, 110)
(24, 2, 79)
(24, 3, 62)
(24, 4, 39)
(24, 5, 37)
(24, 6, 35)
(24, 7, 33)
(24, 8, 29)
(24, 9, 21)
(24, 10, 11)
(24, 11, 8)
(24, 12, 6)
(24, 13, 6)
(24, 14, 6)
(24, 15, 6)
(24, 16, 5)
(24, 17, 4)
(24, 18, 3)
(24, 19, 3)
(24, 20, 3)
(24, 21, 3)
(24, 22, 3)
(24, 23, 3)
(24, 24, 2)
(24, 25, 2)
(24, 26, 2)
(24, 27, 2)
(24, 28, 2)
(24, 29, 1)
(24, 30, 1)
(24, 31, 1)
(24, 32, 1)
(24, 33, 1)
(24, 34, 1)
(24, 35, 1)
(24, 36, 1)
(24, 37, 1)
(24, 38, 1)
(24, 39, 1)

(25, 0, 111)
(25, 1, 111)
(25, 2, 80)
(25, 3, 62)
(25, 4, 39)
(25, 5, 37)
(25, 6, 35)
(25, 7, 33)
(25, 8, 29)
(25, 9, 21)
(25, 10, 11)
(25, 11, 8)
(25, 12, 6)
(25, 13, 6)
(25, 14, 6)
(25, 15, 6)
(25, 16, 5)
(25, 17, 4)
(25, 18, 3)
(25, 19, 3)
(25, 20, 3)
(25, 21, 3)
(25, 22, 3)
(25, 23, 3)
(25, 24, 2)
(25, 25, 2)
(25, 26, 2)
(25, 27, 2)
(25, 28, 2)
(25, 29, 1)
(25, 30, 1)
(25, 31, 1)
(25, 32, 1)
(25, 33, 1)
(25, 34, 1)
(25, 35, 1)
(25, 36, 1)
(25, 37, 1)
(25, 38, 1)
(25, 39, 1)

(26, 0, 113)
(26, 1, 113)
(26, 2, 82)
(26, 3, 63)
(26, 4, 39)
(26, 5, 37)
(26, 6, 35)
(26, 7, 33)
(26, 8, 29)
(26, 9, 21)
(26, 10, 11)
(26, 11, 8)
(26, 12, 6)
(26, 13, 6)
(26, 14, 6)
(26, 15, 6)
(26, 16, 5)
(26, 17, 4)
(26, 18, 3)
(26, 19, 3)
(26, 20, 3)
(26, 21, 3)
(26, 22, 3)
(26, 23, 3)
(26, 24, 2)
(26, 25, 2)
(26, 26, 2)
(26, 27, 2)
(26, 28, 2)
(26, 29, 1)
(26, 30, 1)
(26, 31, 1)
(26, 32, 1)
(26, 33, 1)
(26, 34, 1)
(26, 35, 1)
(26, 36, 1)
(26, 37, 1)
(26, 38, 1)
(26, 39, 1)

(27, 0, 116)
(27, 1, 116)
(27, 2, 85)
(27, 3, 64)
(27, 4, 39)
(27, 5, 37)
(27, 6, 35)
(27, 7, 33)
(27, 8, 29)
(27, 9, 21)
(27, 10, 11)
(27, 11, 8)
(27, 12, 6)
(27, 13, 6)
(27, 14, 6)
(27, 15, 6)
(27, 16, 5)
(27, 17, 4)
(27, 18, 3)
(27, 19, 3)
(27, 20, 3)
(27, 21, 3)
(27, 22, 3)
(27, 23, 3)
(27, 24, 2)
(27, 25, 2)
(27, 26, 2)
(27, 27, 2)
(27, 28, 2)
(27, 29, 1)
(27, 30, 1)
(27, 31, 1)
(27, 32, 1)
(27, 33, 1)
(27, 34, 1)
(27, 35, 1)
(27, 36, 1)
(27, 37, 1)
(27, 38, 1)
(27, 39, 1)

(28, 0, 119)
(28, 1, 119)
(28, 2, 87)
(28, 3, 65)
(28, 4, 39)
(28, 5, 37)
(28, 6, 35)
(28, 7, 33)
(28, 8, 29)
(28, 9, 21)
(28, 10, 11)
(28, 11, 8)
(28, 12, 6)
(28, 13, 6)
(28, 14, 6)
(28, 15, 6)
(28, 16, 5)
(28, 17, 4)
(28, 18, 3)
(28, 19, 3)
(28, 20, 3)
(28, 21, 3)
(28, 22, 3)
(28, 23, 3)
(28, 24, 2)
(28, 25, 2)
(28, 26, 2)
(28, 27, 2)
(28, 28, 2)
(28, 29, 1)
(28, 30, 1)
(28, 31, 1)
(28, 32, 1)
(28, 33, 1)
(28, 34, 1)
(28, 35, 1)
(28, 36, 1)
(28, 37, 1)
(28, 38, 1)
(28, 39, 1)

(29, 0, 119)
(29, 1, 119)
(29, 2, 87)
(29, 3, 65)
(29, 4, 39)
(29, 5, 37)
(29, 6, 35)
(29, 7, 33)
(29, 8, 29)
(29, 9, 21)
(29, 10, 11)
(29, 11, 8)
(29, 12, 6)
(29, 13, 6)
(29, 14, 6)
(29, 15, 6)
(29, 16, 5)
(29, 17, 4)
(29, 18, 3)
(29, 19, 3)
(29, 20, 3)
(29, 21, 3)
(29, 22, 3)
(29, 23, 3)
(29, 24, 2)
(29, 25, 2)
(29, 26, 2)
(29, 27, 2)
(29, 28, 2)
(29, 29, 1)
(29, 30, 1)
(29, 31, 1)
(29, 32, 1)
(29, 33, 1)
(29, 34, 1)
(29, 35, 1)
(29, 36, 1)
(29, 37, 1)
(29, 38, 1)
(29, 39, 1)

(30, 0, 121)
(30, 1, 121)
(30, 2, 89)
(30, 3, 67)
(30, 4, 41)
(30, 5, 39)
(30, 6, 37)
(30, 7, 35)
(30, 8, 31)
(30, 9, 23)
(30, 10, 13)
(30, 11, 10)
(30, 12, 8)
(30, 13, 8)
(30, 14, 8)
(30, 15, 8)
(30, 16, 7)
(30, 17, 6)
(30, 18, 4)
(30, 19, 4)
(30, 20, 4)
(30, 21, 4)
(30, 22, 4)
(30, 23, 4)
(30, 24, 3)
(30, 25, 2)
(30, 26, 2)
(30, 27, 2)
(30, 28, 2)
(30, 29, 1)
(30, 30, 1)
(30, 31, 1)
(30, 32, 1)
(30, 33, 1)
(30, 34, 1)
(30, 35, 1)
(30, 36, 1)
(30, 37, 1)
(30, 38, 1)
(30, 39, 1)

(31, 0, 123)
(31, 1, 123)
(31, 2, 91)
(31, 3, 69)
(31, 4, 43)
(31, 5, 41)
(31, 6, 39)
(31, 7, 37)
(31, 8, 33)
(31, 9, 25)
(31, 10, 14)
(31, 11, 11)
(31, 12, 8)
(31, 13, 8)
(31, 14, 8)
(31, 15, 8)
(31, 16, 7)
(31, 17, 6)
(31, 18, 4)
(31, 19, 4)
(31, 20, 4)
(31, 21, 4)
(31, 22, 4)
(31, 23, 4)
(31, 24, 3)
(31, 25, 2)
(31, 26, 2)
(31, 27, 2)
(31, 28, 2)
(31, 29, 1)
(31, 30, 1)
(31, 31, 1)
(31, 32, 1)
(31, 33, 1)
(31, 34, 1)
(31, 35, 1)
(31, 36, 1)
(31, 37, 1)
(31, 38, 1)
(31, 39, 1)

(32, 0, 125)
(32, 1, 125)
(32, 2, 92)
(32, 3, 70)
(32, 4, 44)
(32, 5, 42)
(32, 6, 40)
(32, 7, 37)
(32, 8, 33)
(32, 9, 25)
(32, 10, 14)
(32, 11, 11)
(32, 12, 8)
(32, 13, 8)
(32, 14, 8)
(32, 15, 8)
(32, 16, 7)
(32, 17, 6)
(32, 18, 4)
(32, 19, 4)
(32, 20, 4)
(32, 21, 4)
(32, 22, 4)
(32, 23, 4)
(32, 24, 3)
(32, 25, 2)
(32, 26, 2)
(32, 27, 2)
(32, 28, 2)
(32, 29, 1)
(32, 30, 1)
(32, 31, 1)
(32, 32, 1)
(32, 33, 1)
(32, 34, 1)
(32, 35, 1)
(32, 36, 1)
(32, 37, 1)
(32, 38, 1)
(32, 39, 1)

(33, 0, 125)
(33, 1, 125)
(33, 2, 92)
(33, 3, 70)
(33, 4, 44)
(33, 5, 42)
(33, 6, 40)
(33, 7, 37)
(33, 8, 33)
(33, 9, 25)
(33, 10, 14)
(33, 11, 11)
(33, 12, 8)
(33, 13, 8)
(33, 14, 8)
(33, 15, 8)
(33, 16, 7)
(33, 17, 6)
(33, 18, 4)
(33, 19, 4)
(33, 20, 4)
(33, 21, 4)
(33, 22, 4)
(33, 23, 4)
(33, 24, 3)
(33, 25, 2)
(33, 26, 2)
(33, 27, 2)
(33, 28, 2)
(33, 29, 1)
(33, 30, 1)
(33, 31, 1)
(33, 32, 1)
(33, 33, 1)
(33, 34, 1)
(33, 35, 1)
(33, 36, 1)
(33, 37, 1)
(33, 38, 1)
(33, 39, 1)

(34, 0, 125)
(34, 1, 125)
(34, 2, 92)
(34, 3, 70)
(34, 4, 44)
(34, 5, 42)
(34, 6, 40)
(34, 7, 37)
(34, 8, 33)
(34, 9, 25)
(34, 10, 14)
(34, 11, 11)
(34, 12, 8)
(34, 13, 8)
(34, 14, 8)
(34, 15, 8)
(34, 16, 7)
(34, 17, 6)
(34, 18, 4)
(34, 19, 4)
(34, 20, 4)
(34, 21, 4)
(34, 22, 4)
(34, 23, 4)
(34, 24, 3)
(34, 25, 2)
(34, 26, 2)
(34, 27, 2)
(34, 28, 2)
(34, 29, 1)
(34, 30, 1)
(34, 31, 1)
(34, 32, 1)
(34, 33, 1)
(34, 34, 1)
(34, 35, 1)
(34, 36, 1)
(34, 37, 1)
(34, 38, 1)
(34, 39, 1)

(35, 0, 125)
(35, 1, 125)
(35, 2, 92)
(35, 3, 70)
(35, 4, 44)
(35, 5, 42)
(35, 6, 40)
(35, 7, 37)
(35, 8, 33)
(35, 9, 25)
(35, 10, 14)
(35, 11, 11)
(35, 12, 8)
(35, 13, 8)
(35, 14, 8)
(35, 15, 8)
(35, 16, 7)
(35, 17, 6)
(35, 18, 4)
(35, 19, 4)
(35, 20, 4)
(35, 21, 4)
(35, 22, 4)
(35, 23, 4)
(35, 24, 3)
(35, 25, 2)
(35, 26, 2)
(35, 27, 2)
(35, 28, 2)
(35, 29, 1)
(35, 30, 1)
(35, 31, 1)
(35, 32, 1)
(35, 33, 1)
(35, 34, 1)
(35, 35, 1)
(35, 36, 1)
(35, 37, 1)
(35, 38, 1)
(35, 39, 1)

(36, 0, 125)
(36, 1, 125)
(36, 2, 92)
(36, 3, 70)
(36, 4, 44)
(36, 5, 42)
(36, 6, 40)
(36, 7, 37)
(36, 8, 33)
(36, 9, 25)
(36, 10, 14)
(36, 11, 11)
(36, 12, 8)
(36, 13, 8)
(36, 14, 8)
(36, 15, 8)
(36, 16, 7)
(36, 17, 6)
(36, 18, 4)
(36, 19, 4)
(36, 20, 4)
(36, 21, 4)
(36, 22, 4)
(36, 23, 4)
(36, 24, 3)
(36, 25, 2)
(36, 26, 2)
(36, 27, 2)
(36, 28, 2)
(36, 29, 1)
(36, 30, 1)
(36, 31, 1)
(36, 32, 1)
(36, 33, 1)
(36, 34, 1)
(36, 35, 1)
(36, 36, 1)
(36, 37, 1)
(36, 38, 1)
(36, 39, 1)

(37, 0, 125)
(37, 1, 125)
(37, 2, 92)
(37, 3, 70)
(37, 4, 44)
(37, 5, 42)
(37, 6, 40)
(37, 7, 37)
(37, 8, 33)
(37, 9, 25)
(37, 10, 14)
(37, 11, 11)
(37, 12, 8)
(37, 13, 8)
(37, 14, 8)
(37, 15, 8)
(37, 16, 7)
(37, 17, 6)
(37, 18, 4)
(37, 19, 4)
(37, 20, 4)
(37, 21, 4)
(37, 22, 4)
(37, 23, 4)
(37, 24, 3)
(37, 25, 2)
(37, 26, 2)
(37, 27, 2)
(37, 28, 2)
(37, 29, 1)
(37, 30, 1)
(37, 31, 1)
(37, 32, 1)
(37, 33, 1)
(37, 34, 1)
(37, 35, 1)
(37, 36, 1)
(37, 37, 1)
(37, 38, 1)
(37, 39, 1)

(38, 0, 128)
(38, 1, 128)
(38, 2, 94)
(38, 3, 72)
(38, 4, 46)
(38, 5, 44)
(38, 6, 42)
(38, 7, 38)
(38, 8, 34)
(38, 9, 26)
(38, 10, 15)
(38, 11, 12)
(38, 12, 9)
(38, 13, 9)
(38, 14, 9)
(38, 15, 9)
(38, 16, 8)
(38, 17, 7)
(38, 18, 5)
(38, 19, 5)
(38, 20, 5)
(38, 21, 5)
(38, 22, 5)
(38, 23, 5)
(38, 24, 4)
(38, 25, 3)
(38, 26, 3)
(38, 27, 3)
(38, 28, 3)
(38, 29, 1)
(38, 30, 1)
(38, 31, 1)
(38, 32, 1)
(38, 33, 1)
(38, 34, 1)
(38, 35, 1)
(38, 36, 1)
(38, 37, 1)
(38, 38, 1)
(38, 39, 1)

(39, 0, 130)
(39, 1, 130)
(39, 2, 96)
(39, 3, 74)
(39, 4, 48)
(39, 5, 46)
(39, 6, 44)
(39, 7, 40)
(39, 8, 36)
(39, 9, 28)
(39, 10, 16)
(39, 11, 13)
(39, 12, 9)
(39, 13, 9)
(39, 14, 9)
(39, 15, 9)
(39, 16, 8)
(39, 17, 7)
(39, 18, 5)
(39, 19, 5)
(39, 20, 5)
(39, 21, 5)
(39, 22, 5)
(39, 23, 5)
(39, 24, 4)
(39, 25, 3)
(39, 26, 3)
(39, 27, 3)
(39, 28, 3)
(39, 29, 1)
(39, 30, 1)
(39, 31, 1)
(39, 32, 1)
(39, 33, 1)
(39, 34, 1)
(39, 35, 1)
(39, 36, 1)
(39, 37, 1)
(39, 38, 1)
(39, 39, 1)


Betti numbers:
xi_0:
(0, 0, 5)
(1, 0, 4)
(2, 0, 2)
(3, 0, 5)
(4, 0, 1)
(5, 0, 3)
(6, 0, 4)
(7, 0, 9)
(8, 0, 4)
(9, 0, 4)
(10, 0, 7)
(11, 0, 6)
(12, 0, 4)
(13, 0, 4)
(14, 0, 5)
(15, 0, 5)
(16, 0, 4)
(17, 0, 6)
(18, 0, 4)
(19, 0, 5)
(20, 0, 7)
(21, 0, 5)
(22, 0, 3)
(23, 0, 2)
(24, 0, 2)
(25, 0, 1)
(26, 0, 2)
(27, 0, 3)
(28, 0, 3)
(30, 0, 2)
(31, 0, 2)
(32, 0, 2)
(38, 0, 3)
(39, 0, 2)
xi_1:
(0, 2, 2)
(0, 8, 1)
(0, 9, 1)
(1, 2, 2)
(1, 8, 1)
(1, 9, 1)
(2, 2, 1)
(2, 10, 1)
(3, 2, 2)
(3, 9, 1)
(3, 10, 1)
(3, 24, 1)
(4, 10, 1)
(5, 2, 2)
(5, 9, 1)
(6, 10, 1)
(6, 11, 1)
(6, 19, 1)
(7, 2, 4)
(7, 4, 1)
(7, 6, 1)
(7, 7, 1)
(7, 10, 1)
(7, 12, 1)
(7, 18, 1)
(8, 2, 1)
(8, 4, 2)
(8, 11, 1)
(8, 17, 1)
(9, 2, 1)
(9, 4, 2)
(9, 5, 1)
(10, 2, 1)
(10, 3, 2)
(10, 4, 1)
(10, 7, 1)
(10, 10, 1)
(10, 12, 1)
(11, 2, 1)
(11, 3, 2)
(11, 4, 2)
(11, 10, 1)
(12, 2, 1)
(12, 3, 2)
(12, 4, 1)
(13, 3, 1)
(13, 4, 1)
(13, 10, 1)
(13, 11, 1)
(14, 2, 2)
(14, 3, 2)
(14, 4, 1)
(15, 2, 1)
(15, 3, 1)
(15, 4, 2)
(15, 9, 1)
(16, 2, 1)
(16, 3, 1)
(16, 11, 1)
(16, 18, 1)
(17, 2, 2)
(17, 4, 1)
(17, 6, 1)
(17, 9, 1)
(17, 17, 1)
(17, 18, 1)
(17, 29, 1)
(18, 2, 2)
(18, 4, 1)
(18, 10, 1)
(18, 16, 1)
(19, 2, 1)
(19, 4, 2)
(19, 5, 1)
(19, 8, 1)
(20, 2, 1)
(20, 3, 1)
(20, 4, 2)
(20, 8, 1)
(20, 9, 2)
(20, 10, 1)
(21, 2, 3)
(21, 3, 1)
(21, 4, 1)
(22, 3, 2)
(22, 4, 1)
(23, 3, 1)
(23, 4, 1)
(24, 3, 1)
(24, 4, 1)
(25, 3, 1)
(26, 3, 1)
(26, 4, 1)
(27, 3, 2)
(27, 4, 1)
(28, 2, 1)
(28, 3, 1)
(28, 4, 1)
(30, 18, 1)
(30, 25, 1)
(31, 10, 1)
(31, 12, 1)
(32, 2, 1)
(32, 7, 1)
(38, 2, 1)
(38, 7, 1)
(38, 29, 1)
(39, 10, 1)
(39, 12, 1)
xi_2:
(7, 19, 1)
(8, 18, 1)
(17, 18, 1)
(18, 17, 1)
(20, 11, 1)
