x-grades
-1342019529361467/781250000000000
-655073343430907/390625000000000
-1278273844362161/781250000000000
-311600250465627/195312500000000
-242905631872571/156250000000000
-591327658431601/390625000000000
-1150782474363549/781250000000000
-139863703982987/97656250000000
-1087036789364243/781250000000000
-105516394686459/78125000000000
-1023291104364937/781250000000000
-247854565466321/195312500000000
-959545419365631/781250000000000
-463836288432989/390625000000000
-35831989374653/31250000000000
-53995430741667/48828125000000
-832054049367019/781250000000000
-400090603433683/390625000000000
-768308364367713/781250000000000
-36821776093403/39062500000000
-704562679368407/781250000000000
-336344918434377/390625000000000
-640816994369101/781250000000000
-76118018983681/97656250000000
-115414261873959/156250000000000
-272599233435071/390625000000000
-513325624370489/781250000000000
-120363195467709/195312500000000
-449579939371183/781250000000000
-41770709687153/78125000000000
-385834254371877/781250000000000
-11061294121007/24414062500000
-322088569372571/781250000000000
-145107863436459/390625000000000
-51668576874653/156250000000000
-56617510468403/195312500000000
-194597199373959/781250000000000
-81362178437153/390625000000000
-130851514374653/781250000000000
-1266927/10000000

y-grades
206543/125000
206543/62500
619629/125000
206543/31250
206543/25000
619629/62500
1445801/125000
206543/15625
1858887/125000
206543/12500
2271973/125000
619629/31250
2685059/125000
1445801/62500
619629/25000
413086/15625
3511231/125000
1858887/62500
3924317/125000
206543/6250
4337403/125000
2271973/62500
4750489/125000
619629/15625
206543/5000
2685059/62500
5576661/125000
1445801/31250
5989747/125000
619629/12500
6402833/125000
826172/15625
6815919/125000
3511231/62500
1445801/25000
1858887/31250
7642091/125000
3924317/62500
8055177/125000
206543/3125

Dimensions > 0:
(0, 0, 2)
(0, 1, 2)
(0, 2, 1)
(0, 3, 1)
(0, 4, 1)
(0, 5, 1)
(0, 6, 1)
(0, 7, 1)
(0, 8, 1)
(0, 9, 1)
(0, 10, 1)
(0, 11, 1)
(0, 12, 1)
(0, 13, 1)
(0, 14, 1)
(0, 15, 1)
(0, 16, 1)
(0, 17, 1)
(0, 18, 1)
(0, 19, 1)
(0, 20, 1)
(0, 21, 1)
(0, 22, 1)
(0, 23, 1)
(0, 24, 1)
(0, 25, 1)
(0, 26, 1)
(0, 27, 1)
(0, 28, 1)
(0, 29, 1)
(0, 30, 1)
(0, 31, 1)
(0, 32, 1)
(0, 33, 1)
(0, 34, 1)
(0, 35, 1)
(0, 36, 1)
(0, 37, 1)
(0, 38, 1)
(0, 39, 1)

(1, 0, 2)
(1, 1, 2)
(1, 2, 1)
(1, 3, 1)
(1, 4, 1)
(1, 5, 1)
(1, 6, 1)
(1, 7, 1)
(1, 8, 1)
(1, 9, 1)
(1, 10, 1)
(1, 11, 1)
(1, 12, 1)
(1, 13, 1)
(1, 14, 1)
(1, 15, 1)
(1, 16, 1)
(1, 17, 1)
(1, 18, 1)
(1, 19, 1)
(1, 20, 1)
(1, 21, 1)
(1, 22, 1)
(1, 23, 1)
(1, 24, 1)
(1, 25, 1)
(1, 26, 1)
(1, 27, 1)
(1, 28, 1)
(1, 29, 1)
(1, 30, 1)
(1, 31, 1)
(1, 32, 1)
(1, 33, 1)
(1, 34, 1)
(1, 35, 1)
(1, 36, 1)
(1, 37, 1)
(1, 38, 1)
(1, 39, 1)

(2, 0, 3)
(2, 1, 2)
(2, 2, 1)
(2, 3, 1)
(2, 4, 1)
(2, 5, 1)
(2, 6, 1)
(2, 7, 1)
(2, 8, 1)
(2, 9, 1)
(2, 10, 1)
(2, 11, 1)
(2, 12, 1)
(2, 13, 1)
(2, 14, 1)
(2, 15, 1)
(2, 16, 1)
(2, 17, 1)
(2, 18, 1)
(2, 19, 1)
(2, 20, 1)
(2, 21, 1)
(2, 22, 1)
(2, 23, 1)
(2, 24, 1)
(2, 25, 1)
(2, 26, 1)
(2, 27, 1)
(2, 28, 1)
(2, 29, 1)
(2, 30, 1)
(2, 31, 1)
(2, 32, 1)
(2, 33, 1)
(2, 34, 1)
(2, 35, 1)
(2, 36, 1)
(2, 37, 1)
(2, 38, 1)
(2, 39, 1)

(3, 0, 3)
(3, 1, 2)
(3, 2, 1)
(3, 3, 1)
(3, 4, 1)
(3, 5, 1)
(3, 6, 1)
(3, 7, 1)
(3, 8, 1)
(3, 9, 1)
(3, 10, 1)
(3, 11, 1)
(3, 12, 1)
(3, 13, 1)
(3, 14, 1)
(3, 15, 1)
(3, 16, 1)
(3, 17, 1)
(3, 18, 1)
(3, 19, 1)
(3, 20, 1)
(3, 21, 1)
(3, 22, 1)
(3, 23, 1)
(3, 24, 1)
(3, 25, 1)
(3, 26, 1)
(3, 27, 1)
(3, 28, 1)
(3, 29, 1)
(3, 30, 1)
(3, 31, 1)
(3, 32, 1)
(3, 33, 1)
(3, 34, 1)
(3, 35, 1)
(3, 36, 1)
(3, 37, 1)
(3, 38, 1)
(3, 39, 1)

(4, 0, 3)
(4, 1, 2)
(4, 2, 1)
(4, 3, 1)
(4, 4, 1)
(4, 5, 1)
(4, 6, 1)
(4, 7, 1)
(4, 8, 1)
(4, 9, 1)
(4, 10, 1)
(4, 11, 1)
(4, 12, 1)
(4, 13, 1)
(4, 14, 1)
(4, 15, 1)
(4, 16, 1)
(4, 17, 1)
(4, 18, 1)
(4, 19, 1)
(4, 20, 1)
(4, 21, 1)
(4, 22, 1)
(4, 23, 1)
(4, 24, 1)
(4, 25, 1)
(4, 26, 1)
(4, 27, 1)
(4, 28, 1)
(4, 29, 1)
(4, 30, 1)
(4, 31, 1)
(4, 32, 1)
(4, 33, 1)
(4, 34, 1)
(4, 35, 1)
(4, 36, 1)
(4, 37, 1)
(4, 38, 1)
(4, 39, 1)

(5, 0, 3)
(5, 1, 2)
(5, 2, 1)
(5, 3, 1)
(5, 4, 1)
(5, 5, 1)
(5, 6, 1)
(5, 7, 1)
(5, 8, 1)
(5, 9, 1)
(5, 10, 1)
(5, 11, 1)
(5, 12, 1)
(5, 13, 1)
(5, 14, 1)
(5, 15, 1)
(5, 16, 1)
(5, 17, 1)
(5, 18, 1)
(5, 19, 1)
(5, 20, 1)
(5, 21, 1)
(5, 22, 1)
(5, 23, 1)
(5, 24, 1)
(5, 25, 1)
(5, 26, 1)
(5, 27, 1)
(5, 28, 1)
(5, 29, 1)
(5, 30, 1)
(5, 31, 1)
(5, 32, 1)
(5, 33, 1)
(5, 34, 1)
(5, 35, 1)
(5, 36, 1)
(5, 37, 1)
(5, 38, 1)
(5, 39, 1)

(6, 0, 3)
(6, 1, 2)
(6, 2, 1)
(6, 3, 1)
(6, 4, 1)
(6, 5, 1)
(6, 6, 1)
(6, 7, 1)
(6, 8, 1)
(6, 9, 1)
(6, 10, 1)
(6, 11, 1)
(6, 12, 1)
(6, 13, 1)
(6, 14, 1)
(6, 15, 1)
(6, 16, 1)
(6, 17, 1)
(6, 18, 1)
(6, 19, 1)
(6, 20, 1)
(6, 21, 1)
(6, 22, 1)
(6, 23, 1)
(6, 24, 1)
(6, 25, 1)
(6, 26, 1)
(6, 27, 1)
(6, 28, 1)
(6, 29, 1)
(6, 30, 1)
(6, 31, 1)
(6, 32, 1)
(6, 33, 1)
(6, 34, 1)
(6, 35, 1)
(6, 36, 1)
(6, 37, 1)
(6, 38, 1)
(6, 39, 1)

(7, 0, 3)
(7, 1, 2)
(7, 2, 1)
(7, 3, 1)
(7, 4, 1)
(7, 5, 1)
(7, 6, 1)
(7, 7, 1)
(7, 8, 1)
(7, 9, 1)
(7, 10, 1)
(7, 11, 1)
(7, 12, 1)
(7, 13, 1)
(7, 14, 1)
(7, 15, 1)
(7, 16, 1)
(7, 17, 1)
(7, 18, 1)
(7, 19, 1)
(7, 20, 1)
(7, 21, 1)
(7, 22, 1)
(7, 23, 1)
(7, 24, 1)
(7, 25, 1)
(7, 26, 1)
(7, 27, 1)
(7, 28, 1)
(7, 29, 1)
(7, 30, 1)
(7, 31, 1)
(7, 32, 1)
(7, 33, 1)
(7, 34, 1)
(7, 35, 1)
(7, 36, 1)
(7, 37, 1)
(7, 38, 1)
(7, 39, 1)

(8, 0, 3)
(8, 1, 2)
(8, 2, 1)
(8, 3, 1)
(8, 4, 1)
(8, 5, 1)
(8, 6, 1)
(8, 7, 1)
(8, 8, 1)
(8, 9, 1)
(8, 10, 1)
(8, 11, 1)
(8, 12, 1)
(8, 13, 1)
(8, 14, 1)
(8, 15, 1)
(8, 16, 1)
(8, 17, 1)
(8, 18, 1)
(8, 19, 1)
(8, 20, 1)
(8, 21, 1)
(8, 22, 1)
(8, 23, 1)
(8, 24, 1)
(8, 25, 1)
(8, 26, 1)
(8, 27, 1)
(8, 28, 1)
(8, 29, 1)
(8, 30, 1)
(8, 31, 1)
(8, 32, 1)
(8, 33, 1)
(8, 34, 1)
(8, 35, 1)
(8, 36, 1)
(8, 37, 1)
(8, 38, 1)
(8, 39, 1)

(9, 0, 4)
(9, 1, 3)
(9, 2, 2)
(9, 3, 2)
(9, 4, 2)
(9, 5, 2)
(9, 6, 1)
(9, 7, 1)
(9, 8, 1)
(9, 9, 1)
(9, 10, 1)
(9, 11, 1)
(9, 12, 1)
(9, 13, 1)
(9, 14, 1)
(9, 15, 1)
(9, 16, 1)
(9, 17, 1)
(9, 18, 1)
(9, 19, 1)
(9, 20, 1)
(9, 21, 1)
(9, 22, 1)
(9, 23, 1)
(9, 24, 1)
(9, 25, 1)
(9, 26, 1)
(9, 27, 1)
(9, 28, 1)
(9, 29, 1)
(9, 30, 1)
(9, 31, 1)
(9, 32, 1)
(9, 33, 1)
(9, 34, 1)
(9, 35, 1)
(9, 36, 1)
(9, 37, 1)
(9, 38, 1)
(9, 39, 1)

(10, 0, 6)
(10, 1, 5)
(10, 2, 3)
(10, 3, 3)
(10, 4, 3)
(10, 5, 3)
(10, 6, 2)
(10, 7, 2)
(10, 8, 2)
(10, 9, 2)
(10, 10, 2)
(10, 11, 2)
(10, 12, 2)
(10, 13, 2)
(10, 14, 2)
(10, 15, 2)
(10, 16, 2)
(10, 17, 2)
(10, 18, 2)
(10, 19, 2)
(10, 20, 2)
(10, 21, 1)
(10, 22, 1)
(10, 23, 1)
(10, 24, 1)
(10, 25, 1)
(10, 26, 1)
(10, 27, 1)
(10, 28, 1)
(10, 29, 1)
(10, 30, 1)
(10, 31, 1)
(10, 32, 1)
(10, 33, 1)
(10, 34, 1)
(10, 35, 1)
(10, 36, 1)
(10, 37, 1)
(10, 38, 1)
(10, 39, 1)

(11, 0, 6)
(11, 1, 5)
(11, 2, 3)
(11, 3, 3)
(11, 4, 3)
(11, 5, 3)
(11, 6, 2)
(11, 7, 2)
(11, 8, 2)
(11, 9, 2)
(11, 10, 2)
(11, 11, 2)
(11, 12, 2)
(11, 13, 2)
(11, 14, 2)
(11, 15, 2)
(11, 16, 2)
(11, 17, 2)
(11, 18, 2)
(11, 19, 2)
(11, 20, 2)
(11, 21, 1)
(11, 22, 1)
(11, 23, 1)
(11, 24, 1)
(11, 25, 1)
(11, 26, 1)
(11, 27, 1)
(11, 28, 1)
(11, 29, 1)
(11, 30, 1)
(11, 31, 1)
(11, 32, 1)
(11, 33, 1)
(11, 34, 1)
(11, 35, 1)
(11, 36, 1)
(11, 37, 1)
(11, 38, 1)
(11, 39, 1)

(12, 0, 7)
(12, 1, 6)
(12, 2, 3)
(12, 3, 3)
(12, 4, 3)
(12, 5, 3)
(12, 6, 2)
(12, 7, 2)
(12, 8, 2)
(12, 9, 2)
(12, 10, 2)
(12, 11, 2)
(12, 12, 2)
(12, 13, 2)
(12, 14, 2)
(12, 15, 2)
(12, 16, 2)
(12, 17, 1)
(12, 18, 1)
(12, 19, 1)
(12, 20, 1)
(12, 21, 1)
(12, 22, 1)
(12, 23, 1)
(12, 24, 1)
(12, 25, 1)
(12, 26, 1)
(12, 27, 1)
(12, 28, 1)
(12, 29, 1)
(12, 30, 1)
(12, 31, 1)
(12, 32, 1)
(12, 33, 1)
(12, 34, 1)
(12, 35, 1)
(12, 36, 1)
(12, 37, 1)
(12, 38, 1)
(12, 39, 1)

(13, 0, 8)
(13, 1, 7)
(13, 2, 4)
(13, 3, 4)
(13, 4, 4)
(13, 5, 4)
(13, 6, 3)
(13, 7, 3)
(13, 8, 3)
(13, 9, 3)
(13, 10, 3)
(13, 11, 3)
(13, 12, 3)
(13, 13, 3)
(13, 14, 3)
(13, 15, 3)
(13, 16, 3)
(13, 17, 2)
(13, 18, 2)
(13, 19, 2)
(13, 20, 2)
(13, 21, 2)
(13, 22, 2)
(13, 23, 2)
(13, 24, 2)
(13, 25, 1)
(13, 26, 1)
(13, 27, 1)
(13, 28, 1)
(13, 29, 1)
(13, 30, 1)
(13, 31, 1)
(13, 32, 1)
(13, 33, 1)
(13, 34, 1)
(13, 35, 1)
(13, 36, 1)
(13, 37, 1)
(13, 38, 1)
(13, 39, 1)

(14, 0, 9)
(14, 1, 8)
(14, 2, 4)
(14, 3, 4)
(14, 4, 4)
(14, 5, 4)
(14, 6, 3)
(14, 7, 3)
(14, 8, 3)
(14, 9, 3)
(14, 10, 3)
(14, 11, 3)
(14, 12, 3)
(14, 13, 3)
(14, 14, 3)
(14, 15, 3)
(14, 16, 3)
(14, 17, 2)
(14, 18, 2)
(14, 19, 2)
(14, 20, 2)
(14, 21, 2)
(14, 22, 2)
(14, 23, 2)
(14, 24, 2)
(14, 25, 1)
(14, 26, 1)
(14, 27, 1)
(14, 28, 1)
(14, 29, 1)
(14, 30, 1)
(14, 31, 1)
(14, 32, 1)
(14, 33, 1)
(14, 34, 1)
(14, 35, 1)
(14, 36, 1)
(14, 37, 1)
(14, 38, 1)
(14, 39, 1)

(15, 0, 10)
(15, 1, 8)
(15, 2, 4)
(15, 3, 4)
(15, 4, 4)
(15, 5, 4)
(15, 6, 3)
(15, 7, 3)
(15, 8, 3)
(15, 9, 3)
(15, 10, 3)
(15, 11, 3)
(15, 12, 3)
(15, 13, 3)
(15, 14, 3)
(15, 15, 3)
(15, 16, 3)
(15, 17, 2)
(15, 18, 2)
(15, 19, 2)
(15, 20, 2)
(15, 21, 2)
(15, 22, 2)
(15, 23, 2)
(15, 24, 1)
(15, 25, 1)
(15, 26, 1)
(15, 27, 1)
(15, 28, 1)
(15, 29, 1)
(15, 30, 1)
(15, 31, 1)
(15, 32, 1)
(15, 33, 1)
(15, 34, 1)
(15, 35, 1)
(15, 36, 1)
(15, 37, 1)
(15, 38, 1)
(15, 39, 1)

(16, 0, 11)
(16, 1, 9)
(16, 2, 5)
(16, 3, 5)
(16, 4, 5)
(16, 5, 4)
(16, 6, 3)
(16, 7, 3)
(16, 8, 3)
(16, 9, 3)
(16, 10, 3)
(16, 11, 3)
(16, 12, 3)
(16, 13, 3)
(16, 14, 2)
(16, 15, 2)
(16, 16, 2)
(16, 17, 2)
(16, 18, 2)
(16, 19, 2)
(16, 20, 2)
(16, 21, 2)
(16, 22, 2)
(16, 23, 2)
(16, 24, 1)
(16, 25, 1)
(16, 26, 1)
(16, 27, 1)
(16, 28, 1)
(16, 29, 1)
(16, 30, 1)
(16, 31, 1)
(16, 32, 1)
(16, 33, 1)
(16, 34, 1)
(16, 35, 1)
(16, 36, 1)
(16, 37, 1)
(16, 38, 1)
(16, 39, 1)

(17, 0, 13)
(17, 1, 11)
(17, 2, 6)
(17, 3, 5)
(17, 4, 4)
(17, 5, 4)
(17, 6, 3)
(17, 7, 3)
(17, 8, 3)
(17, 9, 3)
(17, 10, 3)
(17, 11, 3)
(17, 12, 3)
(17, 13, 3)
(17, 14, 2)
(17, 15, 2)
(17, 16, 2)
(17, 17, 2)
(17, 18, 2)
(17, 19, 2)
(17, 20, 2)
(17, 21, 2)
(17, 22, 2)
(17, 23, 2)
(17, 24, 1)
(17, 25, 1)
(17, 26, 1)
(17, 27, 1)
(17, 28, 1)
(17, 29, 1)
(17, 30, 1)
(17, 31, 1)
(17, 32, 1)
(17, 33, 1)
(17, 34, 1)
(17, 35, 1)
(17, 36, 1)
(17, 37, 1)
(17, 38, 1)
(17, 39, 1)

(18, 0, 14)
(18, 1, 12)
(18, 2, 7)
(18, 3, 6)
(18, 4, 5)
(18, 5, 5)
(18, 6, 4)
(18, 7, 4)
(18, 8, 3)
(18, 9, 3)
(18, 10, 2)
(18, 11, 2)
(18, 12, 2)
(18, 13, 2)
(18, 14, 2)
(18, 15, 2)
(18, 16, 2)
(18, 17, 2)
(18, 18, 2)
(18, 19, 2)
(18, 20, 2)
(18, 21, 1)
(18, 22, 1)
(18, 23, 1)
(18, 24, 1)
(18, 25, 1)
(18, 26, 1)
(18, 27, 1)
(18, 28, 1)
(18, 29, 1)
(18, 30, 1)
(18, 31, 1)
(18, 32, 1)
(18, 33, 1)
(18, 34, 1)
(18, 35, 1)
(18, 36, 1)
(18, 37, 1)
(18, 38, 1)
(18, 39, 1)

(19, 0, 15)
(19, 1, 12)
(19, 2, 7)
(19, 3, 6)
(19, 4, 5)
(19, 5, 5)
(19, 6, 4)
(19, 7, 4)
(19, 8, 3)
(19, 9, 2)
(19, 10, 2)
(19, 11, 2)
(19, 12, 2)
(19, 13, 2)
(19, 14, 2)
(19, 15, 2)
(19, 16, 2)
(19, 17, 2)
(19, 18, 2)
(19, 19, 2)
(19, 20, 1)
(19, 21, 1)
(19, 22, 1)
(19, 23, 1)
(19, 24, 1)
(19, 25, 1)
(19, 26, 1)
(19, 27, 1)
(19, 28, 1)
(19, 29, 1)
(19, 30, 1)
(19, 31, 1)
(19, 32, 1)
(19, 33, 1)
(19, 34, 1)
(19, 35, 1)
(19, 36, 1)
(19, 37, 1)
(19, 38, 1)
(19, 39, 1)

(20, 0, 21)
(20, 1, 14)
(20, 2, 9)
(20, 3, 8)
(20, 4, 6)
(20, 5, 6)
(20, 6, 4)
(20, 7, 4)
(20, 8, 3)
(20, 9, 2)
(20, 10, 2)
(20, 11, 2)
(20, 12, 2)
(20, 13, 2)
(20, 14, 2)
(20, 15, 1)
(20, 16, 1)
(20, 17, 1)
(20, 18, 1)
(20, 19, 1)
(20, 20, 1)
(20, 21, 1)
(20, 22, 1)
(20, 23, 1)
(20, 24, 1)
(20, 25, 1)
(20, 26, 1)
(20, 27, 1)
(20, 28, 1)
(20, 29, 1)
(20, 30, 1)
(20, 31, 1)
(20, 32, 1)
(20, 33, 1)
(20, 34, 1)
(20, 35, 1)
(20, 36, 1)
(20, 37, 1)
(20, 38, 1)
(20, 39, 1)

(21, 0, 25)
(21, 1, 15)
(21, 2, 9)
(21, 3, 8)
(21, 4, 6)
(21, 5, 6)
(21, 6, 4)
(21, 7, 4)
(21, 8, 2)
(21, 9, 2)
(21, 10, 2)
(21, 11, 2)
(21, 12, 2)
(21, 13, 2)
(21, 14, 2)
(21, 15, 1)
(21, 16, 1)
(21, 17, 1)
(21, 18, 1)
(21, 19, 1)
(21, 20, 1)
(21, 21, 1)
(21, 22, 1)
(21, 23, 1)
(21, 24, 1)
(21, 25, 1)
(21, 26, 1)
(21, 27, 1)
(21, 28, 1)
(21, 29, 1)
(21, 30, 1)
(21, 31, 1)
(21, 32, 1)
(21, 33, 1)
(21, 34, 1)
(21, 35, 1)
(21, 36, 1)
(21, 37, 1)
(21, 38, 1)
(21, 39, 1)

(22, 0, 30)
(22, 1, 14)
(22, 2, 9)
(22, 3, 8)
(22, 4, 6)
(22, 5, 6)
(22, 6, 4)
(22, 7, 4)
(22, 8, 2)
(22, 9, 2)
(22, 10, 2)
(22, 11, 2)
(22, 12, 2)
(22, 13, 2)
(22, 14, 2)
(22, 15, 1)
(22, 16, 1)
(22, 17, 1)
(22, 18, 1)
(22, 19, 1)
(22, 20, 1)
(22, 21, 1)
(22, 22, 1)
(22, 23, 1)
(22, 24, 1)
(22, 25, 1)
(22, 26, 1)
(22, 27, 1)
(22, 28, 1)
(22, 29, 1)
(22, 30, 1)
(22, 31, 1)
(22, 32, 1)
(22, 33, 1)
(22, 34, 1)
(22, 35, 1)
(22, 36, 1)
(22, 37, 1)
(22, 38, 1)
(22, 39, 1)

(23, 0, 34)
(23, 1, 14)
(23, 2, 9)
(23, 3, 8)
(23, 4, 6)
(23, 5, 6)
(23, 6, 4)
(23, 7, 4)
(23, 8, 2)
(23, 9, 2)
(23, 10, 2)
(23, 11, 2)
(23, 12, 2)
(23, 13, 2)
(23, 14, 2)
(23, 15, 1)
(23, 16, 1)
(23, 17, 1)
(23, 18, 1)
(23, 19, 1)
(23, 20, 1)
(23, 21, 1)
(23, 22, 1)
(23, 23, 1)
(23, 24, 1)
(23, 25, 1)
(23, 26, 1)
(23, 27, 1)
(23, 28, 1)
(23, 29, 1)
(23, 30, 1)
(23, 31, 1)
(23, 32, 1)
(23, 33, 1)
(23, 34, 1)
(23, 35, 1)
(23, 36, 1)
(23, 37, 1)
(23, 38, 1)
(23, 39, 1)

(24, 0, 39)
(24, 1, 15)
(24, 2, 10)
(24, 3, 9)
(24, 4, 7)
(24, 5, 7)
(24, 6, 4)
(24, 7, 4)
(24, 8, 1)
(24, 9, 1)
(24, 10, 1)
(24, 11, 1)
(24, 12, 1)
(24, 13, 1)
(24, 14, 1)
(24, 15, 1)
(24, 16, 1)
(24, 17, 1)
(24, 18, 1)
(24, 19, 1)
(24, 20, 1)
(24, 21, 1)
(24, 22, 1)
(24, 23, 1)
(24, 24, 1)
(24, 25, 1)
(24, 26, 1)
(24, 27, 1)
(24, 28, 1)
(24, 29, 1)
(24, 30, 1)
(24, 31, 1)
(24, 32, 1)
(24, 33, 1)
(24, 34, 1)
(24, 35, 1)
(24, 36, 1)
(24, 37, 1)
(24, 38, 1)
(24, 39, 1)

(25, 0, 44)
(25, 1, 15)
(25, 2, 10)
(25, 3, 9)
(25, 4, 7)
(25, 5, 7)
(25, 6, 4)
(25, 7, 4)
(25, 8, 1)
(25, 9, 1)
(25, 10, 1)
(25, 11, 1)
(25, 12, 1)
(25, 13, 1)
(25, 14, 1)
(25, 15, 1)
(25, 16, 1)
(25, 17, 1)
(25, 18, 1)
(25, 19, 1)
(25, 20, 1)
(25, 21, 1)
(25, 22, 1)
(25, 23, 1)
(25, 24, 1)
(25, 25, 1)
(25, 26, 1)
(25, 27, 1)
(25, 28, 1)
(25, 29, 1)
(25, 30, 1)
(25, 31, 1)
(25, 32, 1)
(25, 33, 1)
(25, 34, 1)
(25, 35, 1)
(25, 36, 1)
(25, 37, 1)
(25, 38, 1)
(25, 39, 1)

(26, 0, 49)
(26, 1, 15)
(26, 2, 10)
(26, 3, 9)
(26, 4, 7)
(26, 5, 6)
(26, 6, 4)
(26, 7, 4)
(26, 8, 1)
(26, 9, 1)
(26, 10, 1)
(26, 11, 1)
(26, 12, 1)
(26, 13, 1)
(26, 14, 1)
(26, 15, 1)
(26, 16, 1)
(26, 17, 1)
(26, 18, 1)
(26, 19, 1)
(26, 20, 1)
(26, 21, 1)
(26, 22, 1)
(26, 23, 1)
(26, 24, 1)
(26, 25, 1)
(26, 26, 1)
(26, 27, 1)
(26, 28, 1)
(26, 29, 1)
(26, 30, 1)
(26, 31, 1)
(26, 32, 1)
(26, 33, 1)
(26, 34, 1)
(26, 35, 1)
(26, 36, 1)
(26, 37, 1)
(26, 38, 1)
(26, 39, 1)

(27, 0, 53)
(27, 1, 15)
(27, 2, 10)
(27, 3, 9)
(27, 4, 7)
(27, 5, 6)
(27, 6, 4)
(27, 7, 4)
(27, 8, 1)
(27, 9, 1)
(27, 10, 1)
(27, 11, 1)
(27, 12, 1)
(27, 13, 1)
(27, 14, 1)
(27, 15, 1)
(27, 16, 1)
(27, 17, 1)
(27, 18, 1)
(27, 19, 1)
(27, 20, 1)
(27, 21, 1)
(27, 22, 1)
(27, 23, 1)
(27, 24, 1)
(27, 25, 1)
(27, 26, 1)
(27, 27, 1)
(27, 28, 1)
(27, 29, 1)
(27, 30, 1)
(27, 31, 1)
(27, 32, 1)
(27, 33, 1)
(27, 34, 1)
(27, 35, 1)
(27, 36, 1)
(27, 37, 1)
(27, 38, 1)
(27, 39, 1)

(28, 0, 55)
(28, 1, 15)
(28, 2, 10)
(28, 3, 9)
(28, 4, 7)
(28, 5, 6)
(28, 6, 4)
(28, 7, 4)
(28, 8, 1)
(28, 9, 1)
(28, 10, 1)
(28, 11, 1)
(28, 12, 1)
(28, 13, 1)
(28, 14, 1)
(28, 15, 1)
(28, 16, 1)
(28, 17, 1)
(28, 18, 1)
(28, 19, 1)
(28, 20, 1)
(28, 21, 1)
(28, 22, 1)
(28, 23, 1)
(28, 24, 1)
(28, 25, 1)
(28, 26, 1)
(28, 27, 1)
(28, 28, 1)
(28, 29, 1)
(28, 30, 1)
(28, 31, 1)
(28, 32, 1)
(28, 33, 1)
(28, 34, 1)
(28, 35, 1)
(28, 36, 1)
(28, 37, 1)
(28, 38, 1)
(28, 39, 1)

(29, 0, 59)
(29, 1, 16)
(29, 2, 11)
(29, 3, 9)
(29, 4, 7)
(29, 5, 6)
(29, 6, 4)
(29, 7, 4)
(29, 8, 1)
(29, 9, 1)
(29, 10, 1)
(29, 11, 1)
(29, 12, 1)
(29, 13, 1)
(29, 14, 1)
(29, 15, 1)
(29, 16, 1)
(29, 17, 1)
(29, 18, 1)
(29, 19, 1)
(29, 20, 1)
(29, 21, 1)
(29, 22, 1)
(29, 23, 1)
(29, 24, 1)
(29, 25, 1)
(29, 26, 1)
(29, 27, 1)
(29, 28, 1)
(29, 29, 1)
(29, 30, 1)
(29, 31, 1)
(29, 32, 1)
(29, 33, 1)
(29, 34, 1)
(29, 35, 1)
(29, 36, 1)
(29, 37, 1)
(29, 38, 1)
(29, 39, 1)

(30, 0, 62)
(30, 1, 16)
(30, 2, 11)
(30, 3, 9)
(30, 4, 7)
(30, 5, 6)
(30, 6, 4)
(30, 7, 4)
(30, 8, 1)
(30, 9, 1)
(30, 10, 1)
(30, 11, 1)
(30, 12, 1)
(30, 13, 1)
(30, 14, 1)
(30, 15, 1)
(30, 16, 1)
(30, 17, 1)
(30, 18, 1)
(30, 19, 1)
(30, 20, 1)
(30, 21, 1)
(30, 22, 1)
(30, 23, 1)
(30, 24, 1)
(30, 25, 1)
(30, 26, 1)
(30, 27, 1)
(30, 28, 1)
(30, 29, 1)
(30, 30, 1)
(30, 31, 1)
(30, 32, 1)
(30, 33, 1)
(30, 34, 1)
(30, 35, 1)
(30, 36, 1)
(30, 37, 1)
(30, 38, 1)
(30, 39, 1)

(31, 0, 68)
(31, 1, 16)
(31, 2, 11)
(31, 3, 9)
(31, 4, 7)
(31, 5, 6)
(31, 6, 4)
(31, 7, 4)
(31, 8, 1)
(31, 9, 1)
(31, 10, 1)
(31, 11, 1)
(31, 12, 1)
(31, 13, 1)
(31, 14, 1)
(31, 15, 1)
(31, 16, 1)
(31, 17, 1)
(31, 18, 1)
(31, 19, 1)
(31, 20, 1)
(31, 21, 1)
(31, 22, 1)
(31, 23, 1)
(31, 24, 1)
(31, 25, 1)
(31, 26, 1)
(31, 27, 1)
(31, 28, 1)
(31, 29, 1)
(31, 30, 1)
(31, 31, 1)
(31, 32, 1)
(31, 33, 1)
(31, 34, 1)
(31, 35, 1)
(31, 36, 1)
(31, 37, 1)
(31, 38, 1)
(31, 39, 1)

(32, 0, 69)
(32, 1, 16)
(32, 2, 11)
(32, 3, 9)
(32, 4, 7)
(32, 5, 6)
(32, 6, 4)
(32, 7, 4)
(32, 8, 1)
(32, 9, 1)
(32, 10, 1)
(32, 11, 1)
(32, 12, 1)
(32, 13, 1)
(32, 14, 1)
(32, 15, 1)
(32, 16, 1)
(32, 17, 1)
(32, 18, 1)
(32, 19, 1)
(32, 20, 1)
(32, 21, 1)
(32, 22, 1)
(32, 23, 1)
(32, 24, 1)
(32, 25, 1)
(32, 26, 1)
(32, 27, 1)
(32, 28, 1)
(32, 29, 1)
(32, 30, 1)
(32, 31, 1)
(32, 32, 1)
(32, 33, 1)
(32, 34, 1)
(32, 35, 1)
(32, 36, 1)
(32, 37, 1)
(32, 38, 1)
(32, 39, 1)

(33, 0, 72)
(33, 1, 16)
(33, 2, 11)
(33, 3, 9)
(33, 4, 7)
(33, 5, 6)
(33, 6, 4)
(33, 7, 4)
(33, 8, 1)
(33, 9, 1)
(33, 10, 1)
(33, 11, 1)
(33, 12, 1)
(33, 13, 1)
(33, 14, 1)
(33, 15, 1)
(33, 16, 1)
(33, 17, 1)
(33, 18, 1)
(33, 19, 1)
(33, 20, 1)
(33, 21, 1)
(33, 22, 1)
(33, 23, 1)
(33, 24, 1)
(33, 25, 1)
(33, 26, 1)
(33, 27, 1)
(33, 28, 1)
(33, 29, 1)
(33, 30, 1)
(33, 31, 1)
(33, 32, 1)
(33, 33, 1)
(33, 34, 1)
(33, 35, 1)
(33, 36, 1)
(33, 37, 1)
(33, 38, 1)
(33, 39, 1)

(34, 0, 72)
(34, 1, 16)
(34, 2, 11)
(34, 3, 9)
(34, 4, 7)
(34, 5, 6)
(34, 6, 4)
(34, 7, 4)
(34, 8, 1)
(34, 9, 1)
(34, 10, 1)
(34, 11, 1)
(34, 12, 1)
(34, 13, 1)
(34, 14, 1)
(34, 15, 1)
(34, 16, 1)
(34, 17, 1)
(34, 18, 1)
(34, 19, 1)
(34, 20, 1)
(34, 21, 1)
(34, 22, 1)
(34, 23, 1)
(34, 24, 1)
(34, 25, 1)
(34, 26, 1)
(34, 27, 1)
(34, 28, 1)
(34, 29, 1)
(34, 30, 1)
(34, 31, 1)
(34, 32, 1)
(34, 33, 1)
(34, 34, 1)
(34, 35, 1)
(34, 36, 1)
(34, 37, 1)
(34, 38, 1)
(34, 39, 1)

(35, 0, 74)
(35, 1, 18)
(35, 2, 13)
(35, 3, 11)
(35, 4, 9)
(35, 5, 8)
(35, 6, 6)
(35, 7, 5)
(35, 8, 1)
(35, 9, 1)
(35, 10, 1)
(35, 11, 1)
(35, 12, 1)
(35, 13, 1)
(35, 14, 1)
(35, 15, 1)
(35, 16, 1)
(35, 17, 1)
(35, 18, 1)
(35, 19, 1)
(35, 20, 1)
(35, 21, 1)
(35, 22, 1)
(35, 23, 1)
(35, 24, 1)
(35, 25, 1)
(35, 26, 1)
(35, 27, 1)
(35, 28, 1)
(35, 29, 1)
(35, 30, 1)
(35, 31, 1)
(35, 32, 1)
(35, 33, 1)
(35, 34, 1)
(35, 35, 1)
(35, 36, 1)
(35, 37, 1)
(35, 38, 1)
(35, 39, 1)

(36, 0, 75)
(36, 1, 19)
(36, 2, 13)
(36, 3, 11)
(36, 4, 9)
(36, 5, 8)
(36, 6, 6)
(36, 7, 5)
(36, 8, 1)
(36, 9, 1)
(36, 10, 1)
(36, 11, 1)
(36, 12, 1)
(36, 13, 1)
(36, 14, 1)
(36, 15, 1)
(36, 16, 1)
(36, 17, 1)
(36, 18, 1)
(36, 19, 1)
(36, 20, 1)
(36, 21, 1)
(36, 22, 1)
(36, 23, 1)
(36, 24, 1)
(36, 25, 1)
(36, 26, 1)
(36, 27, 1)
(36, 28, 1)
(36, 29, 1)
(36, 30, 1)
(36, 31, 1)
(36, 32, 1)
(36, 33, 1)
(36, 34, 1)
(36, 35, 1)
(36, 36, 1)
(36, 37, 1)
(36, 38, 1)
(36, 39, 1)

(37, 0, 75)
(37, 1, 19)
(37, 2, 13)
(37, 3, 11)
(37, 4, 9)
(37, 5, 8)
(37, 6, 6)
(37, 7, 5)
(37, 8, 1)
(37, 9, 1)
(37, 10, 1)
(37, 11, 1)
(37, 12, 1)
(37, 13, 1)
(37, 14, 1)
(37, 15, 1)
(37, 16, 1)
(37, 17, 1)
(37, 18, 1)
(37, 19, 1)
(37, 20, 1)
(37, 21, 1)
(37, 22, 1)
(37, 23, 1)
(37, 24, 1)
(37, 25, 1)
(37, 26, 1)
(37, 27, 1)
(37, 28, 1)
(37, 29, 1)
(37, 30, 1)
(37, 31, 1)
(37, 32, 1)
(37, 33, 1)
(37, 34, 1)
(37, 35, 1)
(37, 36, 1)
(37, 37, 1)
(37, 38, 1)
(37, 39, 1)

(38, 0, 76)
(38, 1, 20)
(38, 2, 14)
(38, 3, 11)
(38, 4, 9)
(38, 5, 7)
(38, 6, 5)
(38, 7, 5)
(38, 8, 1)
(38, 9, 1)
(38, 10, 1)
(38, 11, 1)
(38, 12, 1)
(38, 13, 1)
(38, 14, 1)
(38, 15, 1)
(38, 16, 1)
(38, 17, 1)
(38, 18, 1)
(38, 19, 1)
(38, 20, 1)
(38, 21, 1)
(38, 22, 1)
(38, 23, 1)
(38, 24, 1)
(38, 25, 1)
(38, 26, 1)
(38, 27, 1)
(38, 28, 1)
(38, 29, 1)
(38, 30, 1)
(38, 31, 1)
(38, 32, 1)
(38, 33, 1)
(38, 34, 1)
(38, 35, 1)
(38, 36, 1)
(38, 37, 1)
(38, 38, 1)
(38, 39, 1)

(39, 0, 78)
(39, 1, 22)
(39, 2, 14)
(39, 3, 11)
(39, 4, 7)
(39, 5, 6)
(39, 6, 4)
(39, 7, 4)
(39, 8, 1)
(39, 9, 1)
(39, 10, 1)
(39, 11, 1)
(39, 12, 1)
(39, 13, 1)
(39, 14, 1)
(39, 15, 1)
(39, 16, 1)
(39, 17, 1)
(39, 18, 1)
(39, 19, 1)
(39, 20, 1)
(39, 21, 1)
(39, 22, 1)
(39, 23, 1)
(39, 24, 1)
(39, 25, 1)
(39, 26, 1)
(39, 27, 1)
(39, 28, 1)
(39, 29, 1)
(39, 30, 1)
(39, 31, 1)
(39, 32, 1)
(39, 33, 1)
(39, 34, 1)
(39, 35, 1)
(39, 36, 1)
(39, 37, 1)
(39, 38, 1)
(39, 39, 1)


Betti numbers:
xi_0:
(0, 0, 2)
(2, 0, 1)
(9, 0, 1)
(10, 0, 2)
(12, 0, 1)
(13, 0, 1)
(14, 0, 1)
(15, 0, 1)
(16, 0, 1)
(17, 0, 2)
(18, 0, 1)
(19, 0, 1)
(20, 0, 6)
(21, 0, 4)
(22, 0, 5)
(23, 0, 4)
(24, 0, 5)
(25, 0, 5)
(26, 0, 5)
(27, 0, 4)
(28, 0, 2)
(29, 0, 4)
(30, 0, 3)
(31, 0, 6)
(32, 0, 1)
(33, 0, 3)
(35, 0, 2)
(36, 0, 1)
(38, 0, 1)
(39, 0, 2)
xi_1:
(0, 2, 1)
(2, 1, 1)
(9, 6, 1)
(10, 2, 1)
(10, 21, 1)
(12, 2, 1)
(12, 17, 1)
(13, 25, 1)
(14, 2, 1)
(15, 1, 1)
(15, 24, 1)
(16, 5, 1)
(16, 14, 1)
(17, 2, 1)
(17, 3, 1)
(17, 4, 1)
(18, 8, 1)
(18, 10, 1)
(18, 21, 1)
(19, 1, 1)
(19, 9, 1)
(19, 20, 1)
(20, 1, 4)
(20, 4, 1)
(20, 6, 1)
(20, 15, 1)
(21, 1, 3)
(21, 2, 1)
(21, 8, 1)
(22, 1, 6)
(23, 1, 4)
(24, 1, 4)
(24, 6, 1)
(24, 8, 1)
(25, 1, 5)
(26, 1, 5)
(26, 5, 1)
(27, 1, 4)
(28, 1, 2)
(29, 1, 3)
(29, 3, 1)
(30, 1, 3)
(31, 1, 6)
(32, 1, 1)
(33, 1, 3)
(35, 7, 1)
(35, 8, 1)
(36, 2, 1)
(38, 3, 1)
(38, 5, 1)
(39, 2, 2)
(39, 3, 1)
(39, 4, 2)
xi_2:
(12, 21, 1)
(15, 25, 1)
(16, 17, 1)
(17, 5, 1)
(18, 14, 1)
(18, 24, 1)
(19, 10, 1)
(19, 21, 1)
(20, 20, 1)
(21, 9, 1)
(22, 2, 1)
(24, 15, 1)
(26, 6, 1)
(38, 7, 1)
(39, 3, 1)
(39, 5, 1)
(39, 8, 1)
