x-grades
-1177222457553209009/80000000000000000
-578387807661697289/40000000000000000
-1136328773093580147/80000000000000000
-278970482715941429/20000000000000000
-219087017726790257/16000000000000000
-537494123202068427/40000000000000000
-1054541404174322423/80000000000000000
-129261820243063499/10000000000000000
-1013647719714693561/80000000000000000
-99320087748487913/8000000000000000
-972754035255064699/80000000000000000
-238076798256312567/20000000000000000
-931860350795435837/80000000000000000
-455706754282810703/40000000000000000
-35638666653432279/3200000000000000
-27203744503312267/2500000000000000
-850072981876178113/80000000000000000
-414813069823181841/40000000000000000
-809179297416549251/80000000000000000
-39436622759336741/4000000000000000
-768285612956920389/80000000000000000
-373919385363552979/40000000000000000
-727391928497291527/80000000000000000
-88368135783434637/10000000000000000
-137299648807532533/16000000000000000
-333025700903924117/40000000000000000
-645604559578033803/80000000000000000
-156289429337054843/20000000000000000
-604710875118404941/80000000000000000
-58426403288859051/8000000000000000
-563817190658776079/80000000000000000
-33960646776810103/5000000000000000
-522923506199147217/80000000000000000
-251238331984666393/40000000000000000
-96405964347903671/16000000000000000
-115395744877425981/20000000000000000
-441136137279889493/80000000000000000
-210344647525037531/40000000000000000
-400242452820260631/80000000000000000
-1898978052952231/400000000000000

y-grades
9999743/4000000
9999743/2000000
29999229/4000000
9999743/1000000
9999743/800000
29999229/2000000
69998201/4000000
9999743/500000
89997687/4000000
9999743/400000
109997173/4000000
29999229/1000000
129996659/4000000
69998201/2000000
29999229/800000
9999743/250000
169995631/4000000
89997687/2000000
189995117/4000000
9999743/200000
209994603/4000000
109997173/2000000
229994089/4000000
29999229/500000
9999743/160000
129996659/2000000
269993061/4000000
69998201/1000000
289992547/4000000
29999229/400000
309992033/4000000
9999743/125000
329991519/4000000
169995631/2000000
69998201/800000
89997687/1000000
369990491/4000000
189995117/2000000
389989977/4000000
9999743/100000

Dimensions > 0:
(0, 0, 18)
(0, 1, 18)
(0, 2, 2)
(0, 3, 2)
(0, 4, 2)
(0, 5, 2)
(0, 6, 2)
(0, 7, 2)
(0, 8, 2)
(0, 9, 2)
(0, 10, 2)
(0, 11, 2)
(0, 12, 2)
(0, 13, 2)
(0, 14, 2)
(0, 15, 2)
(0, 16, 2)
(0, 17, 1)
(0, 18, 1)
(0, 19, 1)
(0, 20, 1)
(0, 21, 1)
(0, 22, 1)
(0, 23, 1)
(0, 24, 1)
(0, 25, 1)
(0, 26, 1)
(0, 27, 1)
(0, 28, 1)
(0, 29, 1)
(0, 30, 1)
(0, 31, 1)
(0, 32, 1)
(0, 33, 1)
(0, 34, 1)
(0, 35, 1)
(0, 36, 1)
(0, 37, 1)
(0, 38, 1)
(0, 39, 1)

(1, 0, 25)
(1, 1, 25)
(1, 2, 2)
(1, 3, 2)
(1, 4, 2)
(1, 5, 2)
(1, 6, 2)
(1, 7, 2)
(1, 8, 2)
(1, 9, 2)
(1, 10, 2)
(1, 11, 2)
(1, 12, 2)
(1, 13, 2)
(1, 14, 2)
(1, 15, 2)
(1, 16, 2)
(1, 17, 1)
(1, 18, 1)
(1, 19, 1)
(1, 20, 1)
(1, 21, 1)
(1, 22, 1)
(1, 23, 1)
(1, 24, 1)
(1, 25, 1)
(1, 26, 1)
(1, 27, 1)
(1, 28, 1)
(1, 29, 1)
(1, 30, 1)
(1, 31, 1)
(1, 32, 1)
(1, 33, 1)
(1, 34, 1)
(1, 35, 1)
(1, 36, 1)
(1, 37, 1)
(1, 38, 1)
(1, 39, 1)

(2, 0, 26)
(2, 1, 26)
(2, 2, 2)
(2, 3, 2)
(2, 4, 2)
(2, 5, 2)
(2, 6, 2)
(2, 7, 2)
(2, 8, 2)
(2, 9, 2)
(2, 10, 2)
(2, 11, 2)
(2, 12, 2)
(2, 13, 2)
(2, 14, 2)
(2, 15, 2)
(2, 16, 2)
(2, 17, 1)
(2, 18, 1)
(2, 19, 1)
(2, 20, 1)
(2, 21, 1)
(2, 22, 1)
(2, 23, 1)
(2, 24, 1)
(2, 25, 1)
(2, 26, 1)
(2, 27, 1)
(2, 28, 1)
(2, 29, 1)
(2, 30, 1)
(2, 31, 1)
(2, 32, 1)
(2, 33, 1)
(2, 34, 1)
(2, 35, 1)
(2, 36, 1)
(2, 37, 1)
(2, 38, 1)
(2, 39, 1)

(3, 0, 26)
(3, 1, 26)
(3, 2, 2)
(3, 3, 2)
(3, 4, 2)
(3, 5, 2)
(3, 6, 2)
(3, 7, 2)
(3, 8, 2)
(3, 9, 2)
(3, 10, 2)
(3, 11, 2)
(3, 12, 2)
(3, 13, 2)
(3, 14, 2)
(3, 15, 2)
(3, 16, 2)
(3, 17, 1)
(3, 18, 1)
(3, 19, 1)
(3, 20, 1)
(3, 21, 1)
(3, 22, 1)
(3, 23, 1)
(3, 24, 1)
(3, 25, 1)
(3, 26, 1)
(3, 27, 1)
(3, 28, 1)
(3, 29, 1)
(3, 30, 1)
(3, 31, 1)
(3, 32, 1)
(3, 33, 1)
(3, 34, 1)
(3, 35, 1)
(3, 36, 1)
(3, 37, 1)
(3, 38, 1)
(3, 39, 1)

(4, 0, 28)
(4, 1, 28)
(4, 2, 4)
(4, 3, 4)
(4, 4, 4)
(4, 5, 4)
(4, 6, 4)
(4, 7, 4)
(4, 8, 4)
(4, 9, 3)
(4, 10, 3)
(4, 11, 3)
(4, 12, 3)
(4, 13, 3)
(4, 14, 3)
(4, 15, 2)
(4, 16, 2)
(4, 17, 1)
(4, 18, 1)
(4, 19, 1)
(4, 20, 1)
(4, 21, 1)
(4, 22, 1)
(4, 23, 1)
(4, 24, 1)
(4, 25, 1)
(4, 26, 1)
(4, 27, 1)
(4, 28, 1)
(4, 29, 1)
(4, 30, 1)
(4, 31, 1)
(4, 32, 1)
(4, 33, 1)
(4, 34, 1)
(4, 35, 1)
(4, 36, 1)
(4, 37, 1)
(4, 38, 1)
(4, 39, 1)

(5, 0, 28)
(5, 1, 28)
(5, 2, 4)
(5, 3, 4)
(5, 4, 4)
(5, 5, 4)
(5, 6, 4)
(5, 7, 4)
(5, 8, 4)
(5, 9, 3)
(5, 10, 3)
(5, 11, 3)
(5, 12, 3)
(5, 13, 3)
(5, 14, 3)
(5, 15, 2)
(5, 16, 2)
(5, 17, 1)
(5, 18, 1)
(5, 19, 1)
(5, 20, 1)
(5, 21, 1)
(5, 22, 1)
(5, 23, 1)
(5, 24, 1)
(5, 25, 1)
(5, 26, 1)
(5, 27, 1)
(5, 28, 1)
(5, 29, 1)
(5, 30, 1)
(5, 31, 1)
(5, 32, 1)
(5, 33, 1)
(5, 34, 1)
(5, 35, 1)
(5, 36, 1)
(5, 37, 1)
(5, 38, 1)
(5, 39, 1)

(6, 0, 28)
(6, 1, 28)
(6, 2, 4)
(6, 3, 4)
(6, 4, 4)
(6, 5, 4)
(6, 6, 4)
(6, 7, 4)
(6, 8, 4)
(6, 9, 3)
(6, 10, 3)
(6, 11, 3)
(6, 12, 3)
(6, 13, 3)
(6, 14, 3)
(6, 15, 2)
(6, 16, 2)
(6, 17, 1)
(6, 18, 1)
(6, 19, 1)
(6, 20, 1)
(6, 21, 1)
(6, 22, 1)
(6, 23, 1)
(6, 24, 1)
(6, 25, 1)
(6, 26, 1)
(6, 27, 1)
(6, 28, 1)
(6, 29, 1)
(6, 30, 1)
(6, 31, 1)
(6, 32, 1)
(6, 33, 1)
(6, 34, 1)
(6, 35, 1)
(6, 36, 1)
(6, 37, 1)
(6, 38, 1)
(6, 39, 1)

(7, 0, 28)
(7, 1, 28)
(7, 2, 4)
(7, 3, 4)
(7, 4, 4)
(7, 5, 4)
(7, 6, 4)
(7, 7, 4)
(7, 8, 4)
(7, 9, 3)
(7, 10, 3)
(7, 11, 3)
(7, 12, 3)
(7, 13, 3)
(7, 14, 3)
(7, 15, 2)
(7, 16, 2)
(7, 17, 1)
(7, 18, 1)
(7, 19, 1)
(7, 20, 1)
(7, 21, 1)
(7, 22, 1)
(7, 23, 1)
(7, 24, 1)
(7, 25, 1)
(7, 26, 1)
(7, 27, 1)
(7, 28, 1)
(7, 29, 1)
(7, 30, 1)
(7, 31, 1)
(7, 32, 1)
(7, 33, 1)
(7, 34, 1)
(7, 35, 1)
(7, 36, 1)
(7, 37, 1)
(7, 38, 1)
(7, 39, 1)

(8, 0, 28)
(8, 1, 28)
(8, 2, 4)
(8, 3, 4)
(8, 4, 4)
(8, 5, 4)
(8, 6, 4)
(8, 7, 4)
(8, 8, 4)
(8, 9, 3)
(8, 10, 3)
(8, 11, 3)
(8, 12, 3)
(8, 13, 3)
(8, 14, 3)
(8, 15, 2)
(8, 16, 2)
(8, 17, 1)
(8, 18, 1)
(8, 19, 1)
(8, 20, 1)
(8, 21, 1)
(8, 22, 1)
(8, 23, 1)
(8, 24, 1)
(8, 25, 1)
(8, 26, 1)
(8, 27, 1)
(8, 28, 1)
(8, 29, 1)
(8, 30, 1)
(8, 31, 1)
(8, 32, 1)
(8, 33, 1)
(8, 34, 1)
(8, 35, 1)
(8, 36, 1)
(8, 37, 1)
(8, 38, 1)
(8, 39, 1)

(9, 0, 28)
(9, 1, 28)
(9, 2, 4)
(9, 3, 4)
(9, 4, 4)
(9, 5, 4)
(9, 6, 4)
(9, 7, 4)
(9, 8, 4)
(9, 9, 3)
(9, 10, 3)
(9, 11, 3)
(9, 12, 3)
(9, 13, 3)
(9, 14, 3)
(9, 15, 2)
(9, 16, 2)
(9, 17, 1)
(9, 18, 1)
(9, 19, 1)
(9, 20, 1)
(9, 21, 1)
(9, 22, 1)
(9, 23, 1)
(9, 24, 1)
(9, 25, 1)
(9, 26, 1)
(9, 27, 1)
(9, 28, 1)
(9, 29, 1)
(9, 30, 1)
(9, 31, 1)
(9, 32, 1)
(9, 33, 1)
(9, 34, 1)
(9, 35, 1)
(9, 36, 1)
(9, 37, 1)
(9, 38, 1)
(9, 39, 1)

(10, 0, 33)
(10, 1, 33)
(10, 2, 5)
(10, 3, 5)
(10, 4, 5)
(10, 5, 5)
(10, 6, 5)
(10, 7, 5)
(10, 8, 5)
(10, 9, 4)
(10, 10, 4)
(10, 11, 4)
(10, 12, 4)
(10, 13, 4)
(10, 14, 4)
(10, 15, 3)
(10, 16, 3)
(10, 17, 2)
(10, 18, 2)
(10, 19, 2)
(10, 20, 2)
(10, 21, 2)
(10, 22, 2)
(10, 23, 2)
(10, 24, 2)
(10, 25, 2)
(10, 26, 2)
(10, 27, 2)
(10, 28, 2)
(10, 29, 2)
(10, 30, 2)
(10, 31, 2)
(10, 32, 2)
(10, 33, 2)
(10, 34, 2)
(10, 35, 2)
(10, 36, 2)
(10, 37, 2)
(10, 38, 2)
(10, 39, 2)

(11, 0, 44)
(11, 1, 44)
(11, 2, 6)
(11, 3, 6)
(11, 4, 6)
(11, 5, 6)
(11, 6, 6)
(11, 7, 6)
(11, 8, 6)
(11, 9, 5)
(11, 10, 5)
(11, 11, 5)
(11, 12, 5)
(11, 13, 5)
(11, 14, 5)
(11, 15, 4)
(11, 16, 4)
(11, 17, 2)
(11, 18, 2)
(11, 19, 2)
(11, 20, 2)
(11, 21, 2)
(11, 22, 2)
(11, 23, 2)
(11, 24, 2)
(11, 25, 2)
(11, 26, 2)
(11, 27, 2)
(11, 28, 2)
(11, 29, 2)
(11, 30, 2)
(11, 31, 2)
(11, 32, 2)
(11, 33, 2)
(11, 34, 2)
(11, 35, 2)
(11, 36, 2)
(11, 37, 2)
(11, 38, 2)
(11, 39, 2)

(12, 0, 48)
(12, 1, 48)
(12, 2, 6)
(12, 3, 6)
(12, 4, 6)
(12, 5, 6)
(12, 6, 6)
(12, 7, 6)
(12, 8, 6)
(12, 9, 5)
(12, 10, 5)
(12, 11, 5)
(12, 12, 5)
(12, 13, 5)
(12, 14, 5)
(12, 15, 4)
(12, 16, 4)
(12, 17, 2)
(12, 18, 2)
(12, 19, 2)
(12, 20, 2)
(12, 21, 2)
(12, 22, 2)
(12, 23, 2)
(12, 24, 2)
(12, 25, 2)
(12, 26, 2)
(12, 27, 2)
(12, 28, 2)
(12, 29, 2)
(12, 30, 2)
(12, 31, 2)
(12, 32, 2)
(12, 33, 2)
(12, 34, 2)
(12, 35, 2)
(12, 36, 2)
(12, 37, 2)
(12, 38, 2)
(12, 39, 2)

(13, 0, 52)
(13, 1, 52)
(13, 2, 6)
(13, 3, 6)
(13, 4, 6)
(13, 5, 6)
(13, 6, 6)
(13, 7, 6)
(13, 8, 6)
(13, 9, 5)
(13, 10, 5)
(13, 11, 5)
(13, 12, 5)
(13, 13, 5)
(13, 14, 5)
(13, 15, 4)
(13, 16, 4)
(13, 17, 2)
(13, 18, 2)
(13, 19, 2)
(13, 20, 2)
(13, 21, 2)
(13, 22, 2)
(13, 23, 2)
(13, 24, 2)
(13, 25, 2)
(13, 26, 2)
(13, 27, 2)
(13, 28, 2)
(13, 29, 2)
(13, 30, 2)
(13, 31, 2)
(13, 32, 2)
(13, 33, 2)
(13, 34, 2)
(13, 35, 2)
(13, 36, 2)
(13, 37, 2)
(13, 38, 2)
(13, 39, 2)

(14, 0, 55)
(14, 1, 55)
(14, 2, 7)
(14, 3, 7)
(14, 4, 7)
(14, 5, 7)
(14, 6, 7)
(14, 7, 7)
(14, 8, 7)
(14, 9, 6)
(14, 10, 6)
(14, 11, 6)
(14, 12, 6)
(14, 13, 6)
(14, 14, 6)
(14, 15, 5)
(14, 16, 5)
(14, 17, 3)
(14, 18, 3)
(14, 19, 3)
(14, 20, 3)
(14, 21, 3)
(14, 22, 3)
(14, 23, 3)
(14, 24, 3)
(14, 25, 3)
(14, 26, 3)
(14, 27, 3)
(14, 28, 3)
(14, 29, 3)
(14, 30, 3)
(14, 31, 3)
(14, 32, 3)
(14, 33, 3)
(14, 34, 3)
(14, 35, 3)
(14, 36, 3)
(14, 37, 3)
(14, 38, 3)
(14, 39, 3)

(15, 0, 63)
(15, 1, 63)
(15, 2, 10)
(15, 3, 10)
(15, 4, 10)
(15, 5, 10)
(15, 6, 10)
(15, 7, 10)
(15, 8, 10)
(15, 9, 8)
(15, 10, 8)
(15, 11, 8)
(15, 12, 8)
(15, 13, 8)
(15, 14, 8)
(15, 15, 7)
(15, 16, 6)
(15, 17, 3)
(15, 18, 3)
(15, 19, 3)
(15, 20, 3)
(15, 21, 3)
(15, 22, 3)
(15, 23, 3)
(15, 24, 3)
(15, 25, 3)
(15, 26, 3)
(15, 27, 3)
(15, 28, 3)
(15, 29, 3)
(15, 30, 3)
(15, 31, 3)
(15, 32, 3)
(15, 33, 3)
(15, 34, 3)
(15, 35, 3)
(15, 36, 3)
(15, 37, 3)
(15, 38, 3)
(15, 39, 3)

(16, 0, 68)
(16, 1, 68)
(16, 2, 10)
(16, 3, 10)
(16, 4, 10)
(16, 5, 10)
(16, 6, 10)
(16, 7, 10)
(16, 8, 10)
(16, 9, 8)
(16, 10, 8)
(16, 11, 8)
(16, 12, 8)
(16, 13, 8)
(16, 14, 8)
(16, 15, 7)
(16, 16, 6)
(16, 17, 3)
(16, 18, 3)
(16, 19, 3)
(16, 20, 3)
(16, 21, 3)
(16, 22, 3)
(16, 23, 3)
(16, 24, 3)
(16, 25, 3)
(16, 26, 3)
(16, 27, 3)
(16, 28, 3)
(16, 29, 3)
(16, 30, 3)
(16, 31, 3)
(16, 32, 3)
(16, 33, 3)
(16, 34, 3)
(16, 35, 3)
(16, 36, 3)
(16, 37, 3)
(16, 38, 3)
(16, 39, 3)

(17, 0, 72)
(17, 1, 72)
(17, 2, 10)
(17, 3, 10)
(17, 4, 10)
(17, 5, 10)
(17, 6, 10)
(17, 7, 10)
(17, 8, 10)
(17, 9, 8)
(17, 10, 8)
(17, 11, 8)
(17, 12, 8)
(17, 13, 8)
(17, 14, 8)
(17, 15, 7)
(17, 16, 6)
(17, 17, 3)
(17, 18, 3)
(17, 19, 3)
(17, 20, 3)
(17, 21, 3)
(17, 22, 3)
(17, 23, 3)
(17, 24, 3)
(17, 25, 3)
(17, 26, 3)
(17, 27, 3)
(17, 28, 3)
(17, 29, 3)
(17, 30, 3)
(17, 31, 3)
(17, 32, 3)
(17, 33, 3)
(17, 34, 3)
(17, 35, 3)
(17, 36, 3)
(17, 37, 3)
(17, 38, 3)
(17, 39, 3)

(18, 0, 77)
(18, 1, 77)
(18, 2, 11)
(18, 3, 11)
(18, 4, 11)
(18, 5, 11)
(18, 6, 11)
(18, 7, 11)
(18, 8, 11)
(18, 9, 9)
(18, 10, 9)
(18, 11, 9)
(18, 12, 9)
(18, 13, 9)
(18, 14, 9)
(18, 15, 8)
(18, 16, 7)
(18, 17, 3)
(18, 18, 3)
(18, 19, 3)
(18, 20, 3)
(18, 21, 3)
(18, 22, 3)
(18, 23, 3)
(18, 24, 3)
(18, 25, 3)
(18, 26, 3)
(18, 27, 3)
(18, 28, 3)
(18, 29, 3)
(18, 30, 3)
(18, 31, 3)
(18, 32, 3)
(18, 33, 3)
(18, 34, 3)
(18, 35, 3)
(18, 36, 3)
(18, 37, 3)
(18, 38, 3)
(18, 39, 3)

(19, 0, 81)
(19, 1, 81)
(19, 2, 12)
(19, 3, 12)
(19, 4, 12)
(19, 5, 12)
(19, 6, 12)
(19, 7, 12)
(19, 8, 12)
(19, 9, 9)
(19, 10, 9)
(19, 11, 9)
(19, 12, 9)
(19, 13, 9)
(19, 14, 9)
(19, 15, 8)
(19, 16, 7)
(19, 17, 3)
(19, 18, 3)
(19, 19, 3)
(19, 20, 3)
(19, 21, 3)
(19, 22, 3)
(19, 23, 3)
(19, 24, 3)
(19, 25, 3)
(19, 26, 3)
(19, 27, 3)
(19, 28, 3)
(19, 29, 3)
(19, 30, 3)
(19, 31, 3)
(19, 32, 3)
(19, 33, 3)
(19, 34, 3)
(19, 35, 3)
(19, 36, 3)
(19, 37, 3)
(19, 38, 3)
(19, 39, 3)

(20, 0, 83)
(20, 1, 83)
(20, 2, 12)
(20, 3, 12)
(20, 4, 12)
(20, 5, 12)
(20, 6, 12)
(20, 7, 12)
(20, 8, 12)
(20, 9, 9)
(20, 10, 9)
(20, 11, 9)
(20, 12, 9)
(20, 13, 9)
(20, 14, 9)
(20, 15, 8)
(20, 16, 7)
(20, 17, 3)
(20, 18, 3)
(20, 19, 3)
(20, 20, 3)
(20, 21, 3)
(20, 22, 3)
(20, 23, 3)
(20, 24, 3)
(20, 25, 3)
(20, 26, 3)
(20, 27, 3)
(20, 28, 3)
(20, 29, 3)
(20, 30, 3)
(20, 31, 3)
(20, 32, 3)
(20, 33, 3)
(20, 34, 3)
(20, 35, 3)
(20, 36, 3)
(20, 37, 3)
(20, 38, 3)
(20, 39, 3)

(21, 0, 84)
(21, 1, 84)
(21, 2, 12)
(21, 3, 12)
(21, 4, 12)
(21, 5, 12)
(21, 6, 12)
(21, 7, 12)
(21, 8, 12)
(21, 9, 9)
(21, 10, 9)
(21, 11, 9)
(21, 12, 9)
(21, 13, 9)
(21, 14, 9)
(21, 15, 8)
(21, 16, 7)
(21, 17, 3)
(21, 18, 3)
(21, 19, 3)
(21, 20, 3)
(21, 21, 3)
(21, 22, 3)
(21, 23, 3)
(21, 24, 3)
(21, 25, 3)
(21, 26, 3)
(21, 27, 3)
(21, 28, 3)
(21, 29, 3)
(21, 30, 3)
(21, 31, 3)
(21, 32, 3)
(21, 33, 3)
(21, 34, 3)
(21, 35, 3)
(21, 36, 3)
(21, 37, 3)
(21, 38, 3)
(21, 39, 3)

(22, 0, 88)
(22, 1, 88)
(22, 2, 15)
(22, 3, 15)
(22, 4, 15)
(22, 5, 15)
(22, 6, 15)
(22, 7, 15)
(22, 8, 13)
(22, 9, 10)
(22, 10, 10)
(22, 11, 10)
(22, 12, 10)
(22, 13, 10)
(22, 14, 10)
(22, 15, 9)
(22, 16, 8)
(22, 17, 4)
(22, 18, 4)
(22, 19, 4)
(22, 20, 4)
(22, 21, 4)
(22, 22, 4)
(22, 23, 4)
(22, 24, 4)
(22, 25, 4)
(22, 26, 4)
(22, 27, 4)
(22, 28, 4)
(22, 29, 4)
(22, 30, 4)
(22, 31, 4)
(22, 32, 4)
(22, 33, 4)
(22, 34, 4)
(22, 35, 4)
(22, 36, 4)
(22, 37, 4)
(22, 38, 4)
(22, 39, 4)

(23, 0, 99)
(23, 1, 99)
(23, 2, 21)
(23, 3, 19)
(23, 4, 19)
(23, 5, 19)
(23, 6, 19)
(23, 7, 18)
(23, 8, 13)
(23, 9, 10)
(23, 10, 10)
(23, 11, 10)
(23, 12, 10)
(23, 13, 10)
(23, 14, 10)
(23, 15, 9)
(23, 16, 8)
(23, 17, 4)
(23, 18, 4)
(23, 19, 4)
(23, 20, 4)
(23, 21, 4)
(23, 22, 4)
(23, 23, 4)
(23, 24, 4)
(23, 25, 4)
(23, 26, 4)
(23, 27, 4)
(23, 28, 4)
(23, 29, 4)
(23, 30, 4)
(23, 31, 4)
(23, 32, 4)
(23, 33, 4)
(23, 34, 4)
(23, 35, 4)
(23, 36, 4)
(23, 37, 4)
(23, 38, 4)
(23, 39, 4)

(24, 0, 106)
(24, 1, 106)
(24, 2, 26)
(24, 3, 22)
(24, 4, 22)
(24, 5, 22)
(24, 6, 22)
(24, 7, 21)
(24, 8, 13)
(24, 9, 10)
(24, 10, 10)
(24, 11, 10)
(24, 12, 10)
(24, 13, 10)
(24, 14, 10)
(24, 15, 9)
(24, 16, 8)
(24, 17, 4)
(24, 18, 4)
(24, 19, 4)
(24, 20, 4)
(24, 21, 4)
(24, 22, 4)
(24, 23, 4)
(24, 24, 4)
(24, 25, 4)
(24, 26, 4)
(24, 27, 4)
(24, 28, 4)
(24, 29, 4)
(24, 30, 4)
(24, 31, 4)
(24, 32, 4)
(24, 33, 4)
(24, 34, 4)
(24, 35, 4)
(24, 36, 4)
(24, 37, 4)
(24, 38, 4)
(24, 39, 4)

(25, 0, 114)
(25, 1, 114)
(25, 2, 30)
(25, 3, 24)
(25, 4, 24)
(25, 5, 24)
(25, 6, 24)
(25, 7, 23)
(25, 8, 13)
(25, 9, 10)
(25, 10, 10)
(25, 11, 10)
(25, 12, 10)
(25, 13, 10)
(25, 14, 10)
(25, 15, 9)
(25, 16, 8)
(25, 17, 4)
(25, 18, 4)
(25, 19, 4)
(25, 20, 4)
(25, 21, 4)
(25, 22, 4)
(25, 23, 4)
(25, 24, 4)
(25, 25, 4)
(25, 26, 4)
(25, 27, 4)
(25, 28, 4)
(25, 29, 4)
(25, 30, 4)
(25, 31, 4)
(25, 32, 4)
(25, 33, 4)
(25, 34, 4)
(25, 35, 4)
(25, 36, 4)
(25, 37, 4)
(25, 38, 4)
(25, 39, 4)

(26, 0, 127)
(26, 1, 127)
(26, 2, 41)
(26, 3, 28)
(26, 4, 28)
(26, 5, 28)
(26, 6, 28)
(26, 7, 27)
(26, 8, 15)
(26, 9, 11)
(26, 10, 11)
(26, 11, 11)
(26, 12, 11)
(26, 13, 11)
(26, 14, 11)
(26, 15, 10)
(26, 16, 9)
(26, 17, 4)
(26, 18, 4)
(26, 19, 4)
(26, 20, 4)
(26, 21, 4)
(26, 22, 4)
(26, 23, 4)
(26, 24, 4)
(26, 25, 4)
(26, 26, 4)
(26, 27, 4)
(26, 28, 4)
(26, 29, 4)
(26, 30, 4)
(26, 31, 4)
(26, 32, 4)
(26, 33, 4)
(26, 34, 4)
(26, 35, 4)
(26, 36, 4)
(26, 37, 4)
(26, 38, 4)
(26, 39, 4)

(27, 0, 134)
(27, 1, 134)
(27, 2, 44)
(27, 3, 31)
(27, 4, 31)
(27, 5, 31)
(27, 6, 31)
(27, 7, 30)
(27, 8, 16)
(27, 9, 12)
(27, 10, 12)
(27, 11, 12)
(27, 12, 12)
(27, 13, 12)
(27, 14, 12)
(27, 15, 11)
(27, 16, 10)
(27, 17, 5)
(27, 18, 4)
(27, 19, 4)
(27, 20, 4)
(27, 21, 4)
(27, 22, 4)
(27, 23, 4)
(27, 24, 4)
(27, 25, 4)
(27, 26, 4)
(27, 27, 4)
(27, 28, 4)
(27, 29, 4)
(27, 30, 4)
(27, 31, 4)
(27, 32, 4)
(27, 33, 4)
(27, 34, 4)
(27, 35, 4)
(27, 36, 4)
(27, 37, 4)
(27, 38, 4)
(27, 39, 4)

(28, 0, 140)
(28, 1, 140)
(28, 2, 48)
(28, 3, 33)
(28, 4, 32)
(28, 5, 32)
(28, 6, 32)
(28, 7, 31)
(28, 8, 16)
(28, 9, 12)
(28, 10, 12)
(28, 11, 12)
(28, 12, 12)
(28, 13, 12)
(28, 14, 12)
(28, 15, 11)
(28, 16, 10)
(28, 17, 5)
(28, 18, 4)
(28, 19, 4)
(28, 20, 4)
(28, 21, 4)
(28, 22, 4)
(28, 23, 4)
(28, 24, 4)
(28, 25, 4)
(28, 26, 4)
(28, 27, 4)
(28, 28, 4)
(28, 29, 4)
(28, 30, 4)
(28, 31, 4)
(28, 32, 4)
(28, 33, 4)
(28, 34, 4)
(28, 35, 4)
(28, 36, 4)
(28, 37, 4)
(28, 38, 4)
(28, 39, 4)

(29, 0, 180)
(29, 1, 148)
(29, 2, 53)
(29, 3, 36)
(29, 4, 35)
(29, 5, 35)
(29, 6, 35)
(29, 7, 34)
(29, 8, 17)
(29, 9, 13)
(29, 10, 13)
(29, 11, 13)
(29, 12, 13)
(29, 13, 13)
(29, 14, 13)
(29, 15, 12)
(29, 16, 11)
(29, 17, 6)
(29, 18, 5)
(29, 19, 5)
(29, 20, 5)
(29, 21, 5)
(29, 22, 5)
(29, 23, 4)
(29, 24, 4)
(29, 25, 4)
(29, 26, 4)
(29, 27, 4)
(29, 28, 4)
(29, 29, 4)
(29, 30, 4)
(29, 31, 4)
(29, 32, 4)
(29, 33, 4)
(29, 34, 4)
(29, 35, 4)
(29, 36, 4)
(29, 37, 4)
(29, 38, 4)
(29, 39, 4)

(30, 0, 230)
(30, 1, 162)
(30, 2, 61)
(30, 3, 40)
(30, 4, 39)
(30, 5, 39)
(30, 6, 38)
(30, 7, 37)
(30, 8, 17)
(30, 9, 13)
(30, 10, 13)
(30, 11, 13)
(30, 12, 13)
(30, 13, 13)
(30, 14, 13)
(30, 15, 12)
(30, 16, 11)
(30, 17, 6)
(30, 18, 5)
(30, 19, 5)
(30, 20, 4)
(30, 21, 4)
(30, 22, 4)
(30, 23, 4)
(30, 24, 4)
(30, 25, 4)
(30, 26, 4)
(30, 27, 4)
(30, 28, 4)
(30, 29, 4)
(30, 30, 4)
(30, 31, 4)
(30, 32, 4)
(30, 33, 4)
(30, 34, 4)
(30, 35, 4)
(30, 36, 4)
(30, 37, 4)
(30, 38, 4)
(30, 39, 4)

(31, 0, 261)
(31, 1, 168)
(31, 2, 67)
(31, 3, 40)
(31, 4, 39)
(31, 5, 39)
(31, 6, 38)
(31, 7, 36)
(31, 8, 16)
(31, 9, 12)
(31, 10, 12)
(31, 11, 12)
(31, 12, 12)
(31, 13, 12)
(31, 14, 12)
(31, 15, 11)
(31, 16, 10)
(31, 17, 5)
(31, 18, 4)
(31, 19, 4)
(31, 20, 4)
(31, 21, 4)
(31, 22, 4)
(31, 23, 4)
(31, 24, 4)
(31, 25, 4)
(31, 26, 4)
(31, 27, 4)
(31, 28, 4)
(31, 29, 4)
(31, 30, 4)
(31, 31, 4)
(31, 32, 4)
(31, 33, 4)
(31, 34, 4)
(31, 35, 4)
(31, 36, 4)
(31, 37, 4)
(31, 38, 4)
(31, 39, 4)

(32, 0, 262)
(32, 1, 169)
(32, 2, 68)
(32, 3, 41)
(32, 4, 40)
(32, 5, 40)
(32, 6, 39)
(32, 7, 37)
(32, 8, 17)
(32, 9, 13)
(32, 10, 13)
(32, 11, 13)
(32, 12, 13)
(32, 13, 13)
(32, 14, 13)
(32, 15, 12)
(32, 16, 10)
(32, 17, 5)
(32, 18, 4)
(32, 19, 4)
(32, 20, 4)
(32, 21, 4)
(32, 22, 4)
(32, 23, 4)
(32, 24, 4)
(32, 25, 4)
(32, 26, 4)
(32, 27, 4)
(32, 28, 4)
(32, 29, 4)
(32, 30, 4)
(32, 31, 4)
(32, 32, 4)
(32, 33, 4)
(32, 34, 4)
(32, 35, 4)
(32, 36, 4)
(32, 37, 4)
(32, 38, 4)
(32, 39, 4)

(33, 0, 263)
(33, 1, 170)
(33, 2, 69)
(33, 3, 42)
(33, 4, 41)
(33, 5, 41)
(33, 6, 40)
(33, 7, 38)
(33, 8, 18)
(33, 9, 14)
(33, 10, 14)
(33, 11, 14)
(33, 12, 14)
(33, 13, 14)
(33, 14, 14)
(33, 15, 13)
(33, 16, 11)
(33, 17, 6)
(33, 18, 5)
(33, 19, 5)
(33, 20, 5)
(33, 21, 5)
(33, 22, 5)
(33, 23, 5)
(33, 24, 5)
(33, 25, 5)
(33, 26, 5)
(33, 27, 5)
(33, 28, 5)
(33, 29, 5)
(33, 30, 5)
(33, 31, 5)
(33, 32, 5)
(33, 33, 5)
(33, 34, 5)
(33, 35, 5)
(33, 36, 5)
(33, 37, 5)
(33, 38, 5)
(33, 39, 5)

(34, 0, 267)
(34, 1, 170)
(34, 2, 69)
(34, 3, 42)
(34, 4, 41)
(34, 5, 41)
(34, 6, 40)
(34, 7, 38)
(34, 8, 18)
(34, 9, 14)
(34, 10, 14)
(34, 11, 14)
(34, 12, 14)
(34, 13, 14)
(34, 14, 14)
(34, 15, 13)
(34, 16, 11)
(34, 17, 6)
(34, 18, 5)
(34, 19, 5)
(34, 20, 5)
(34, 21, 5)
(34, 22, 5)
(34, 23, 5)
(34, 24, 5)
(34, 25, 5)
(34, 26, 5)
(34, 27, 5)
(34, 28, 5)
(34, 29, 5)
(34, 30, 5)
(34, 31, 5)
(34, 32, 5)
(34, 33, 5)
(34, 34, 5)
(34, 35, 5)
(34, 36, 5)
(34, 37, 5)
(34, 38, 5)
(34, 39, 5)

(35, 0, 274)
(35, 1, 172)
(35, 2, 71)
(35, 3, 44)
(35, 4, 43)
(35, 5, 43)
(35, 6, 42)
(35, 7, 40)
(35, 8, 20)
(35, 9, 16)
(35, 10, 16)
(35, 11, 16)
(35, 12, 16)
(35, 13, 16)
(35, 14, 16)
(35, 15, 15)
(35, 16, 13)
(35, 17, 6)
(35, 18, 5)
(35, 19, 5)
(35, 20, 5)
(35, 21, 5)
(35, 22, 5)
(35, 23, 5)
(35, 24, 5)
(35, 25, 5)
(35, 26, 5)
(35, 27, 5)
(35, 28, 5)
(35, 29, 5)
(35, 30, 5)
(35, 31, 5)
(35, 32, 5)
(35, 33, 5)
(35, 34, 5)
(35, 35, 5)
(35, 36, 5)
(35, 37, 5)
(35, 38, 5)
(35, 39, 5)

(36, 0, 282)
(36, 1, 173)
(36, 2, 72)
(36, 3, 45)
(36, 4, 44)
(36, 5, 44)
(36, 6, 43)
(36, 7, 41)
(36, 8, 21)
(36, 9, 16)
(36, 10, 16)
(36, 11, 16)
(36, 12, 16)
(36, 13, 16)
(36, 14, 16)
(36, 15, 15)
(36, 16, 13)
(36, 17, 6)
(36, 18, 5)
(36, 19, 5)
(36, 20, 5)
(36, 21, 5)
(36, 22, 5)
(36, 23, 5)
(36, 24, 5)
(36, 25, 5)
(36, 26, 5)
(36, 27, 5)
(36, 28, 5)
(36, 29, 5)
(36, 30, 5)
(36, 31, 5)
(36, 32, 5)
(36, 33, 5)
(36, 34, 5)
(36, 35, 5)
(36, 36, 5)
(36, 37, 5)
(36, 38, 5)
(36, 39, 5)

(37, 0, 285)
(37, 1, 173)
(37, 2, 72)
(37, 3, 45)
(37, 4, 44)
(37, 5, 44)
(37, 6, 43)
(37, 7, 41)
(37, 8, 21)
(37, 9, 16)
(37, 10, 16)
(37, 11, 16)
(37, 12, 16)
(37, 13, 16)
(37, 14, 16)
(37, 15, 15)
(37, 16, 13)
(37, 17, 6)
(37, 18, 5)
(37, 19, 5)
(37, 20, 5)
(37, 21, 5)
(37, 22, 5)
(37, 23, 5)
(37, 24, 5)
(37, 25, 5)
(37, 26, 5)
(37, 27, 5)
(37, 28, 5)
(37, 29, 5)
(37, 30, 5)
(37, 31, 5)
(37, 32, 5)
(37, 33, 5)
(37, 34, 5)
(37, 35, 5)
(37, 36, 5)
(37, 37, 5)
(37, 38, 5)
(37, 39, 5)

(38, 0, 287)
(38, 1, 173)
(38, 2, 72)
(38, 3, 45)
(38, 4, 44)
(38, 5, 44)
(38, 6, 43)
(38, 7, 41)
(38, 8, 21)
(38, 9, 16)
(38, 10, 16)
(38, 11, 16)
(38, 12, 16)
(38, 13, 16)
(38, 14, 16)
(38, 15, 15)
(38, 16, 13)
(38, 17, 6)
(38, 18, 5)
(38, 19, 5)
(38, 20, 5)
(38, 21, 5)
(38, 22, 5)
(38, 23, 5)
(38, 24, 5)
(38, 25, 5)
(38, 26, 5)
(38, 27, 5)
(38, 28, 5)
(38, 29, 5)
(38, 30, 5)
(38, 31, 5)
(38, 32, 5)
(38, 33, 5)
(38, 34, 5)
(38, 35, 5)
(38, 36, 5)
(38, 37, 5)
(38, 38, 5)
(38, 39, 5)

(39, 0, 290)
(39, 1, 173)
(39, 2, 72)
(39, 3, 45)
(39, 4, 44)
(39, 5, 44)
(39, 6, 43)
(39, 7, 41)
(39, 8, 21)
(39, 9, 16)
(39, 10, 16)
(39, 11, 16)
(39, 12, 16)
(39, 13, 16)
(39, 14, 16)
(39, 15, 15)
(39, 16, 13)
(39, 17, 6)
(39, 18, 5)
(39, 19, 5)
(39, 20, 5)
(39, 21, 5)
(39, 22, 5)
(39, 23, 5)
(39, 24, 5)
(39, 25, 5)
(39, 26, 5)
(39, 27, 5)
(39, 28, 5)
(39, 29, 5)
(39, 30, 5)
(39, 31, 5)
(39, 32, 5)
(39, 33, 5)
(39, 34, 5)
(39, 35, 5)
(39, 36, 5)
(39, 37, 5)
(39, 38, 5)
(39, 39, 5)


Betti numbers:
xi_0:
(0, 0, 18)
(1, 0, 7)
(2, 0, 1)
(4, 0, 2)
(10, 0, 5)
(11, 0, 11)
(12, 0, 4)
(13, 0, 4)
(14, 0, 3)
(15, 0, 8)
(16, 0, 5)
(17, 0, 4)
(18, 0, 5)
(19, 0, 4)
(20, 0, 2)
(21, 0, 1)
(22, 0, 4)
(23, 0, 11)
(24, 0, 7)
(25, 0, 8)
(26, 0, 13)
(27, 0, 7)
(28, 0, 6)
(29, 0, 40)
(30, 0, 50)
(31, 0, 31)
(32, 0, 1)
(33, 0, 1)
(34, 0, 4)
(35, 0, 7)
(36, 0, 8)
(37, 0, 3)
(38, 0, 2)
(39, 0, 3)
xi_1:
(0, 2, 16)
(0, 17, 1)
(1, 2, 7)
(2, 2, 1)
(4, 9, 1)
(4, 15, 1)
(10, 2, 4)
(11, 2, 10)
(11, 17, 1)
(12, 2, 4)
(13, 2, 4)
(14, 2, 2)
(15, 2, 5)
(15, 9, 1)
(15, 16, 1)
(15, 17, 1)
(16, 2, 5)
(17, 2, 4)
(18, 2, 4)
(18, 17, 1)
(19, 2, 3)
(19, 9, 1)
(20, 2, 2)
(21, 2, 1)
(22, 2, 1)
(22, 8, 2)
(23, 2, 5)
(23, 3, 2)
(23, 7, 1)
(23, 8, 4)
(24, 2, 2)
(24, 3, 2)
(24, 8, 3)
(25, 2, 4)
(25, 3, 2)
(25, 8, 2)
(26, 2, 2)
(26, 3, 7)
(26, 8, 2)
(26, 9, 1)
(26, 17, 1)
(27, 2, 4)
(27, 8, 2)
(27, 18, 1)
(28, 2, 2)
(28, 3, 2)
(28, 4, 1)
(28, 8, 1)
(29, 1, 32)
(29, 2, 3)
(29, 3, 2)
(29, 8, 2)
(29, 23, 1)
(30, 1, 36)
(30, 2, 6)
(30, 3, 4)
(30, 6, 1)
(30, 8, 3)
(30, 20, 1)
(31, 1, 25)
(31, 3, 6)
(31, 7, 1)
(32, 16, 1)
(34, 1, 4)
(35, 1, 5)
(35, 17, 2)
(36, 1, 7)
(36, 9, 1)
(37, 1, 3)
(38, 1, 2)
(39, 1, 3)
xi_2:
(23, 8, 1)
(30, 23, 1)
(31, 20, 1)
