x-grades
-1900437676568673957/200000000000000000
-930731218139245657/100000000000000000
-1822487195988308671/200000000000000000
-445877988924531507/50000000000000000
-348907343081588677/40000000000000000
-852780737558880371/100000000000000000
-1666586234827578099/200000000000000000
-6357855447411701/781250000000000
-1588635754247212813/200000000000000000
-154966051395703017/20000000000000000
-1510685273666847527/200000000000000000
-367927508344166221/50000000000000000
-1432734793086482241/200000000000000000
-696879776398149799/100000000000000000
-270956862501223391/40000000000000000
-164476134026991789/25000000000000000
-1276833831925751669/200000000000000000
-618929295817784513/100000000000000000
-1198883351345386383/200000000000000000
-57995405552760187/10000000000000000
-1120932870765021097/200000000000000000
-540978815237419227/100000000000000000
-1042982390184655811/200000000000000000
-62750446868404573/12500000000000000
-38601276384171621/8000000000000000
-463028334657053941/100000000000000000
-887081429023925239/200000000000000000
-212026547183435649/50000000000000000
-809130948443559953/200000000000000000
-77015570815337731/20000000000000000
-731180467863194667/200000000000000000
-86525653446626503/25000000000000000
-653229987282829381/200000000000000000
-307127373496323369/100000000000000000
-115055901340492819/40000000000000000
-134076066603070363/50000000000000000
-497329026122098809/200000000000000000
-229176892915958083/100000000000000000
-419378545541733523/200000000000000000
-2377520657822193/1250000000000000

y-grades
9999733/4000000
9999733/2000000
29999199/4000000
9999733/1000000
9999733/800000
29999199/2000000
69998131/4000000
9999733/500000
89997597/4000000
9999733/400000
109997063/4000000
29999199/1000000
129996529/4000000
69998131/2000000
29999199/800000
9999733/250000
169995461/4000000
89997597/2000000
189994927/4000000
9999733/200000
209994393/4000000
109997063/2000000
229993859/4000000
29999199/500000
9999733/160000
129996529/2000000
269992791/4000000
69998131/1000000
289992257/4000000
29999199/400000
309991723/4000000
9999733/125000
329991189/4000000
169995461/2000000
69998131/800000
89997597/1000000
369990121/4000000
189994927/2000000
389989587/4000000
9999733/100000

Dimensions > 0:
(0, 0, 3)
(0, 1, 3)
(0, 2, 1)
(0, 3, 1)
(0, 4, 1)
(0, 5, 1)
(0, 6, 1)
(0, 7, 1)
(0, 8, 1)
(0, 9, 1)
(0, 10, 1)
(0, 11, 1)
(0, 12, 1)
(0, 13, 1)
(0, 14, 1)
(0, 15, 1)
(0, 16, 1)
(0, 17, 1)
(0, 18, 1)
(0, 19, 1)
(0, 20, 1)
(0, 21, 1)
(0, 22, 1)
(0, 23, 1)
(0, 24, 1)
(0, 25, 1)
(0, 26, 1)
(0, 27, 1)
(0, 28, 1)
(0, 29, 1)
(0, 30, 1)
(0, 31, 1)
(0, 32, 1)
(0, 33, 1)
(0, 34, 1)
(0, 35, 1)
(0, 36, 1)
(0, 37, 1)
(0, 38, 1)
(0, 39, 1)

(1, 0, 3)
(1, 1, 3)
(1, 2, 1)
(1, 3, 1)
(1, 4, 1)
(1, 5, 1)
(1, 6, 1)
(1, 7, 1)
(1, 8, 1)
(1, 9, 1)
(1, 10, 1)
(1, 11, 1)
(1, 12, 1)
(1, 13, 1)
(1, 14, 1)
(1, 15, 1)
(1, 16, 1)
(1, 17, 1)
(1, 18, 1)
(1, 19, 1)
(1, 20, 1)
(1, 21, 1)
(1, 22, 1)
(1, 23, 1)
(1, 24, 1)
(1, 25, 1)
(1, 26, 1)
(1, 27, 1)
(1, 28, 1)
(1, 29, 1)
(1, 30, 1)
(1, 31, 1)
(1, 32, 1)
(1, 33, 1)
(1, 34, 1)
(1, 35, 1)
(1, 36, 1)
(1, 37, 1)
(1, 38, 1)
(1, 39, 1)

(2, 0, 5)
(2, 1, 4)
(2, 2, 2)
(2, 3, 2)
(2, 4, 2)
(2, 5, 2)
(2, 6, 2)
(2, 7, 1)
(2, 8, 1)
(2, 9, 1)
(2, 10, 1)
(2, 11, 1)
(2, 12, 1)
(2, 13, 1)
(2, 14, 1)
(2, 15, 1)
(2, 16, 1)
(2, 17, 1)
(2, 18, 1)
(2, 19, 1)
(2, 20, 1)
(2, 21, 1)
(2, 22, 1)
(2, 23, 1)
(2, 24, 1)
(2, 25, 1)
(2, 26, 1)
(2, 27, 1)
(2, 28, 1)
(2, 29, 1)
(2, 30, 1)
(2, 31, 1)
(2, 32, 1)
(2, 33, 1)
(2, 34, 1)
(2, 35, 1)
(2, 36, 1)
(2, 37, 1)
(2, 38, 1)
(2, 39, 1)

(3, 0, 5)
(3, 1, 4)
(3, 2, 2)
(3, 3, 2)
(3, 4, 2)
(3, 5, 2)
(3, 6, 2)
(3, 7, 1)
(3, 8, 1)
(3, 9, 1)
(3, 10, 1)
(3, 11, 1)
(3, 12, 1)
(3, 13, 1)
(3, 14, 1)
(3, 15, 1)
(3, 16, 1)
(3, 17, 1)
(3, 18, 1)
(3, 19, 1)
(3, 20, 1)
(3, 21, 1)
(3, 22, 1)
(3, 23, 1)
(3, 24, 1)
(3, 25, 1)
(3, 26, 1)
(3, 27, 1)
(3, 28, 1)
(3, 29, 1)
(3, 30, 1)
(3, 31, 1)
(3, 32, 1)
(3, 33, 1)
(3, 34, 1)
(3, 35, 1)
(3, 36, 1)
(3, 37, 1)
(3, 38, 1)
(3, 39, 1)

(4, 0, 5)
(4, 1, 4)
(4, 2, 2)
(4, 3, 2)
(4, 4, 2)
(4, 5, 2)
(4, 6, 2)
(4, 7, 1)
(4, 8, 1)
(4, 9, 1)
(4, 10, 1)
(4, 11, 1)
(4, 12, 1)
(4, 13, 1)
(4, 14, 1)
(4, 15, 1)
(4, 16, 1)
(4, 17, 1)
(4, 18, 1)
(4, 19, 1)
(4, 20, 1)
(4, 21, 1)
(4, 22, 1)
(4, 23, 1)
(4, 24, 1)
(4, 25, 1)
(4, 26, 1)
(4, 27, 1)
(4, 28, 1)
(4, 29, 1)
(4, 30, 1)
(4, 31, 1)
(4, 32, 1)
(4, 33, 1)
(4, 34, 1)
(4, 35, 1)
(4, 36, 1)
(4, 37, 1)
(4, 38, 1)
(4, 39, 1)

(5, 0, 7)
(5, 1, 6)
(5, 2, 3)
(5, 3, 3)
(5, 4, 3)
(5, 5, 3)
(5, 6, 3)
(5, 7, 1)
(5, 8, 1)
(5, 9, 1)
(5, 10, 1)
(5, 11, 1)
(5, 12, 1)
(5, 13, 1)
(5, 14, 1)
(5, 15, 1)
(5, 16, 1)
(5, 17, 1)
(5, 18, 1)
(5, 19, 1)
(5, 20, 1)
(5, 21, 1)
(5, 22, 1)
(5, 23, 1)
(5, 24, 1)
(5, 25, 1)
(5, 26, 1)
(5, 27, 1)
(5, 28, 1)
(5, 29, 1)
(5, 30, 1)
(5, 31, 1)
(5, 32, 1)
(5, 33, 1)
(5, 34, 1)
(5, 35, 1)
(5, 36, 1)
(5, 37, 1)
(5, 38, 1)
(5, 39, 1)

(6, 0, 8)
(6, 1, 7)
(6, 2, 4)
(6, 3, 4)
(6, 4, 4)
(6, 5, 4)
(6, 6, 4)
(6, 7, 2)
(6, 8, 1)
(6, 9, 1)
(6, 10, 1)
(6, 11, 1)
(6, 12, 1)
(6, 13, 1)
(6, 14, 1)
(6, 15, 1)
(6, 16, 1)
(6, 17, 1)
(6, 18, 1)
(6, 19, 1)
(6, 20, 1)
(6, 21, 1)
(6, 22, 1)
(6, 23, 1)
(6, 24, 1)
(6, 25, 1)
(6, 26, 1)
(6, 27, 1)
(6, 28, 1)
(6, 29, 1)
(6, 30, 1)
(6, 31, 1)
(6, 32, 1)
(6, 33, 1)
(6, 34, 1)
(6, 35, 1)
(6, 36, 1)
(6, 37, 1)
(6, 38, 1)
(6, 39, 1)

(7, 0, 8)
(7, 1, 7)
(7, 2, 4)
(7, 3, 4)
(7, 4, 4)
(7, 5, 4)
(7, 6, 4)
(7, 7, 2)
(7, 8, 1)
(7, 9, 1)
(7, 10, 1)
(7, 11, 1)
(7, 12, 1)
(7, 13, 1)
(7, 14, 1)
(7, 15, 1)
(7, 16, 1)
(7, 17, 1)
(7, 18, 1)
(7, 19, 1)
(7, 20, 1)
(7, 21, 1)
(7, 22, 1)
(7, 23, 1)
(7, 24, 1)
(7, 25, 1)
(7, 26, 1)
(7, 27, 1)
(7, 28, 1)
(7, 29, 1)
(7, 30, 1)
(7, 31, 1)
(7, 32, 1)
(7, 33, 1)
(7, 34, 1)
(7, 35, 1)
(7, 36, 1)
(7, 37, 1)
(7, 38, 1)
(7, 39, 1)

(8, 0, 8)
(8, 1, 7)
(8, 2, 4)
(8, 3, 4)
(8, 4, 4)
(8, 5, 4)
(8, 6, 4)
(8, 7, 2)
(8, 8, 1)
(8, 9, 1)
(8, 10, 1)
(8, 11, 1)
(8, 12, 1)
(8, 13, 1)
(8, 14, 1)
(8, 15, 1)
(8, 16, 1)
(8, 17, 1)
(8, 18, 1)
(8, 19, 1)
(8, 20, 1)
(8, 21, 1)
(8, 22, 1)
(8, 23, 1)
(8, 24, 1)
(8, 25, 1)
(8, 26, 1)
(8, 27, 1)
(8, 28, 1)
(8, 29, 1)
(8, 30, 1)
(8, 31, 1)
(8, 32, 1)
(8, 33, 1)
(8, 34, 1)
(8, 35, 1)
(8, 36, 1)
(8, 37, 1)
(8, 38, 1)
(8, 39, 1)

(9, 0, 8)
(9, 1, 7)
(9, 2, 4)
(9, 3, 4)
(9, 4, 4)
(9, 5, 4)
(9, 6, 4)
(9, 7, 2)
(9, 8, 1)
(9, 9, 1)
(9, 10, 1)
(9, 11, 1)
(9, 12, 1)
(9, 13, 1)
(9, 14, 1)
(9, 15, 1)
(9, 16, 1)
(9, 17, 1)
(9, 18, 1)
(9, 19, 1)
(9, 20, 1)
(9, 21, 1)
(9, 22, 1)
(9, 23, 1)
(9, 24, 1)
(9, 25, 1)
(9, 26, 1)
(9, 27, 1)
(9, 28, 1)
(9, 29, 1)
(9, 30, 1)
(9, 31, 1)
(9, 32, 1)
(9, 33, 1)
(9, 34, 1)
(9, 35, 1)
(9, 36, 1)
(9, 37, 1)
(9, 38, 1)
(9, 39, 1)

(10, 0, 11)
(10, 1, 10)
(10, 2, 5)
(10, 3, 5)
(10, 4, 5)
(10, 5, 5)
(10, 6, 5)
(10, 7, 3)
(10, 8, 2)
(10, 9, 2)
(10, 10, 2)
(10, 11, 2)
(10, 12, 2)
(10, 13, 2)
(10, 14, 2)
(10, 15, 2)
(10, 16, 2)
(10, 17, 2)
(10, 18, 2)
(10, 19, 2)
(10, 20, 2)
(10, 21, 2)
(10, 22, 2)
(10, 23, 2)
(10, 24, 2)
(10, 25, 2)
(10, 26, 2)
(10, 27, 2)
(10, 28, 2)
(10, 29, 2)
(10, 30, 2)
(10, 31, 2)
(10, 32, 2)
(10, 33, 2)
(10, 34, 2)
(10, 35, 2)
(10, 36, 2)
(10, 37, 2)
(10, 38, 2)
(10, 39, 2)

(11, 0, 14)
(11, 1, 13)
(11, 2, 6)
(11, 3, 6)
(11, 4, 6)
(11, 5, 6)
(11, 6, 6)
(11, 7, 4)
(11, 8, 3)
(11, 9, 3)
(11, 10, 3)
(11, 11, 3)
(11, 12, 3)
(11, 13, 3)
(11, 14, 3)
(11, 15, 3)
(11, 16, 3)
(11, 17, 3)
(11, 18, 3)
(11, 19, 3)
(11, 20, 3)
(11, 21, 3)
(11, 22, 3)
(11, 23, 3)
(11, 24, 3)
(11, 25, 3)
(11, 26, 3)
(11, 27, 3)
(11, 28, 3)
(11, 29, 3)
(11, 30, 3)
(11, 31, 3)
(11, 32, 3)
(11, 33, 3)
(11, 34, 3)
(11, 35, 3)
(11, 36, 3)
(11, 37, 3)
(11, 38, 3)
(11, 39, 3)

(12, 0, 16)
(12, 1, 15)
(12, 2, 8)
(12, 3, 8)
(12, 4, 8)
(12, 5, 7)
(12, 6, 7)
(12, 7, 4)
(12, 8, 3)
(12, 9, 3)
(12, 10, 3)
(12, 11, 3)
(12, 12, 3)
(12, 13, 3)
(12, 14, 3)
(12, 15, 3)
(12, 16, 3)
(12, 17, 3)
(12, 18, 3)
(12, 19, 3)
(12, 20, 3)
(12, 21, 3)
(12, 22, 3)
(12, 23, 3)
(12, 24, 3)
(12, 25, 3)
(12, 26, 3)
(12, 27, 3)
(12, 28, 3)
(12, 29, 3)
(12, 30, 3)
(12, 31, 3)
(12, 32, 3)
(12, 33, 3)
(12, 34, 3)
(12, 35, 3)
(12, 36, 3)
(12, 37, 3)
(12, 38, 3)
(12, 39, 3)

(13, 0, 20)
(13, 1, 19)
(13, 2, 11)
(13, 3, 11)
(13, 4, 11)
(13, 5, 10)
(13, 6, 10)
(13, 7, 7)
(13, 8, 4)
(13, 9, 4)
(13, 10, 3)
(13, 11, 3)
(13, 12, 3)
(13, 13, 3)
(13, 14, 3)
(13, 15, 3)
(13, 16, 3)
(13, 17, 3)
(13, 18, 3)
(13, 19, 3)
(13, 20, 3)
(13, 21, 3)
(13, 22, 3)
(13, 23, 3)
(13, 24, 3)
(13, 25, 3)
(13, 26, 3)
(13, 27, 3)
(13, 28, 3)
(13, 29, 3)
(13, 30, 3)
(13, 31, 3)
(13, 32, 3)
(13, 33, 3)
(13, 34, 3)
(13, 35, 3)
(13, 36, 3)
(13, 37, 3)
(13, 38, 3)
(13, 39, 3)

(14, 0, 26)
(14, 1, 24)
(14, 2, 14)
(14, 3, 14)
(14, 4, 14)
(14, 5, 13)
(14, 6, 13)
(14, 7, 8)
(14, 8, 4)
(14, 9, 4)
(14, 10, 3)
(14, 11, 3)
(14, 12, 3)
(14, 13, 3)
(14, 14, 3)
(14, 15, 3)
(14, 16, 3)
(14, 17, 3)
(14, 18, 3)
(14, 19, 3)
(14, 20, 3)
(14, 21, 3)
(14, 22, 3)
(14, 23, 3)
(14, 24, 3)
(14, 25, 3)
(14, 26, 3)
(14, 27, 3)
(14, 28, 3)
(14, 29, 3)
(14, 30, 3)
(14, 31, 3)
(14, 32, 3)
(14, 33, 3)
(14, 34, 3)
(14, 35, 3)
(14, 36, 3)
(14, 37, 3)
(14, 38, 3)
(14, 39, 3)

(15, 0, 26)
(15, 1, 24)
(15, 2, 14)
(15, 3, 14)
(15, 4, 14)
(15, 5, 13)
(15, 6, 13)
(15, 7, 8)
(15, 8, 4)
(15, 9, 4)
(15, 10, 3)
(15, 11, 3)
(15, 12, 3)
(15, 13, 3)
(15, 14, 3)
(15, 15, 3)
(15, 16, 3)
(15, 17, 3)
(15, 18, 3)
(15, 19, 3)
(15, 20, 3)
(15, 21, 3)
(15, 22, 3)
(15, 23, 3)
(15, 24, 3)
(15, 25, 3)
(15, 26, 3)
(15, 27, 3)
(15, 28, 3)
(15, 29, 3)
(15, 30, 3)
(15, 31, 3)
(15, 32, 3)
(15, 33, 3)
(15, 34, 3)
(15, 35, 3)
(15, 36, 3)
(15, 37, 3)
(15, 38, 3)
(15, 39, 3)

(16, 0, 26)
(16, 1, 24)
(16, 2, 14)
(16, 3, 14)
(16, 4, 14)
(16, 5, 13)
(16, 6, 13)
(16, 7, 8)
(16, 8, 4)
(16, 9, 4)
(16, 10, 3)
(16, 11, 3)
(16, 12, 3)
(16, 13, 3)
(16, 14, 3)
(16, 15, 3)
(16, 16, 3)
(16, 17, 3)
(16, 18, 3)
(16, 19, 3)
(16, 20, 3)
(16, 21, 3)
(16, 22, 3)
(16, 23, 3)
(16, 24, 3)
(16, 25, 3)
(16, 26, 3)
(16, 27, 3)
(16, 28, 3)
(16, 29, 3)
(16, 30, 3)
(16, 31, 3)
(16, 32, 3)
(16, 33, 3)
(16, 34, 3)
(16, 35, 3)
(16, 36, 3)
(16, 37, 3)
(16, 38, 3)
(16, 39, 3)

(17, 0, 29)
(17, 1, 27)
(17, 2, 16)
(17, 3, 16)
(17, 4, 16)
(17, 5, 15)
(17, 6, 15)
(17, 7, 9)
(17, 8, 4)
(17, 9, 4)
(17, 10, 3)
(17, 11, 3)
(17, 12, 3)
(17, 13, 3)
(17, 14, 3)
(17, 15, 3)
(17, 16, 3)
(17, 17, 3)
(17, 18, 3)
(17, 19, 3)
(17, 20, 3)
(17, 21, 3)
(17, 22, 3)
(17, 23, 3)
(17, 24, 3)
(17, 25, 3)
(17, 26, 3)
(17, 27, 3)
(17, 28, 3)
(17, 29, 3)
(17, 30, 3)
(17, 31, 3)
(17, 32, 3)
(17, 33, 3)
(17, 34, 3)
(17, 35, 3)
(17, 36, 3)
(17, 37, 3)
(17, 38, 3)
(17, 39, 3)

(18, 0, 30)
(18, 1, 28)
(18, 2, 17)
(18, 3, 17)
(18, 4, 17)
(18, 5, 16)
(18, 6, 16)
(18, 7, 10)
(18, 8, 5)
(18, 9, 5)
(18, 10, 4)
(18, 11, 4)
(18, 12, 4)
(18, 13, 4)
(18, 14, 4)
(18, 15, 4)
(18, 16, 4)
(18, 17, 4)
(18, 18, 4)
(18, 19, 4)
(18, 20, 4)
(18, 21, 4)
(18, 22, 4)
(18, 23, 4)
(18, 24, 4)
(18, 25, 4)
(18, 26, 4)
(18, 27, 4)
(18, 28, 4)
(18, 29, 4)
(18, 30, 4)
(18, 31, 4)
(18, 32, 4)
(18, 33, 4)
(18, 34, 4)
(18, 35, 4)
(18, 36, 3)
(18, 37, 3)
(18, 38, 3)
(18, 39, 3)

(19, 0, 32)
(19, 1, 29)
(19, 2, 18)
(19, 3, 18)
(19, 4, 18)
(19, 5, 17)
(19, 6, 17)
(19, 7, 11)
(19, 8, 6)
(19, 9, 6)
(19, 10, 5)
(19, 11, 4)
(19, 12, 4)
(19, 13, 4)
(19, 14, 4)
(19, 15, 4)
(19, 16, 4)
(19, 17, 4)
(19, 18, 4)
(19, 19, 4)
(19, 20, 4)
(19, 21, 4)
(19, 22, 4)
(19, 23, 4)
(19, 24, 4)
(19, 25, 4)
(19, 26, 4)
(19, 27, 4)
(19, 28, 4)
(19, 29, 4)
(19, 30, 4)
(19, 31, 4)
(19, 32, 4)
(19, 33, 4)
(19, 34, 4)
(19, 35, 4)
(19, 36, 3)
(19, 37, 3)
(19, 38, 3)
(19, 39, 3)

(20, 0, 40)
(20, 1, 37)
(20, 2, 26)
(20, 3, 26)
(20, 4, 22)
(20, 5, 21)
(20, 6, 21)
(20, 7, 15)
(20, 8, 10)
(20, 9, 7)
(20, 10, 6)
(20, 11, 5)
(20, 12, 5)
(20, 13, 5)
(20, 14, 5)
(20, 15, 5)
(20, 16, 5)
(20, 17, 5)
(20, 18, 5)
(20, 19, 5)
(20, 20, 5)
(20, 21, 5)
(20, 22, 5)
(20, 23, 5)
(20, 24, 5)
(20, 25, 5)
(20, 26, 5)
(20, 27, 5)
(20, 28, 4)
(20, 29, 4)
(20, 30, 4)
(20, 31, 4)
(20, 32, 4)
(20, 33, 4)
(20, 34, 4)
(20, 35, 4)
(20, 36, 3)
(20, 37, 3)
(20, 38, 3)
(20, 39, 3)

(21, 0, 47)
(21, 1, 44)
(21, 2, 33)
(21, 3, 31)
(21, 4, 25)
(21, 5, 24)
(21, 6, 24)
(21, 7, 18)
(21, 8, 12)
(21, 9, 7)
(21, 10, 6)
(21, 11, 5)
(21, 12, 5)
(21, 13, 5)
(21, 14, 5)
(21, 15, 5)
(21, 16, 5)
(21, 17, 5)
(21, 18, 5)
(21, 19, 5)
(21, 20, 5)
(21, 21, 5)
(21, 22, 5)
(21, 23, 5)
(21, 24, 5)
(21, 25, 5)
(21, 26, 5)
(21, 27, 5)
(21, 28, 4)
(21, 29, 4)
(21, 30, 4)
(21, 31, 4)
(21, 32, 4)
(21, 33, 4)
(21, 34, 4)
(21, 35, 4)
(21, 36, 3)
(21, 37, 3)
(21, 38, 3)
(21, 39, 3)

(22, 0, 54)
(22, 1, 51)
(22, 2, 40)
(22, 3, 34)
(22, 4, 26)
(22, 5, 25)
(22, 6, 25)
(22, 7, 19)
(22, 8, 9)
(22, 9, 7)
(22, 10, 6)
(22, 11, 5)
(22, 12, 5)
(22, 13, 5)
(22, 14, 5)
(22, 15, 5)
(22, 16, 5)
(22, 17, 5)
(22, 18, 5)
(22, 19, 5)
(22, 20, 5)
(22, 21, 5)
(22, 22, 5)
(22, 23, 5)
(22, 24, 5)
(22, 25, 5)
(22, 26, 5)
(22, 27, 5)
(22, 28, 4)
(22, 29, 4)
(22, 30, 4)
(22, 31, 4)
(22, 32, 4)
(22, 33, 4)
(22, 34, 4)
(22, 35, 4)
(22, 36, 3)
(22, 37, 3)
(22, 38, 3)
(22, 39, 3)

(23, 0, 59)
(23, 1, 56)
(23, 2, 45)
(23, 3, 37)
(23, 4, 28)
(23, 5, 27)
(23, 6, 27)
(23, 7, 21)
(23, 8, 9)
(23, 9, 7)
(23, 10, 6)
(23, 11, 5)
(23, 12, 5)
(23, 13, 5)
(23, 14, 5)
(23, 15, 5)
(23, 16, 5)
(23, 17, 5)
(23, 18, 5)
(23, 19, 5)
(23, 20, 5)
(23, 21, 5)
(23, 22, 5)
(23, 23, 5)
(23, 24, 5)
(23, 25, 5)
(23, 26, 5)
(23, 27, 5)
(23, 28, 4)
(23, 29, 4)
(23, 30, 4)
(23, 31, 4)
(23, 32, 4)
(23, 33, 4)
(23, 34, 4)
(23, 35, 4)
(23, 36, 3)
(23, 37, 3)
(23, 38, 3)
(23, 39, 3)

(24, 0, 69)
(24, 1, 65)
(24, 2, 54)
(24, 3, 45)
(24, 4, 35)
(24, 5, 34)
(24, 6, 32)
(24, 7, 26)
(24, 8, 13)
(24, 9, 11)
(24, 10, 10)
(24, 11, 8)
(24, 12, 8)
(24, 13, 8)
(24, 14, 8)
(24, 15, 8)
(24, 16, 8)
(24, 17, 7)
(24, 18, 7)
(24, 19, 7)
(24, 20, 7)
(24, 21, 7)
(24, 22, 7)
(24, 23, 6)
(24, 24, 6)
(24, 25, 5)
(24, 26, 5)
(24, 27, 5)
(24, 28, 4)
(24, 29, 4)
(24, 30, 4)
(24, 31, 3)
(24, 32, 3)
(24, 33, 3)
(24, 34, 3)
(24, 35, 3)
(24, 36, 2)
(24, 37, 2)
(24, 38, 2)
(24, 39, 2)

(25, 0, 84)
(25, 1, 80)
(25, 2, 69)
(25, 3, 59)
(25, 4, 40)
(25, 5, 38)
(25, 6, 35)
(25, 7, 27)
(25, 8, 13)
(25, 9, 11)
(25, 10, 10)
(25, 11, 8)
(25, 12, 7)
(25, 13, 7)
(25, 14, 7)
(25, 15, 7)
(25, 16, 7)
(25, 17, 6)
(25, 18, 6)
(25, 19, 6)
(25, 20, 5)
(25, 21, 5)
(25, 22, 5)
(25, 23, 5)
(25, 24, 5)
(25, 25, 5)
(25, 26, 5)
(25, 27, 5)
(25, 28, 4)
(25, 29, 4)
(25, 30, 4)
(25, 31, 3)
(25, 32, 3)
(25, 33, 3)
(25, 34, 3)
(25, 35, 3)
(25, 36, 2)
(25, 37, 2)
(25, 38, 2)
(25, 39, 2)

(26, 0, 99)
(26, 1, 89)
(26, 2, 78)
(26, 3, 66)
(26, 4, 45)
(26, 5, 41)
(26, 6, 38)
(26, 7, 29)
(26, 8, 13)
(26, 9, 12)
(26, 10, 11)
(26, 11, 9)
(26, 12, 8)
(26, 13, 8)
(26, 14, 8)
(26, 15, 8)
(26, 16, 8)
(26, 17, 7)
(26, 18, 7)
(26, 19, 7)
(26, 20, 6)
(26, 21, 6)
(26, 22, 6)
(26, 23, 6)
(26, 24, 6)
(26, 25, 6)
(26, 26, 6)
(26, 27, 6)
(26, 28, 5)
(26, 29, 5)
(26, 30, 5)
(26, 31, 4)
(26, 32, 4)
(26, 33, 4)
(26, 34, 4)
(26, 35, 4)
(26, 36, 2)
(26, 37, 2)
(26, 38, 2)
(26, 39, 1)

(27, 0, 117)
(27, 1, 102)
(27, 2, 86)
(27, 3, 73)
(27, 4, 49)
(27, 5, 43)
(27, 6, 41)
(27, 7, 32)
(27, 8, 16)
(27, 9, 13)
(27, 10, 12)
(27, 11, 9)
(27, 12, 8)
(27, 13, 8)
(27, 14, 8)
(27, 15, 8)
(27, 16, 8)
(27, 17, 7)
(27, 18, 7)
(27, 19, 7)
(27, 20, 6)
(27, 21, 6)
(27, 22, 6)
(27, 23, 6)
(27, 24, 6)
(27, 25, 6)
(27, 26, 6)
(27, 27, 6)
(27, 28, 4)
(27, 29, 4)
(27, 30, 4)
(27, 31, 3)
(27, 32, 3)
(27, 33, 3)
(27, 34, 3)
(27, 35, 3)
(27, 36, 1)
(27, 37, 1)
(27, 38, 1)
(27, 39, 1)

(28, 0, 148)
(28, 1, 124)
(28, 2, 100)
(28, 3, 85)
(28, 4, 59)
(28, 5, 49)
(28, 6, 46)
(28, 7, 37)
(28, 8, 18)
(28, 9, 17)
(28, 10, 16)
(28, 11, 12)
(28, 12, 11)
(28, 13, 11)
(28, 14, 11)
(28, 15, 11)
(28, 16, 10)
(28, 17, 7)
(28, 18, 7)
(28, 19, 6)
(28, 20, 5)
(28, 21, 5)
(28, 22, 5)
(28, 23, 5)
(28, 24, 4)
(28, 25, 4)
(28, 26, 4)
(28, 27, 4)
(28, 28, 3)
(28, 29, 3)
(28, 30, 3)
(28, 31, 3)
(28, 32, 3)
(28, 33, 3)
(28, 34, 3)
(28, 35, 3)
(28, 36, 1)
(28, 37, 1)
(28, 38, 1)
(28, 39, 1)

(29, 0, 184)
(29, 1, 150)
(29, 2, 116)
(29, 3, 97)
(29, 4, 69)
(29, 5, 55)
(29, 6, 50)
(29, 7, 41)
(29, 8, 20)
(29, 9, 19)
(29, 10, 18)
(29, 11, 14)
(29, 12, 13)
(29, 13, 12)
(29, 14, 12)
(29, 15, 11)
(29, 16, 10)
(29, 17, 7)
(29, 18, 7)
(29, 19, 7)
(29, 20, 6)
(29, 21, 6)
(29, 22, 6)
(29, 23, 6)
(29, 24, 6)
(29, 25, 6)
(29, 26, 6)
(29, 27, 6)
(29, 28, 5)
(29, 29, 4)
(29, 30, 4)
(29, 31, 4)
(29, 32, 4)
(29, 33, 4)
(29, 34, 4)
(29, 35, 4)
(29, 36, 2)
(29, 37, 2)
(29, 38, 2)
(29, 39, 2)

(30, 0, 207)
(30, 1, 169)
(30, 2, 128)
(30, 3, 109)
(30, 4, 80)
(30, 5, 60)
(30, 6, 55)
(30, 7, 44)
(30, 8, 20)
(30, 9, 19)
(30, 10, 17)
(30, 11, 13)
(30, 12, 11)
(30, 13, 10)
(30, 14, 10)
(30, 15, 9)
(30, 16, 9)
(30, 17, 6)
(30, 18, 6)
(30, 19, 6)
(30, 20, 5)
(30, 21, 5)
(30, 22, 5)
(30, 23, 5)
(30, 24, 5)
(30, 25, 5)
(30, 26, 5)
(30, 27, 5)
(30, 28, 4)
(30, 29, 4)
(30, 30, 4)
(30, 31, 4)
(30, 32, 4)
(30, 33, 4)
(30, 34, 4)
(30, 35, 4)
(30, 36, 2)
(30, 37, 2)
(30, 38, 2)
(30, 39, 2)

(31, 0, 228)
(31, 1, 183)
(31, 2, 136)
(31, 3, 116)
(31, 4, 85)
(31, 5, 63)
(31, 6, 58)
(31, 7, 46)
(31, 8, 21)
(31, 9, 20)
(31, 10, 17)
(31, 11, 13)
(31, 12, 10)
(31, 13, 10)
(31, 14, 10)
(31, 15, 9)
(31, 16, 9)
(31, 17, 6)
(31, 18, 6)
(31, 19, 6)
(31, 20, 5)
(31, 21, 5)
(31, 22, 5)
(31, 23, 5)
(31, 24, 5)
(31, 25, 5)
(31, 26, 5)
(31, 27, 5)
(31, 28, 4)
(31, 29, 4)
(31, 30, 4)
(31, 31, 4)
(31, 32, 4)
(31, 33, 4)
(31, 34, 4)
(31, 35, 4)
(31, 36, 2)
(31, 37, 2)
(31, 38, 2)
(31, 39, 2)

(32, 0, 243)
(32, 1, 194)
(32, 2, 141)
(32, 3, 121)
(32, 4, 89)
(32, 5, 65)
(32, 6, 60)
(32, 7, 47)
(32, 8, 22)
(32, 9, 20)
(32, 10, 17)
(32, 11, 13)
(32, 12, 10)
(32, 13, 10)
(32, 14, 10)
(32, 15, 9)
(32, 16, 9)
(32, 17, 6)
(32, 18, 6)
(32, 19, 6)
(32, 20, 5)
(32, 21, 5)
(32, 22, 5)
(32, 23, 5)
(32, 24, 5)
(32, 25, 5)
(32, 26, 5)
(32, 27, 5)
(32, 28, 4)
(32, 29, 4)
(32, 30, 4)
(32, 31, 4)
(32, 32, 4)
(32, 33, 4)
(32, 34, 4)
(32, 35, 4)
(32, 36, 2)
(32, 37, 2)
(32, 38, 2)
(32, 39, 2)

(33, 0, 264)
(33, 1, 210)
(33, 2, 149)
(33, 3, 128)
(33, 4, 94)
(33, 5, 67)
(33, 6, 62)
(33, 7, 49)
(33, 8, 23)
(33, 9, 22)
(33, 10, 19)
(33, 11, 15)
(33, 12, 11)
(33, 13, 11)
(33, 14, 11)
(33, 15, 10)
(33, 16, 10)
(33, 17, 7)
(33, 18, 7)
(33, 19, 7)
(33, 20, 5)
(33, 21, 5)
(33, 22, 5)
(33, 23, 5)
(33, 24, 5)
(33, 25, 5)
(33, 26, 5)
(33, 27, 5)
(33, 28, 4)
(33, 29, 4)
(33, 30, 4)
(33, 31, 3)
(33, 32, 3)
(33, 33, 3)
(33, 34, 3)
(33, 35, 3)
(33, 36, 1)
(33, 37, 1)
(33, 38, 1)
(33, 39, 1)

(34, 0, 279)
(34, 1, 221)
(34, 2, 157)
(34, 3, 133)
(34, 4, 99)
(34, 5, 72)
(34, 6, 66)
(34, 7, 52)
(34, 8, 25)
(34, 9, 23)
(34, 10, 20)
(34, 11, 15)
(34, 12, 11)
(34, 13, 11)
(34, 14, 11)
(34, 15, 9)
(34, 16, 9)
(34, 17, 6)
(34, 18, 6)
(34, 19, 6)
(34, 20, 5)
(34, 21, 5)
(34, 22, 5)
(34, 23, 5)
(34, 24, 5)
(34, 25, 5)
(34, 26, 5)
(34, 27, 5)
(34, 28, 4)
(34, 29, 4)
(34, 30, 4)
(34, 31, 3)
(34, 32, 3)
(34, 33, 3)
(34, 34, 3)
(34, 35, 3)
(34, 36, 1)
(34, 37, 1)
(34, 38, 1)
(34, 39, 1)

(35, 0, 282)
(35, 1, 224)
(35, 2, 160)
(35, 3, 135)
(35, 4, 99)
(35, 5, 72)
(35, 6, 66)
(35, 7, 52)
(35, 8, 24)
(35, 9, 23)
(35, 10, 20)
(35, 11, 15)
(35, 12, 11)
(35, 13, 11)
(35, 14, 11)
(35, 15, 9)
(35, 16, 9)
(35, 17, 6)
(35, 18, 6)
(35, 19, 6)
(35, 20, 5)
(35, 21, 5)
(35, 22, 5)
(35, 23, 5)
(35, 24, 5)
(35, 25, 5)
(35, 26, 5)
(35, 27, 5)
(35, 28, 4)
(35, 29, 4)
(35, 30, 4)
(35, 31, 3)
(35, 32, 3)
(35, 33, 3)
(35, 34, 3)
(35, 35, 3)
(35, 36, 1)
(35, 37, 1)
(35, 38, 1)
(35, 39, 1)

(36, 0, 284)
(36, 1, 226)
(36, 2, 162)
(36, 3, 136)
(36, 4, 100)
(36, 5, 73)
(36, 6, 67)
(36, 7, 53)
(36, 8, 24)
(36, 9, 23)
(36, 10, 20)
(36, 11, 15)
(36, 12, 11)
(36, 13, 11)
(36, 14, 11)
(36, 15, 9)
(36, 16, 9)
(36, 17, 6)
(36, 18, 6)
(36, 19, 6)
(36, 20, 5)
(36, 21, 5)
(36, 22, 5)
(36, 23, 5)
(36, 24, 5)
(36, 25, 5)
(36, 26, 5)
(36, 27, 5)
(36, 28, 4)
(36, 29, 4)
(36, 30, 4)
(36, 31, 3)
(36, 32, 3)
(36, 33, 3)
(36, 34, 3)
(36, 35, 3)
(36, 36, 1)
(36, 37, 1)
(36, 38, 1)
(36, 39, 1)

(37, 0, 288)
(37, 1, 230)
(37, 2, 166)
(37, 3, 139)
(37, 4, 101)
(37, 5, 74)
(37, 6, 68)
(37, 7, 54)
(37, 8, 24)
(37, 9, 23)
(37, 10, 20)
(37, 11, 15)
(37, 12, 11)
(37, 13, 11)
(37, 14, 11)
(37, 15, 9)
(37, 16, 9)
(37, 17, 6)
(37, 18, 6)
(37, 19, 6)
(37, 20, 5)
(37, 21, 5)
(37, 22, 5)
(37, 23, 5)
(37, 24, 5)
(37, 25, 5)
(37, 26, 5)
(37, 27, 5)
(37, 28, 4)
(37, 29, 3)
(37, 30, 3)
(37, 31, 3)
(37, 32, 3)
(37, 33, 3)
(37, 34, 3)
(37, 35, 3)
(37, 36, 1)
(37, 37, 1)
(37, 38, 1)
(37, 39, 1)

(38, 0, 290)
(38, 1, 232)
(38, 2, 168)
(38, 3, 140)
(38, 4, 102)
(38, 5, 75)
(38, 6, 69)
(38, 7, 55)
(38, 8, 24)
(38, 9, 23)
(38, 10, 20)
(38, 11, 15)
(38, 12, 11)
(38, 13, 11)
(38, 14, 11)
(38, 15, 9)
(38, 16, 9)
(38, 17, 6)
(38, 18, 6)
(38, 19, 6)
(38, 20, 5)
(38, 21, 5)
(38, 22, 5)
(38, 23, 5)
(38, 24, 5)
(38, 25, 5)
(38, 26, 5)
(38, 27, 5)
(38, 28, 4)
(38, 29, 3)
(38, 30, 3)
(38, 31, 3)
(38, 32, 3)
(38, 33, 3)
(38, 34, 3)
(38, 35, 3)
(38, 36, 1)
(38, 37, 1)
(38, 38, 1)
(38, 39, 1)

(39, 0, 293)
(39, 1, 234)
(39, 2, 170)
(39, 3, 141)
(39, 4, 102)
(39, 5, 75)
(39, 6, 69)
(39, 7, 55)
(39, 8, 23)
(39, 9, 23)
(39, 10, 20)
(39, 11, 15)
(39, 12, 11)
(39, 13, 11)
(39, 14, 11)
(39, 15, 9)
(39, 16, 9)
(39, 17, 6)
(39, 18, 6)
(39, 19, 6)
(39, 20, 5)
(39, 21, 5)
(39, 22, 5)
(39, 23, 5)
(39, 24, 5)
(39, 25, 5)
(39, 26, 5)
(39, 27, 5)
(39, 28, 3)
(39, 29, 3)
(39, 30, 3)
(39, 31, 3)
(39, 32, 3)
(39, 33, 3)
(39, 34, 3)
(39, 35, 3)
(39, 36, 1)
(39, 37, 1)
(39, 38, 1)
(39, 39, 1)


Betti numbers:
xi_0:
(0, 0, 3)
(2, 0, 2)
(5, 0, 2)
(6, 0, 1)
(10, 0, 3)
(11, 0, 3)
(12, 0, 2)
(13, 0, 4)
(14, 0, 6)
(17, 0, 3)
(18, 0, 1)
(19, 0, 2)
(20, 0, 8)
(21, 0, 7)
(22, 0, 7)
(23, 0, 5)
(24, 0, 10)
(25, 0, 15)
(26, 0, 15)
(27, 0, 18)
(28, 0, 31)
(29, 0, 36)
(30, 0, 23)
(31, 0, 21)
(32, 0, 15)
(33, 0, 21)
(34, 0, 15)
(35, 0, 3)
(36, 0, 2)
(37, 0, 4)
(38, 0, 2)
(39, 0, 3)
xi_1:
(0, 2, 2)
(2, 1, 1)
(2, 7, 1)
(5, 2, 1)
(5, 7, 1)
(6, 8, 1)
(10, 2, 2)
(11, 2, 2)
(12, 5, 1)
(12, 7, 1)
(13, 2, 1)
(13, 8, 2)
(13, 10, 1)
(14, 1, 1)
(14, 2, 2)
(14, 7, 2)
(14, 8, 1)
(17, 2, 1)
(17, 7, 1)
(17, 8, 1)
(18, 36, 1)
(19, 1, 1)
(19, 11, 1)
(20, 4, 4)
(20, 9, 3)
(20, 28, 1)
(21, 3, 2)
(21, 4, 2)
(21, 8, 1)
(21, 9, 3)
(22, 3, 4)
(22, 4, 2)
(22, 8, 4)
(22, 9, 1)
(23, 3, 2)
(23, 4, 1)
(23, 8, 2)
(23, 9, 2)
(24, 1, 1)
(24, 3, 1)
(24, 4, 1)
(24, 6, 2)
(24, 8, 1)
(24, 9, 1)
(24, 11, 1)
(24, 17, 1)
(24, 23, 1)
(24, 25, 1)
(24, 31, 1)
(25, 3, 1)
(25, 4, 9)
(25, 5, 1)
(25, 6, 3)
(25, 7, 2)
(25, 8, 1)
(25, 9, 1)
(25, 12, 1)
(25, 20, 1)
(26, 1, 6)
(26, 3, 2)
(26, 4, 2)
(26, 5, 2)
(26, 6, 1)
(26, 7, 1)
(26, 8, 2)
(26, 9, 1)
(26, 36, 1)
(26, 39, 1)
(27, 1, 5)
(27, 2, 5)
(27, 3, 1)
(27, 4, 3)
(27, 5, 2)
(27, 9, 2)
(27, 11, 1)
(27, 28, 1)
(28, 1, 9)
(28, 2, 8)
(28, 3, 2)
(28, 4, 2)
(28, 5, 4)
(28, 6, 1)
(28, 8, 3)
(28, 9, 1)
(28, 11, 1)
(28, 16, 1)
(28, 17, 2)
(28, 19, 1)
(28, 24, 1)
(29, 1, 10)
(29, 2, 10)
(29, 3, 4)
(29, 4, 2)
(29, 5, 4)
(29, 6, 2)
(29, 8, 2)
(29, 9, 1)
(29, 13, 1)
(29, 15, 1)
(29, 16, 1)
(29, 29, 1)
(30, 1, 4)
(30, 2, 7)
(30, 3, 1)
(30, 4, 1)
(30, 5, 6)
(30, 7, 2)
(30, 8, 3)
(30, 9, 1)
(30, 10, 1)
(30, 12, 1)
(31, 1, 7)
(31, 2, 6)
(31, 3, 1)
(31, 4, 2)
(31, 5, 2)
(31, 7, 1)
(31, 8, 1)
(31, 9, 1)
(31, 10, 1)
(31, 12, 1)
(32, 1, 4)
(32, 2, 6)
(32, 4, 1)
(32, 5, 2)
(32, 7, 1)
(32, 9, 1)
(33, 1, 5)
(33, 2, 8)
(33, 3, 1)
(33, 4, 2)
(33, 5, 3)
(33, 8, 1)
(33, 12, 1)
(33, 20, 1)
(33, 31, 1)
(34, 1, 4)
(34, 2, 3)
(34, 3, 3)
(34, 6, 1)
(34, 7, 1)
(34, 8, 1)
(34, 9, 2)
(34, 11, 1)
(34, 15, 1)
(35, 3, 1)
(35, 4, 2)
(35, 8, 1)
(36, 3, 1)
(36, 8, 1)
(36, 9, 1)
(37, 3, 1)
(37, 4, 2)
(37, 8, 1)
(37, 9, 1)
(37, 29, 1)
(38, 3, 1)
(38, 8, 1)
(38, 9, 1)
(39, 1, 1)
(39, 3, 1)
(39, 4, 1)
(39, 8, 1)
(39, 28, 1)
xi_2:
(21, 9, 1)
(22, 9, 4)
(23, 9, 2)
(24, 9, 1)
(25, 6, 2)
(25, 9, 1)
(25, 23, 1)
(25, 25, 1)
(26, 6, 1)
(26, 9, 2)
(27, 6, 1)
(27, 39, 1)
(28, 9, 3)
(28, 28, 1)
(28, 31, 1)
(29, 9, 1)
(29, 16, 1)
(29, 19, 1)
(29, 24, 1)
(30, 3, 1)
(30, 9, 1)
(30, 16, 1)
(30, 29, 1)
(31, 9, 1)
(31, 13, 1)
(33, 9, 1)
(34, 9, 1)
(34, 20, 1)
(35, 9, 1)
(36, 9, 1)
(37, 9, 1)
(37, 31, 1)
(38, 9, 1)
(39, 9, 1)
(39, 29, 1)
