x-grades
-1831635875445240541/40000000000000000
-896185826498963341/20000000000000000
-1753107430550612823/40000000000000000
-428460802025824741/10000000000000000
-334915797131197021/8000000000000000
-817657381604335623/20000000000000000
-1596050540761357387/40000000000000000
-194598289789255441/5000000000000000
-1517522095866729669/40000000000000000
-147825787341941581/4000000000000000
-1438993650972101951/40000000000000000
-349932357131197023/10000000000000000
-1360465206077474233/40000000000000000
-660600491815080187/20000000000000000
-256387352236569303/8000000000000000
-77667033670970791/2500000000000000
-1203408316288218797/40000000000000000
-582072046920452469/20000000000000000
-1124879871393591079/40000000000000000
-54280782447313861/2000000000000000
-1046351426498963361/40000000000000000
-503543602025824751/20000000000000000
-967822981604335643/40000000000000000
-116069844894627723/5000000000000000
-35571781468388317/1600000000000000
-425015157131197033/20000000000000000
-810766091815080207/40000000000000000
-192875467341941587/10000000000000000
-732237646920452489/40000000000000000
-69297342447313863/4000000000000000
-653709202025824771/40000000000000000
-9600702805914233/625000000000000
-575180757131197053/40000000000000000
-267958267341941597/20000000000000000
-99330462447313867/8000000000000000
-114347022447313869/10000000000000000
-418123867341941617/40000000000000000
-189429822447313879/20000000000000000
-339595422447313899/40000000000000000
-7508280000000001/1000000000000000

y-grades
9997599/4000000
9997599/2000000
29992797/4000000
9997599/1000000
9997599/800000
29992797/2000000
69983193/4000000
9997599/500000
89978391/4000000
9997599/400000
109973589/4000000
29992797/1000000
129968787/4000000
69983193/2000000
29992797/800000
9997599/250000
169959183/4000000
89978391/2000000
189954381/4000000
9997599/200000
209949579/4000000
109973589/2000000
229944777/4000000
29992797/500000
9997599/160000
129968787/2000000
269935173/4000000
69983193/1000000
289930371/4000000
29992797/400000
309925569/4000000
9997599/125000
329920767/4000000
169959183/2000000
69983193/800000
89978391/1000000
369911163/4000000
189954381/2000000
389906361/4000000
9997599/100000

Dimensions > 0:
(0, 0, 27)
(0, 1, 27)
(0, 2, 3)
(0, 3, 3)
(0, 4, 3)
(0, 5, 3)
(0, 6, 3)
(0, 7, 3)
(0, 8, 3)
(0, 9, 2)
(0, 10, 2)
(0, 11, 2)
(0, 12, 2)
(0, 13, 2)
(0, 14, 2)
(0, 15, 2)
(0, 16, 2)
(0, 17, 1)
(0, 18, 1)
(0, 19, 1)
(0, 20, 1)
(0, 21, 1)
(0, 22, 1)
(0, 23, 1)
(0, 24, 1)
(0, 25, 1)
(0, 26, 1)
(0, 27, 1)
(0, 28, 1)
(0, 29, 1)
(0, 30, 1)
(0, 31, 1)
(0, 32, 1)
(0, 33, 1)
(0, 34, 1)
(0, 35, 1)
(0, 36, 1)
(0, 37, 1)
(0, 38, 1)
(0, 39, 1)

(1, 0, 41)
(1, 1, 41)
(1, 2, 17)
(1, 3, 5)
(1, 4, 5)
(1, 5, 5)
(1, 6, 5)
(1, 7, 5)
(1, 8, 5)
(1, 9, 4)
(1, 10, 4)
(1, 11, 4)
(1, 12, 4)
(1, 13, 4)
(1, 14, 4)
(1, 15, 4)
(1, 16, 4)
(1, 17, 2)
(1, 18, 2)
(1, 19, 2)
(1, 20, 2)
(1, 21, 2)
(1, 22, 2)
(1, 23, 2)
(1, 24, 2)
(1, 25, 2)
(1, 26, 2)
(1, 27, 2)
(1, 28, 2)
(1, 29, 2)
(1, 30, 2)
(1, 31, 2)
(1, 32, 2)
(1, 33, 2)
(1, 34, 2)
(1, 35, 2)
(1, 36, 2)
(1, 37, 2)
(1, 38, 2)
(1, 39, 2)

(2, 0, 52)
(2, 1, 52)
(2, 2, 28)
(2, 3, 6)
(2, 4, 6)
(2, 5, 6)
(2, 6, 6)
(2, 7, 6)
(2, 8, 6)
(2, 9, 5)
(2, 10, 5)
(2, 11, 5)
(2, 12, 5)
(2, 13, 5)
(2, 14, 5)
(2, 15, 5)
(2, 16, 5)
(2, 17, 3)
(2, 18, 2)
(2, 19, 2)
(2, 20, 2)
(2, 21, 2)
(2, 22, 2)
(2, 23, 2)
(2, 24, 2)
(2, 25, 2)
(2, 26, 2)
(2, 27, 2)
(2, 28, 2)
(2, 29, 2)
(2, 30, 2)
(2, 31, 2)
(2, 32, 2)
(2, 33, 2)
(2, 34, 2)
(2, 35, 2)
(2, 36, 2)
(2, 37, 2)
(2, 38, 2)
(2, 39, 2)

(3, 0, 54)
(3, 1, 54)
(3, 2, 30)
(3, 3, 6)
(3, 4, 6)
(3, 5, 6)
(3, 6, 6)
(3, 7, 6)
(3, 8, 6)
(3, 9, 5)
(3, 10, 5)
(3, 11, 5)
(3, 12, 5)
(3, 13, 5)
(3, 14, 5)
(3, 15, 5)
(3, 16, 5)
(3, 17, 3)
(3, 18, 2)
(3, 19, 2)
(3, 20, 2)
(3, 21, 2)
(3, 22, 2)
(3, 23, 2)
(3, 24, 2)
(3, 25, 2)
(3, 26, 2)
(3, 27, 2)
(3, 28, 2)
(3, 29, 2)
(3, 30, 2)
(3, 31, 2)
(3, 32, 2)
(3, 33, 2)
(3, 34, 2)
(3, 35, 2)
(3, 36, 2)
(3, 37, 2)
(3, 38, 2)
(3, 39, 2)

(4, 0, 54)
(4, 1, 54)
(4, 2, 30)
(4, 3, 6)
(4, 4, 6)
(4, 5, 6)
(4, 6, 6)
(4, 7, 6)
(4, 8, 6)
(4, 9, 5)
(4, 10, 5)
(4, 11, 5)
(4, 12, 5)
(4, 13, 5)
(4, 14, 5)
(4, 15, 5)
(4, 16, 5)
(4, 17, 3)
(4, 18, 2)
(4, 19, 2)
(4, 20, 2)
(4, 21, 2)
(4, 22, 2)
(4, 23, 2)
(4, 24, 2)
(4, 25, 2)
(4, 26, 2)
(4, 27, 2)
(4, 28, 2)
(4, 29, 2)
(4, 30, 2)
(4, 31, 2)
(4, 32, 2)
(4, 33, 2)
(4, 34, 2)
(4, 35, 2)
(4, 36, 2)
(4, 37, 2)
(4, 38, 2)
(4, 39, 2)

(5, 0, 54)
(5, 1, 54)
(5, 2, 30)
(5, 3, 6)
(5, 4, 6)
(5, 5, 6)
(5, 6, 6)
(5, 7, 6)
(5, 8, 6)
(5, 9, 5)
(5, 10, 5)
(5, 11, 5)
(5, 12, 5)
(5, 13, 5)
(5, 14, 5)
(5, 15, 5)
(5, 16, 5)
(5, 17, 3)
(5, 18, 2)
(5, 19, 2)
(5, 20, 2)
(5, 21, 2)
(5, 22, 2)
(5, 23, 2)
(5, 24, 2)
(5, 25, 2)
(5, 26, 2)
(5, 27, 2)
(5, 28, 2)
(5, 29, 2)
(5, 30, 2)
(5, 31, 2)
(5, 32, 2)
(5, 33, 2)
(5, 34, 2)
(5, 35, 2)
(5, 36, 2)
(5, 37, 2)
(5, 38, 2)
(5, 39, 2)

(6, 0, 54)
(6, 1, 54)
(6, 2, 30)
(6, 3, 6)
(6, 4, 6)
(6, 5, 6)
(6, 6, 6)
(6, 7, 6)
(6, 8, 6)
(6, 9, 5)
(6, 10, 5)
(6, 11, 5)
(6, 12, 5)
(6, 13, 5)
(6, 14, 5)
(6, 15, 5)
(6, 16, 5)
(6, 17, 3)
(6, 18, 2)
(6, 19, 2)
(6, 20, 2)
(6, 21, 2)
(6, 22, 2)
(6, 23, 2)
(6, 24, 2)
(6, 25, 2)
(6, 26, 2)
(6, 27, 2)
(6, 28, 2)
(6, 29, 2)
(6, 30, 2)
(6, 31, 2)
(6, 32, 2)
(6, 33, 2)
(6, 34, 2)
(6, 35, 2)
(6, 36, 2)
(6, 37, 2)
(6, 38, 2)
(6, 39, 2)

(7, 0, 80)
(7, 1, 56)
(7, 2, 32)
(7, 3, 8)
(7, 4, 8)
(7, 5, 8)
(7, 6, 8)
(7, 7, 8)
(7, 8, 8)
(7, 9, 7)
(7, 10, 7)
(7, 11, 7)
(7, 12, 7)
(7, 13, 7)
(7, 14, 7)
(7, 15, 6)
(7, 16, 6)
(7, 17, 4)
(7, 18, 3)
(7, 19, 3)
(7, 20, 3)
(7, 21, 3)
(7, 22, 3)
(7, 23, 3)
(7, 24, 3)
(7, 25, 3)
(7, 26, 3)
(7, 27, 3)
(7, 28, 3)
(7, 29, 3)
(7, 30, 3)
(7, 31, 3)
(7, 32, 3)
(7, 33, 3)
(7, 34, 3)
(7, 35, 3)
(7, 36, 3)
(7, 37, 3)
(7, 38, 3)
(7, 39, 3)

(8, 0, 89)
(8, 1, 65)
(8, 2, 34)
(8, 3, 10)
(8, 4, 10)
(8, 5, 10)
(8, 6, 10)
(8, 7, 10)
(8, 8, 10)
(8, 9, 9)
(8, 10, 9)
(8, 11, 9)
(8, 12, 9)
(8, 13, 9)
(8, 14, 9)
(8, 15, 7)
(8, 16, 7)
(8, 17, 5)
(8, 18, 4)
(8, 19, 4)
(8, 20, 4)
(8, 21, 4)
(8, 22, 4)
(8, 23, 4)
(8, 24, 4)
(8, 25, 4)
(8, 26, 4)
(8, 27, 4)
(8, 28, 4)
(8, 29, 4)
(8, 30, 4)
(8, 31, 4)
(8, 32, 4)
(8, 33, 4)
(8, 34, 4)
(8, 35, 4)
(8, 36, 4)
(8, 37, 4)
(8, 38, 4)
(8, 39, 4)

(9, 0, 109)
(9, 1, 83)
(9, 2, 37)
(9, 3, 13)
(9, 4, 13)
(9, 5, 13)
(9, 6, 13)
(9, 7, 13)
(9, 8, 13)
(9, 9, 12)
(9, 10, 12)
(9, 11, 12)
(9, 12, 12)
(9, 13, 12)
(9, 14, 12)
(9, 15, 10)
(9, 16, 10)
(9, 17, 8)
(9, 18, 7)
(9, 19, 7)
(9, 20, 7)
(9, 21, 7)
(9, 22, 7)
(9, 23, 7)
(9, 24, 7)
(9, 25, 5)
(9, 26, 5)
(9, 27, 5)
(9, 28, 5)
(9, 29, 5)
(9, 30, 5)
(9, 31, 5)
(9, 32, 5)
(9, 33, 5)
(9, 34, 5)
(9, 35, 5)
(9, 36, 5)
(9, 37, 5)
(9, 38, 5)
(9, 39, 5)

(10, 0, 111)
(10, 1, 85)
(10, 2, 39)
(10, 3, 15)
(10, 4, 15)
(10, 5, 15)
(10, 6, 15)
(10, 7, 15)
(10, 8, 15)
(10, 9, 14)
(10, 10, 14)
(10, 11, 14)
(10, 12, 14)
(10, 13, 14)
(10, 14, 14)
(10, 15, 12)
(10, 16, 12)
(10, 17, 10)
(10, 18, 9)
(10, 19, 9)
(10, 20, 9)
(10, 21, 9)
(10, 22, 9)
(10, 23, 9)
(10, 24, 9)
(10, 25, 7)
(10, 26, 7)
(10, 27, 5)
(10, 28, 5)
(10, 29, 5)
(10, 30, 5)
(10, 31, 5)
(10, 32, 5)
(10, 33, 5)
(10, 34, 5)
(10, 35, 5)
(10, 36, 5)
(10, 37, 5)
(10, 38, 5)
(10, 39, 5)

(11, 0, 114)
(11, 1, 88)
(11, 2, 42)
(11, 3, 18)
(11, 4, 18)
(11, 5, 18)
(11, 6, 18)
(11, 7, 18)
(11, 8, 18)
(11, 9, 17)
(11, 10, 17)
(11, 11, 17)
(11, 12, 16)
(11, 13, 16)
(11, 14, 16)
(11, 15, 14)
(11, 16, 14)
(11, 17, 12)
(11, 18, 11)
(11, 19, 11)
(11, 20, 11)
(11, 21, 11)
(11, 22, 11)
(11, 23, 11)
(11, 24, 11)
(11, 25, 9)
(11, 26, 9)
(11, 27, 7)
(11, 28, 5)
(11, 29, 5)
(11, 30, 5)
(11, 31, 5)
(11, 32, 5)
(11, 33, 5)
(11, 34, 5)
(11, 35, 5)
(11, 36, 5)
(11, 37, 5)
(11, 38, 5)
(11, 39, 5)

(12, 0, 116)
(12, 1, 90)
(12, 2, 44)
(12, 3, 20)
(12, 4, 20)
(12, 5, 20)
(12, 6, 20)
(12, 7, 20)
(12, 8, 20)
(12, 9, 19)
(12, 10, 19)
(12, 11, 19)
(12, 12, 18)
(12, 13, 18)
(12, 14, 18)
(12, 15, 16)
(12, 16, 16)
(12, 17, 13)
(12, 18, 11)
(12, 19, 11)
(12, 20, 11)
(12, 21, 11)
(12, 22, 11)
(12, 23, 11)
(12, 24, 11)
(12, 25, 9)
(12, 26, 9)
(12, 27, 7)
(12, 28, 5)
(12, 29, 5)
(12, 30, 5)
(12, 31, 5)
(12, 32, 5)
(12, 33, 5)
(12, 34, 5)
(12, 35, 5)
(12, 36, 5)
(12, 37, 5)
(12, 38, 5)
(12, 39, 5)

(13, 0, 117)
(13, 1, 91)
(13, 2, 45)
(13, 3, 21)
(13, 4, 21)
(13, 5, 21)
(13, 6, 21)
(13, 7, 21)
(13, 8, 21)
(13, 9, 20)
(13, 10, 20)
(13, 11, 20)
(13, 12, 18)
(13, 13, 18)
(13, 14, 18)
(13, 15, 16)
(13, 16, 16)
(13, 17, 13)
(13, 18, 11)
(13, 19, 11)
(13, 20, 11)
(13, 21, 11)
(13, 22, 11)
(13, 23, 11)
(13, 24, 11)
(13, 25, 9)
(13, 26, 9)
(13, 27, 7)
(13, 28, 5)
(13, 29, 5)
(13, 30, 5)
(13, 31, 5)
(13, 32, 5)
(13, 33, 5)
(13, 34, 5)
(13, 35, 5)
(13, 36, 5)
(13, 37, 5)
(13, 38, 5)
(13, 39, 5)

(14, 0, 118)
(14, 1, 92)
(14, 2, 46)
(14, 3, 22)
(14, 4, 22)
(14, 5, 22)
(14, 6, 22)
(14, 7, 22)
(14, 8, 22)
(14, 9, 21)
(14, 10, 21)
(14, 11, 21)
(14, 12, 19)
(14, 13, 19)
(14, 14, 19)
(14, 15, 17)
(14, 16, 17)
(14, 17, 14)
(14, 18, 12)
(14, 19, 12)
(14, 20, 12)
(14, 21, 12)
(14, 22, 12)
(14, 23, 12)
(14, 24, 12)
(14, 25, 10)
(14, 26, 10)
(14, 27, 8)
(14, 28, 6)
(14, 29, 6)
(14, 30, 6)
(14, 31, 6)
(14, 32, 5)
(14, 33, 5)
(14, 34, 5)
(14, 35, 5)
(14, 36, 5)
(14, 37, 5)
(14, 38, 5)
(14, 39, 5)

(15, 0, 123)
(15, 1, 97)
(15, 2, 51)
(15, 3, 27)
(15, 4, 27)
(15, 5, 27)
(15, 6, 27)
(15, 7, 27)
(15, 8, 27)
(15, 9, 26)
(15, 10, 23)
(15, 11, 23)
(15, 12, 21)
(15, 13, 21)
(15, 14, 21)
(15, 15, 19)
(15, 16, 19)
(15, 17, 16)
(15, 18, 14)
(15, 19, 14)
(15, 20, 14)
(15, 21, 14)
(15, 22, 14)
(15, 23, 14)
(15, 24, 14)
(15, 25, 12)
(15, 26, 12)
(15, 27, 10)
(15, 28, 8)
(15, 29, 8)
(15, 30, 8)
(15, 31, 8)
(15, 32, 6)
(15, 33, 6)
(15, 34, 6)
(15, 35, 6)
(15, 36, 6)
(15, 37, 6)
(15, 38, 6)
(15, 39, 6)

(16, 0, 130)
(16, 1, 104)
(16, 2, 58)
(16, 3, 34)
(16, 4, 33)
(16, 5, 33)
(16, 6, 31)
(16, 7, 31)
(16, 8, 31)
(16, 9, 30)
(16, 10, 24)
(16, 11, 24)
(16, 12, 22)
(16, 13, 22)
(16, 14, 22)
(16, 15, 20)
(16, 16, 20)
(16, 17, 17)
(16, 18, 15)
(16, 19, 15)
(16, 20, 15)
(16, 21, 15)
(16, 22, 15)
(16, 23, 15)
(16, 24, 15)
(16, 25, 13)
(16, 26, 13)
(16, 27, 11)
(16, 28, 9)
(16, 29, 9)
(16, 30, 9)
(16, 31, 9)
(16, 32, 7)
(16, 33, 6)
(16, 34, 6)
(16, 35, 6)
(16, 36, 6)
(16, 37, 6)
(16, 38, 6)
(16, 39, 6)

(17, 0, 135)
(17, 1, 109)
(17, 2, 63)
(17, 3, 39)
(17, 4, 37)
(17, 5, 37)
(17, 6, 35)
(17, 7, 35)
(17, 8, 35)
(17, 9, 34)
(17, 10, 28)
(17, 11, 25)
(17, 12, 23)
(17, 13, 23)
(17, 14, 23)
(17, 15, 21)
(17, 16, 21)
(17, 17, 18)
(17, 18, 16)
(17, 19, 16)
(17, 20, 16)
(17, 21, 16)
(17, 22, 16)
(17, 23, 16)
(17, 24, 16)
(17, 25, 14)
(17, 26, 14)
(17, 27, 12)
(17, 28, 10)
(17, 29, 10)
(17, 30, 10)
(17, 31, 10)
(17, 32, 8)
(17, 33, 6)
(17, 34, 6)
(17, 35, 6)
(17, 36, 6)
(17, 37, 6)
(17, 38, 6)
(17, 39, 6)

(18, 0, 140)
(18, 1, 114)
(18, 2, 68)
(18, 3, 44)
(18, 4, 42)
(18, 5, 42)
(18, 6, 40)
(18, 7, 40)
(18, 8, 40)
(18, 9, 39)
(18, 10, 32)
(18, 11, 27)
(18, 12, 25)
(18, 13, 25)
(18, 14, 25)
(18, 15, 23)
(18, 16, 23)
(18, 17, 20)
(18, 18, 18)
(18, 19, 18)
(18, 20, 18)
(18, 21, 18)
(18, 22, 18)
(18, 23, 18)
(18, 24, 18)
(18, 25, 16)
(18, 26, 16)
(18, 27, 14)
(18, 28, 12)
(18, 29, 12)
(18, 30, 12)
(18, 31, 12)
(18, 32, 10)
(18, 33, 7)
(18, 34, 7)
(18, 35, 7)
(18, 36, 7)
(18, 37, 7)
(18, 38, 7)
(18, 39, 7)

(19, 0, 155)
(19, 1, 128)
(19, 2, 82)
(19, 3, 58)
(19, 4, 53)
(19, 5, 53)
(19, 6, 50)
(19, 7, 50)
(19, 8, 49)
(19, 9, 48)
(19, 10, 37)
(19, 11, 29)
(19, 12, 27)
(19, 13, 27)
(19, 14, 27)
(19, 15, 25)
(19, 16, 25)
(19, 17, 22)
(19, 18, 20)
(19, 19, 20)
(19, 20, 20)
(19, 21, 20)
(19, 22, 20)
(19, 23, 20)
(19, 24, 20)
(19, 25, 18)
(19, 26, 18)
(19, 27, 16)
(19, 28, 14)
(19, 29, 14)
(19, 30, 14)
(19, 31, 14)
(19, 32, 11)
(19, 33, 7)
(19, 34, 7)
(19, 35, 7)
(19, 36, 7)
(19, 37, 7)
(19, 38, 7)
(19, 39, 7)

(20, 0, 167)
(20, 1, 140)
(20, 2, 94)
(20, 3, 70)
(20, 4, 64)
(20, 5, 64)
(20, 6, 58)
(20, 7, 58)
(20, 8, 57)
(20, 9, 56)
(20, 10, 39)
(20, 11, 31)
(20, 12, 29)
(20, 13, 29)
(20, 14, 29)
(20, 15, 27)
(20, 16, 27)
(20, 17, 24)
(20, 18, 21)
(20, 19, 21)
(20, 20, 21)
(20, 21, 21)
(20, 22, 21)
(20, 23, 21)
(20, 24, 21)
(20, 25, 19)
(20, 26, 19)
(20, 27, 17)
(20, 28, 15)
(20, 29, 15)
(20, 30, 15)
(20, 31, 15)
(20, 32, 11)
(20, 33, 7)
(20, 34, 7)
(20, 35, 7)
(20, 36, 7)
(20, 37, 7)
(20, 38, 7)
(20, 39, 7)

(21, 0, 194)
(21, 1, 147)
(21, 2, 101)
(21, 3, 77)
(21, 4, 71)
(21, 5, 71)
(21, 6, 65)
(21, 7, 65)
(21, 8, 63)
(21, 9, 62)
(21, 10, 45)
(21, 11, 34)
(21, 12, 30)
(21, 13, 30)
(21, 14, 30)
(21, 15, 28)
(21, 16, 28)
(21, 17, 24)
(21, 18, 21)
(21, 19, 21)
(21, 20, 21)
(21, 21, 21)
(21, 22, 21)
(21, 23, 21)
(21, 24, 21)
(21, 25, 19)
(21, 26, 19)
(21, 27, 17)
(21, 28, 15)
(21, 29, 15)
(21, 30, 15)
(21, 31, 15)
(21, 32, 11)
(21, 33, 7)
(21, 34, 7)
(21, 35, 7)
(21, 36, 7)
(21, 37, 7)
(21, 38, 7)
(21, 39, 7)

(22, 0, 219)
(22, 1, 155)
(22, 2, 109)
(22, 3, 85)
(22, 4, 79)
(22, 5, 79)
(22, 6, 71)
(22, 7, 71)
(22, 8, 69)
(22, 9, 68)
(22, 10, 50)
(22, 11, 37)
(22, 12, 33)
(22, 13, 33)
(22, 14, 33)
(22, 15, 31)
(22, 16, 31)
(22, 17, 26)
(22, 18, 23)
(22, 19, 23)
(22, 20, 23)
(22, 21, 23)
(22, 22, 23)
(22, 23, 23)
(22, 24, 23)
(22, 25, 21)
(22, 26, 21)
(22, 27, 19)
(22, 28, 16)
(22, 29, 16)
(22, 30, 16)
(22, 31, 16)
(22, 32, 12)
(22, 33, 8)
(22, 34, 8)
(22, 35, 8)
(22, 36, 8)
(22, 37, 8)
(22, 38, 8)
(22, 39, 8)

(23, 0, 234)
(23, 1, 161)
(23, 2, 115)
(23, 3, 91)
(23, 4, 83)
(23, 5, 83)
(23, 6, 74)
(23, 7, 74)
(23, 8, 72)
(23, 9, 71)
(23, 10, 53)
(23, 11, 39)
(23, 12, 35)
(23, 13, 35)
(23, 14, 35)
(23, 15, 33)
(23, 16, 33)
(23, 17, 28)
(23, 18, 25)
(23, 19, 25)
(23, 20, 25)
(23, 21, 25)
(23, 22, 25)
(23, 23, 25)
(23, 24, 25)
(23, 25, 23)
(23, 26, 23)
(23, 27, 20)
(23, 28, 16)
(23, 29, 16)
(23, 30, 16)
(23, 31, 16)
(23, 32, 12)
(23, 33, 8)
(23, 34, 8)
(23, 35, 8)
(23, 36, 8)
(23, 37, 8)
(23, 38, 8)
(23, 39, 8)

(24, 0, 243)
(24, 1, 169)
(24, 2, 123)
(24, 3, 99)
(24, 4, 91)
(24, 5, 91)
(24, 6, 81)
(24, 7, 81)
(24, 8, 78)
(24, 9, 77)
(24, 10, 54)
(24, 11, 41)
(24, 12, 37)
(24, 13, 37)
(24, 14, 37)
(24, 15, 35)
(24, 16, 35)
(24, 17, 30)
(24, 18, 27)
(24, 19, 27)
(24, 20, 27)
(24, 21, 27)
(24, 22, 27)
(24, 23, 27)
(24, 24, 27)
(24, 25, 23)
(24, 26, 23)
(24, 27, 19)
(24, 28, 15)
(24, 29, 15)
(24, 30, 15)
(24, 31, 15)
(24, 32, 11)
(24, 33, 8)
(24, 34, 8)
(24, 35, 8)
(24, 36, 8)
(24, 37, 8)
(24, 38, 8)
(24, 39, 8)

(25, 0, 243)
(25, 1, 169)
(25, 2, 123)
(25, 3, 99)
(25, 4, 91)
(25, 5, 91)
(25, 6, 81)
(25, 7, 81)
(25, 8, 78)
(25, 9, 77)
(25, 10, 54)
(25, 11, 41)
(25, 12, 37)
(25, 13, 37)
(25, 14, 37)
(25, 15, 35)
(25, 16, 35)
(25, 17, 30)
(25, 18, 27)
(25, 19, 27)
(25, 20, 27)
(25, 21, 27)
(25, 22, 27)
(25, 23, 27)
(25, 24, 27)
(25, 25, 23)
(25, 26, 23)
(25, 27, 19)
(25, 28, 15)
(25, 29, 15)
(25, 30, 15)
(25, 31, 15)
(25, 32, 11)
(25, 33, 8)
(25, 34, 8)
(25, 35, 8)
(25, 36, 8)
(25, 37, 8)
(25, 38, 8)
(25, 39, 8)

(26, 0, 243)
(26, 1, 169)
(26, 2, 123)
(26, 3, 99)
(26, 4, 91)
(26, 5, 91)
(26, 6, 81)
(26, 7, 81)
(26, 8, 78)
(26, 9, 77)
(26, 10, 54)
(26, 11, 41)
(26, 12, 37)
(26, 13, 37)
(26, 14, 37)
(26, 15, 35)
(26, 16, 35)
(26, 17, 30)
(26, 18, 27)
(26, 19, 27)
(26, 20, 27)
(26, 21, 27)
(26, 22, 27)
(26, 23, 27)
(26, 24, 27)
(26, 25, 23)
(26, 26, 23)
(26, 27, 19)
(26, 28, 15)
(26, 29, 15)
(26, 30, 15)
(26, 31, 15)
(26, 32, 11)
(26, 33, 8)
(26, 34, 8)
(26, 35, 8)
(26, 36, 8)
(26, 37, 8)
(26, 38, 8)
(26, 39, 8)

(27, 0, 243)
(27, 1, 169)
(27, 2, 123)
(27, 3, 99)
(27, 4, 91)
(27, 5, 91)
(27, 6, 81)
(27, 7, 81)
(27, 8, 78)
(27, 9, 77)
(27, 10, 54)
(27, 11, 41)
(27, 12, 37)
(27, 13, 37)
(27, 14, 37)
(27, 15, 35)
(27, 16, 35)
(27, 17, 30)
(27, 18, 27)
(27, 19, 27)
(27, 20, 27)
(27, 21, 27)
(27, 22, 27)
(27, 23, 27)
(27, 24, 27)
(27, 25, 23)
(27, 26, 23)
(27, 27, 19)
(27, 28, 15)
(27, 29, 15)
(27, 30, 15)
(27, 31, 15)
(27, 32, 11)
(27, 33, 8)
(27, 34, 8)
(27, 35, 8)
(27, 36, 8)
(27, 37, 8)
(27, 38, 8)
(27, 39, 8)

(28, 0, 243)
(28, 1, 169)
(28, 2, 123)
(28, 3, 99)
(28, 4, 91)
(28, 5, 91)
(28, 6, 81)
(28, 7, 81)
(28, 8, 78)
(28, 9, 77)
(28, 10, 54)
(28, 11, 41)
(28, 12, 37)
(28, 13, 37)
(28, 14, 37)
(28, 15, 35)
(28, 16, 35)
(28, 17, 30)
(28, 18, 27)
(28, 19, 27)
(28, 20, 27)
(28, 21, 27)
(28, 22, 27)
(28, 23, 27)
(28, 24, 27)
(28, 25, 23)
(28, 26, 23)
(28, 27, 19)
(28, 28, 15)
(28, 29, 15)
(28, 30, 15)
(28, 31, 15)
(28, 32, 11)
(28, 33, 8)
(28, 34, 8)
(28, 35, 8)
(28, 36, 8)
(28, 37, 8)
(28, 38, 8)
(28, 39, 8)

(29, 0, 256)
(29, 1, 171)
(29, 2, 125)
(29, 3, 101)
(29, 4, 93)
(29, 5, 93)
(29, 6, 83)
(29, 7, 83)
(29, 8, 80)
(29, 9, 79)
(29, 10, 56)
(29, 11, 43)
(29, 12, 39)
(29, 13, 39)
(29, 14, 39)
(29, 15, 36)
(29, 16, 36)
(29, 17, 31)
(29, 18, 28)
(29, 19, 28)
(29, 20, 28)
(29, 21, 28)
(29, 22, 28)
(29, 23, 28)
(29, 24, 28)
(29, 25, 24)
(29, 26, 24)
(29, 27, 20)
(29, 28, 16)
(29, 29, 16)
(29, 30, 16)
(29, 31, 16)
(29, 32, 12)
(29, 33, 9)
(29, 34, 9)
(29, 35, 9)
(29, 36, 9)
(29, 37, 9)
(29, 38, 9)
(29, 39, 9)

(30, 0, 269)
(30, 1, 171)
(30, 2, 125)
(30, 3, 101)
(30, 4, 93)
(30, 5, 93)
(30, 6, 83)
(30, 7, 83)
(30, 8, 80)
(30, 9, 79)
(30, 10, 56)
(30, 11, 43)
(30, 12, 39)
(30, 13, 39)
(30, 14, 39)
(30, 15, 36)
(30, 16, 36)
(30, 17, 31)
(30, 18, 28)
(30, 19, 28)
(30, 20, 28)
(30, 21, 28)
(30, 22, 28)
(30, 23, 28)
(30, 24, 28)
(30, 25, 24)
(30, 26, 24)
(30, 27, 20)
(30, 28, 16)
(30, 29, 16)
(30, 30, 16)
(30, 31, 16)
(30, 32, 12)
(30, 33, 9)
(30, 34, 9)
(30, 35, 9)
(30, 36, 9)
(30, 37, 9)
(30, 38, 9)
(30, 39, 9)

(31, 0, 281)
(31, 1, 183)
(31, 2, 127)
(31, 3, 103)
(31, 4, 95)
(31, 5, 95)
(31, 6, 85)
(31, 7, 85)
(31, 8, 82)
(31, 9, 81)
(31, 10, 58)
(31, 11, 45)
(31, 12, 41)
(31, 13, 41)
(31, 14, 41)
(31, 15, 38)
(31, 16, 38)
(31, 17, 32)
(31, 18, 29)
(31, 19, 29)
(31, 20, 29)
(31, 21, 29)
(31, 22, 29)
(31, 23, 29)
(31, 24, 29)
(31, 25, 25)
(31, 26, 25)
(31, 27, 21)
(31, 28, 17)
(31, 29, 17)
(31, 30, 17)
(31, 31, 17)
(31, 32, 13)
(31, 33, 10)
(31, 34, 10)
(31, 35, 10)
(31, 36, 10)
(31, 37, 10)
(31, 38, 10)
(31, 39, 10)

(32, 0, 294)
(32, 1, 196)
(32, 2, 128)
(32, 3, 104)
(32, 4, 96)
(32, 5, 96)
(32, 6, 86)
(32, 7, 86)
(32, 8, 82)
(32, 9, 81)
(32, 10, 58)
(32, 11, 45)
(32, 12, 41)
(32, 13, 41)
(32, 14, 41)
(32, 15, 38)
(32, 16, 38)
(32, 17, 32)
(32, 18, 29)
(32, 19, 29)
(32, 20, 29)
(32, 21, 29)
(32, 22, 29)
(32, 23, 29)
(32, 24, 29)
(32, 25, 25)
(32, 26, 25)
(32, 27, 21)
(32, 28, 17)
(32, 29, 17)
(32, 30, 17)
(32, 31, 17)
(32, 32, 13)
(32, 33, 10)
(32, 34, 10)
(32, 35, 10)
(32, 36, 10)
(32, 37, 10)
(32, 38, 10)
(32, 39, 10)

(33, 0, 307)
(33, 1, 209)
(33, 2, 130)
(33, 3, 106)
(33, 4, 98)
(33, 5, 98)
(33, 6, 88)
(33, 7, 88)
(33, 8, 84)
(33, 9, 83)
(33, 10, 60)
(33, 11, 47)
(33, 12, 43)
(33, 13, 43)
(33, 14, 43)
(33, 15, 39)
(33, 16, 39)
(33, 17, 33)
(33, 18, 30)
(33, 19, 30)
(33, 20, 30)
(33, 21, 30)
(33, 22, 30)
(33, 23, 30)
(33, 24, 30)
(33, 25, 26)
(33, 26, 26)
(33, 27, 22)
(33, 28, 18)
(33, 29, 18)
(33, 30, 18)
(33, 31, 18)
(33, 32, 14)
(33, 33, 11)
(33, 34, 11)
(33, 35, 11)
(33, 36, 11)
(33, 37, 11)
(33, 38, 11)
(33, 39, 11)

(34, 0, 322)
(34, 1, 224)
(34, 2, 134)
(34, 3, 106)
(34, 4, 98)
(34, 5, 98)
(34, 6, 88)
(34, 7, 88)
(34, 8, 84)
(34, 9, 83)
(34, 10, 60)
(34, 11, 47)
(34, 12, 43)
(34, 13, 43)
(34, 14, 43)
(34, 15, 39)
(34, 16, 39)
(34, 17, 33)
(34, 18, 30)
(34, 19, 30)
(34, 20, 30)
(34, 21, 30)
(34, 22, 30)
(34, 23, 30)
(34, 24, 30)
(34, 25, 26)
(34, 26, 26)
(34, 27, 22)
(34, 28, 18)
(34, 29, 18)
(34, 30, 18)
(34, 31, 18)
(34, 32, 14)
(34, 33, 11)
(34, 34, 11)
(34, 35, 11)
(34, 36, 11)
(34, 37, 11)
(34, 38, 11)
(34, 39, 11)

(35, 0, 322)
(35, 1, 224)
(35, 2, 134)
(35, 3, 106)
(35, 4, 98)
(35, 5, 98)
(35, 6, 88)
(35, 7, 88)
(35, 8, 84)
(35, 9, 83)
(35, 10, 60)
(35, 11, 47)
(35, 12, 43)
(35, 13, 43)
(35, 14, 43)
(35, 15, 39)
(35, 16, 39)
(35, 17, 33)
(35, 18, 30)
(35, 19, 30)
(35, 20, 30)
(35, 21, 30)
(35, 22, 30)
(35, 23, 30)
(35, 24, 30)
(35, 25, 26)
(35, 26, 26)
(35, 27, 22)
(35, 28, 18)
(35, 29, 18)
(35, 30, 18)
(35, 31, 18)
(35, 32, 14)
(35, 33, 11)
(35, 34, 11)
(35, 35, 11)
(35, 36, 11)
(35, 37, 11)
(35, 38, 11)
(35, 39, 11)

(36, 0, 322)
(36, 1, 224)
(36, 2, 134)
(36, 3, 106)
(36, 4, 98)
(36, 5, 98)
(36, 6, 88)
(36, 7, 88)
(36, 8, 84)
(36, 9, 83)
(36, 10, 60)
(36, 11, 47)
(36, 12, 43)
(36, 13, 43)
(36, 14, 43)
(36, 15, 39)
(36, 16, 39)
(36, 17, 33)
(36, 18, 30)
(36, 19, 30)
(36, 20, 30)
(36, 21, 30)
(36, 22, 30)
(36, 23, 30)
(36, 24, 30)
(36, 25, 26)
(36, 26, 26)
(36, 27, 22)
(36, 28, 18)
(36, 29, 18)
(36, 30, 18)
(36, 31, 18)
(36, 32, 14)
(36, 33, 11)
(36, 34, 11)
(36, 35, 11)
(36, 36, 11)
(36, 37, 11)
(36, 38, 11)
(36, 39, 11)

(37, 0, 330)
(37, 1, 232)
(37, 2, 142)
(37, 3, 108)
(37, 4, 100)
(37, 5, 100)
(37, 6, 90)
(37, 7, 90)
(37, 8, 86)
(37, 9, 85)
(37, 10, 62)
(37, 11, 49)
(37, 12, 45)
(37, 13, 45)
(37, 14, 45)
(37, 15, 41)
(37, 16, 41)
(37, 17, 34)
(37, 18, 31)
(37, 19, 31)
(37, 20, 31)
(37, 21, 31)
(37, 22, 31)
(37, 23, 31)
(37, 24, 31)
(37, 25, 27)
(37, 26, 27)
(37, 27, 23)
(37, 28, 19)
(37, 29, 19)
(37, 30, 19)
(37, 31, 19)
(37, 32, 15)
(37, 33, 12)
(37, 34, 12)
(37, 35, 12)
(37, 36, 12)
(37, 37, 12)
(37, 38, 12)
(37, 39, 12)

(38, 0, 338)
(38, 1, 240)
(38, 2, 150)
(38, 3, 108)
(38, 4, 100)
(38, 5, 100)
(38, 6, 90)
(38, 7, 90)
(38, 8, 86)
(38, 9, 85)
(38, 10, 62)
(38, 11, 49)
(38, 12, 45)
(38, 13, 45)
(38, 14, 45)
(38, 15, 41)
(38, 16, 41)
(38, 17, 34)
(38, 18, 31)
(38, 19, 31)
(38, 20, 31)
(38, 21, 31)
(38, 22, 31)
(38, 23, 31)
(38, 24, 31)
(38, 25, 27)
(38, 26, 27)
(38, 27, 23)
(38, 28, 19)
(38, 29, 19)
(38, 30, 19)
(38, 31, 19)
(38, 32, 15)
(38, 33, 12)
(38, 34, 12)
(38, 35, 12)
(38, 36, 12)
(38, 37, 12)
(38, 38, 12)
(38, 39, 12)

(39, 0, 349)
(39, 1, 251)
(39, 2, 161)
(39, 3, 109)
(39, 4, 101)
(39, 5, 101)
(39, 6, 91)
(39, 7, 91)
(39, 8, 87)
(39, 9, 86)
(39, 10, 63)
(39, 11, 50)
(39, 12, 46)
(39, 13, 45)
(39, 14, 45)
(39, 15, 41)
(39, 16, 41)
(39, 17, 34)
(39, 18, 31)
(39, 19, 31)
(39, 20, 31)
(39, 21, 31)
(39, 22, 31)
(39, 23, 31)
(39, 24, 31)
(39, 25, 27)
(39, 26, 27)
(39, 27, 23)
(39, 28, 19)
(39, 29, 19)
(39, 30, 19)
(39, 31, 19)
(39, 32, 15)
(39, 33, 12)
(39, 34, 12)
(39, 35, 12)
(39, 36, 12)
(39, 37, 12)
(39, 38, 12)
(39, 39, 12)


Betti numbers:
xi_0:
(0, 0, 27)
(1, 0, 14)
(2, 0, 11)
(3, 0, 2)
(7, 0, 26)
(8, 0, 9)
(9, 0, 20)
(10, 0, 2)
(11, 0, 3)
(12, 0, 2)
(13, 0, 1)
(14, 0, 1)
(15, 0, 5)
(16, 0, 7)
(17, 0, 5)
(18, 0, 5)
(19, 0, 15)
(20, 0, 12)
(21, 0, 27)
(22, 0, 25)
(23, 0, 15)
(24, 0, 9)
(29, 0, 13)
(30, 0, 13)
(31, 0, 12)
(32, 0, 13)
(33, 0, 13)
(34, 0, 15)
(37, 0, 8)
(38, 0, 8)
(39, 0, 11)
xi_1:
(0, 2, 24)
(0, 9, 1)
(0, 17, 1)
(1, 3, 12)
(1, 17, 1)
(2, 3, 10)
(2, 18, 1)
(3, 3, 2)
(7, 1, 24)
(7, 15, 1)
(8, 2, 7)
(8, 15, 1)
(9, 1, 2)
(9, 2, 15)
(9, 25, 2)
(10, 27, 2)
(11, 12, 1)
(11, 28, 2)
(12, 17, 1)
(12, 18, 1)
(13, 12, 1)
(14, 32, 1)
(15, 10, 3)
(15, 32, 1)
(16, 4, 1)
(16, 6, 2)
(16, 10, 3)
(16, 33, 1)
(17, 4, 1)
(17, 11, 3)
(17, 33, 1)
(18, 10, 1)
(18, 11, 2)
(18, 33, 1)
(19, 1, 1)
(19, 4, 3)
(19, 6, 1)
(19, 8, 1)
(19, 10, 4)
(19, 11, 3)
(19, 32, 1)
(19, 33, 1)
(20, 4, 1)
(20, 6, 3)
(20, 10, 6)
(20, 11, 1)
(20, 18, 1)
(20, 32, 1)
(21, 1, 20)
(21, 8, 1)
(21, 11, 3)
(21, 12, 2)
(21, 17, 1)
(22, 1, 17)
(22, 6, 2)
(22, 10, 1)
(22, 11, 2)
(22, 17, 1)
(22, 28, 1)
(23, 1, 9)
(23, 4, 2)
(23, 6, 1)
(23, 11, 1)
(23, 27, 1)
(23, 28, 1)
(24, 1, 1)
(24, 6, 1)
(24, 8, 1)
(24, 10, 5)
(24, 25, 2)
(24, 27, 1)
(29, 1, 11)
(29, 15, 1)
(30, 1, 13)
(31, 2, 10)
(31, 17, 1)
(32, 2, 12)
(32, 8, 1)
(33, 2, 11)
(33, 15, 1)
(34, 2, 11)
(34, 3, 4)
(37, 3, 6)
(37, 17, 1)
(38, 3, 8)
(39, 3, 10)
(39, 13, 1)
xi_2:
(20, 11, 1)
(24, 11, 1)
(24, 33, 1)
