x-grades
-9977210006692191479/10000000000000000000
-4867148434471167479/5000000000000000000
-9491383731192478437/10000000000000000000
-2312117648360655479/2500000000000000000
-1801111491138553079/2000000000000000000
-4381322158971454437/5000000000000000000
-8519731180193052353/10000000000000000000
-1034602255305399479/1250000000000000000
-8033904904693339311/10000000000000000000
-779099176694348279/1000000000000000000
-7548078629193626269/10000000000000000000
-1826291372860942437/2500000000000000000
-7062252353693913227/10000000000000000000
-3409669607972028353/5000000000000000000
-1315285215638840037/2000000000000000000
-395844558777771479/625000000000000000
-6090599802694487143/10000000000000000000
-2923843332472315311/5000000000000000000
-5604773527194774101/10000000000000000000
-268093019472245879/500000000000000000
-5118947251695061059/10000000000000000000
-2438017056972602269/5000000000000000000
-4633120976195348017/10000000000000000000
-548775979805686437/1250000000000000000
-165891788027825399/400000000000000000
-1952190781472889227/5000000000000000000
-3661468425195921933/10000000000000000000
-854638821861516353/2500000000000000000
-3175642149696208891/10000000000000000000
-293272901194635237/1000000000000000000
-2689815874196495849/10000000000000000000
-76465710513957479/312500000000000000
-2203989598696782807/10000000000000000000
-980538230473463143/5000000000000000000
-343632664639413953/2000000000000000000
-368812546361803311/2500000000000000000
-1232337047697356723/10000000000000000000
-494711954973750101/5000000000000000000
-746510772197643681/10000000000000000000
-12589940861194679/250000000000000000

y-grades
3701367/4000000
3701367/2000000
11104101/4000000
3701367/1000000
3701367/800000
11104101/2000000
25909569/4000000
3701367/500000
33312303/4000000
3701367/400000
40715037/4000000
11104101/1000000
48117771/4000000
25909569/2000000
11104101/800000
3701367/250000
62923239/4000000
33312303/2000000
70325973/4000000
3701367/200000
77728707/4000000
40715037/2000000
85131441/4000000
11104101/500000
3701367/160000
48117771/2000000
99936909/4000000
25909569/1000000
107339643/4000000
11104101/400000
114742377/4000000
3701367/125000
122145111/4000000
62923239/2000000
25909569/800000
33312303/1000000
136950579/4000000
70325973/2000000
144353313/4000000
3701367/100000

Dimensions > 0:
(0, 0, 1)
(0, 1, 1)
(0, 2, 1)
(0, 3, 1)
(0, 4, 1)
(0, 5, 1)
(0, 6, 1)
(0, 7, 1)
(0, 8, 1)
(0, 9, 1)
(0, 10, 1)
(0, 11, 1)
(0, 12, 1)
(0, 13, 1)
(0, 14, 1)
(0, 15, 1)
(0, 16, 1)
(0, 17, 1)
(0, 18, 1)
(0, 19, 1)
(0, 20, 1)
(0, 21, 1)
(0, 22, 1)
(0, 23, 1)
(0, 24, 1)
(0, 25, 1)
(0, 26, 1)
(0, 27, 1)
(0, 28, 1)
(0, 29, 1)
(0, 30, 1)
(0, 31, 1)
(0, 32, 1)
(0, 33, 1)
(0, 34, 1)
(0, 35, 1)
(0, 36, 1)
(0, 37, 1)
(0, 38, 1)
(0, 39, 1)

(1, 0, 1)
(1, 1, 1)
(1, 2, 1)
(1, 3, 1)
(1, 4, 1)
(1, 5, 1)
(1, 6, 1)
(1, 7, 1)
(1, 8, 1)
(1, 9, 1)
(1, 10, 1)
(1, 11, 1)
(1, 12, 1)
(1, 13, 1)
(1, 14, 1)
(1, 15, 1)
(1, 16, 1)
(1, 17, 1)
(1, 18, 1)
(1, 19, 1)
(1, 20, 1)
(1, 21, 1)
(1, 22, 1)
(1, 23, 1)
(1, 24, 1)
(1, 25, 1)
(1, 26, 1)
(1, 27, 1)
(1, 28, 1)
(1, 29, 1)
(1, 30, 1)
(1, 31, 1)
(1, 32, 1)
(1, 33, 1)
(1, 34, 1)
(1, 35, 1)
(1, 36, 1)
(1, 37, 1)
(1, 38, 1)
(1, 39, 1)

(2, 0, 1)
(2, 1, 1)
(2, 2, 1)
(2, 3, 1)
(2, 4, 1)
(2, 5, 1)
(2, 6, 1)
(2, 7, 1)
(2, 8, 1)
(2, 9, 1)
(2, 10, 1)
(2, 11, 1)
(2, 12, 1)
(2, 13, 1)
(2, 14, 1)
(2, 15, 1)
(2, 16, 1)
(2, 17, 1)
(2, 18, 1)
(2, 19, 1)
(2, 20, 1)
(2, 21, 1)
(2, 22, 1)
(2, 23, 1)
(2, 24, 1)
(2, 25, 1)
(2, 26, 1)
(2, 27, 1)
(2, 28, 1)
(2, 29, 1)
(2, 30, 1)
(2, 31, 1)
(2, 32, 1)
(2, 33, 1)
(2, 34, 1)
(2, 35, 1)
(2, 36, 1)
(2, 37, 1)
(2, 38, 1)
(2, 39, 1)

(3, 0, 2)
(3, 1, 2)
(3, 2, 2)
(3, 3, 2)
(3, 4, 2)
(3, 5, 2)
(3, 6, 2)
(3, 7, 2)
(3, 8, 2)
(3, 9, 2)
(3, 10, 2)
(3, 11, 2)
(3, 12, 2)
(3, 13, 2)
(3, 14, 2)
(3, 15, 2)
(3, 16, 2)
(3, 17, 2)
(3, 18, 1)
(3, 19, 1)
(3, 20, 1)
(3, 21, 1)
(3, 22, 1)
(3, 23, 1)
(3, 24, 1)
(3, 25, 1)
(3, 26, 1)
(3, 27, 1)
(3, 28, 1)
(3, 29, 1)
(3, 30, 1)
(3, 31, 1)
(3, 32, 1)
(3, 33, 1)
(3, 34, 1)
(3, 35, 1)
(3, 36, 1)
(3, 37, 1)
(3, 38, 1)
(3, 39, 1)

(4, 0, 5)
(4, 1, 5)
(4, 2, 5)
(4, 3, 5)
(4, 4, 5)
(4, 5, 4)
(4, 6, 4)
(4, 7, 4)
(4, 8, 4)
(4, 9, 3)
(4, 10, 3)
(4, 11, 3)
(4, 12, 3)
(4, 13, 1)
(4, 14, 1)
(4, 15, 1)
(4, 16, 1)
(4, 17, 1)
(4, 18, 1)
(4, 19, 1)
(4, 20, 1)
(4, 21, 1)
(4, 22, 1)
(4, 23, 1)
(4, 24, 1)
(4, 25, 1)
(4, 26, 1)
(4, 27, 1)
(4, 28, 1)
(4, 29, 1)
(4, 30, 1)
(4, 31, 1)
(4, 32, 1)
(4, 33, 1)
(4, 34, 1)
(4, 35, 1)
(4, 36, 1)
(4, 37, 1)
(4, 38, 1)
(4, 39, 1)

(5, 0, 6)
(5, 1, 6)
(5, 2, 5)
(5, 3, 5)
(5, 4, 5)
(5, 5, 4)
(5, 6, 4)
(5, 7, 4)
(5, 8, 4)
(5, 9, 3)
(5, 10, 3)
(5, 11, 3)
(5, 12, 3)
(5, 13, 1)
(5, 14, 1)
(5, 15, 1)
(5, 16, 1)
(5, 17, 1)
(5, 18, 1)
(5, 19, 1)
(5, 20, 1)
(5, 21, 1)
(5, 22, 1)
(5, 23, 1)
(5, 24, 1)
(5, 25, 1)
(5, 26, 1)
(5, 27, 1)
(5, 28, 1)
(5, 29, 1)
(5, 30, 1)
(5, 31, 1)
(5, 32, 1)
(5, 33, 1)
(5, 34, 1)
(5, 35, 1)
(5, 36, 1)
(5, 37, 1)
(5, 38, 1)
(5, 39, 1)

(6, 0, 7)
(6, 1, 7)
(6, 2, 6)
(6, 3, 6)
(6, 4, 6)
(6, 5, 5)
(6, 6, 5)
(6, 7, 5)
(6, 8, 5)
(6, 9, 4)
(6, 10, 4)
(6, 11, 4)
(6, 12, 4)
(6, 13, 2)
(6, 14, 2)
(6, 15, 2)
(6, 16, 2)
(6, 17, 2)
(6, 18, 1)
(6, 19, 1)
(6, 20, 1)
(6, 21, 1)
(6, 22, 1)
(6, 23, 1)
(6, 24, 1)
(6, 25, 1)
(6, 26, 1)
(6, 27, 1)
(6, 28, 1)
(6, 29, 1)
(6, 30, 1)
(6, 31, 1)
(6, 32, 1)
(6, 33, 1)
(6, 34, 1)
(6, 35, 1)
(6, 36, 1)
(6, 37, 1)
(6, 38, 1)
(6, 39, 1)

(7, 0, 7)
(7, 1, 7)
(7, 2, 6)
(7, 3, 6)
(7, 4, 6)
(7, 5, 5)
(7, 6, 5)
(7, 7, 5)
(7, 8, 5)
(7, 9, 4)
(7, 10, 4)
(7, 11, 4)
(7, 12, 4)
(7, 13, 2)
(7, 14, 2)
(7, 15, 2)
(7, 16, 2)
(7, 17, 2)
(7, 18, 1)
(7, 19, 1)
(7, 20, 1)
(7, 21, 1)
(7, 22, 1)
(7, 23, 1)
(7, 24, 1)
(7, 25, 1)
(7, 26, 1)
(7, 27, 1)
(7, 28, 1)
(7, 29, 1)
(7, 30, 1)
(7, 31, 1)
(7, 32, 1)
(7, 33, 1)
(7, 34, 1)
(7, 35, 1)
(7, 36, 1)
(7, 37, 1)
(7, 38, 1)
(7, 39, 1)

(8, 0, 8)
(8, 1, 8)
(8, 2, 7)
(8, 3, 6)
(8, 4, 6)
(8, 5, 5)
(8, 6, 5)
(8, 7, 5)
(8, 8, 5)
(8, 9, 4)
(8, 10, 4)
(8, 11, 4)
(8, 12, 4)
(8, 13, 2)
(8, 14, 2)
(8, 15, 2)
(8, 16, 2)
(8, 17, 2)
(8, 18, 1)
(8, 19, 1)
(8, 20, 1)
(8, 21, 1)
(8, 22, 1)
(8, 23, 1)
(8, 24, 1)
(8, 25, 1)
(8, 26, 1)
(8, 27, 1)
(8, 28, 1)
(8, 29, 1)
(8, 30, 1)
(8, 31, 1)
(8, 32, 1)
(8, 33, 1)
(8, 34, 1)
(8, 35, 1)
(8, 36, 1)
(8, 37, 1)
(8, 38, 1)
(8, 39, 1)

(9, 0, 8)
(9, 1, 8)
(9, 2, 7)
(9, 3, 6)
(9, 4, 6)
(9, 5, 5)
(9, 6, 5)
(9, 7, 5)
(9, 8, 5)
(9, 9, 4)
(9, 10, 4)
(9, 11, 4)
(9, 12, 4)
(9, 13, 2)
(9, 14, 2)
(9, 15, 2)
(9, 16, 2)
(9, 17, 2)
(9, 18, 1)
(9, 19, 1)
(9, 20, 1)
(9, 21, 1)
(9, 22, 1)
(9, 23, 1)
(9, 24, 1)
(9, 25, 1)
(9, 26, 1)
(9, 27, 1)
(9, 28, 1)
(9, 29, 1)
(9, 30, 1)
(9, 31, 1)
(9, 32, 1)
(9, 33, 1)
(9, 34, 1)
(9, 35, 1)
(9, 36, 1)
(9, 37, 1)
(9, 38, 1)
(9, 39, 1)

(10, 0, 9)
(10, 1, 9)
(10, 2, 8)
(10, 3, 7)
(10, 4, 7)
(10, 5, 6)
(10, 6, 6)
(10, 7, 6)
(10, 8, 6)
(10, 9, 5)
(10, 10, 5)
(10, 11, 5)
(10, 12, 5)
(10, 13, 2)
(10, 14, 2)
(10, 15, 2)
(10, 16, 2)
(10, 17, 2)
(10, 18, 1)
(10, 19, 1)
(10, 20, 1)
(10, 21, 1)
(10, 22, 1)
(10, 23, 1)
(10, 24, 1)
(10, 25, 1)
(10, 26, 1)
(10, 27, 1)
(10, 28, 1)
(10, 29, 1)
(10, 30, 1)
(10, 31, 1)
(10, 32, 1)
(10, 33, 1)
(10, 34, 1)
(10, 35, 1)
(10, 36, 1)
(10, 37, 1)
(10, 38, 1)
(10, 39, 1)

(11, 0, 9)
(11, 1, 9)
(11, 2, 8)
(11, 3, 7)
(11, 4, 7)
(11, 5, 6)
(11, 6, 6)
(11, 7, 6)
(11, 8, 6)
(11, 9, 5)
(11, 10, 5)
(11, 11, 5)
(11, 12, 5)
(11, 13, 2)
(11, 14, 2)
(11, 15, 2)
(11, 16, 2)
(11, 17, 2)
(11, 18, 1)
(11, 19, 1)
(11, 20, 1)
(11, 21, 1)
(11, 22, 1)
(11, 23, 1)
(11, 24, 1)
(11, 25, 1)
(11, 26, 1)
(11, 27, 1)
(11, 28, 1)
(11, 29, 1)
(11, 30, 1)
(11, 31, 1)
(11, 32, 1)
(11, 33, 1)
(11, 34, 1)
(11, 35, 1)
(11, 36, 1)
(11, 37, 1)
(11, 38, 1)
(11, 39, 1)

(12, 0, 12)
(12, 1, 12)
(12, 2, 11)
(12, 3, 10)
(12, 4, 10)
(12, 5, 9)
(12, 6, 9)
(12, 7, 9)
(12, 8, 8)
(12, 9, 7)
(12, 10, 7)
(12, 11, 7)
(12, 12, 7)
(12, 13, 2)
(12, 14, 2)
(12, 15, 2)
(12, 16, 1)
(12, 17, 1)
(12, 18, 1)
(12, 19, 1)
(12, 20, 1)
(12, 21, 1)
(12, 22, 1)
(12, 23, 1)
(12, 24, 1)
(12, 25, 1)
(12, 26, 1)
(12, 27, 1)
(12, 28, 1)
(12, 29, 1)
(12, 30, 1)
(12, 31, 1)
(12, 32, 1)
(12, 33, 1)
(12, 34, 1)
(12, 35, 1)
(12, 36, 1)
(12, 37, 1)
(12, 38, 1)
(12, 39, 1)

(13, 0, 13)
(13, 1, 13)
(13, 2, 12)
(13, 3, 11)
(13, 4, 11)
(13, 5, 8)
(13, 6, 8)
(13, 7, 8)
(13, 8, 8)
(13, 9, 7)
(13, 10, 7)
(13, 11, 7)
(13, 12, 6)
(13, 13, 2)
(13, 14, 2)
(13, 15, 2)
(13, 16, 1)
(13, 17, 1)
(13, 18, 1)
(13, 19, 1)
(13, 20, 1)
(13, 21, 1)
(13, 22, 1)
(13, 23, 1)
(13, 24, 1)
(13, 25, 1)
(13, 26, 1)
(13, 27, 1)
(13, 28, 1)
(13, 29, 1)
(13, 30, 1)
(13, 31, 1)
(13, 32, 1)
(13, 33, 1)
(13, 34, 1)
(13, 35, 1)
(13, 36, 1)
(13, 37, 1)
(13, 38, 1)
(13, 39, 1)

(14, 0, 16)
(14, 1, 15)
(14, 2, 14)
(14, 3, 13)
(14, 4, 12)
(14, 5, 9)
(14, 6, 9)
(14, 7, 9)
(14, 8, 9)
(14, 9, 7)
(14, 10, 7)
(14, 11, 7)
(14, 12, 6)
(14, 13, 2)
(14, 14, 2)
(14, 15, 2)
(14, 16, 1)
(14, 17, 1)
(14, 18, 1)
(14, 19, 1)
(14, 20, 1)
(14, 21, 1)
(14, 22, 1)
(14, 23, 1)
(14, 24, 1)
(14, 25, 1)
(14, 26, 1)
(14, 27, 1)
(14, 28, 1)
(14, 29, 1)
(14, 30, 1)
(14, 31, 1)
(14, 32, 1)
(14, 33, 1)
(14, 34, 1)
(14, 35, 1)
(14, 36, 1)
(14, 37, 1)
(14, 38, 1)
(14, 39, 1)

(15, 0, 16)
(15, 1, 15)
(15, 2, 14)
(15, 3, 13)
(15, 4, 12)
(15, 5, 9)
(15, 6, 9)
(15, 7, 9)
(15, 8, 9)
(15, 9, 7)
(15, 10, 7)
(15, 11, 7)
(15, 12, 6)
(15, 13, 2)
(15, 14, 2)
(15, 15, 2)
(15, 16, 1)
(15, 17, 1)
(15, 18, 1)
(15, 19, 1)
(15, 20, 1)
(15, 21, 1)
(15, 22, 1)
(15, 23, 1)
(15, 24, 1)
(15, 25, 1)
(15, 26, 1)
(15, 27, 1)
(15, 28, 1)
(15, 29, 1)
(15, 30, 1)
(15, 31, 1)
(15, 32, 1)
(15, 33, 1)
(15, 34, 1)
(15, 35, 1)
(15, 36, 1)
(15, 37, 1)
(15, 38, 1)
(15, 39, 1)

(16, 0, 18)
(16, 1, 17)
(16, 2, 16)
(16, 3, 15)
(16, 4, 14)
(16, 5, 10)
(16, 6, 10)
(16, 7, 10)
(16, 8, 10)
(16, 9, 7)
(16, 10, 7)
(16, 11, 7)
(16, 12, 6)
(16, 13, 2)
(16, 14, 2)
(16, 15, 2)
(16, 16, 1)
(16, 17, 1)
(16, 18, 1)
(16, 19, 1)
(16, 20, 1)
(16, 21, 1)
(16, 22, 1)
(16, 23, 1)
(16, 24, 1)
(16, 25, 1)
(16, 26, 1)
(16, 27, 1)
(16, 28, 1)
(16, 29, 1)
(16, 30, 1)
(16, 31, 1)
(16, 32, 1)
(16, 33, 1)
(16, 34, 1)
(16, 35, 1)
(16, 36, 1)
(16, 37, 1)
(16, 38, 1)
(16, 39, 1)

(17, 0, 20)
(17, 1, 19)
(17, 2, 17)
(17, 3, 15)
(17, 4, 14)
(17, 5, 10)
(17, 6, 10)
(17, 7, 10)
(17, 8, 10)
(17, 9, 7)
(17, 10, 7)
(17, 11, 7)
(17, 12, 6)
(17, 13, 2)
(17, 14, 2)
(17, 15, 2)
(17, 16, 1)
(17, 17, 1)
(17, 18, 1)
(17, 19, 1)
(17, 20, 1)
(17, 21, 1)
(17, 22, 1)
(17, 23, 1)
(17, 24, 1)
(17, 25, 1)
(17, 26, 1)
(17, 27, 1)
(17, 28, 1)
(17, 29, 1)
(17, 30, 1)
(17, 31, 1)
(17, 32, 1)
(17, 33, 1)
(17, 34, 1)
(17, 35, 1)
(17, 36, 1)
(17, 37, 1)
(17, 38, 1)
(17, 39, 1)

(18, 0, 21)
(18, 1, 20)
(18, 2, 17)
(18, 3, 15)
(18, 4, 14)
(18, 5, 10)
(18, 6, 10)
(18, 7, 10)
(18, 8, 10)
(18, 9, 7)
(18, 10, 7)
(18, 11, 7)
(18, 12, 6)
(18, 13, 2)
(18, 14, 2)
(18, 15, 2)
(18, 16, 1)
(18, 17, 1)
(18, 18, 1)
(18, 19, 1)
(18, 20, 1)
(18, 21, 1)
(18, 22, 1)
(18, 23, 1)
(18, 24, 1)
(18, 25, 1)
(18, 26, 1)
(18, 27, 1)
(18, 28, 1)
(18, 29, 1)
(18, 30, 1)
(18, 31, 1)
(18, 32, 1)
(18, 33, 1)
(18, 34, 1)
(18, 35, 1)
(18, 36, 1)
(18, 37, 1)
(18, 38, 1)
(18, 39, 1)

(19, 0, 25)
(19, 1, 22)
(19, 2, 18)
(19, 3, 15)
(19, 4, 13)
(19, 5, 10)
(19, 6, 10)
(19, 7, 10)
(19, 8, 10)
(19, 9, 7)
(19, 10, 7)
(19, 11, 7)
(19, 12, 6)
(19, 13, 2)
(19, 14, 2)
(19, 15, 2)
(19, 16, 1)
(19, 17, 1)
(19, 18, 1)
(19, 19, 1)
(19, 20, 1)
(19, 21, 1)
(19, 22, 1)
(19, 23, 1)
(19, 24, 1)
(19, 25, 1)
(19, 26, 1)
(19, 27, 1)
(19, 28, 1)
(19, 29, 1)
(19, 30, 1)
(19, 31, 1)
(19, 32, 1)
(19, 33, 1)
(19, 34, 1)
(19, 35, 1)
(19, 36, 1)
(19, 37, 1)
(19, 38, 1)
(19, 39, 1)

(20, 0, 33)
(20, 1, 22)
(20, 2, 18)
(20, 3, 15)
(20, 4, 13)
(20, 5, 10)
(20, 6, 9)
(20, 7, 9)
(20, 8, 9)
(20, 9, 7)
(20, 10, 7)
(20, 11, 7)
(20, 12, 6)
(20, 13, 2)
(20, 14, 2)
(20, 15, 2)
(20, 16, 1)
(20, 17, 1)
(20, 18, 1)
(20, 19, 1)
(20, 20, 1)
(20, 21, 1)
(20, 22, 1)
(20, 23, 1)
(20, 24, 1)
(20, 25, 1)
(20, 26, 1)
(20, 27, 1)
(20, 28, 1)
(20, 29, 1)
(20, 30, 1)
(20, 31, 1)
(20, 32, 1)
(20, 33, 1)
(20, 34, 1)
(20, 35, 1)
(20, 36, 1)
(20, 37, 1)
(20, 38, 1)
(20, 39, 1)

(21, 0, 39)
(21, 1, 23)
(21, 2, 18)
(21, 3, 15)
(21, 4, 12)
(21, 5, 9)
(21, 6, 9)
(21, 7, 9)
(21, 8, 9)
(21, 9, 7)
(21, 10, 7)
(21, 11, 7)
(21, 12, 6)
(21, 13, 2)
(21, 14, 2)
(21, 15, 2)
(21, 16, 1)
(21, 17, 1)
(21, 18, 1)
(21, 19, 1)
(21, 20, 1)
(21, 21, 1)
(21, 22, 1)
(21, 23, 1)
(21, 24, 1)
(21, 25, 1)
(21, 26, 1)
(21, 27, 1)
(21, 28, 1)
(21, 29, 1)
(21, 30, 1)
(21, 31, 1)
(21, 32, 1)
(21, 33, 1)
(21, 34, 1)
(21, 35, 1)
(21, 36, 1)
(21, 37, 1)
(21, 38, 1)
(21, 39, 1)

(22, 0, 43)
(22, 1, 24)
(22, 2, 18)
(22, 3, 15)
(22, 4, 13)
(22, 5, 10)
(22, 6, 10)
(22, 7, 10)
(22, 8, 10)
(22, 9, 8)
(22, 10, 8)
(22, 11, 7)
(22, 12, 6)
(22, 13, 1)
(22, 14, 1)
(22, 15, 1)
(22, 16, 1)
(22, 17, 1)
(22, 18, 1)
(22, 19, 1)
(22, 20, 1)
(22, 21, 1)
(22, 22, 1)
(22, 23, 1)
(22, 24, 1)
(22, 25, 1)
(22, 26, 1)
(22, 27, 1)
(22, 28, 1)
(22, 29, 1)
(22, 30, 1)
(22, 31, 1)
(22, 32, 1)
(22, 33, 1)
(22, 34, 1)
(22, 35, 1)
(22, 36, 1)
(22, 37, 1)
(22, 38, 1)
(22, 39, 1)

(23, 0, 45)
(23, 1, 24)
(23, 2, 18)
(23, 3, 15)
(23, 4, 13)
(23, 5, 10)
(23, 6, 10)
(23, 7, 10)
(23, 8, 10)
(23, 9, 8)
(23, 10, 7)
(23, 11, 7)
(23, 12, 6)
(23, 13, 1)
(23, 14, 1)
(23, 15, 1)
(23, 16, 1)
(23, 17, 1)
(23, 18, 1)
(23, 19, 1)
(23, 20, 1)
(23, 21, 1)
(23, 22, 1)
(23, 23, 1)
(23, 24, 1)
(23, 25, 1)
(23, 26, 1)
(23, 27, 1)
(23, 28, 1)
(23, 29, 1)
(23, 30, 1)
(23, 31, 1)
(23, 32, 1)
(23, 33, 1)
(23, 34, 1)
(23, 35, 1)
(23, 36, 1)
(23, 37, 1)
(23, 38, 1)
(23, 39, 1)

(24, 0, 47)
(24, 1, 24)
(24, 2, 18)
(24, 3, 15)
(24, 4, 13)
(24, 5, 10)
(24, 6, 10)
(24, 7, 10)
(24, 8, 10)
(24, 9, 7)
(24, 10, 7)
(24, 11, 7)
(24, 12, 6)
(24, 13, 1)
(24, 14, 1)
(24, 15, 1)
(24, 16, 1)
(24, 17, 1)
(24, 18, 1)
(24, 19, 1)
(24, 20, 1)
(24, 21, 1)
(24, 22, 1)
(24, 23, 1)
(24, 24, 1)
(24, 25, 1)
(24, 26, 1)
(24, 27, 1)
(24, 28, 1)
(24, 29, 1)
(24, 30, 1)
(24, 31, 1)
(24, 32, 1)
(24, 33, 1)
(24, 34, 1)
(24, 35, 1)
(24, 36, 1)
(24, 37, 1)
(24, 38, 1)
(24, 39, 1)

(25, 0, 52)
(25, 1, 26)
(25, 2, 20)
(25, 3, 15)
(25, 4, 12)
(25, 5, 9)
(25, 6, 9)
(25, 7, 9)
(25, 8, 9)
(25, 9, 7)
(25, 10, 7)
(25, 11, 7)
(25, 12, 6)
(25, 13, 1)
(25, 14, 1)
(25, 15, 1)
(25, 16, 1)
(25, 17, 1)
(25, 18, 1)
(25, 19, 1)
(25, 20, 1)
(25, 21, 1)
(25, 22, 1)
(25, 23, 1)
(25, 24, 1)
(25, 25, 1)
(25, 26, 1)
(25, 27, 1)
(25, 28, 1)
(25, 29, 1)
(25, 30, 1)
(25, 31, 1)
(25, 32, 1)
(25, 33, 1)
(25, 34, 1)
(25, 35, 1)
(25, 36, 1)
(25, 37, 1)
(25, 38, 1)
(25, 39, 1)

(26, 0, 55)
(26, 1, 26)
(26, 2, 19)
(26, 3, 15)
(26, 4, 12)
(26, 5, 9)
(26, 6, 9)
(26, 7, 9)
(26, 8, 9)
(26, 9, 7)
(26, 10, 7)
(26, 11, 7)
(26, 12, 5)
(26, 13, 1)
(26, 14, 1)
(26, 15, 1)
(26, 16, 1)
(26, 17, 1)
(26, 18, 1)
(26, 19, 1)
(26, 20, 1)
(26, 21, 1)
(26, 22, 1)
(26, 23, 1)
(26, 24, 1)
(26, 25, 1)
(26, 26, 1)
(26, 27, 1)
(26, 28, 1)
(26, 29, 1)
(26, 30, 1)
(26, 31, 1)
(26, 32, 1)
(26, 33, 1)
(26, 34, 1)
(26, 35, 1)
(26, 36, 1)
(26, 37, 1)
(26, 38, 1)
(26, 39, 1)

(27, 0, 57)
(27, 1, 26)
(27, 2, 19)
(27, 3, 15)
(27, 4, 12)
(27, 5, 9)
(27, 6, 9)
(27, 7, 9)
(27, 8, 9)
(27, 9, 7)
(27, 10, 7)
(27, 11, 7)
(27, 12, 5)
(27, 13, 1)
(27, 14, 1)
(27, 15, 1)
(27, 16, 1)
(27, 17, 1)
(27, 18, 1)
(27, 19, 1)
(27, 20, 1)
(27, 21, 1)
(27, 22, 1)
(27, 23, 1)
(27, 24, 1)
(27, 25, 1)
(27, 26, 1)
(27, 27, 1)
(27, 28, 1)
(27, 29, 1)
(27, 30, 1)
(27, 31, 1)
(27, 32, 1)
(27, 33, 1)
(27, 34, 1)
(27, 35, 1)
(27, 36, 1)
(27, 37, 1)
(27, 38, 1)
(27, 39, 1)

(28, 0, 60)
(28, 1, 26)
(28, 2, 19)
(28, 3, 15)
(28, 4, 12)
(28, 5, 9)
(28, 6, 9)
(28, 7, 9)
(28, 8, 9)
(28, 9, 7)
(28, 10, 7)
(28, 11, 7)
(28, 12, 5)
(28, 13, 1)
(28, 14, 1)
(28, 15, 1)
(28, 16, 1)
(28, 17, 1)
(28, 18, 1)
(28, 19, 1)
(28, 20, 1)
(28, 21, 1)
(28, 22, 1)
(28, 23, 1)
(28, 24, 1)
(28, 25, 1)
(28, 26, 1)
(28, 27, 1)
(28, 28, 1)
(28, 29, 1)
(28, 30, 1)
(28, 31, 1)
(28, 32, 1)
(28, 33, 1)
(28, 34, 1)
(28, 35, 1)
(28, 36, 1)
(28, 37, 1)
(28, 38, 1)
(28, 39, 1)

(29, 0, 62)
(29, 1, 26)
(29, 2, 19)
(29, 3, 15)
(29, 4, 12)
(29, 5, 9)
(29, 6, 9)
(29, 7, 9)
(29, 8, 9)
(29, 9, 7)
(29, 10, 7)
(29, 11, 7)
(29, 12, 5)
(29, 13, 1)
(29, 14, 1)
(29, 15, 1)
(29, 16, 1)
(29, 17, 1)
(29, 18, 1)
(29, 19, 1)
(29, 20, 1)
(29, 21, 1)
(29, 22, 1)
(29, 23, 1)
(29, 24, 1)
(29, 25, 1)
(29, 26, 1)
(29, 27, 1)
(29, 28, 1)
(29, 29, 1)
(29, 30, 1)
(29, 31, 1)
(29, 32, 1)
(29, 33, 1)
(29, 34, 1)
(29, 35, 1)
(29, 36, 1)
(29, 37, 1)
(29, 38, 1)
(29, 39, 1)

(30, 0, 64)
(30, 1, 26)
(30, 2, 19)
(30, 3, 15)
(30, 4, 12)
(30, 5, 9)
(30, 6, 9)
(30, 7, 9)
(30, 8, 9)
(30, 9, 7)
(30, 10, 7)
(30, 11, 7)
(30, 12, 5)
(30, 13, 1)
(30, 14, 1)
(30, 15, 1)
(30, 16, 1)
(30, 17, 1)
(30, 18, 1)
(30, 19, 1)
(30, 20, 1)
(30, 21, 1)
(30, 22, 1)
(30, 23, 1)
(30, 24, 1)
(30, 25, 1)
(30, 26, 1)
(30, 27, 1)
(30, 28, 1)
(30, 29, 1)
(30, 30, 1)
(30, 31, 1)
(30, 32, 1)
(30, 33, 1)
(30, 34, 1)
(30, 35, 1)
(30, 36, 1)
(30, 37, 1)
(30, 38, 1)
(30, 39, 1)

(31, 0, 67)
(31, 1, 27)
(31, 2, 20)
(31, 3, 16)
(31, 4, 13)
(31, 5, 9)
(31, 6, 9)
(31, 7, 9)
(31, 8, 9)
(31, 9, 7)
(31, 10, 7)
(31, 11, 7)
(31, 12, 5)
(31, 13, 1)
(31, 14, 1)
(31, 15, 1)
(31, 16, 1)
(31, 17, 1)
(31, 18, 1)
(31, 19, 1)
(31, 20, 1)
(31, 21, 1)
(31, 22, 1)
(31, 23, 1)
(31, 24, 1)
(31, 25, 1)
(31, 26, 1)
(31, 27, 1)
(31, 28, 1)
(31, 29, 1)
(31, 30, 1)
(31, 31, 1)
(31, 32, 1)
(31, 33, 1)
(31, 34, 1)
(31, 35, 1)
(31, 36, 1)
(31, 37, 1)
(31, 38, 1)
(31, 39, 1)

(32, 0, 71)
(32, 1, 27)
(32, 2, 20)
(32, 3, 16)
(32, 4, 13)
(32, 5, 9)
(32, 6, 9)
(32, 7, 9)
(32, 8, 9)
(32, 9, 7)
(32, 10, 7)
(32, 11, 7)
(32, 12, 5)
(32, 13, 1)
(32, 14, 1)
(32, 15, 1)
(32, 16, 1)
(32, 17, 1)
(32, 18, 1)
(32, 19, 1)
(32, 20, 1)
(32, 21, 1)
(32, 22, 1)
(32, 23, 1)
(32, 24, 1)
(32, 25, 1)
(32, 26, 1)
(32, 27, 1)
(32, 28, 1)
(32, 29, 1)
(32, 30, 1)
(32, 31, 1)
(32, 32, 1)
(32, 33, 1)
(32, 34, 1)
(32, 35, 1)
(32, 36, 1)
(32, 37, 1)
(32, 38, 1)
(32, 39, 1)

(33, 0, 75)
(33, 1, 27)
(33, 2, 20)
(33, 3, 16)
(33, 4, 13)
(33, 5, 9)
(33, 6, 9)
(33, 7, 9)
(33, 8, 9)
(33, 9, 7)
(33, 10, 7)
(33, 11, 7)
(33, 12, 5)
(33, 13, 1)
(33, 14, 1)
(33, 15, 1)
(33, 16, 1)
(33, 17, 1)
(33, 18, 1)
(33, 19, 1)
(33, 20, 1)
(33, 21, 1)
(33, 22, 1)
(33, 23, 1)
(33, 24, 1)
(33, 25, 1)
(33, 26, 1)
(33, 27, 1)
(33, 28, 1)
(33, 29, 1)
(33, 30, 1)
(33, 31, 1)
(33, 32, 1)
(33, 33, 1)
(33, 34, 1)
(33, 35, 1)
(33, 36, 1)
(33, 37, 1)
(33, 38, 1)
(33, 39, 1)

(34, 0, 76)
(34, 1, 28)
(34, 2, 20)
(34, 3, 16)
(34, 4, 13)
(34, 5, 9)
(34, 6, 9)
(34, 7, 9)
(34, 8, 9)
(34, 9, 7)
(34, 10, 7)
(34, 11, 7)
(34, 12, 5)
(34, 13, 1)
(34, 14, 1)
(34, 15, 1)
(34, 16, 1)
(34, 17, 1)
(34, 18, 1)
(34, 19, 1)
(34, 20, 1)
(34, 21, 1)
(34, 22, 1)
(34, 23, 1)
(34, 24, 1)
(34, 25, 1)
(34, 26, 1)
(34, 27, 1)
(34, 28, 1)
(34, 29, 1)
(34, 30, 1)
(34, 31, 1)
(34, 32, 1)
(34, 33, 1)
(34, 34, 1)
(34, 35, 1)
(34, 36, 1)
(34, 37, 1)
(34, 38, 1)
(34, 39, 1)

(35, 0, 77)
(35, 1, 29)
(35, 2, 21)
(35, 3, 17)
(35, 4, 14)
(35, 5, 9)
(35, 6, 9)
(35, 7, 9)
(35, 8, 9)
(35, 9, 7)
(35, 10, 7)
(35, 11, 7)
(35, 12, 5)
(35, 13, 1)
(35, 14, 1)
(35, 15, 1)
(35, 16, 1)
(35, 17, 1)
(35, 18, 1)
(35, 19, 1)
(35, 20, 1)
(35, 21, 1)
(35, 22, 1)
(35, 23, 1)
(35, 24, 1)
(35, 25, 1)
(35, 26, 1)
(35, 27, 1)
(35, 28, 1)
(35, 29, 1)
(35, 30, 1)
(35, 31, 1)
(35, 32, 1)
(35, 33, 1)
(35, 34, 1)
(35, 35, 1)
(35, 36, 1)
(35, 37, 1)
(35, 38, 1)
(35, 39, 1)

(36, 0, 77)
(36, 1, 29)
(36, 2, 21)
(36, 3, 17)
(36, 4, 14)
(36, 5, 9)
(36, 6, 9)
(36, 7, 9)
(36, 8, 9)
(36, 9, 7)
(36, 10, 7)
(36, 11, 7)
(36, 12, 5)
(36, 13, 1)
(36, 14, 1)
(36, 15, 1)
(36, 16, 1)
(36, 17, 1)
(36, 18, 1)
(36, 19, 1)
(36, 20, 1)
(36, 21, 1)
(36, 22, 1)
(36, 23, 1)
(36, 24, 1)
(36, 25, 1)
(36, 26, 1)
(36, 27, 1)
(36, 28, 1)
(36, 29, 1)
(36, 30, 1)
(36, 31, 1)
(36, 32, 1)
(36, 33, 1)
(36, 34, 1)
(36, 35, 1)
(36, 36, 1)
(36, 37, 1)
(36, 38, 1)
(36, 39, 1)

(37, 0, 78)
(37, 1, 30)
(37, 2, 21)
(37, 3, 17)
(37, 4, 13)
(37, 5, 9)
(37, 6, 9)
(37, 7, 9)
(37, 8, 9)
(37, 9, 7)
(37, 10, 7)
(37, 11, 7)
(37, 12, 5)
(37, 13, 1)
(37, 14, 1)
(37, 15, 1)
(37, 16, 1)
(37, 17, 1)
(37, 18, 1)
(37, 19, 1)
(37, 20, 1)
(37, 21, 1)
(37, 22, 1)
(37, 23, 1)
(37, 24, 1)
(37, 25, 1)
(37, 26, 1)
(37, 27, 1)
(37, 28, 1)
(37, 29, 1)
(37, 30, 1)
(37, 31, 1)
(37, 32, 1)
(37, 33, 1)
(37, 34, 1)
(37, 35, 1)
(37, 36, 1)
(37, 37, 1)
(37, 38, 1)
(37, 39, 1)

(38, 0, 78)
(38, 1, 30)
(38, 2, 21)
(38, 3, 17)
(38, 4, 13)
(38, 5, 9)
(38, 6, 9)
(38, 7, 9)
(38, 8, 9)
(38, 9, 7)
(38, 10, 7)
(38, 11, 7)
(38, 12, 5)
(38, 13, 1)
(38, 14, 1)
(38, 15, 1)
(38, 16, 1)
(38, 17, 1)
(38, 18, 1)
(38, 19, 1)
(38, 20, 1)
(38, 21, 1)
(38, 22, 1)
(38, 23, 1)
(38, 24, 1)
(38, 25, 1)
(38, 26, 1)
(38, 27, 1)
(38, 28, 1)
(38, 29, 1)
(38, 30, 1)
(38, 31, 1)
(38, 32, 1)
(38, 33, 1)
(38, 34, 1)
(38, 35, 1)
(38, 36, 1)
(38, 37, 1)
(38, 38, 1)
(38, 39, 1)

(39, 0, 81)
(39, 1, 32)
(39, 2, 22)
(39, 3, 17)
(39, 4, 13)
(39, 5, 9)
(39, 6, 9)
(39, 7, 9)
(39, 8, 9)
(39, 9, 7)
(39, 10, 7)
(39, 11, 7)
(39, 12, 5)
(39, 13, 1)
(39, 14, 1)
(39, 15, 1)
(39, 16, 1)
(39, 17, 1)
(39, 18, 1)
(39, 19, 1)
(39, 20, 1)
(39, 21, 1)
(39, 22, 1)
(39, 23, 1)
(39, 24, 1)
(39, 25, 1)
(39, 26, 1)
(39, 27, 1)
(39, 28, 1)
(39, 29, 1)
(39, 30, 1)
(39, 31, 1)
(39, 32, 1)
(39, 33, 1)
(39, 34, 1)
(39, 35, 1)
(39, 36, 1)
(39, 37, 1)
(39, 38, 1)
(39, 39, 1)


Betti numbers:
xi_0:
(0, 0, 1)
(3, 0, 1)
(4, 0, 3)
(5, 0, 1)
(6, 0, 1)
(8, 0, 1)
(10, 0, 1)
(12, 0, 3)
(13, 0, 1)
(14, 0, 3)
(16, 0, 2)
(17, 0, 2)
(18, 0, 1)
(19, 0, 4)
(20, 0, 8)
(21, 0, 6)
(22, 0, 4)
(23, 0, 2)
(24, 0, 2)
(25, 0, 5)
(26, 0, 3)
(27, 0, 2)
(28, 0, 3)
(29, 0, 2)
(30, 0, 2)
(31, 0, 3)
(32, 0, 4)
(33, 0, 4)
(34, 0, 1)
(35, 0, 1)
(37, 0, 1)
(39, 0, 3)
xi_1:
(3, 18, 1)
(4, 5, 1)
(4, 9, 1)
(4, 13, 2)
(5, 2, 1)
(6, 18, 1)
(8, 3, 1)
(10, 13, 1)
(12, 8, 1)
(12, 13, 2)
(12, 16, 1)
(13, 5, 2)
(13, 12, 1)
(14, 1, 1)
(14, 4, 1)
(14, 5, 1)
(14, 9, 1)
(16, 5, 1)
(16, 9, 1)
(17, 2, 1)
(17, 3, 1)
(18, 2, 1)
(19, 1, 2)
(19, 2, 1)
(19, 3, 1)
(19, 4, 1)
(20, 1, 8)
(20, 6, 1)
(21, 1, 5)
(21, 2, 1)
(21, 4, 1)
(22, 1, 3)
(22, 2, 1)
(22, 11, 1)
(22, 13, 1)
(23, 1, 2)
(23, 10, 1)
(24, 1, 2)
(24, 9, 1)
(25, 1, 3)
(25, 3, 2)
(25, 4, 1)
(26, 1, 3)
(26, 2, 1)
(26, 12, 1)
(27, 1, 2)
(28, 1, 3)
(29, 1, 2)
(30, 1, 2)
(31, 1, 2)
(31, 5, 1)
(32, 1, 4)
(33, 1, 4)
(34, 2, 1)
(35, 5, 1)
(37, 2, 1)
(37, 4, 1)
(39, 1, 1)
(39, 2, 1)
(39, 3, 1)
xi_2:
(4, 18, 1)
(12, 18, 1)
(13, 8, 1)
(13, 13, 1)
(14, 5, 1)
(19, 5, 1)
(20, 9, 1)
(21, 6, 1)
(22, 4, 1)
(22, 16, 1)
(23, 11, 1)
(24, 10, 1)
(25, 9, 1)
(26, 3, 1)
(26, 13, 1)
(37, 5, 1)
