x-grades
-379180914544351749/40000000000000000
-185430637708849929/20000000000000000
-362541636291047967/40000000000000000
-88555499291099019/10000000000000000
-69180471607548837/8000000000000000
-168791359455546147/20000000000000000
-329263079784440403/40000000000000000
-10029482520555891/1250000000000000
-312623801531136621/40000000000000000
-30430416240448473/4000000000000000
-295984523277832839/40000000000000000
-71916221037795237/10000000000000000
-279345245024529057/40000000000000000
-135512802948938583/20000000000000000
-10508238670849011/1600000000000000
-31798290955571673/5000000000000000
-246066688517921493/40000000000000000
-118873524695634801/20000000000000000
-229427410264617711/40000000000000000
-11055388556898291/2000000000000000
-212788132011313929/40000000000000000
-102234246442331019/20000000000000000
-196148853758010147/40000000000000000
-11739325914459891/2500000000000000
-35901915100941273/8000000000000000
-85594968189027237/20000000000000000
-162870297251402583/40000000000000000
-38637664531187673/10000000000000000
-146231018998098801/40000000000000000
-13791137987144691/4000000000000000
-129591740744795019/40000000000000000
-15159012702267891/5000000000000000
-112952462491491237/40000000000000000
-52316411682419673/20000000000000000
-19262636847637491/8000000000000000
-21998386277883891/10000000000000000
-79673905984883673/40000000000000000
-35677133429115891/20000000000000000
-63034627731579891/40000000000000000
-106865212119/78125000000

y-grades
9997387/4000000
9997387/2000000
29992161/4000000
9997387/1000000
9997387/800000
29992161/2000000
69981709/4000000
9997387/500000
89976483/4000000
9997387/400000
109971257/4000000
29992161/1000000
129966031/4000000
69981709/2000000
29992161/800000
9997387/250000
169955579/4000000
89976483/2000000
189950353/4000000
9997387/200000
209945127/4000000
109971257/2000000
229939901/4000000
29992161/500000
9997387/160000
129966031/2000000
269929449/4000000
69981709/1000000
289924223/4000000
29992161/400000
309918997/4000000
9997387/125000
329913771/4000000
169955579/2000000
69981709/800000
89976483/1000000
369903319/4000000
189950353/2000000
389898093/4000000
9997387/100000

Dimensions > 0:
(0, 0, 4)
(0, 1, 4)
(0, 2, 4)
(0, 3, 2)
(0, 4, 2)
(0, 5, 2)
(0, 6, 1)
(0, 7, 1)
(0, 8, 1)
(0, 9, 1)
(0, 10, 1)
(0, 11, 1)
(0, 12, 1)
(0, 13, 1)
(0, 14, 1)
(0, 15, 1)
(0, 16, 1)
(0, 17, 1)
(0, 18, 1)
(0, 19, 1)
(0, 20, 1)
(0, 21, 1)
(0, 22, 1)
(0, 23, 1)
(0, 24, 1)
(0, 25, 1)
(0, 26, 1)
(0, 27, 1)
(0, 28, 1)
(0, 29, 1)
(0, 30, 1)
(0, 31, 1)
(0, 32, 1)
(0, 33, 1)
(0, 34, 1)
(0, 35, 1)
(0, 36, 1)
(0, 37, 1)
(0, 38, 1)
(0, 39, 1)

(1, 0, 6)
(1, 1, 5)
(1, 2, 5)
(1, 3, 2)
(1, 4, 2)
(1, 5, 2)
(1, 6, 1)
(1, 7, 1)
(1, 8, 1)
(1, 9, 1)
(1, 10, 1)
(1, 11, 1)
(1, 12, 1)
(1, 13, 1)
(1, 14, 1)
(1, 15, 1)
(1, 16, 1)
(1, 17, 1)
(1, 18, 1)
(1, 19, 1)
(1, 20, 1)
(1, 21, 1)
(1, 22, 1)
(1, 23, 1)
(1, 24, 1)
(1, 25, 1)
(1, 26, 1)
(1, 27, 1)
(1, 28, 1)
(1, 29, 1)
(1, 30, 1)
(1, 31, 1)
(1, 32, 1)
(1, 33, 1)
(1, 34, 1)
(1, 35, 1)
(1, 36, 1)
(1, 37, 1)
(1, 38, 1)
(1, 39, 1)

(2, 0, 7)
(2, 1, 6)
(2, 2, 6)
(2, 3, 3)
(2, 4, 3)
(2, 5, 3)
(2, 6, 1)
(2, 7, 1)
(2, 8, 1)
(2, 9, 1)
(2, 10, 1)
(2, 11, 1)
(2, 12, 1)
(2, 13, 1)
(2, 14, 1)
(2, 15, 1)
(2, 16, 1)
(2, 17, 1)
(2, 18, 1)
(2, 19, 1)
(2, 20, 1)
(2, 21, 1)
(2, 22, 1)
(2, 23, 1)
(2, 24, 1)
(2, 25, 1)
(2, 26, 1)
(2, 27, 1)
(2, 28, 1)
(2, 29, 1)
(2, 30, 1)
(2, 31, 1)
(2, 32, 1)
(2, 33, 1)
(2, 34, 1)
(2, 35, 1)
(2, 36, 1)
(2, 37, 1)
(2, 38, 1)
(2, 39, 1)

(3, 0, 7)
(3, 1, 6)
(3, 2, 6)
(3, 3, 3)
(3, 4, 3)
(3, 5, 3)
(3, 6, 1)
(3, 7, 1)
(3, 8, 1)
(3, 9, 1)
(3, 10, 1)
(3, 11, 1)
(3, 12, 1)
(3, 13, 1)
(3, 14, 1)
(3, 15, 1)
(3, 16, 1)
(3, 17, 1)
(3, 18, 1)
(3, 19, 1)
(3, 20, 1)
(3, 21, 1)
(3, 22, 1)
(3, 23, 1)
(3, 24, 1)
(3, 25, 1)
(3, 26, 1)
(3, 27, 1)
(3, 28, 1)
(3, 29, 1)
(3, 30, 1)
(3, 31, 1)
(3, 32, 1)
(3, 33, 1)
(3, 34, 1)
(3, 35, 1)
(3, 36, 1)
(3, 37, 1)
(3, 38, 1)
(3, 39, 1)

(4, 0, 7)
(4, 1, 6)
(4, 2, 6)
(4, 3, 3)
(4, 4, 3)
(4, 5, 3)
(4, 6, 1)
(4, 7, 1)
(4, 8, 1)
(4, 9, 1)
(4, 10, 1)
(4, 11, 1)
(4, 12, 1)
(4, 13, 1)
(4, 14, 1)
(4, 15, 1)
(4, 16, 1)
(4, 17, 1)
(4, 18, 1)
(4, 19, 1)
(4, 20, 1)
(4, 21, 1)
(4, 22, 1)
(4, 23, 1)
(4, 24, 1)
(4, 25, 1)
(4, 26, 1)
(4, 27, 1)
(4, 28, 1)
(4, 29, 1)
(4, 30, 1)
(4, 31, 1)
(4, 32, 1)
(4, 33, 1)
(4, 34, 1)
(4, 35, 1)
(4, 36, 1)
(4, 37, 1)
(4, 38, 1)
(4, 39, 1)

(5, 0, 7)
(5, 1, 6)
(5, 2, 6)
(5, 3, 3)
(5, 4, 3)
(5, 5, 3)
(5, 6, 1)
(5, 7, 1)
(5, 8, 1)
(5, 9, 1)
(5, 10, 1)
(5, 11, 1)
(5, 12, 1)
(5, 13, 1)
(5, 14, 1)
(5, 15, 1)
(5, 16, 1)
(5, 17, 1)
(5, 18, 1)
(5, 19, 1)
(5, 20, 1)
(5, 21, 1)
(5, 22, 1)
(5, 23, 1)
(5, 24, 1)
(5, 25, 1)
(5, 26, 1)
(5, 27, 1)
(5, 28, 1)
(5, 29, 1)
(5, 30, 1)
(5, 31, 1)
(5, 32, 1)
(5, 33, 1)
(5, 34, 1)
(5, 35, 1)
(5, 36, 1)
(5, 37, 1)
(5, 38, 1)
(5, 39, 1)

(6, 0, 8)
(6, 1, 7)
(6, 2, 7)
(6, 3, 4)
(6, 4, 4)
(6, 5, 4)
(6, 6, 2)
(6, 7, 2)
(6, 8, 2)
(6, 9, 2)
(6, 10, 2)
(6, 11, 2)
(6, 12, 2)
(6, 13, 2)
(6, 14, 1)
(6, 15, 1)
(6, 16, 1)
(6, 17, 1)
(6, 18, 1)
(6, 19, 1)
(6, 20, 1)
(6, 21, 1)
(6, 22, 1)
(6, 23, 1)
(6, 24, 1)
(6, 25, 1)
(6, 26, 1)
(6, 27, 1)
(6, 28, 1)
(6, 29, 1)
(6, 30, 1)
(6, 31, 1)
(6, 32, 1)
(6, 33, 1)
(6, 34, 1)
(6, 35, 1)
(6, 36, 1)
(6, 37, 1)
(6, 38, 1)
(6, 39, 1)

(7, 0, 9)
(7, 1, 8)
(7, 2, 8)
(7, 3, 5)
(7, 4, 4)
(7, 5, 4)
(7, 6, 2)
(7, 7, 2)
(7, 8, 2)
(7, 9, 2)
(7, 10, 2)
(7, 11, 2)
(7, 12, 2)
(7, 13, 1)
(7, 14, 1)
(7, 15, 1)
(7, 16, 1)
(7, 17, 1)
(7, 18, 1)
(7, 19, 1)
(7, 20, 1)
(7, 21, 1)
(7, 22, 1)
(7, 23, 1)
(7, 24, 1)
(7, 25, 1)
(7, 26, 1)
(7, 27, 1)
(7, 28, 1)
(7, 29, 1)
(7, 30, 1)
(7, 31, 1)
(7, 32, 1)
(7, 33, 1)
(7, 34, 1)
(7, 35, 1)
(7, 36, 1)
(7, 37, 1)
(7, 38, 1)
(7, 39, 1)

(8, 0, 9)
(8, 1, 8)
(8, 2, 8)
(8, 3, 5)
(8, 4, 4)
(8, 5, 4)
(8, 6, 2)
(8, 7, 2)
(8, 8, 2)
(8, 9, 2)
(8, 10, 2)
(8, 11, 2)
(8, 12, 2)
(8, 13, 1)
(8, 14, 1)
(8, 15, 1)
(8, 16, 1)
(8, 17, 1)
(8, 18, 1)
(8, 19, 1)
(8, 20, 1)
(8, 21, 1)
(8, 22, 1)
(8, 23, 1)
(8, 24, 1)
(8, 25, 1)
(8, 26, 1)
(8, 27, 1)
(8, 28, 1)
(8, 29, 1)
(8, 30, 1)
(8, 31, 1)
(8, 32, 1)
(8, 33, 1)
(8, 34, 1)
(8, 35, 1)
(8, 36, 1)
(8, 37, 1)
(8, 38, 1)
(8, 39, 1)

(9, 0, 14)
(9, 1, 13)
(9, 2, 13)
(9, 3, 8)
(9, 4, 7)
(9, 5, 7)
(9, 6, 4)
(9, 7, 4)
(9, 8, 4)
(9, 9, 4)
(9, 10, 4)
(9, 11, 4)
(9, 12, 4)
(9, 13, 3)
(9, 14, 3)
(9, 15, 3)
(9, 16, 3)
(9, 17, 3)
(9, 18, 3)
(9, 19, 3)
(9, 20, 3)
(9, 21, 3)
(9, 22, 3)
(9, 23, 3)
(9, 24, 3)
(9, 25, 3)
(9, 26, 3)
(9, 27, 3)
(9, 28, 3)
(9, 29, 3)
(9, 30, 3)
(9, 31, 3)
(9, 32, 3)
(9, 33, 3)
(9, 34, 3)
(9, 35, 3)
(9, 36, 3)
(9, 37, 3)
(9, 38, 3)
(9, 39, 3)

(10, 0, 17)
(10, 1, 15)
(10, 2, 15)
(10, 3, 9)
(10, 4, 8)
(10, 5, 8)
(10, 6, 4)
(10, 7, 4)
(10, 8, 4)
(10, 9, 4)
(10, 10, 4)
(10, 11, 4)
(10, 12, 4)
(10, 13, 3)
(10, 14, 3)
(10, 15, 3)
(10, 16, 3)
(10, 17, 3)
(10, 18, 3)
(10, 19, 3)
(10, 20, 3)
(10, 21, 3)
(10, 22, 3)
(10, 23, 3)
(10, 24, 3)
(10, 25, 3)
(10, 26, 3)
(10, 27, 3)
(10, 28, 3)
(10, 29, 3)
(10, 30, 3)
(10, 31, 3)
(10, 32, 3)
(10, 33, 3)
(10, 34, 3)
(10, 35, 3)
(10, 36, 3)
(10, 37, 3)
(10, 38, 3)
(10, 39, 2)

(11, 0, 22)
(11, 1, 17)
(11, 2, 17)
(11, 3, 11)
(11, 4, 10)
(11, 5, 10)
(11, 6, 6)
(11, 7, 6)
(11, 8, 6)
(11, 9, 6)
(11, 10, 6)
(11, 11, 6)
(11, 12, 6)
(11, 13, 5)
(11, 14, 5)
(11, 15, 5)
(11, 16, 5)
(11, 17, 5)
(11, 18, 5)
(11, 19, 5)
(11, 20, 5)
(11, 21, 5)
(11, 22, 5)
(11, 23, 5)
(11, 24, 5)
(11, 25, 5)
(11, 26, 5)
(11, 27, 5)
(11, 28, 5)
(11, 29, 5)
(11, 30, 4)
(11, 31, 4)
(11, 32, 4)
(11, 33, 4)
(11, 34, 4)
(11, 35, 4)
(11, 36, 4)
(11, 37, 4)
(11, 38, 4)
(11, 39, 3)

(12, 0, 27)
(12, 1, 20)
(12, 2, 20)
(12, 3, 14)
(12, 4, 12)
(12, 5, 12)
(12, 6, 8)
(12, 7, 8)
(12, 8, 7)
(12, 9, 7)
(12, 10, 7)
(12, 11, 7)
(12, 12, 7)
(12, 13, 5)
(12, 14, 5)
(12, 15, 5)
(12, 16, 5)
(12, 17, 5)
(12, 18, 5)
(12, 19, 5)
(12, 20, 5)
(12, 21, 5)
(12, 22, 5)
(12, 23, 5)
(12, 24, 5)
(12, 25, 5)
(12, 26, 5)
(12, 27, 5)
(12, 28, 5)
(12, 29, 4)
(12, 30, 3)
(12, 31, 3)
(12, 32, 3)
(12, 33, 3)
(12, 34, 3)
(12, 35, 3)
(12, 36, 3)
(12, 37, 2)
(12, 38, 2)
(12, 39, 2)

(13, 0, 30)
(13, 1, 23)
(13, 2, 23)
(13, 3, 16)
(13, 4, 14)
(13, 5, 14)
(13, 6, 10)
(13, 7, 10)
(13, 8, 8)
(13, 9, 8)
(13, 10, 8)
(13, 11, 8)
(13, 12, 8)
(13, 13, 6)
(13, 14, 6)
(13, 15, 6)
(13, 16, 6)
(13, 17, 6)
(13, 18, 6)
(13, 19, 6)
(13, 20, 6)
(13, 21, 6)
(13, 22, 5)
(13, 23, 5)
(13, 24, 5)
(13, 25, 5)
(13, 26, 4)
(13, 27, 4)
(13, 28, 3)
(13, 29, 2)
(13, 30, 2)
(13, 31, 2)
(13, 32, 2)
(13, 33, 2)
(13, 34, 2)
(13, 35, 2)
(13, 36, 2)
(13, 37, 1)
(13, 38, 1)
(13, 39, 1)

(14, 0, 30)
(14, 1, 23)
(14, 2, 23)
(14, 3, 16)
(14, 4, 14)
(14, 5, 14)
(14, 6, 10)
(14, 7, 10)
(14, 8, 8)
(14, 9, 8)
(14, 10, 8)
(14, 11, 8)
(14, 12, 8)
(14, 13, 6)
(14, 14, 6)
(14, 15, 6)
(14, 16, 6)
(14, 17, 6)
(14, 18, 6)
(14, 19, 6)
(14, 20, 6)
(14, 21, 6)
(14, 22, 5)
(14, 23, 5)
(14, 24, 5)
(14, 25, 5)
(14, 26, 4)
(14, 27, 4)
(14, 28, 3)
(14, 29, 2)
(14, 30, 2)
(14, 31, 2)
(14, 32, 2)
(14, 33, 2)
(14, 34, 2)
(14, 35, 2)
(14, 36, 2)
(14, 37, 1)
(14, 38, 1)
(14, 39, 1)

(15, 0, 41)
(15, 1, 34)
(15, 2, 34)
(15, 3, 23)
(15, 4, 19)
(15, 5, 18)
(15, 6, 13)
(15, 7, 13)
(15, 8, 11)
(15, 9, 10)
(15, 10, 10)
(15, 11, 10)
(15, 12, 10)
(15, 13, 8)
(15, 14, 8)
(15, 15, 8)
(15, 16, 8)
(15, 17, 8)
(15, 18, 8)
(15, 19, 7)
(15, 20, 7)
(15, 21, 6)
(15, 22, 5)
(15, 23, 5)
(15, 24, 5)
(15, 25, 4)
(15, 26, 3)
(15, 27, 3)
(15, 28, 3)
(15, 29, 2)
(15, 30, 2)
(15, 31, 2)
(15, 32, 2)
(15, 33, 2)
(15, 34, 2)
(15, 35, 2)
(15, 36, 2)
(15, 37, 2)
(15, 38, 2)
(15, 39, 2)

(16, 0, 47)
(16, 1, 36)
(16, 2, 36)
(16, 3, 24)
(16, 4, 19)
(16, 5, 18)
(16, 6, 13)
(16, 7, 13)
(16, 8, 11)
(16, 9, 10)
(16, 10, 10)
(16, 11, 10)
(16, 12, 10)
(16, 13, 8)
(16, 14, 8)
(16, 15, 8)
(16, 16, 8)
(16, 17, 7)
(16, 18, 7)
(16, 19, 7)
(16, 20, 7)
(16, 21, 6)
(16, 22, 5)
(16, 23, 5)
(16, 24, 5)
(16, 25, 4)
(16, 26, 3)
(16, 27, 3)
(16, 28, 3)
(16, 29, 2)
(16, 30, 2)
(16, 31, 2)
(16, 32, 2)
(16, 33, 2)
(16, 34, 2)
(16, 35, 2)
(16, 36, 2)
(16, 37, 2)
(16, 38, 2)
(16, 39, 2)

(17, 0, 54)
(17, 1, 42)
(17, 2, 40)
(17, 3, 27)
(17, 4, 22)
(17, 5, 21)
(17, 6, 15)
(17, 7, 15)
(17, 8, 12)
(17, 9, 11)
(17, 10, 11)
(17, 11, 11)
(17, 12, 11)
(17, 13, 9)
(17, 14, 9)
(17, 15, 8)
(17, 16, 8)
(17, 17, 7)
(17, 18, 7)
(17, 19, 7)
(17, 20, 7)
(17, 21, 6)
(17, 22, 5)
(17, 23, 4)
(17, 24, 4)
(17, 25, 3)
(17, 26, 2)
(17, 27, 2)
(17, 28, 2)
(17, 29, 2)
(17, 30, 2)
(17, 31, 2)
(17, 32, 2)
(17, 33, 2)
(17, 34, 2)
(17, 35, 2)
(17, 36, 2)
(17, 37, 2)
(17, 38, 2)
(17, 39, 2)

(18, 0, 60)
(18, 1, 46)
(18, 2, 41)
(18, 3, 27)
(18, 4, 21)
(18, 5, 20)
(18, 6, 14)
(18, 7, 14)
(18, 8, 12)
(18, 9, 11)
(18, 10, 11)
(18, 11, 11)
(18, 12, 11)
(18, 13, 9)
(18, 14, 9)
(18, 15, 8)
(18, 16, 8)
(18, 17, 7)
(18, 18, 7)
(18, 19, 7)
(18, 20, 7)
(18, 21, 6)
(18, 22, 5)
(18, 23, 4)
(18, 24, 4)
(18, 25, 3)
(18, 26, 2)
(18, 27, 2)
(18, 28, 2)
(18, 29, 2)
(18, 30, 2)
(18, 31, 2)
(18, 32, 2)
(18, 33, 2)
(18, 34, 2)
(18, 35, 2)
(18, 36, 2)
(18, 37, 2)
(18, 38, 2)
(18, 39, 2)

(19, 0, 64)
(19, 1, 50)
(19, 2, 45)
(19, 3, 29)
(19, 4, 23)
(19, 5, 22)
(19, 6, 16)
(19, 7, 16)
(19, 8, 14)
(19, 9, 11)
(19, 10, 11)
(19, 11, 11)
(19, 12, 10)
(19, 13, 8)
(19, 14, 8)
(19, 15, 8)
(19, 16, 8)
(19, 17, 7)
(19, 18, 7)
(19, 19, 7)
(19, 20, 7)
(19, 21, 6)
(19, 22, 5)
(19, 23, 4)
(19, 24, 4)
(19, 25, 3)
(19, 26, 2)
(19, 27, 2)
(19, 28, 2)
(19, 29, 2)
(19, 30, 2)
(19, 31, 2)
(19, 32, 2)
(19, 33, 2)
(19, 34, 2)
(19, 35, 1)
(19, 36, 1)
(19, 37, 1)
(19, 38, 1)
(19, 39, 1)

(20, 0, 67)
(20, 1, 53)
(20, 2, 48)
(20, 3, 32)
(20, 4, 25)
(20, 5, 24)
(20, 6, 17)
(20, 7, 17)
(20, 8, 15)
(20, 9, 12)
(20, 10, 12)
(20, 11, 12)
(20, 12, 11)
(20, 13, 8)
(20, 14, 8)
(20, 15, 8)
(20, 16, 8)
(20, 17, 7)
(20, 18, 7)
(20, 19, 7)
(20, 20, 7)
(20, 21, 6)
(20, 22, 4)
(20, 23, 3)
(20, 24, 3)
(20, 25, 2)
(20, 26, 1)
(20, 27, 1)
(20, 28, 1)
(20, 29, 1)
(20, 30, 1)
(20, 31, 1)
(20, 32, 1)
(20, 33, 1)
(20, 34, 1)
(20, 35, 1)
(20, 36, 1)
(20, 37, 1)
(20, 38, 1)
(20, 39, 1)

(21, 0, 67)
(21, 1, 53)
(21, 2, 48)
(21, 3, 32)
(21, 4, 25)
(21, 5, 24)
(21, 6, 17)
(21, 7, 17)
(21, 8, 15)
(21, 9, 12)
(21, 10, 12)
(21, 11, 12)
(21, 12, 11)
(21, 13, 8)
(21, 14, 8)
(21, 15, 8)
(21, 16, 8)
(21, 17, 7)
(21, 18, 7)
(21, 19, 7)
(21, 20, 7)
(21, 21, 6)
(21, 22, 4)
(21, 23, 3)
(21, 24, 3)
(21, 25, 2)
(21, 26, 1)
(21, 27, 1)
(21, 28, 1)
(21, 29, 1)
(21, 30, 1)
(21, 31, 1)
(21, 32, 1)
(21, 33, 1)
(21, 34, 1)
(21, 35, 1)
(21, 36, 1)
(21, 37, 1)
(21, 38, 1)
(21, 39, 1)

(22, 0, 71)
(22, 1, 57)
(22, 2, 52)
(22, 3, 35)
(22, 4, 28)
(22, 5, 27)
(22, 6, 19)
(22, 7, 18)
(22, 8, 16)
(22, 9, 13)
(22, 10, 13)
(22, 11, 12)
(22, 12, 11)
(22, 13, 8)
(22, 14, 8)
(22, 15, 8)
(22, 16, 8)
(22, 17, 7)
(22, 18, 7)
(22, 19, 7)
(22, 20, 7)
(22, 21, 6)
(22, 22, 4)
(22, 23, 3)
(22, 24, 3)
(22, 25, 2)
(22, 26, 1)
(22, 27, 1)
(22, 28, 1)
(22, 29, 1)
(22, 30, 1)
(22, 31, 1)
(22, 32, 1)
(22, 33, 1)
(22, 34, 1)
(22, 35, 1)
(22, 36, 1)
(22, 37, 1)
(22, 38, 1)
(22, 39, 1)

(23, 0, 75)
(23, 1, 58)
(23, 2, 52)
(23, 3, 35)
(23, 4, 28)
(23, 5, 26)
(23, 6, 18)
(23, 7, 18)
(23, 8, 16)
(23, 9, 13)
(23, 10, 13)
(23, 11, 12)
(23, 12, 11)
(23, 13, 8)
(23, 14, 8)
(23, 15, 8)
(23, 16, 8)
(23, 17, 7)
(23, 18, 7)
(23, 19, 7)
(23, 20, 7)
(23, 21, 6)
(23, 22, 4)
(23, 23, 3)
(23, 24, 3)
(23, 25, 2)
(23, 26, 1)
(23, 27, 1)
(23, 28, 1)
(23, 29, 1)
(23, 30, 1)
(23, 31, 1)
(23, 32, 1)
(23, 33, 1)
(23, 34, 1)
(23, 35, 1)
(23, 36, 1)
(23, 37, 1)
(23, 38, 1)
(23, 39, 1)

(24, 0, 82)
(24, 1, 63)
(24, 2, 57)
(24, 3, 39)
(24, 4, 32)
(24, 5, 29)
(24, 6, 21)
(24, 7, 20)
(24, 8, 18)
(24, 9, 14)
(24, 10, 14)
(24, 11, 13)
(24, 12, 12)
(24, 13, 9)
(24, 14, 9)
(24, 15, 9)
(24, 16, 9)
(24, 17, 8)
(24, 18, 8)
(24, 19, 8)
(24, 20, 7)
(24, 21, 6)
(24, 22, 4)
(24, 23, 3)
(24, 24, 3)
(24, 25, 2)
(24, 26, 1)
(24, 27, 1)
(24, 28, 1)
(24, 29, 1)
(24, 30, 1)
(24, 31, 1)
(24, 32, 1)
(24, 33, 1)
(24, 34, 1)
(24, 35, 1)
(24, 36, 1)
(24, 37, 1)
(24, 38, 1)
(24, 39, 1)

(25, 0, 94)
(25, 1, 71)
(25, 2, 62)
(25, 3, 42)
(25, 4, 35)
(25, 5, 32)
(25, 6, 24)
(25, 7, 23)
(25, 8, 19)
(25, 9, 14)
(25, 10, 14)
(25, 11, 12)
(25, 12, 11)
(25, 13, 8)
(25, 14, 8)
(25, 15, 8)
(25, 16, 8)
(25, 17, 7)
(25, 18, 7)
(25, 19, 7)
(25, 20, 7)
(25, 21, 6)
(25, 22, 4)
(25, 23, 3)
(25, 24, 3)
(25, 25, 2)
(25, 26, 1)
(25, 27, 1)
(25, 28, 1)
(25, 29, 1)
(25, 30, 1)
(25, 31, 1)
(25, 32, 1)
(25, 33, 1)
(25, 34, 1)
(25, 35, 1)
(25, 36, 1)
(25, 37, 1)
(25, 38, 1)
(25, 39, 1)

(26, 0, 100)
(26, 1, 73)
(26, 2, 62)
(26, 3, 42)
(26, 4, 35)
(26, 5, 31)
(26, 6, 23)
(26, 7, 22)
(26, 8, 19)
(26, 9, 14)
(26, 10, 14)
(26, 11, 11)
(26, 12, 11)
(26, 13, 8)
(26, 14, 8)
(26, 15, 8)
(26, 16, 8)
(26, 17, 7)
(26, 18, 7)
(26, 19, 7)
(26, 20, 7)
(26, 21, 6)
(26, 22, 4)
(26, 23, 3)
(26, 24, 3)
(26, 25, 2)
(26, 26, 1)
(26, 27, 1)
(26, 28, 1)
(26, 29, 1)
(26, 30, 1)
(26, 31, 1)
(26, 32, 1)
(26, 33, 1)
(26, 34, 1)
(26, 35, 1)
(26, 36, 1)
(26, 37, 1)
(26, 38, 1)
(26, 39, 1)

(27, 0, 104)
(27, 1, 76)
(27, 2, 62)
(27, 3, 42)
(27, 4, 35)
(27, 5, 31)
(27, 6, 23)
(27, 7, 22)
(27, 8, 19)
(27, 9, 14)
(27, 10, 13)
(27, 11, 11)
(27, 12, 11)
(27, 13, 8)
(27, 14, 8)
(27, 15, 8)
(27, 16, 8)
(27, 17, 7)
(27, 18, 7)
(27, 19, 7)
(27, 20, 7)
(27, 21, 6)
(27, 22, 4)
(27, 23, 3)
(27, 24, 3)
(27, 25, 2)
(27, 26, 1)
(27, 27, 1)
(27, 28, 1)
(27, 29, 1)
(27, 30, 1)
(27, 31, 1)
(27, 32, 1)
(27, 33, 1)
(27, 34, 1)
(27, 35, 1)
(27, 36, 1)
(27, 37, 1)
(27, 38, 1)
(27, 39, 1)

(28, 0, 109)
(28, 1, 79)
(28, 2, 63)
(28, 3, 43)
(28, 4, 36)
(28, 5, 31)
(28, 6, 23)
(28, 7, 21)
(28, 8, 18)
(28, 9, 13)
(28, 10, 13)
(28, 11, 11)
(28, 12, 11)
(28, 13, 8)
(28, 14, 8)
(28, 15, 8)
(28, 16, 8)
(28, 17, 7)
(28, 18, 7)
(28, 19, 7)
(28, 20, 7)
(28, 21, 6)
(28, 22, 4)
(28, 23, 3)
(28, 24, 3)
(28, 25, 2)
(28, 26, 1)
(28, 27, 1)
(28, 28, 1)
(28, 29, 1)
(28, 30, 1)
(28, 31, 1)
(28, 32, 1)
(28, 33, 1)
(28, 34, 1)
(28, 35, 1)
(28, 36, 1)
(28, 37, 1)
(28, 38, 1)
(28, 39, 1)

(29, 0, 113)
(29, 1, 83)
(29, 2, 67)
(29, 3, 46)
(29, 4, 38)
(29, 5, 33)
(29, 6, 25)
(29, 7, 23)
(29, 8, 19)
(29, 9, 14)
(29, 10, 14)
(29, 11, 12)
(29, 12, 12)
(29, 13, 9)
(29, 14, 9)
(29, 15, 9)
(29, 16, 9)
(29, 17, 8)
(29, 18, 8)
(29, 19, 8)
(29, 20, 8)
(29, 21, 7)
(29, 22, 5)
(29, 23, 3)
(29, 24, 3)
(29, 25, 2)
(29, 26, 1)
(29, 27, 1)
(29, 28, 1)
(29, 29, 1)
(29, 30, 1)
(29, 31, 1)
(29, 32, 1)
(29, 33, 1)
(29, 34, 1)
(29, 35, 1)
(29, 36, 1)
(29, 37, 1)
(29, 38, 1)
(29, 39, 1)

(30, 0, 116)
(30, 1, 83)
(30, 2, 67)
(30, 3, 46)
(30, 4, 38)
(30, 5, 33)
(30, 6, 25)
(30, 7, 23)
(30, 8, 19)
(30, 9, 14)
(30, 10, 14)
(30, 11, 12)
(30, 12, 12)
(30, 13, 9)
(30, 14, 9)
(30, 15, 9)
(30, 16, 9)
(30, 17, 8)
(30, 18, 8)
(30, 19, 8)
(30, 20, 8)
(30, 21, 7)
(30, 22, 5)
(30, 23, 3)
(30, 24, 3)
(30, 25, 2)
(30, 26, 1)
(30, 27, 1)
(30, 28, 1)
(30, 29, 1)
(30, 30, 1)
(30, 31, 1)
(30, 32, 1)
(30, 33, 1)
(30, 34, 1)
(30, 35, 1)
(30, 36, 1)
(30, 37, 1)
(30, 38, 1)
(30, 39, 1)

(31, 0, 116)
(31, 1, 83)
(31, 2, 67)
(31, 3, 46)
(31, 4, 38)
(31, 5, 33)
(31, 6, 25)
(31, 7, 23)
(31, 8, 19)
(31, 9, 14)
(31, 10, 14)
(31, 11, 12)
(31, 12, 12)
(31, 13, 9)
(31, 14, 9)
(31, 15, 9)
(31, 16, 9)
(31, 17, 8)
(31, 18, 8)
(31, 19, 8)
(31, 20, 8)
(31, 21, 7)
(31, 22, 5)
(31, 23, 3)
(31, 24, 3)
(31, 25, 2)
(31, 26, 1)
(31, 27, 1)
(31, 28, 1)
(31, 29, 1)
(31, 30, 1)
(31, 31, 1)
(31, 32, 1)
(31, 33, 1)
(31, 34, 1)
(31, 35, 1)
(31, 36, 1)
(31, 37, 1)
(31, 38, 1)
(31, 39, 1)

(32, 0, 117)
(32, 1, 84)
(32, 2, 68)
(32, 3, 47)
(32, 4, 39)
(32, 5, 34)
(32, 6, 26)
(32, 7, 24)
(32, 8, 20)
(32, 9, 15)
(32, 10, 15)
(32, 11, 13)
(32, 12, 13)
(32, 13, 9)
(32, 14, 9)
(32, 15, 9)
(32, 16, 9)
(32, 17, 8)
(32, 18, 8)
(32, 19, 8)
(32, 20, 8)
(32, 21, 7)
(32, 22, 5)
(32, 23, 3)
(32, 24, 3)
(32, 25, 2)
(32, 26, 1)
(32, 27, 1)
(32, 28, 1)
(32, 29, 1)
(32, 30, 1)
(32, 31, 1)
(32, 32, 1)
(32, 33, 1)
(32, 34, 1)
(32, 35, 1)
(32, 36, 1)
(32, 37, 1)
(32, 38, 1)
(32, 39, 1)

(33, 0, 125)
(33, 1, 91)
(33, 2, 75)
(33, 3, 51)
(33, 4, 43)
(33, 5, 38)
(33, 6, 29)
(33, 7, 27)
(33, 8, 22)
(33, 9, 17)
(33, 10, 17)
(33, 11, 14)
(33, 12, 14)
(33, 13, 10)
(33, 14, 10)
(33, 15, 10)
(33, 16, 10)
(33, 17, 9)
(33, 18, 9)
(33, 19, 9)
(33, 20, 9)
(33, 21, 8)
(33, 22, 6)
(33, 23, 4)
(33, 24, 4)
(33, 25, 3)
(33, 26, 2)
(33, 27, 2)
(33, 28, 2)
(33, 29, 2)
(33, 30, 2)
(33, 31, 2)
(33, 32, 2)
(33, 33, 2)
(33, 34, 2)
(33, 35, 2)
(33, 36, 2)
(33, 37, 2)
(33, 38, 2)
(33, 39, 2)

(34, 0, 131)
(34, 1, 97)
(34, 2, 80)
(34, 3, 51)
(34, 4, 43)
(34, 5, 38)
(34, 6, 28)
(34, 7, 26)
(34, 8, 21)
(34, 9, 16)
(34, 10, 16)
(34, 11, 14)
(34, 12, 14)
(34, 13, 10)
(34, 14, 10)
(34, 15, 10)
(34, 16, 10)
(34, 17, 9)
(34, 18, 9)
(34, 19, 9)
(34, 20, 9)
(34, 21, 8)
(34, 22, 6)
(34, 23, 4)
(34, 24, 4)
(34, 25, 3)
(34, 26, 2)
(34, 27, 2)
(34, 28, 2)
(34, 29, 2)
(34, 30, 2)
(34, 31, 2)
(34, 32, 2)
(34, 33, 2)
(34, 34, 2)
(34, 35, 2)
(34, 36, 1)
(34, 37, 1)
(34, 38, 1)
(34, 39, 1)

(35, 0, 131)
(35, 1, 97)
(35, 2, 80)
(35, 3, 51)
(35, 4, 43)
(35, 5, 38)
(35, 6, 28)
(35, 7, 26)
(35, 8, 21)
(35, 9, 16)
(35, 10, 16)
(35, 11, 14)
(35, 12, 14)
(35, 13, 10)
(35, 14, 10)
(35, 15, 10)
(35, 16, 10)
(35, 17, 9)
(35, 18, 9)
(35, 19, 9)
(35, 20, 9)
(35, 21, 8)
(35, 22, 6)
(35, 23, 4)
(35, 24, 4)
(35, 25, 3)
(35, 26, 2)
(35, 27, 2)
(35, 28, 2)
(35, 29, 2)
(35, 30, 2)
(35, 31, 2)
(35, 32, 2)
(35, 33, 2)
(35, 34, 2)
(35, 35, 2)
(35, 36, 1)
(35, 37, 1)
(35, 38, 1)
(35, 39, 1)

(36, 0, 131)
(36, 1, 97)
(36, 2, 80)
(36, 3, 51)
(36, 4, 43)
(36, 5, 38)
(36, 6, 28)
(36, 7, 26)
(36, 8, 21)
(36, 9, 16)
(36, 10, 16)
(36, 11, 14)
(36, 12, 14)
(36, 13, 10)
(36, 14, 10)
(36, 15, 10)
(36, 16, 10)
(36, 17, 9)
(36, 18, 9)
(36, 19, 9)
(36, 20, 9)
(36, 21, 8)
(36, 22, 6)
(36, 23, 4)
(36, 24, 4)
(36, 25, 3)
(36, 26, 2)
(36, 27, 2)
(36, 28, 2)
(36, 29, 2)
(36, 30, 2)
(36, 31, 2)
(36, 32, 2)
(36, 33, 2)
(36, 34, 2)
(36, 35, 2)
(36, 36, 1)
(36, 37, 1)
(36, 38, 1)
(36, 39, 1)

(37, 0, 134)
(37, 1, 99)
(37, 2, 82)
(37, 3, 53)
(37, 4, 44)
(37, 5, 39)
(37, 6, 29)
(37, 7, 27)
(37, 8, 22)
(37, 9, 17)
(37, 10, 17)
(37, 11, 15)
(37, 12, 15)
(37, 13, 11)
(37, 14, 11)
(37, 15, 11)
(37, 16, 11)
(37, 17, 10)
(37, 18, 10)
(37, 19, 10)
(37, 20, 10)
(37, 21, 9)
(37, 22, 7)
(37, 23, 5)
(37, 24, 5)
(37, 25, 3)
(37, 26, 2)
(37, 27, 1)
(37, 28, 1)
(37, 29, 1)
(37, 30, 1)
(37, 31, 1)
(37, 32, 1)
(37, 33, 1)
(37, 34, 1)
(37, 35, 1)
(37, 36, 1)
(37, 37, 1)
(37, 38, 1)
(37, 39, 1)

(38, 0, 136)
(38, 1, 100)
(38, 2, 83)
(38, 3, 54)
(38, 4, 45)
(38, 5, 40)
(38, 6, 30)
(38, 7, 28)
(38, 8, 23)
(38, 9, 18)
(38, 10, 18)
(38, 11, 16)
(38, 12, 16)
(38, 13, 12)
(38, 14, 12)
(38, 15, 12)
(38, 16, 12)
(38, 17, 10)
(38, 18, 10)
(38, 19, 10)
(38, 20, 10)
(38, 21, 9)
(38, 22, 7)
(38, 23, 5)
(38, 24, 5)
(38, 25, 3)
(38, 26, 2)
(38, 27, 1)
(38, 28, 1)
(38, 29, 1)
(38, 30, 1)
(38, 31, 1)
(38, 32, 1)
(38, 33, 1)
(38, 34, 1)
(38, 35, 1)
(38, 36, 1)
(38, 37, 1)
(38, 38, 1)
(38, 39, 1)

(39, 0, 140)
(39, 1, 104)
(39, 2, 87)
(39, 3, 58)
(39, 4, 48)
(39, 5, 40)
(39, 6, 30)
(39, 7, 28)
(39, 8, 23)
(39, 9, 18)
(39, 10, 18)
(39, 11, 16)
(39, 12, 16)
(39, 13, 12)
(39, 14, 12)
(39, 15, 12)
(39, 16, 12)
(39, 17, 10)
(39, 18, 10)
(39, 19, 10)
(39, 20, 10)
(39, 21, 9)
(39, 22, 7)
(39, 23, 5)
(39, 24, 4)
(39, 25, 2)
(39, 26, 1)
(39, 27, 1)
(39, 28, 1)
(39, 29, 1)
(39, 30, 1)
(39, 31, 1)
(39, 32, 1)
(39, 33, 1)
(39, 34, 1)
(39, 35, 1)
(39, 36, 1)
(39, 37, 1)
(39, 38, 1)
(39, 39, 1)


Betti numbers:
xi_0:
(0, 0, 4)
(1, 0, 2)
(2, 0, 1)
(6, 0, 1)
(7, 0, 1)
(9, 0, 5)
(10, 0, 3)
(11, 0, 5)
(12, 0, 5)
(13, 0, 3)
(15, 0, 11)
(16, 0, 6)
(17, 0, 7)
(18, 0, 6)
(19, 0, 4)
(20, 0, 3)
(22, 0, 4)
(23, 0, 4)
(24, 0, 7)
(25, 0, 12)
(26, 0, 6)
(27, 0, 4)
(28, 0, 5)
(29, 0, 4)
(30, 0, 3)
(32, 0, 1)
(33, 0, 8)
(34, 0, 6)
(37, 0, 3)
(38, 0, 2)
(39, 0, 4)
xi_1:
(0, 3, 2)
(0, 6, 1)
(1, 1, 1)
(1, 3, 1)
(2, 6, 1)
(6, 14, 1)
(7, 4, 1)
(7, 13, 1)
(9, 3, 2)
(9, 6, 1)
(10, 1, 1)
(10, 3, 1)
(10, 6, 1)
(10, 39, 1)
(11, 1, 3)
(11, 30, 1)
(12, 1, 2)
(12, 4, 1)
(12, 8, 1)
(12, 13, 1)
(12, 29, 1)
(12, 37, 1)
(13, 3, 1)
(13, 8, 1)
(13, 22, 1)
(13, 26, 1)
(13, 28, 1)
(15, 3, 4)
(15, 4, 2)
(15, 5, 1)
(15, 6, 1)
(15, 9, 1)
(15, 19, 1)
(15, 21, 1)
(15, 25, 1)
(16, 1, 4)
(16, 3, 1)
(16, 4, 1)
(16, 17, 1)
(17, 1, 1)
(17, 2, 2)
(17, 3, 1)
(17, 6, 1)
(17, 8, 1)
(17, 15, 1)
(17, 23, 1)
(18, 1, 2)
(18, 2, 3)
(18, 3, 1)
(18, 4, 1)
(19, 3, 2)
(19, 9, 2)
(19, 12, 1)
(19, 35, 1)
(20, 4, 1)
(20, 6, 1)
(20, 13, 1)
(20, 22, 1)
(22, 3, 1)
(22, 6, 1)
(22, 7, 1)
(22, 11, 1)
(23, 1, 3)
(23, 2, 1)
(23, 5, 1)
(24, 1, 2)
(24, 3, 1)
(24, 5, 1)
(24, 7, 1)
(24, 9, 1)
(24, 20, 1)
(25, 1, 4)
(25, 2, 3)
(25, 3, 2)
(25, 8, 2)
(25, 9, 1)
(25, 11, 1)
(26, 1, 4)
(26, 2, 2)
(26, 5, 1)
(26, 11, 1)
(27, 1, 1)
(27, 2, 3)
(27, 10, 1)
(28, 1, 2)
(28, 2, 2)
(28, 5, 1)
(28, 7, 1)
(29, 3, 1)
(29, 4, 1)
(29, 8, 1)
(29, 23, 1)
(30, 1, 3)
(32, 13, 1)
(33, 1, 1)
(33, 3, 3)
(33, 6, 1)
(33, 8, 1)
(33, 11, 1)
(34, 2, 1)
(34, 3, 5)
(34, 6, 1)
(34, 8, 1)
(34, 36, 1)
(37, 1, 1)
(37, 4, 1)
(37, 25, 1)
(37, 27, 1)
(38, 1, 1)
(38, 17, 1)
(39, 4, 1)
(39, 5, 3)
(39, 24, 1)
xi_2:
(7, 14, 1)
(12, 39, 1)
(13, 30, 1)
(15, 28, 1)
(15, 37, 1)
(16, 19, 1)
(17, 29, 1)
(18, 8, 1)
(19, 15, 1)
(20, 35, 1)
(23, 7, 1)
(25, 20, 1)
(26, 8, 1)
(26, 12, 1)
(27, 11, 1)
(28, 10, 1)
(34, 8, 1)
(34, 11, 1)
(37, 36, 1)
(39, 27, 1)
