x-grades
-4253210995988253713/400000000000000000
-2091893674520588313/200000000000000000
-4114363702094099539/400000000000000000
-1011235013786755613/100000000000000000
-795103281639989073/80000000000000000
-1953046380626434139/200000000000000000
-3836669114305791191/400000000000000000
-470905683419839263/50000000000000000
-3697821820411637017/400000000000000000
-362839817346455993/40000000000000000
-3558974526517482843/400000000000000000
-872387719892601439/100000000000000000
-3420127232623328669/400000000000000000
-1675351792838125791/200000000000000000
-656255987745834899/80000000000000000
-6273156819886909/781250000000000
-3142432644835020321/400000000000000000
-1536504498943971617/200000000000000000
-3003585350940866147/400000000000000000
-146708085199689453/20000000000000000
-2864738057046711973/400000000000000000
-1397657205049817443/200000000000000000
-2725890763152557799/400000000000000000
-332058389525685089/50000000000000000
-20696347754067229/3200000000000000
-1258809911155663269/200000000000000000
-2448196175364249451/400000000000000000
-594693132104293091/100000000000000000
-2309348881470095277/400000000000000000
-223992523452301819/40000000000000000
-2170501587575941103/400000000000000000
-131317371289304001/25000000000000000
-2031654293681786929/400000000000000000
-981115323367354921/200000000000000000
-378561399957526551/80000000000000000
-455845838210138917/100000000000000000
-1753959705893478581/400000000000000000
-842268029473200747/200000000000000000
-1615112411999324407/400000000000000000
-38642219126306183/10000000000000000

y-grades
9999587/4000000
9999587/2000000
29998761/4000000
9999587/1000000
9999587/800000
29998761/2000000
69997109/4000000
9999587/500000
89996283/4000000
9999587/400000
109995457/4000000
29998761/1000000
129994631/4000000
69997109/2000000
29998761/800000
9999587/250000
169992979/4000000
89996283/2000000
189992153/4000000
9999587/200000
209991327/4000000
109995457/2000000
229990501/4000000
29998761/500000
9999587/160000
129994631/2000000
269988849/4000000
69997109/1000000
289988023/4000000
29998761/400000
309987197/4000000
9999587/125000
329986371/4000000
169992979/2000000
69997109/800000
89996283/1000000
369984719/4000000
189992153/2000000
389983893/4000000
9999587/100000

Dimensions > 0:
(0, 0, 2)
(0, 1, 1)
(0, 2, 1)
(0, 3, 1)
(0, 4, 1)
(0, 5, 1)
(0, 6, 1)
(0, 7, 1)
(0, 8, 1)
(0, 9, 1)
(0, 10, 1)
(0, 11, 1)
(0, 12, 1)
(0, 13, 1)
(0, 14, 1)
(0, 15, 1)
(0, 16, 1)
(0, 17, 1)
(0, 18, 1)
(0, 19, 1)
(0, 20, 1)
(0, 21, 1)
(0, 22, 1)
(0, 23, 1)
(0, 24, 1)
(0, 25, 1)
(0, 26, 1)
(0, 27, 1)
(0, 28, 1)
(0, 29, 1)
(0, 30, 1)
(0, 31, 1)
(0, 32, 1)
(0, 33, 1)
(0, 34, 1)
(0, 35, 1)
(0, 36, 1)
(0, 37, 1)
(0, 38, 1)
(0, 39, 1)

(1, 0, 2)
(1, 1, 1)
(1, 2, 1)
(1, 3, 1)
(1, 4, 1)
(1, 5, 1)
(1, 6, 1)
(1, 7, 1)
(1, 8, 1)
(1, 9, 1)
(1, 10, 1)
(1, 11, 1)
(1, 12, 1)
(1, 13, 1)
(1, 14, 1)
(1, 15, 1)
(1, 16, 1)
(1, 17, 1)
(1, 18, 1)
(1, 19, 1)
(1, 20, 1)
(1, 21, 1)
(1, 22, 1)
(1, 23, 1)
(1, 24, 1)
(1, 25, 1)
(1, 26, 1)
(1, 27, 1)
(1, 28, 1)
(1, 29, 1)
(1, 30, 1)
(1, 31, 1)
(1, 32, 1)
(1, 33, 1)
(1, 34, 1)
(1, 35, 1)
(1, 36, 1)
(1, 37, 1)
(1, 38, 1)
(1, 39, 1)

(2, 0, 2)
(2, 1, 1)
(2, 2, 1)
(2, 3, 1)
(2, 4, 1)
(2, 5, 1)
(2, 6, 1)
(2, 7, 1)
(2, 8, 1)
(2, 9, 1)
(2, 10, 1)
(2, 11, 1)
(2, 12, 1)
(2, 13, 1)
(2, 14, 1)
(2, 15, 1)
(2, 16, 1)
(2, 17, 1)
(2, 18, 1)
(2, 19, 1)
(2, 20, 1)
(2, 21, 1)
(2, 22, 1)
(2, 23, 1)
(2, 24, 1)
(2, 25, 1)
(2, 26, 1)
(2, 27, 1)
(2, 28, 1)
(2, 29, 1)
(2, 30, 1)
(2, 31, 1)
(2, 32, 1)
(2, 33, 1)
(2, 34, 1)
(2, 35, 1)
(2, 36, 1)
(2, 37, 1)
(2, 38, 1)
(2, 39, 1)

(3, 0, 5)
(3, 1, 2)
(3, 2, 2)
(3, 3, 2)
(3, 4, 2)
(3, 5, 2)
(3, 6, 2)
(3, 7, 2)
(3, 8, 1)
(3, 9, 1)
(3, 10, 1)
(3, 11, 1)
(3, 12, 1)
(3, 13, 1)
(3, 14, 1)
(3, 15, 1)
(3, 16, 1)
(3, 17, 1)
(3, 18, 1)
(3, 19, 1)
(3, 20, 1)
(3, 21, 1)
(3, 22, 1)
(3, 23, 1)
(3, 24, 1)
(3, 25, 1)
(3, 26, 1)
(3, 27, 1)
(3, 28, 1)
(3, 29, 1)
(3, 30, 1)
(3, 31, 1)
(3, 32, 1)
(3, 33, 1)
(3, 34, 1)
(3, 35, 1)
(3, 36, 1)
(3, 37, 1)
(3, 38, 1)
(3, 39, 1)

(4, 0, 5)
(4, 1, 2)
(4, 2, 2)
(4, 3, 2)
(4, 4, 2)
(4, 5, 2)
(4, 6, 2)
(4, 7, 2)
(4, 8, 1)
(4, 9, 1)
(4, 10, 1)
(4, 11, 1)
(4, 12, 1)
(4, 13, 1)
(4, 14, 1)
(4, 15, 1)
(4, 16, 1)
(4, 17, 1)
(4, 18, 1)
(4, 19, 1)
(4, 20, 1)
(4, 21, 1)
(4, 22, 1)
(4, 23, 1)
(4, 24, 1)
(4, 25, 1)
(4, 26, 1)
(4, 27, 1)
(4, 28, 1)
(4, 29, 1)
(4, 30, 1)
(4, 31, 1)
(4, 32, 1)
(4, 33, 1)
(4, 34, 1)
(4, 35, 1)
(4, 36, 1)
(4, 37, 1)
(4, 38, 1)
(4, 39, 1)

(5, 0, 5)
(5, 1, 2)
(5, 2, 2)
(5, 3, 2)
(5, 4, 2)
(5, 5, 2)
(5, 6, 2)
(5, 7, 2)
(5, 8, 1)
(5, 9, 1)
(5, 10, 1)
(5, 11, 1)
(5, 12, 1)
(5, 13, 1)
(5, 14, 1)
(5, 15, 1)
(5, 16, 1)
(5, 17, 1)
(5, 18, 1)
(5, 19, 1)
(5, 20, 1)
(5, 21, 1)
(5, 22, 1)
(5, 23, 1)
(5, 24, 1)
(5, 25, 1)
(5, 26, 1)
(5, 27, 1)
(5, 28, 1)
(5, 29, 1)
(5, 30, 1)
(5, 31, 1)
(5, 32, 1)
(5, 33, 1)
(5, 34, 1)
(5, 35, 1)
(5, 36, 1)
(5, 37, 1)
(5, 38, 1)
(5, 39, 1)

(6, 0, 5)
(6, 1, 2)
(6, 2, 2)
(6, 3, 2)
(6, 4, 2)
(6, 5, 2)
(6, 6, 2)
(6, 7, 2)
(6, 8, 1)
(6, 9, 1)
(6, 10, 1)
(6, 11, 1)
(6, 12, 1)
(6, 13, 1)
(6, 14, 1)
(6, 15, 1)
(6, 16, 1)
(6, 17, 1)
(6, 18, 1)
(6, 19, 1)
(6, 20, 1)
(6, 21, 1)
(6, 22, 1)
(6, 23, 1)
(6, 24, 1)
(6, 25, 1)
(6, 26, 1)
(6, 27, 1)
(6, 28, 1)
(6, 29, 1)
(6, 30, 1)
(6, 31, 1)
(6, 32, 1)
(6, 33, 1)
(6, 34, 1)
(6, 35, 1)
(6, 36, 1)
(6, 37, 1)
(6, 38, 1)
(6, 39, 1)

(7, 0, 5)
(7, 1, 2)
(7, 2, 2)
(7, 3, 2)
(7, 4, 2)
(7, 5, 2)
(7, 6, 2)
(7, 7, 2)
(7, 8, 1)
(7, 9, 1)
(7, 10, 1)
(7, 11, 1)
(7, 12, 1)
(7, 13, 1)
(7, 14, 1)
(7, 15, 1)
(7, 16, 1)
(7, 17, 1)
(7, 18, 1)
(7, 19, 1)
(7, 20, 1)
(7, 21, 1)
(7, 22, 1)
(7, 23, 1)
(7, 24, 1)
(7, 25, 1)
(7, 26, 1)
(7, 27, 1)
(7, 28, 1)
(7, 29, 1)
(7, 30, 1)
(7, 31, 1)
(7, 32, 1)
(7, 33, 1)
(7, 34, 1)
(7, 35, 1)
(7, 36, 1)
(7, 37, 1)
(7, 38, 1)
(7, 39, 1)

(8, 0, 5)
(8, 1, 2)
(8, 2, 2)
(8, 3, 2)
(8, 4, 2)
(8, 5, 2)
(8, 6, 2)
(8, 7, 2)
(8, 8, 1)
(8, 9, 1)
(8, 10, 1)
(8, 11, 1)
(8, 12, 1)
(8, 13, 1)
(8, 14, 1)
(8, 15, 1)
(8, 16, 1)
(8, 17, 1)
(8, 18, 1)
(8, 19, 1)
(8, 20, 1)
(8, 21, 1)
(8, 22, 1)
(8, 23, 1)
(8, 24, 1)
(8, 25, 1)
(8, 26, 1)
(8, 27, 1)
(8, 28, 1)
(8, 29, 1)
(8, 30, 1)
(8, 31, 1)
(8, 32, 1)
(8, 33, 1)
(8, 34, 1)
(8, 35, 1)
(8, 36, 1)
(8, 37, 1)
(8, 38, 1)
(8, 39, 1)

(9, 0, 5)
(9, 1, 2)
(9, 2, 2)
(9, 3, 2)
(9, 4, 2)
(9, 5, 2)
(9, 6, 2)
(9, 7, 2)
(9, 8, 1)
(9, 9, 1)
(9, 10, 1)
(9, 11, 1)
(9, 12, 1)
(9, 13, 1)
(9, 14, 1)
(9, 15, 1)
(9, 16, 1)
(9, 17, 1)
(9, 18, 1)
(9, 19, 1)
(9, 20, 1)
(9, 21, 1)
(9, 22, 1)
(9, 23, 1)
(9, 24, 1)
(9, 25, 1)
(9, 26, 1)
(9, 27, 1)
(9, 28, 1)
(9, 29, 1)
(9, 30, 1)
(9, 31, 1)
(9, 32, 1)
(9, 33, 1)
(9, 34, 1)
(9, 35, 1)
(9, 36, 1)
(9, 37, 1)
(9, 38, 1)
(9, 39, 1)

(10, 0, 5)
(10, 1, 2)
(10, 2, 2)
(10, 3, 2)
(10, 4, 2)
(10, 5, 2)
(10, 6, 2)
(10, 7, 2)
(10, 8, 1)
(10, 9, 1)
(10, 10, 1)
(10, 11, 1)
(10, 12, 1)
(10, 13, 1)
(10, 14, 1)
(10, 15, 1)
(10, 16, 1)
(10, 17, 1)
(10, 18, 1)
(10, 19, 1)
(10, 20, 1)
(10, 21, 1)
(10, 22, 1)
(10, 23, 1)
(10, 24, 1)
(10, 25, 1)
(10, 26, 1)
(10, 27, 1)
(10, 28, 1)
(10, 29, 1)
(10, 30, 1)
(10, 31, 1)
(10, 32, 1)
(10, 33, 1)
(10, 34, 1)
(10, 35, 1)
(10, 36, 1)
(10, 37, 1)
(10, 38, 1)
(10, 39, 1)

(11, 0, 7)
(11, 1, 3)
(11, 2, 3)
(11, 3, 3)
(11, 4, 3)
(11, 5, 3)
(11, 6, 3)
(11, 7, 3)
(11, 8, 2)
(11, 9, 2)
(11, 10, 2)
(11, 11, 2)
(11, 12, 2)
(11, 13, 2)
(11, 14, 2)
(11, 15, 2)
(11, 16, 2)
(11, 17, 2)
(11, 18, 2)
(11, 19, 2)
(11, 20, 2)
(11, 21, 2)
(11, 22, 2)
(11, 23, 2)
(11, 24, 2)
(11, 25, 2)
(11, 26, 2)
(11, 27, 2)
(11, 28, 2)
(11, 29, 2)
(11, 30, 2)
(11, 31, 2)
(11, 32, 2)
(11, 33, 2)
(11, 34, 2)
(11, 35, 2)
(11, 36, 2)
(11, 37, 2)
(11, 38, 2)
(11, 39, 2)

(12, 0, 7)
(12, 1, 3)
(12, 2, 3)
(12, 3, 3)
(12, 4, 3)
(12, 5, 3)
(12, 6, 3)
(12, 7, 3)
(12, 8, 2)
(12, 9, 2)
(12, 10, 2)
(12, 11, 2)
(12, 12, 2)
(12, 13, 2)
(12, 14, 2)
(12, 15, 2)
(12, 16, 2)
(12, 17, 2)
(12, 18, 2)
(12, 19, 2)
(12, 20, 2)
(12, 21, 2)
(12, 22, 2)
(12, 23, 2)
(12, 24, 2)
(12, 25, 2)
(12, 26, 2)
(12, 27, 2)
(12, 28, 2)
(12, 29, 2)
(12, 30, 2)
(12, 31, 2)
(12, 32, 2)
(12, 33, 2)
(12, 34, 2)
(12, 35, 2)
(12, 36, 2)
(12, 37, 2)
(12, 38, 2)
(12, 39, 2)

(13, 0, 10)
(13, 1, 4)
(13, 2, 4)
(13, 3, 4)
(13, 4, 4)
(13, 5, 4)
(13, 6, 4)
(13, 7, 4)
(13, 8, 2)
(13, 9, 2)
(13, 10, 2)
(13, 11, 2)
(13, 12, 2)
(13, 13, 2)
(13, 14, 2)
(13, 15, 2)
(13, 16, 2)
(13, 17, 2)
(13, 18, 2)
(13, 19, 2)
(13, 20, 2)
(13, 21, 2)
(13, 22, 2)
(13, 23, 2)
(13, 24, 2)
(13, 25, 2)
(13, 26, 2)
(13, 27, 2)
(13, 28, 2)
(13, 29, 2)
(13, 30, 2)
(13, 31, 2)
(13, 32, 2)
(13, 33, 2)
(13, 34, 2)
(13, 35, 2)
(13, 36, 2)
(13, 37, 2)
(13, 38, 2)
(13, 39, 2)

(14, 0, 10)
(14, 1, 4)
(14, 2, 4)
(14, 3, 4)
(14, 4, 4)
(14, 5, 4)
(14, 6, 4)
(14, 7, 4)
(14, 8, 2)
(14, 9, 2)
(14, 10, 2)
(14, 11, 2)
(14, 12, 2)
(14, 13, 2)
(14, 14, 2)
(14, 15, 2)
(14, 16, 2)
(14, 17, 2)
(14, 18, 2)
(14, 19, 2)
(14, 20, 2)
(14, 21, 2)
(14, 22, 2)
(14, 23, 2)
(14, 24, 2)
(14, 25, 2)
(14, 26, 2)
(14, 27, 2)
(14, 28, 2)
(14, 29, 2)
(14, 30, 2)
(14, 31, 2)
(14, 32, 2)
(14, 33, 2)
(14, 34, 2)
(14, 35, 2)
(14, 36, 2)
(14, 37, 2)
(14, 38, 2)
(14, 39, 2)

(15, 0, 10)
(15, 1, 4)
(15, 2, 4)
(15, 3, 4)
(15, 4, 4)
(15, 5, 4)
(15, 6, 4)
(15, 7, 4)
(15, 8, 2)
(15, 9, 2)
(15, 10, 2)
(15, 11, 2)
(15, 12, 2)
(15, 13, 2)
(15, 14, 2)
(15, 15, 2)
(15, 16, 2)
(15, 17, 2)
(15, 18, 2)
(15, 19, 2)
(15, 20, 2)
(15, 21, 2)
(15, 22, 2)
(15, 23, 2)
(15, 24, 2)
(15, 25, 2)
(15, 26, 2)
(15, 27, 2)
(15, 28, 2)
(15, 29, 2)
(15, 30, 2)
(15, 31, 2)
(15, 32, 2)
(15, 33, 2)
(15, 34, 2)
(15, 35, 2)
(15, 36, 2)
(15, 37, 2)
(15, 38, 2)
(15, 39, 2)

(16, 0, 10)
(16, 1, 4)
(16, 2, 4)
(16, 3, 4)
(16, 4, 4)
(16, 5, 4)
(16, 6, 4)
(16, 7, 4)
(16, 8, 2)
(16, 9, 2)
(16, 10, 2)
(16, 11, 2)
(16, 12, 2)
(16, 13, 2)
(16, 14, 2)
(16, 15, 2)
(16, 16, 2)
(16, 17, 2)
(16, 18, 2)
(16, 19, 2)
(16, 20, 2)
(16, 21, 2)
(16, 22, 2)
(16, 23, 2)
(16, 24, 2)
(16, 25, 2)
(16, 26, 2)
(16, 27, 2)
(16, 28, 2)
(16, 29, 2)
(16, 30, 2)
(16, 31, 2)
(16, 32, 2)
(16, 33, 2)
(16, 34, 2)
(16, 35, 2)
(16, 36, 2)
(16, 37, 2)
(16, 38, 2)
(16, 39, 2)

(17, 0, 10)
(17, 1, 4)
(17, 2, 4)
(17, 3, 4)
(17, 4, 4)
(17, 5, 4)
(17, 6, 4)
(17, 7, 4)
(17, 8, 2)
(17, 9, 2)
(17, 10, 2)
(17, 11, 2)
(17, 12, 2)
(17, 13, 2)
(17, 14, 2)
(17, 15, 2)
(17, 16, 2)
(17, 17, 2)
(17, 18, 2)
(17, 19, 2)
(17, 20, 2)
(17, 21, 2)
(17, 22, 2)
(17, 23, 2)
(17, 24, 2)
(17, 25, 2)
(17, 26, 2)
(17, 27, 2)
(17, 28, 2)
(17, 29, 2)
(17, 30, 2)
(17, 31, 2)
(17, 32, 2)
(17, 33, 2)
(17, 34, 2)
(17, 35, 2)
(17, 36, 2)
(17, 37, 2)
(17, 38, 2)
(17, 39, 2)

(18, 0, 12)
(18, 1, 6)
(18, 2, 6)
(18, 3, 6)
(18, 4, 6)
(18, 5, 6)
(18, 6, 6)
(18, 7, 6)
(18, 8, 4)
(18, 9, 4)
(18, 10, 4)
(18, 11, 4)
(18, 12, 4)
(18, 13, 4)
(18, 14, 3)
(18, 15, 3)
(18, 16, 3)
(18, 17, 3)
(18, 18, 3)
(18, 19, 3)
(18, 20, 3)
(18, 21, 3)
(18, 22, 3)
(18, 23, 3)
(18, 24, 3)
(18, 25, 3)
(18, 26, 3)
(18, 27, 3)
(18, 28, 3)
(18, 29, 3)
(18, 30, 3)
(18, 31, 3)
(18, 32, 3)
(18, 33, 3)
(18, 34, 3)
(18, 35, 3)
(18, 36, 3)
(18, 37, 3)
(18, 38, 3)
(18, 39, 3)

(19, 0, 14)
(19, 1, 8)
(19, 2, 8)
(19, 3, 8)
(19, 4, 8)
(19, 5, 8)
(19, 6, 8)
(19, 7, 8)
(19, 8, 6)
(19, 9, 6)
(19, 10, 6)
(19, 11, 6)
(19, 12, 6)
(19, 13, 6)
(19, 14, 3)
(19, 15, 3)
(19, 16, 3)
(19, 17, 3)
(19, 18, 3)
(19, 19, 3)
(19, 20, 3)
(19, 21, 3)
(19, 22, 3)
(19, 23, 3)
(19, 24, 3)
(19, 25, 3)
(19, 26, 3)
(19, 27, 3)
(19, 28, 3)
(19, 29, 3)
(19, 30, 3)
(19, 31, 3)
(19, 32, 3)
(19, 33, 3)
(19, 34, 3)
(19, 35, 3)
(19, 36, 3)
(19, 37, 3)
(19, 38, 3)
(19, 39, 3)

(20, 0, 17)
(20, 1, 11)
(20, 2, 11)
(20, 3, 11)
(20, 4, 11)
(20, 5, 11)
(20, 6, 11)
(20, 7, 11)
(20, 8, 9)
(20, 9, 9)
(20, 10, 9)
(20, 11, 9)
(20, 12, 9)
(20, 13, 9)
(20, 14, 4)
(20, 15, 4)
(20, 16, 4)
(20, 17, 4)
(20, 18, 4)
(20, 19, 4)
(20, 20, 4)
(20, 21, 4)
(20, 22, 4)
(20, 23, 4)
(20, 24, 4)
(20, 25, 4)
(20, 26, 4)
(20, 27, 4)
(20, 28, 4)
(20, 29, 4)
(20, 30, 4)
(20, 31, 4)
(20, 32, 4)
(20, 33, 4)
(20, 34, 4)
(20, 35, 4)
(20, 36, 4)
(20, 37, 4)
(20, 38, 4)
(20, 39, 4)

(21, 0, 27)
(21, 1, 18)
(21, 2, 18)
(21, 3, 18)
(21, 4, 18)
(21, 5, 18)
(21, 6, 18)
(21, 7, 18)
(21, 8, 16)
(21, 9, 16)
(21, 10, 16)
(21, 11, 16)
(21, 12, 16)
(21, 13, 16)
(21, 14, 5)
(21, 15, 5)
(21, 16, 4)
(21, 17, 4)
(21, 18, 4)
(21, 19, 4)
(21, 20, 4)
(21, 21, 4)
(21, 22, 4)
(21, 23, 4)
(21, 24, 4)
(21, 25, 4)
(21, 26, 4)
(21, 27, 4)
(21, 28, 4)
(21, 29, 3)
(21, 30, 3)
(21, 31, 3)
(21, 32, 3)
(21, 33, 3)
(21, 34, 3)
(21, 35, 3)
(21, 36, 3)
(21, 37, 3)
(21, 38, 3)
(21, 39, 3)

(22, 0, 28)
(22, 1, 19)
(22, 2, 19)
(22, 3, 19)
(22, 4, 19)
(22, 5, 19)
(22, 6, 19)
(22, 7, 19)
(22, 8, 17)
(22, 9, 17)
(22, 10, 17)
(22, 11, 17)
(22, 12, 17)
(22, 13, 17)
(22, 14, 5)
(22, 15, 5)
(22, 16, 4)
(22, 17, 4)
(22, 18, 4)
(22, 19, 4)
(22, 20, 4)
(22, 21, 4)
(22, 22, 4)
(22, 23, 4)
(22, 24, 4)
(22, 25, 4)
(22, 26, 4)
(22, 27, 4)
(22, 28, 4)
(22, 29, 3)
(22, 30, 3)
(22, 31, 3)
(22, 32, 3)
(22, 33, 3)
(22, 34, 3)
(22, 35, 3)
(22, 36, 3)
(22, 37, 3)
(22, 38, 3)
(22, 39, 3)

(23, 0, 29)
(23, 1, 20)
(23, 2, 20)
(23, 3, 20)
(23, 4, 20)
(23, 5, 20)
(23, 6, 20)
(23, 7, 20)
(23, 8, 18)
(23, 9, 18)
(23, 10, 18)
(23, 11, 18)
(23, 12, 18)
(23, 13, 18)
(23, 14, 5)
(23, 15, 5)
(23, 16, 4)
(23, 17, 4)
(23, 18, 4)
(23, 19, 4)
(23, 20, 4)
(23, 21, 4)
(23, 22, 4)
(23, 23, 4)
(23, 24, 4)
(23, 25, 4)
(23, 26, 4)
(23, 27, 4)
(23, 28, 4)
(23, 29, 3)
(23, 30, 3)
(23, 31, 3)
(23, 32, 3)
(23, 33, 3)
(23, 34, 3)
(23, 35, 3)
(23, 36, 3)
(23, 37, 3)
(23, 38, 3)
(23, 39, 3)

(24, 0, 32)
(24, 1, 23)
(24, 2, 23)
(24, 3, 23)
(24, 4, 23)
(24, 5, 23)
(24, 6, 23)
(24, 7, 23)
(24, 8, 21)
(24, 9, 21)
(24, 10, 21)
(24, 11, 21)
(24, 12, 21)
(24, 13, 21)
(24, 14, 6)
(24, 15, 6)
(24, 16, 5)
(24, 17, 4)
(24, 18, 4)
(24, 19, 4)
(24, 20, 4)
(24, 21, 4)
(24, 22, 4)
(24, 23, 4)
(24, 24, 4)
(24, 25, 4)
(24, 26, 4)
(24, 27, 4)
(24, 28, 4)
(24, 29, 3)
(24, 30, 3)
(24, 31, 3)
(24, 32, 3)
(24, 33, 3)
(24, 34, 3)
(24, 35, 3)
(24, 36, 3)
(24, 37, 3)
(24, 38, 3)
(24, 39, 3)

(25, 0, 32)
(25, 1, 23)
(25, 2, 23)
(25, 3, 23)
(25, 4, 23)
(25, 5, 23)
(25, 6, 23)
(25, 7, 23)
(25, 8, 21)
(25, 9, 21)
(25, 10, 21)
(25, 11, 21)
(25, 12, 21)
(25, 13, 21)
(25, 14, 6)
(25, 15, 6)
(25, 16, 5)
(25, 17, 4)
(25, 18, 4)
(25, 19, 4)
(25, 20, 4)
(25, 21, 4)
(25, 22, 4)
(25, 23, 4)
(25, 24, 4)
(25, 25, 4)
(25, 26, 4)
(25, 27, 4)
(25, 28, 4)
(25, 29, 3)
(25, 30, 3)
(25, 31, 3)
(25, 32, 3)
(25, 33, 3)
(25, 34, 3)
(25, 35, 3)
(25, 36, 3)
(25, 37, 3)
(25, 38, 3)
(25, 39, 3)

(26, 0, 33)
(26, 1, 24)
(26, 2, 24)
(26, 3, 24)
(26, 4, 24)
(26, 5, 24)
(26, 6, 24)
(26, 7, 24)
(26, 8, 22)
(26, 9, 22)
(26, 10, 22)
(26, 11, 22)
(26, 12, 22)
(26, 13, 22)
(26, 14, 6)
(26, 15, 6)
(26, 16, 5)
(26, 17, 4)
(26, 18, 4)
(26, 19, 4)
(26, 20, 4)
(26, 21, 4)
(26, 22, 4)
(26, 23, 4)
(26, 24, 4)
(26, 25, 4)
(26, 26, 4)
(26, 27, 4)
(26, 28, 4)
(26, 29, 3)
(26, 30, 3)
(26, 31, 3)
(26, 32, 3)
(26, 33, 3)
(26, 34, 3)
(26, 35, 3)
(26, 36, 3)
(26, 37, 3)
(26, 38, 3)
(26, 39, 3)

(27, 0, 34)
(27, 1, 25)
(27, 2, 25)
(27, 3, 25)
(27, 4, 25)
(27, 5, 25)
(27, 6, 25)
(27, 7, 25)
(27, 8, 23)
(27, 9, 23)
(27, 10, 23)
(27, 11, 23)
(27, 12, 23)
(27, 13, 23)
(27, 14, 6)
(27, 15, 6)
(27, 16, 5)
(27, 17, 4)
(27, 18, 4)
(27, 19, 4)
(27, 20, 4)
(27, 21, 4)
(27, 22, 4)
(27, 23, 4)
(27, 24, 4)
(27, 25, 4)
(27, 26, 4)
(27, 27, 4)
(27, 28, 4)
(27, 29, 3)
(27, 30, 3)
(27, 31, 3)
(27, 32, 3)
(27, 33, 3)
(27, 34, 3)
(27, 35, 3)
(27, 36, 3)
(27, 37, 3)
(27, 38, 3)
(27, 39, 3)

(28, 0, 40)
(28, 1, 31)
(28, 2, 26)
(28, 3, 26)
(28, 4, 26)
(28, 5, 26)
(28, 6, 26)
(28, 7, 26)
(28, 8, 24)
(28, 9, 24)
(28, 10, 24)
(28, 11, 24)
(28, 12, 24)
(28, 13, 24)
(28, 14, 7)
(28, 15, 7)
(28, 16, 6)
(28, 17, 5)
(28, 18, 5)
(28, 19, 5)
(28, 20, 5)
(28, 21, 5)
(28, 22, 5)
(28, 23, 5)
(28, 24, 5)
(28, 25, 5)
(28, 26, 5)
(28, 27, 5)
(28, 28, 5)
(28, 29, 4)
(28, 30, 4)
(28, 31, 4)
(28, 32, 4)
(28, 33, 4)
(28, 34, 4)
(28, 35, 4)
(28, 36, 4)
(28, 37, 4)
(28, 38, 4)
(28, 39, 4)

(29, 0, 51)
(29, 1, 42)
(29, 2, 28)
(29, 3, 28)
(29, 4, 28)
(29, 5, 28)
(29, 6, 28)
(29, 7, 28)
(29, 8, 26)
(29, 9, 26)
(29, 10, 26)
(29, 11, 26)
(29, 12, 26)
(29, 13, 26)
(29, 14, 7)
(29, 15, 7)
(29, 16, 6)
(29, 17, 5)
(29, 18, 5)
(29, 19, 5)
(29, 20, 5)
(29, 21, 5)
(29, 22, 5)
(29, 23, 5)
(29, 24, 5)
(29, 25, 5)
(29, 26, 5)
(29, 27, 5)
(29, 28, 5)
(29, 29, 4)
(29, 30, 4)
(29, 31, 4)
(29, 32, 4)
(29, 33, 4)
(29, 34, 4)
(29, 35, 4)
(29, 36, 4)
(29, 37, 4)
(29, 38, 4)
(29, 39, 4)

(30, 0, 60)
(30, 1, 51)
(30, 2, 28)
(30, 3, 28)
(30, 4, 28)
(30, 5, 28)
(30, 6, 28)
(30, 7, 28)
(30, 8, 26)
(30, 9, 26)
(30, 10, 26)
(30, 11, 26)
(30, 12, 26)
(30, 13, 26)
(30, 14, 7)
(30, 15, 7)
(30, 16, 6)
(30, 17, 5)
(30, 18, 5)
(30, 19, 5)
(30, 20, 5)
(30, 21, 5)
(30, 22, 5)
(30, 23, 5)
(30, 24, 5)
(30, 25, 5)
(30, 26, 5)
(30, 27, 5)
(30, 28, 5)
(30, 29, 4)
(30, 30, 4)
(30, 31, 4)
(30, 32, 4)
(30, 33, 4)
(30, 34, 4)
(30, 35, 4)
(30, 36, 4)
(30, 37, 4)
(30, 38, 4)
(30, 39, 4)

(31, 0, 77)
(31, 1, 64)
(31, 2, 32)
(31, 3, 32)
(31, 4, 32)
(31, 5, 32)
(31, 6, 32)
(31, 7, 31)
(31, 8, 29)
(31, 9, 28)
(31, 10, 28)
(31, 11, 28)
(31, 12, 28)
(31, 13, 28)
(31, 14, 8)
(31, 15, 8)
(31, 16, 7)
(31, 17, 6)
(31, 18, 6)
(31, 19, 6)
(31, 20, 6)
(31, 21, 6)
(31, 22, 6)
(31, 23, 5)
(31, 24, 5)
(31, 25, 5)
(31, 26, 5)
(31, 27, 5)
(31, 28, 5)
(31, 29, 4)
(31, 30, 4)
(31, 31, 4)
(31, 32, 4)
(31, 33, 4)
(31, 34, 4)
(31, 35, 4)
(31, 36, 4)
(31, 37, 4)
(31, 38, 4)
(31, 39, 4)

(32, 0, 84)
(32, 1, 71)
(32, 2, 33)
(32, 3, 33)
(32, 4, 33)
(32, 5, 33)
(32, 6, 33)
(32, 7, 32)
(32, 8, 30)
(32, 9, 29)
(32, 10, 29)
(32, 11, 29)
(32, 12, 29)
(32, 13, 29)
(32, 14, 8)
(32, 15, 8)
(32, 16, 7)
(32, 17, 6)
(32, 18, 6)
(32, 19, 6)
(32, 20, 6)
(32, 21, 6)
(32, 22, 6)
(32, 23, 5)
(32, 24, 5)
(32, 25, 5)
(32, 26, 5)
(32, 27, 5)
(32, 28, 5)
(32, 29, 4)
(32, 30, 4)
(32, 31, 4)
(32, 32, 4)
(32, 33, 4)
(32, 34, 4)
(32, 35, 4)
(32, 36, 4)
(32, 37, 4)
(32, 38, 4)
(32, 39, 4)

(33, 0, 96)
(33, 1, 81)
(33, 2, 37)
(33, 3, 37)
(33, 4, 37)
(33, 5, 37)
(33, 6, 37)
(33, 7, 34)
(33, 8, 32)
(33, 9, 31)
(33, 10, 31)
(33, 11, 31)
(33, 12, 31)
(33, 13, 31)
(33, 14, 8)
(33, 15, 8)
(33, 16, 7)
(33, 17, 6)
(33, 18, 6)
(33, 19, 6)
(33, 20, 6)
(33, 21, 6)
(33, 22, 6)
(33, 23, 5)
(33, 24, 5)
(33, 25, 5)
(33, 26, 5)
(33, 27, 5)
(33, 28, 5)
(33, 29, 4)
(33, 30, 4)
(33, 31, 4)
(33, 32, 4)
(33, 33, 4)
(33, 34, 4)
(33, 35, 4)
(33, 36, 4)
(33, 37, 4)
(33, 38, 4)
(33, 39, 4)

(34, 0, 97)
(34, 1, 82)
(34, 2, 38)
(34, 3, 38)
(34, 4, 38)
(34, 5, 37)
(34, 6, 37)
(34, 7, 34)
(34, 8, 32)
(34, 9, 31)
(34, 10, 31)
(34, 11, 31)
(34, 12, 31)
(34, 13, 31)
(34, 14, 8)
(34, 15, 8)
(34, 16, 7)
(34, 17, 6)
(34, 18, 6)
(34, 19, 6)
(34, 20, 6)
(34, 21, 6)
(34, 22, 6)
(34, 23, 5)
(34, 24, 5)
(34, 25, 5)
(34, 26, 5)
(34, 27, 5)
(34, 28, 5)
(34, 29, 4)
(34, 30, 4)
(34, 31, 4)
(34, 32, 4)
(34, 33, 4)
(34, 34, 4)
(34, 35, 4)
(34, 36, 4)
(34, 37, 4)
(34, 38, 4)
(34, 39, 4)

(35, 0, 97)
(35, 1, 82)
(35, 2, 38)
(35, 3, 38)
(35, 4, 38)
(35, 5, 37)
(35, 6, 37)
(35, 7, 34)
(35, 8, 32)
(35, 9, 31)
(35, 10, 31)
(35, 11, 31)
(35, 12, 31)
(35, 13, 31)
(35, 14, 8)
(35, 15, 8)
(35, 16, 7)
(35, 17, 6)
(35, 18, 6)
(35, 19, 6)
(35, 20, 6)
(35, 21, 6)
(35, 22, 6)
(35, 23, 5)
(35, 24, 5)
(35, 25, 5)
(35, 26, 5)
(35, 27, 5)
(35, 28, 5)
(35, 29, 4)
(35, 30, 4)
(35, 31, 4)
(35, 32, 4)
(35, 33, 4)
(35, 34, 4)
(35, 35, 4)
(35, 36, 4)
(35, 37, 4)
(35, 38, 4)
(35, 39, 4)

(36, 0, 98)
(36, 1, 83)
(36, 2, 39)
(36, 3, 39)
(36, 4, 39)
(36, 5, 38)
(36, 6, 37)
(36, 7, 34)
(36, 8, 32)
(36, 9, 31)
(36, 10, 31)
(36, 11, 31)
(36, 12, 31)
(36, 13, 31)
(36, 14, 8)
(36, 15, 8)
(36, 16, 7)
(36, 17, 6)
(36, 18, 6)
(36, 19, 6)
(36, 20, 6)
(36, 21, 6)
(36, 22, 6)
(36, 23, 5)
(36, 24, 5)
(36, 25, 5)
(36, 26, 5)
(36, 27, 5)
(36, 28, 5)
(36, 29, 4)
(36, 30, 4)
(36, 31, 4)
(36, 32, 4)
(36, 33, 4)
(36, 34, 4)
(36, 35, 4)
(36, 36, 3)
(36, 37, 3)
(36, 38, 3)
(36, 39, 3)

(37, 0, 100)
(37, 1, 84)
(37, 2, 40)
(37, 3, 40)
(37, 4, 40)
(37, 5, 39)
(37, 6, 37)
(37, 7, 34)
(37, 8, 32)
(37, 9, 31)
(37, 10, 31)
(37, 11, 31)
(37, 12, 31)
(37, 13, 31)
(37, 14, 8)
(37, 15, 8)
(37, 16, 7)
(37, 17, 6)
(37, 18, 6)
(37, 19, 6)
(37, 20, 6)
(37, 21, 6)
(37, 22, 6)
(37, 23, 5)
(37, 24, 5)
(37, 25, 5)
(37, 26, 5)
(37, 27, 5)
(37, 28, 5)
(37, 29, 4)
(37, 30, 4)
(37, 31, 4)
(37, 32, 3)
(37, 33, 3)
(37, 34, 3)
(37, 35, 3)
(37, 36, 3)
(37, 37, 3)
(37, 38, 3)
(37, 39, 3)

(38, 0, 108)
(38, 1, 85)
(38, 2, 41)
(38, 3, 41)
(38, 4, 41)
(38, 5, 39)
(38, 6, 37)
(38, 7, 34)
(38, 8, 32)
(38, 9, 31)
(38, 10, 31)
(38, 11, 31)
(38, 12, 31)
(38, 13, 31)
(38, 14, 8)
(38, 15, 8)
(38, 16, 7)
(38, 17, 6)
(38, 18, 6)
(38, 19, 6)
(38, 20, 6)
(38, 21, 6)
(38, 22, 6)
(38, 23, 5)
(38, 24, 5)
(38, 25, 5)
(38, 26, 5)
(38, 27, 5)
(38, 28, 5)
(38, 29, 4)
(38, 30, 3)
(38, 31, 3)
(38, 32, 3)
(38, 33, 3)
(38, 34, 3)
(38, 35, 3)
(38, 36, 3)
(38, 37, 3)
(38, 38, 3)
(38, 39, 3)

(39, 0, 129)
(39, 1, 87)
(39, 2, 43)
(39, 3, 43)
(39, 4, 43)
(39, 5, 41)
(39, 6, 39)
(39, 7, 36)
(39, 8, 34)
(39, 9, 32)
(39, 10, 32)
(39, 11, 32)
(39, 12, 32)
(39, 13, 32)
(39, 14, 9)
(39, 15, 8)
(39, 16, 7)
(39, 17, 6)
(39, 18, 6)
(39, 19, 6)
(39, 20, 6)
(39, 21, 6)
(39, 22, 6)
(39, 23, 5)
(39, 24, 5)
(39, 25, 5)
(39, 26, 5)
(39, 27, 5)
(39, 28, 5)
(39, 29, 3)
(39, 30, 3)
(39, 31, 3)
(39, 32, 3)
(39, 33, 3)
(39, 34, 3)
(39, 35, 3)
(39, 36, 3)
(39, 37, 3)
(39, 38, 3)
(39, 39, 3)


Betti numbers:
xi_0:
(0, 0, 2)
(3, 0, 3)
(11, 0, 2)
(13, 0, 3)
(18, 0, 2)
(19, 0, 2)
(20, 0, 3)
(21, 0, 10)
(22, 0, 1)
(23, 0, 1)
(24, 0, 3)
(26, 0, 1)
(27, 0, 1)
(28, 0, 6)
(29, 0, 11)
(30, 0, 9)
(31, 0, 17)
(32, 0, 7)
(33, 0, 12)
(34, 0, 1)
(36, 0, 1)
(37, 0, 2)
(38, 0, 8)
(39, 0, 21)
xi_1:
(0, 1, 1)
(3, 1, 2)
(3, 8, 1)
(11, 1, 1)
(13, 1, 2)
(13, 8, 1)
(18, 14, 1)
(19, 14, 2)
(20, 14, 2)
(21, 1, 3)
(21, 14, 6)
(21, 16, 1)
(21, 29, 1)
(22, 14, 1)
(23, 14, 1)
(24, 14, 2)
(24, 17, 1)
(26, 14, 1)
(27, 14, 1)
(28, 2, 5)
(29, 2, 9)
(29, 14, 2)
(30, 2, 9)
(31, 1, 4)
(31, 2, 9)
(31, 7, 1)
(31, 9, 1)
(31, 14, 1)
(31, 23, 1)
(32, 2, 6)
(32, 14, 1)
(33, 1, 2)
(33, 2, 6)
(33, 7, 2)
(33, 14, 2)
(34, 5, 1)
(36, 6, 1)
(36, 36, 1)
(37, 1, 1)
(37, 6, 1)
(37, 32, 1)
(38, 1, 7)
(38, 5, 1)
(38, 30, 1)
(39, 1, 19)
(39, 9, 1)
(39, 15, 1)
(39, 29, 1)
xi_2:
(37, 36, 1)
(38, 32, 1)
(39, 30, 1)
