x-grades
-17042825748759383/4000000000000000
-8370051470806657/2000000000000000
-3287476026893449/800000000000000
-2016832165915147/500000000000000
-15831934520175107/4000000000000000
-7764605856514519/2000000000000000
-15226488905882969/4000000000000000
-149237660987369/40000000000000
-14621043291590831/4000000000000000
-7159160242222381/2000000000000000
-14015597677298693/4000000000000000
-857054679384539/250000000000000
-2682030412601311/800000000000000
-6553714627930243/2000000000000000
-12804706448714417/4000000000000000
-3125495910392087/1000000000000000
-12199260834422279/4000000000000000
-1189653802727621/400000000000000
-11593815220130141/4000000000000000
-1411386551623009/500000000000000
-10988369605838003/4000000000000000
-5342823399345967/2000000000000000
-2076584798309173/800000000000000
-2520050296099949/1000000000000000
-9777478377253727/4000000000000000
-4737377785053829/2000000000000000
-9172032762961589/4000000000000000
-55433187223847/25000000000000
-8566587148669451/4000000000000000
-4131932170761691/2000000000000000
-7961141534377313/4000000000000000
-1914604681807811/1000000000000000
-294227836803407/160000000000000
-3526486556469553/2000000000000000
-6750250305793037/4000000000000000
-805940937330871/500000000000000
-6144804691500899/4000000000000000
-584208188435483/400000000000000
-5539359077208761/4000000000000000
-1309159067515673/1000000000000000

y-grades
1999999/800000
1999999/400000
5999997/800000
1999999/200000
1999999/160000
5999997/400000
13999993/800000
1999999/100000
17999991/800000
1999999/80000
21999989/800000
5999997/200000
25999987/800000
13999993/400000
5999997/160000
1999999/50000
33999983/800000
17999991/400000
37999981/800000
1999999/40000
41999979/800000
21999989/400000
45999977/800000
5999997/100000
1999999/32000
25999987/400000
53999973/800000
13999993/200000
57999971/800000
5999997/80000
61999969/800000
1999999/25000
65999967/800000
33999983/400000
13999993/160000
17999991/200000
73999963/800000
37999981/400000
77999961/800000
1999999/20000

Dimensions > 0:
(0, 0, 2)
(0, 1, 2)
(0, 2, 2)
(0, 3, 2)
(0, 4, 2)
(0, 5, 2)
(0, 6, 2)
(0, 7, 2)
(0, 8, 2)
(0, 9, 2)
(0, 10, 2)
(0, 11, 2)
(0, 12, 2)
(0, 13, 1)
(0, 14, 1)
(0, 15, 1)
(0, 16, 1)
(0, 17, 1)
(0, 18, 1)
(0, 19, 1)
(0, 20, 1)
(0, 21, 1)
(0, 22, 1)
(0, 23, 1)
(0, 24, 1)
(0, 25, 1)
(0, 26, 1)
(0, 27, 1)
(0, 28, 1)
(0, 29, 1)
(0, 30, 1)
(0, 31, 1)
(0, 32, 1)
(0, 33, 1)
(0, 34, 1)
(0, 35, 1)
(0, 36, 1)
(0, 37, 1)
(0, 38, 1)
(0, 39, 1)

(1, 0, 2)
(1, 1, 2)
(1, 2, 2)
(1, 3, 2)
(1, 4, 2)
(1, 5, 2)
(1, 6, 2)
(1, 7, 2)
(1, 8, 2)
(1, 9, 2)
(1, 10, 2)
(1, 11, 2)
(1, 12, 2)
(1, 13, 1)
(1, 14, 1)
(1, 15, 1)
(1, 16, 1)
(1, 17, 1)
(1, 18, 1)
(1, 19, 1)
(1, 20, 1)
(1, 21, 1)
(1, 22, 1)
(1, 23, 1)
(1, 24, 1)
(1, 25, 1)
(1, 26, 1)
(1, 27, 1)
(1, 28, 1)
(1, 29, 1)
(1, 30, 1)
(1, 31, 1)
(1, 32, 1)
(1, 33, 1)
(1, 34, 1)
(1, 35, 1)
(1, 36, 1)
(1, 37, 1)
(1, 38, 1)
(1, 39, 1)

(2, 0, 2)
(2, 1, 2)
(2, 2, 2)
(2, 3, 2)
(2, 4, 2)
(2, 5, 2)
(2, 6, 2)
(2, 7, 2)
(2, 8, 2)
(2, 9, 2)
(2, 10, 2)
(2, 11, 2)
(2, 12, 2)
(2, 13, 1)
(2, 14, 1)
(2, 15, 1)
(2, 16, 1)
(2, 17, 1)
(2, 18, 1)
(2, 19, 1)
(2, 20, 1)
(2, 21, 1)
(2, 22, 1)
(2, 23, 1)
(2, 24, 1)
(2, 25, 1)
(2, 26, 1)
(2, 27, 1)
(2, 28, 1)
(2, 29, 1)
(2, 30, 1)
(2, 31, 1)
(2, 32, 1)
(2, 33, 1)
(2, 34, 1)
(2, 35, 1)
(2, 36, 1)
(2, 37, 1)
(2, 38, 1)
(2, 39, 1)

(3, 0, 6)
(3, 1, 6)
(3, 2, 6)
(3, 3, 5)
(3, 4, 5)
(3, 5, 4)
(3, 6, 3)
(3, 7, 3)
(3, 8, 3)
(3, 9, 3)
(3, 10, 3)
(3, 11, 3)
(3, 12, 3)
(3, 13, 2)
(3, 14, 2)
(3, 15, 2)
(3, 16, 2)
(3, 17, 2)
(3, 18, 2)
(3, 19, 2)
(3, 20, 2)
(3, 21, 2)
(3, 22, 2)
(3, 23, 2)
(3, 24, 2)
(3, 25, 2)
(3, 26, 1)
(3, 27, 1)
(3, 28, 1)
(3, 29, 1)
(3, 30, 1)
(3, 31, 1)
(3, 32, 1)
(3, 33, 1)
(3, 34, 1)
(3, 35, 1)
(3, 36, 1)
(3, 37, 1)
(3, 38, 1)
(3, 39, 1)

(4, 0, 7)
(4, 1, 7)
(4, 2, 7)
(4, 3, 6)
(4, 4, 6)
(4, 5, 4)
(4, 6, 3)
(4, 7, 3)
(4, 8, 3)
(4, 9, 3)
(4, 10, 3)
(4, 11, 3)
(4, 12, 3)
(4, 13, 2)
(4, 14, 2)
(4, 15, 2)
(4, 16, 2)
(4, 17, 2)
(4, 18, 2)
(4, 19, 2)
(4, 20, 2)
(4, 21, 2)
(4, 22, 2)
(4, 23, 1)
(4, 24, 1)
(4, 25, 1)
(4, 26, 1)
(4, 27, 1)
(4, 28, 1)
(4, 29, 1)
(4, 30, 1)
(4, 31, 1)
(4, 32, 1)
(4, 33, 1)
(4, 34, 1)
(4, 35, 1)
(4, 36, 1)
(4, 37, 1)
(4, 38, 1)
(4, 39, 1)

(5, 0, 7)
(5, 1, 7)
(5, 2, 7)
(5, 3, 6)
(5, 4, 6)
(5, 5, 4)
(5, 6, 3)
(5, 7, 3)
(5, 8, 3)
(5, 9, 3)
(5, 10, 3)
(5, 11, 3)
(5, 12, 3)
(5, 13, 2)
(5, 14, 2)
(5, 15, 2)
(5, 16, 2)
(5, 17, 2)
(5, 18, 2)
(5, 19, 2)
(5, 20, 2)
(5, 21, 2)
(5, 22, 2)
(5, 23, 1)
(5, 24, 1)
(5, 25, 1)
(5, 26, 1)
(5, 27, 1)
(5, 28, 1)
(5, 29, 1)
(5, 30, 1)
(5, 31, 1)
(5, 32, 1)
(5, 33, 1)
(5, 34, 1)
(5, 35, 1)
(5, 36, 1)
(5, 37, 1)
(5, 38, 1)
(5, 39, 1)

(6, 0, 12)
(6, 1, 11)
(6, 2, 9)
(6, 3, 7)
(6, 4, 7)
(6, 5, 5)
(6, 6, 3)
(6, 7, 3)
(6, 8, 3)
(6, 9, 3)
(6, 10, 3)
(6, 11, 3)
(6, 12, 3)
(6, 13, 2)
(6, 14, 2)
(6, 15, 2)
(6, 16, 1)
(6, 17, 1)
(6, 18, 1)
(6, 19, 1)
(6, 20, 1)
(6, 21, 1)
(6, 22, 1)
(6, 23, 1)
(6, 24, 1)
(6, 25, 1)
(6, 26, 1)
(6, 27, 1)
(6, 28, 1)
(6, 29, 1)
(6, 30, 1)
(6, 31, 1)
(6, 32, 1)
(6, 33, 1)
(6, 34, 1)
(6, 35, 1)
(6, 36, 1)
(6, 37, 1)
(6, 38, 1)
(6, 39, 1)

(7, 0, 18)
(7, 1, 12)
(7, 2, 8)
(7, 3, 7)
(7, 4, 7)
(7, 5, 5)
(7, 6, 3)
(7, 7, 3)
(7, 8, 2)
(7, 9, 2)
(7, 10, 2)
(7, 11, 2)
(7, 12, 2)
(7, 13, 2)
(7, 14, 2)
(7, 15, 1)
(7, 16, 1)
(7, 17, 1)
(7, 18, 1)
(7, 19, 1)
(7, 20, 1)
(7, 21, 1)
(7, 22, 1)
(7, 23, 1)
(7, 24, 1)
(7, 25, 1)
(7, 26, 1)
(7, 27, 1)
(7, 28, 1)
(7, 29, 1)
(7, 30, 1)
(7, 31, 1)
(7, 32, 1)
(7, 33, 1)
(7, 34, 1)
(7, 35, 1)
(7, 36, 1)
(7, 37, 1)
(7, 38, 1)
(7, 39, 1)

(8, 0, 24)
(8, 1, 14)
(8, 2, 10)
(8, 3, 8)
(8, 4, 7)
(8, 5, 4)
(8, 6, 2)
(8, 7, 2)
(8, 8, 2)
(8, 9, 2)
(8, 10, 2)
(8, 11, 2)
(8, 12, 2)
(8, 13, 2)
(8, 14, 1)
(8, 15, 1)
(8, 16, 1)
(8, 17, 1)
(8, 18, 1)
(8, 19, 1)
(8, 20, 1)
(8, 21, 1)
(8, 22, 1)
(8, 23, 1)
(8, 24, 1)
(8, 25, 1)
(8, 26, 1)
(8, 27, 1)
(8, 28, 1)
(8, 29, 1)
(8, 30, 1)
(8, 31, 1)
(8, 32, 1)
(8, 33, 1)
(8, 34, 1)
(8, 35, 1)
(8, 36, 1)
(8, 37, 1)
(8, 38, 1)
(8, 39, 1)

(9, 0, 24)
(9, 1, 16)
(9, 2, 10)
(9, 3, 8)
(9, 4, 6)
(9, 5, 4)
(9, 6, 2)
(9, 7, 2)
(9, 8, 2)
(9, 9, 2)
(9, 10, 2)
(9, 11, 1)
(9, 12, 1)
(9, 13, 1)
(9, 14, 1)
(9, 15, 1)
(9, 16, 1)
(9, 17, 1)
(9, 18, 1)
(9, 19, 1)
(9, 20, 1)
(9, 21, 1)
(9, 22, 1)
(9, 23, 1)
(9, 24, 1)
(9, 25, 1)
(9, 26, 1)
(9, 27, 1)
(9, 28, 1)
(9, 29, 1)
(9, 30, 1)
(9, 31, 1)
(9, 32, 1)
(9, 33, 1)
(9, 34, 1)
(9, 35, 1)
(9, 36, 1)
(9, 37, 1)
(9, 38, 1)
(9, 39, 1)

(10, 0, 27)
(10, 1, 16)
(10, 2, 10)
(10, 3, 8)
(10, 4, 6)
(10, 5, 4)
(10, 6, 2)
(10, 7, 2)
(10, 8, 2)
(10, 9, 2)
(10, 10, 1)
(10, 11, 1)
(10, 12, 1)
(10, 13, 1)
(10, 14, 1)
(10, 15, 1)
(10, 16, 1)
(10, 17, 1)
(10, 18, 1)
(10, 19, 1)
(10, 20, 1)
(10, 21, 1)
(10, 22, 1)
(10, 23, 1)
(10, 24, 1)
(10, 25, 1)
(10, 26, 1)
(10, 27, 1)
(10, 28, 1)
(10, 29, 1)
(10, 30, 1)
(10, 31, 1)
(10, 32, 1)
(10, 33, 1)
(10, 34, 1)
(10, 35, 1)
(10, 36, 1)
(10, 37, 1)
(10, 38, 1)
(10, 39, 1)

(11, 0, 30)
(11, 1, 17)
(11, 2, 9)
(11, 3, 7)
(11, 4, 6)
(11, 5, 4)
(11, 6, 2)
(11, 7, 2)
(11, 8, 2)
(11, 9, 2)
(11, 10, 1)
(11, 11, 1)
(11, 12, 1)
(11, 13, 1)
(11, 14, 1)
(11, 15, 1)
(11, 16, 1)
(11, 17, 1)
(11, 18, 1)
(11, 19, 1)
(11, 20, 1)
(11, 21, 1)
(11, 22, 1)
(11, 23, 1)
(11, 24, 1)
(11, 25, 1)
(11, 26, 1)
(11, 27, 1)
(11, 28, 1)
(11, 29, 1)
(11, 30, 1)
(11, 31, 1)
(11, 32, 1)
(11, 33, 1)
(11, 34, 1)
(11, 35, 1)
(11, 36, 1)
(11, 37, 1)
(11, 38, 1)
(11, 39, 1)

(12, 0, 36)
(12, 1, 20)
(12, 2, 9)
(12, 3, 7)
(12, 4, 6)
(12, 5, 4)
(12, 6, 2)
(12, 7, 2)
(12, 8, 2)
(12, 9, 2)
(12, 10, 1)
(12, 11, 1)
(12, 12, 1)
(12, 13, 1)
(12, 14, 1)
(12, 15, 1)
(12, 16, 1)
(12, 17, 1)
(12, 18, 1)
(12, 19, 1)
(12, 20, 1)
(12, 21, 1)
(12, 22, 1)
(12, 23, 1)
(12, 24, 1)
(12, 25, 1)
(12, 26, 1)
(12, 27, 1)
(12, 28, 1)
(12, 29, 1)
(12, 30, 1)
(12, 31, 1)
(12, 32, 1)
(12, 33, 1)
(12, 34, 1)
(12, 35, 1)
(12, 36, 1)
(12, 37, 1)
(12, 38, 1)
(12, 39, 1)

(13, 0, 41)
(13, 1, 21)
(13, 2, 9)
(13, 3, 7)
(13, 4, 6)
(13, 5, 4)
(13, 6, 2)
(13, 7, 2)
(13, 8, 2)
(13, 9, 2)
(13, 10, 1)
(13, 11, 1)
(13, 12, 1)
(13, 13, 1)
(13, 14, 1)
(13, 15, 1)
(13, 16, 1)
(13, 17, 1)
(13, 18, 1)
(13, 19, 1)
(13, 20, 1)
(13, 21, 1)
(13, 22, 1)
(13, 23, 1)
(13, 24, 1)
(13, 25, 1)
(13, 26, 1)
(13, 27, 1)
(13, 28, 1)
(13, 29, 1)
(13, 30, 1)
(13, 31, 1)
(13, 32, 1)
(13, 33, 1)
(13, 34, 1)
(13, 35, 1)
(13, 36, 1)
(13, 37, 1)
(13, 38, 1)
(13, 39, 1)

(14, 0, 47)
(14, 1, 22)
(14, 2, 10)
(14, 3, 7)
(14, 4, 6)
(14, 5, 4)
(14, 6, 2)
(14, 7, 2)
(14, 8, 2)
(14, 9, 2)
(14, 10, 1)
(14, 11, 1)
(14, 12, 1)
(14, 13, 1)
(14, 14, 1)
(14, 15, 1)
(14, 16, 1)
(14, 17, 1)
(14, 18, 1)
(14, 19, 1)
(14, 20, 1)
(14, 21, 1)
(14, 22, 1)
(14, 23, 1)
(14, 24, 1)
(14, 25, 1)
(14, 26, 1)
(14, 27, 1)
(14, 28, 1)
(14, 29, 1)
(14, 30, 1)
(14, 31, 1)
(14, 32, 1)
(14, 33, 1)
(14, 34, 1)
(14, 35, 1)
(14, 36, 1)
(14, 37, 1)
(14, 38, 1)
(14, 39, 1)

(15, 0, 55)
(15, 1, 24)
(15, 2, 9)
(15, 3, 7)
(15, 4, 6)
(15, 5, 4)
(15, 6, 2)
(15, 7, 2)
(15, 8, 2)
(15, 9, 2)
(15, 10, 1)
(15, 11, 1)
(15, 12, 1)
(15, 13, 1)
(15, 14, 1)
(15, 15, 1)
(15, 16, 1)
(15, 17, 1)
(15, 18, 1)
(15, 19, 1)
(15, 20, 1)
(15, 21, 1)
(15, 22, 1)
(15, 23, 1)
(15, 24, 1)
(15, 25, 1)
(15, 26, 1)
(15, 27, 1)
(15, 28, 1)
(15, 29, 1)
(15, 30, 1)
(15, 31, 1)
(15, 32, 1)
(15, 33, 1)
(15, 34, 1)
(15, 35, 1)
(15, 36, 1)
(15, 37, 1)
(15, 38, 1)
(15, 39, 1)

(16, 0, 59)
(16, 1, 25)
(16, 2, 9)
(16, 3, 7)
(16, 4, 6)
(16, 5, 4)
(16, 6, 2)
(16, 7, 2)
(16, 8, 2)
(16, 9, 2)
(16, 10, 1)
(16, 11, 1)
(16, 12, 1)
(16, 13, 1)
(16, 14, 1)
(16, 15, 1)
(16, 16, 1)
(16, 17, 1)
(16, 18, 1)
(16, 19, 1)
(16, 20, 1)
(16, 21, 1)
(16, 22, 1)
(16, 23, 1)
(16, 24, 1)
(16, 25, 1)
(16, 26, 1)
(16, 27, 1)
(16, 28, 1)
(16, 29, 1)
(16, 30, 1)
(16, 31, 1)
(16, 32, 1)
(16, 33, 1)
(16, 34, 1)
(16, 35, 1)
(16, 36, 1)
(16, 37, 1)
(16, 38, 1)
(16, 39, 1)

(17, 0, 69)
(17, 1, 29)
(17, 2, 10)
(17, 3, 8)
(17, 4, 7)
(17, 5, 5)
(17, 6, 3)
(17, 7, 3)
(17, 8, 3)
(17, 9, 3)
(17, 10, 2)
(17, 11, 2)
(17, 12, 2)
(17, 13, 2)
(17, 14, 2)
(17, 15, 2)
(17, 16, 2)
(17, 17, 2)
(17, 18, 2)
(17, 19, 2)
(17, 20, 2)
(17, 21, 2)
(17, 22, 2)
(17, 23, 2)
(17, 24, 2)
(17, 25, 2)
(17, 26, 2)
(17, 27, 2)
(17, 28, 2)
(17, 29, 2)
(17, 30, 2)
(17, 31, 2)
(17, 32, 2)
(17, 33, 2)
(17, 34, 2)
(17, 35, 2)
(17, 36, 2)
(17, 37, 2)
(17, 38, 2)
(17, 39, 2)

(18, 0, 74)
(18, 1, 31)
(18, 2, 11)
(18, 3, 9)
(18, 4, 7)
(18, 5, 5)
(18, 6, 3)
(18, 7, 3)
(18, 8, 3)
(18, 9, 3)
(18, 10, 2)
(18, 11, 2)
(18, 12, 2)
(18, 13, 2)
(18, 14, 2)
(18, 15, 2)
(18, 16, 2)
(18, 17, 2)
(18, 18, 2)
(18, 19, 2)
(18, 20, 2)
(18, 21, 2)
(18, 22, 2)
(18, 23, 2)
(18, 24, 2)
(18, 25, 2)
(18, 26, 2)
(18, 27, 2)
(18, 28, 2)
(18, 29, 2)
(18, 30, 2)
(18, 31, 2)
(18, 32, 2)
(18, 33, 2)
(18, 34, 2)
(18, 35, 2)
(18, 36, 2)
(18, 37, 2)
(18, 38, 2)
(18, 39, 2)

(19, 0, 83)
(19, 1, 35)
(19, 2, 12)
(19, 3, 9)
(19, 4, 8)
(19, 5, 6)
(19, 6, 4)
(19, 7, 4)
(19, 8, 4)
(19, 9, 4)
(19, 10, 3)
(19, 11, 3)
(19, 12, 2)
(19, 13, 2)
(19, 14, 2)
(19, 15, 2)
(19, 16, 2)
(19, 17, 2)
(19, 18, 2)
(19, 19, 2)
(19, 20, 2)
(19, 21, 2)
(19, 22, 2)
(19, 23, 2)
(19, 24, 2)
(19, 25, 2)
(19, 26, 2)
(19, 27, 2)
(19, 28, 2)
(19, 29, 2)
(19, 30, 2)
(19, 31, 2)
(19, 32, 2)
(19, 33, 2)
(19, 34, 2)
(19, 35, 2)
(19, 36, 2)
(19, 37, 2)
(19, 38, 2)
(19, 39, 2)

(20, 0, 87)
(20, 1, 33)
(20, 2, 12)
(20, 3, 9)
(20, 4, 8)
(20, 5, 6)
(20, 6, 4)
(20, 7, 4)
(20, 8, 4)
(20, 9, 4)
(20, 10, 3)
(20, 11, 3)
(20, 12, 2)
(20, 13, 2)
(20, 14, 2)
(20, 15, 2)
(20, 16, 2)
(20, 17, 2)
(20, 18, 2)
(20, 19, 2)
(20, 20, 2)
(20, 21, 2)
(20, 22, 2)
(20, 23, 2)
(20, 24, 2)
(20, 25, 2)
(20, 26, 2)
(20, 27, 2)
(20, 28, 2)
(20, 29, 2)
(20, 30, 2)
(20, 31, 2)
(20, 32, 2)
(20, 33, 2)
(20, 34, 2)
(20, 35, 2)
(20, 36, 2)
(20, 37, 2)
(20, 38, 2)
(20, 39, 2)

(21, 0, 89)
(21, 1, 35)
(21, 2, 13)
(21, 3, 9)
(21, 4, 8)
(21, 5, 6)
(21, 6, 4)
(21, 7, 4)
(21, 8, 4)
(21, 9, 4)
(21, 10, 3)
(21, 11, 3)
(21, 12, 2)
(21, 13, 2)
(21, 14, 2)
(21, 15, 2)
(21, 16, 2)
(21, 17, 2)
(21, 18, 2)
(21, 19, 2)
(21, 20, 2)
(21, 21, 2)
(21, 22, 2)
(21, 23, 2)
(21, 24, 2)
(21, 25, 2)
(21, 26, 2)
(21, 27, 2)
(21, 28, 2)
(21, 29, 2)
(21, 30, 2)
(21, 31, 2)
(21, 32, 2)
(21, 33, 2)
(21, 34, 2)
(21, 35, 2)
(21, 36, 2)
(21, 37, 2)
(21, 38, 2)
(21, 39, 2)

(22, 0, 93)
(22, 1, 37)
(22, 2, 12)
(22, 3, 9)
(22, 4, 8)
(22, 5, 6)
(22, 6, 4)
(22, 7, 4)
(22, 8, 4)
(22, 9, 4)
(22, 10, 3)
(22, 11, 3)
(22, 12, 2)
(22, 13, 2)
(22, 14, 2)
(22, 15, 2)
(22, 16, 2)
(22, 17, 2)
(22, 18, 2)
(22, 19, 2)
(22, 20, 2)
(22, 21, 2)
(22, 22, 2)
(22, 23, 2)
(22, 24, 2)
(22, 25, 2)
(22, 26, 2)
(22, 27, 2)
(22, 28, 2)
(22, 29, 2)
(22, 30, 2)
(22, 31, 2)
(22, 32, 2)
(22, 33, 2)
(22, 34, 2)
(22, 35, 2)
(22, 36, 2)
(22, 37, 2)
(22, 38, 2)
(22, 39, 2)

(23, 0, 97)
(23, 1, 40)
(23, 2, 13)
(23, 3, 10)
(23, 4, 9)
(23, 5, 6)
(23, 6, 4)
(23, 7, 4)
(23, 8, 4)
(23, 9, 4)
(23, 10, 3)
(23, 11, 3)
(23, 12, 2)
(23, 13, 2)
(23, 14, 2)
(23, 15, 2)
(23, 16, 2)
(23, 17, 2)
(23, 18, 2)
(23, 19, 2)
(23, 20, 2)
(23, 21, 2)
(23, 22, 2)
(23, 23, 2)
(23, 24, 2)
(23, 25, 2)
(23, 26, 2)
(23, 27, 2)
(23, 28, 2)
(23, 29, 2)
(23, 30, 2)
(23, 31, 2)
(23, 32, 2)
(23, 33, 2)
(23, 34, 2)
(23, 35, 2)
(23, 36, 2)
(23, 37, 2)
(23, 38, 2)
(23, 39, 2)

(24, 0, 103)
(24, 1, 41)
(24, 2, 14)
(24, 3, 11)
(24, 4, 10)
(24, 5, 7)
(24, 6, 4)
(24, 7, 4)
(24, 8, 4)
(24, 9, 4)
(24, 10, 3)
(24, 11, 3)
(24, 12, 2)
(24, 13, 2)
(24, 14, 2)
(24, 15, 2)
(24, 16, 2)
(24, 17, 2)
(24, 18, 2)
(24, 19, 2)
(24, 20, 2)
(24, 21, 2)
(24, 22, 2)
(24, 23, 2)
(24, 24, 2)
(24, 25, 2)
(24, 26, 2)
(24, 27, 2)
(24, 28, 2)
(24, 29, 2)
(24, 30, 2)
(24, 31, 2)
(24, 32, 2)
(24, 33, 2)
(24, 34, 2)
(24, 35, 2)
(24, 36, 2)
(24, 37, 2)
(24, 38, 2)
(24, 39, 2)

(25, 0, 107)
(25, 1, 43)
(25, 2, 16)
(25, 3, 13)
(25, 4, 11)
(25, 5, 8)
(25, 6, 5)
(25, 7, 5)
(25, 8, 5)
(25, 9, 4)
(25, 10, 3)
(25, 11, 3)
(25, 12, 3)
(25, 13, 3)
(25, 14, 3)
(25, 15, 3)
(25, 16, 3)
(25, 17, 3)
(25, 18, 3)
(25, 19, 3)
(25, 20, 3)
(25, 21, 2)
(25, 22, 2)
(25, 23, 2)
(25, 24, 2)
(25, 25, 2)
(25, 26, 2)
(25, 27, 2)
(25, 28, 2)
(25, 29, 2)
(25, 30, 2)
(25, 31, 2)
(25, 32, 2)
(25, 33, 2)
(25, 34, 2)
(25, 35, 2)
(25, 36, 2)
(25, 37, 2)
(25, 38, 2)
(25, 39, 2)

(26, 0, 111)
(26, 1, 44)
(26, 2, 17)
(26, 3, 12)
(26, 4, 11)
(26, 5, 8)
(26, 6, 5)
(26, 7, 4)
(26, 8, 4)
(26, 9, 4)
(26, 10, 3)
(26, 11, 3)
(26, 12, 3)
(26, 13, 3)
(26, 14, 3)
(26, 15, 3)
(26, 16, 3)
(26, 17, 2)
(26, 18, 2)
(26, 19, 2)
(26, 20, 2)
(26, 21, 2)
(26, 22, 2)
(26, 23, 2)
(26, 24, 2)
(26, 25, 2)
(26, 26, 2)
(26, 27, 2)
(26, 28, 2)
(26, 29, 2)
(26, 30, 2)
(26, 31, 2)
(26, 32, 2)
(26, 33, 2)
(26, 34, 2)
(26, 35, 2)
(26, 36, 2)
(26, 37, 2)
(26, 38, 2)
(26, 39, 2)

(27, 0, 111)
(27, 1, 45)
(27, 2, 18)
(27, 3, 12)
(27, 4, 11)
(27, 5, 8)
(27, 6, 5)
(27, 7, 4)
(27, 8, 4)
(27, 9, 4)
(27, 10, 3)
(27, 11, 3)
(27, 12, 3)
(27, 13, 3)
(27, 14, 3)
(27, 15, 3)
(27, 16, 3)
(27, 17, 2)
(27, 18, 2)
(27, 19, 2)
(27, 20, 2)
(27, 21, 2)
(27, 22, 2)
(27, 23, 2)
(27, 24, 2)
(27, 25, 2)
(27, 26, 2)
(27, 27, 2)
(27, 28, 2)
(27, 29, 2)
(27, 30, 2)
(27, 31, 2)
(27, 32, 2)
(27, 33, 2)
(27, 34, 2)
(27, 35, 2)
(27, 36, 2)
(27, 37, 2)
(27, 38, 2)
(27, 39, 2)

(28, 0, 115)
(28, 1, 46)
(28, 2, 18)
(28, 3, 13)
(28, 4, 12)
(28, 5, 8)
(28, 6, 5)
(28, 7, 4)
(28, 8, 4)
(28, 9, 4)
(28, 10, 3)
(28, 11, 3)
(28, 12, 3)
(28, 13, 3)
(28, 14, 3)
(28, 15, 3)
(28, 16, 3)
(28, 17, 2)
(28, 18, 2)
(28, 19, 2)
(28, 20, 2)
(28, 21, 2)
(28, 22, 2)
(28, 23, 2)
(28, 24, 2)
(28, 25, 2)
(28, 26, 2)
(28, 27, 2)
(28, 28, 2)
(28, 29, 2)
(28, 30, 2)
(28, 31, 2)
(28, 32, 2)
(28, 33, 2)
(28, 34, 2)
(28, 35, 2)
(28, 36, 2)
(28, 37, 2)
(28, 38, 2)
(28, 39, 2)

(29, 0, 124)
(29, 1, 52)
(29, 2, 21)
(29, 3, 16)
(29, 4, 14)
(29, 5, 9)
(29, 6, 5)
(29, 7, 5)
(29, 8, 5)
(29, 9, 5)
(29, 10, 4)
(29, 11, 4)
(29, 12, 4)
(29, 13, 4)
(29, 14, 2)
(29, 15, 2)
(29, 16, 2)
(29, 17, 2)
(29, 18, 2)
(29, 19, 2)
(29, 20, 2)
(29, 21, 2)
(29, 22, 2)
(29, 23, 2)
(29, 24, 2)
(29, 25, 2)
(29, 26, 2)
(29, 27, 2)
(29, 28, 1)
(29, 29, 1)
(29, 30, 1)
(29, 31, 1)
(29, 32, 1)
(29, 33, 1)
(29, 34, 1)
(29, 35, 1)
(29, 36, 1)
(29, 37, 1)
(29, 38, 1)
(29, 39, 1)

(30, 0, 135)
(30, 1, 55)
(30, 2, 20)
(30, 3, 15)
(30, 4, 13)
(30, 5, 9)
(30, 6, 5)
(30, 7, 5)
(30, 8, 5)
(30, 9, 4)
(30, 10, 3)
(30, 11, 3)
(30, 12, 3)
(30, 13, 3)
(30, 14, 2)
(30, 15, 2)
(30, 16, 2)
(30, 17, 2)
(30, 18, 2)
(30, 19, 2)
(30, 20, 2)
(30, 21, 2)
(30, 22, 2)
(30, 23, 2)
(30, 24, 1)
(30, 25, 1)
(30, 26, 1)
(30, 27, 1)
(30, 28, 1)
(30, 29, 1)
(30, 30, 1)
(30, 31, 1)
(30, 32, 1)
(30, 33, 1)
(30, 34, 1)
(30, 35, 1)
(30, 36, 1)
(30, 37, 1)
(30, 38, 1)
(30, 39, 1)

(31, 0, 147)
(31, 1, 56)
(31, 2, 20)
(31, 3, 15)
(31, 4, 13)
(31, 5, 9)
(31, 6, 5)
(31, 7, 5)
(31, 8, 5)
(31, 9, 4)
(31, 10, 3)
(31, 11, 3)
(31, 12, 3)
(31, 13, 3)
(31, 14, 2)
(31, 15, 2)
(31, 16, 2)
(31, 17, 2)
(31, 18, 2)
(31, 19, 2)
(31, 20, 1)
(31, 21, 1)
(31, 22, 1)
(31, 23, 1)
(31, 24, 1)
(31, 25, 1)
(31, 26, 1)
(31, 27, 1)
(31, 28, 1)
(31, 29, 1)
(31, 30, 1)
(31, 31, 1)
(31, 32, 1)
(31, 33, 1)
(31, 34, 1)
(31, 35, 1)
(31, 36, 1)
(31, 37, 1)
(31, 38, 1)
(31, 39, 1)

(32, 0, 158)
(32, 1, 62)
(32, 2, 20)
(32, 3, 15)
(32, 4, 13)
(32, 5, 9)
(32, 6, 5)
(32, 7, 5)
(32, 8, 5)
(32, 9, 4)
(32, 10, 3)
(32, 11, 3)
(32, 12, 3)
(32, 13, 3)
(32, 14, 1)
(32, 15, 1)
(32, 16, 1)
(32, 17, 1)
(32, 18, 1)
(32, 19, 1)
(32, 20, 1)
(32, 21, 1)
(32, 22, 1)
(32, 23, 1)
(32, 24, 1)
(32, 25, 1)
(32, 26, 1)
(32, 27, 1)
(32, 28, 1)
(32, 29, 1)
(32, 30, 1)
(32, 31, 1)
(32, 32, 1)
(32, 33, 1)
(32, 34, 1)
(32, 35, 1)
(32, 36, 1)
(32, 37, 1)
(32, 38, 1)
(32, 39, 1)

(33, 0, 175)
(33, 1, 63)
(33, 2, 21)
(33, 3, 16)
(33, 4, 14)
(33, 5, 10)
(33, 6, 6)
(33, 7, 6)
(33, 8, 6)
(33, 9, 4)
(33, 10, 3)
(33, 11, 3)
(33, 12, 3)
(33, 13, 2)
(33, 14, 1)
(33, 15, 1)
(33, 16, 1)
(33, 17, 1)
(33, 18, 1)
(33, 19, 1)
(33, 20, 1)
(33, 21, 1)
(33, 22, 1)
(33, 23, 1)
(33, 24, 1)
(33, 25, 1)
(33, 26, 1)
(33, 27, 1)
(33, 28, 1)
(33, 29, 1)
(33, 30, 1)
(33, 31, 1)
(33, 32, 1)
(33, 33, 1)
(33, 34, 1)
(33, 35, 1)
(33, 36, 1)
(33, 37, 1)
(33, 38, 1)
(33, 39, 1)

(34, 0, 181)
(34, 1, 64)
(34, 2, 21)
(34, 3, 16)
(34, 4, 14)
(34, 5, 10)
(34, 6, 6)
(34, 7, 6)
(34, 8, 6)
(34, 9, 4)
(34, 10, 3)
(34, 11, 3)
(34, 12, 3)
(34, 13, 2)
(34, 14, 1)
(34, 15, 1)
(34, 16, 1)
(34, 17, 1)
(34, 18, 1)
(34, 19, 1)
(34, 20, 1)
(34, 21, 1)
(34, 22, 1)
(34, 23, 1)
(34, 24, 1)
(34, 25, 1)
(34, 26, 1)
(34, 27, 1)
(34, 28, 1)
(34, 29, 1)
(34, 30, 1)
(34, 31, 1)
(34, 32, 1)
(34, 33, 1)
(34, 34, 1)
(34, 35, 1)
(34, 36, 1)
(34, 37, 1)
(34, 38, 1)
(34, 39, 1)

(35, 0, 192)
(35, 1, 66)
(35, 2, 22)
(35, 3, 17)
(35, 4, 15)
(35, 5, 11)
(35, 6, 7)
(35, 7, 7)
(35, 8, 7)
(35, 9, 5)
(35, 10, 4)
(35, 11, 4)
(35, 12, 3)
(35, 13, 3)
(35, 14, 2)
(35, 15, 2)
(35, 16, 1)
(35, 17, 1)
(35, 18, 1)
(35, 19, 1)
(35, 20, 1)
(35, 21, 1)
(35, 22, 1)
(35, 23, 1)
(35, 24, 1)
(35, 25, 1)
(35, 26, 1)
(35, 27, 1)
(35, 28, 1)
(35, 29, 1)
(35, 30, 1)
(35, 31, 1)
(35, 32, 1)
(35, 33, 1)
(35, 34, 1)
(35, 35, 1)
(35, 36, 1)
(35, 37, 1)
(35, 38, 1)
(35, 39, 1)

(36, 0, 195)
(36, 1, 66)
(36, 2, 22)
(36, 3, 17)
(36, 4, 15)
(36, 5, 11)
(36, 6, 7)
(36, 7, 7)
(36, 8, 7)
(36, 9, 5)
(36, 10, 4)
(36, 11, 4)
(36, 12, 2)
(36, 13, 2)
(36, 14, 2)
(36, 15, 1)
(36, 16, 1)
(36, 17, 1)
(36, 18, 1)
(36, 19, 1)
(36, 20, 1)
(36, 21, 1)
(36, 22, 1)
(36, 23, 1)
(36, 24, 1)
(36, 25, 1)
(36, 26, 1)
(36, 27, 1)
(36, 28, 1)
(36, 29, 1)
(36, 30, 1)
(36, 31, 1)
(36, 32, 1)
(36, 33, 1)
(36, 34, 1)
(36, 35, 1)
(36, 36, 1)
(36, 37, 1)
(36, 38, 1)
(36, 39, 1)

(37, 0, 195)
(37, 1, 66)
(37, 2, 22)
(37, 3, 17)
(37, 4, 15)
(37, 5, 11)
(37, 6, 7)
(37, 7, 7)
(37, 8, 6)
(37, 9, 5)
(37, 10, 4)
(37, 11, 4)
(37, 12, 2)
(37, 13, 2)
(37, 14, 2)
(37, 15, 1)
(37, 16, 1)
(37, 17, 1)
(37, 18, 1)
(37, 19, 1)
(37, 20, 1)
(37, 21, 1)
(37, 22, 1)
(37, 23, 1)
(37, 24, 1)
(37, 25, 1)
(37, 26, 1)
(37, 27, 1)
(37, 28, 1)
(37, 29, 1)
(37, 30, 1)
(37, 31, 1)
(37, 32, 1)
(37, 33, 1)
(37, 34, 1)
(37, 35, 1)
(37, 36, 1)
(37, 37, 1)
(37, 38, 1)
(37, 39, 1)

(38, 0, 195)
(38, 1, 66)
(38, 2, 22)
(38, 3, 17)
(38, 4, 15)
(38, 5, 11)
(38, 6, 7)
(38, 7, 7)
(38, 8, 6)
(38, 9, 5)
(38, 10, 4)
(38, 11, 4)
(38, 12, 2)
(38, 13, 2)
(38, 14, 2)
(38, 15, 1)
(38, 16, 1)
(38, 17, 1)
(38, 18, 1)
(38, 19, 1)
(38, 20, 1)
(38, 21, 1)
(38, 22, 1)
(38, 23, 1)
(38, 24, 1)
(38, 25, 1)
(38, 26, 1)
(38, 27, 1)
(38, 28, 1)
(38, 29, 1)
(38, 30, 1)
(38, 31, 1)
(38, 32, 1)
(38, 33, 1)
(38, 34, 1)
(38, 35, 1)
(38, 36, 1)
(38, 37, 1)
(38, 38, 1)
(38, 39, 1)

(39, 0, 195)
(39, 1, 66)
(39, 2, 22)
(39, 3, 17)
(39, 4, 15)
(39, 5, 11)
(39, 6, 7)
(39, 7, 7)
(39, 8, 6)
(39, 9, 5)
(39, 10, 4)
(39, 11, 4)
(39, 12, 2)
(39, 13, 2)
(39, 14, 2)
(39, 15, 1)
(39, 16, 1)
(39, 17, 1)
(39, 18, 1)
(39, 19, 1)
(39, 20, 1)
(39, 21, 1)
(39, 22, 1)
(39, 23, 1)
(39, 24, 1)
(39, 25, 1)
(39, 26, 1)
(39, 27, 1)
(39, 28, 1)
(39, 29, 1)
(39, 30, 1)
(39, 31, 1)
(39, 32, 1)
(39, 33, 1)
(39, 34, 1)
(39, 35, 1)
(39, 36, 1)
(39, 37, 1)
(39, 38, 1)
(39, 39, 1)


Betti numbers:
xi_0:
(0, 0, 2)
(3, 0, 4)
(4, 0, 1)
(6, 0, 5)
(7, 0, 6)
(8, 0, 7)
(9, 0, 2)
(10, 0, 3)
(11, 0, 3)
(12, 0, 6)
(13, 0, 5)
(14, 0, 6)
(15, 0, 8)
(16, 0, 4)
(17, 0, 10)
(18, 0, 5)
(19, 0, 9)
(20, 0, 4)
(21, 0, 2)
(22, 0, 4)
(23, 0, 4)
(24, 0, 6)
(25, 0, 4)
(26, 0, 4)
(27, 0, 1)
(28, 0, 4)
(29, 0, 9)
(30, 0, 11)
(31, 0, 13)
(32, 0, 13)
(33, 0, 17)
(34, 0, 6)
(35, 0, 11)
(36, 0, 5)
xi_1:
(0, 13, 1)
(3, 3, 1)
(3, 5, 1)
(3, 6, 1)
(3, 26, 1)
(4, 5, 1)
(4, 23, 1)
(6, 1, 1)
(6, 2, 2)
(6, 3, 1)
(6, 6, 1)
(6, 16, 1)
(7, 1, 5)
(7, 2, 2)
(7, 8, 1)
(7, 15, 1)
(8, 0, 1)
(8, 1, 5)
(8, 2, 1)
(8, 3, 1)
(8, 4, 1)
(8, 5, 1)
(8, 14, 1)
(9, 0, 2)
(9, 2, 2)
(9, 4, 1)
(9, 11, 1)
(10, 1, 3)
(10, 10, 1)
(11, 1, 2)
(11, 2, 2)
(12, 1, 3)
(12, 2, 3)
(13, 1, 4)
(13, 2, 1)
(14, 1, 5)
(14, 2, 2)
(14, 3, 1)
(15, 1, 6)
(15, 2, 3)
(16, 1, 3)
(16, 2, 1)
(17, 1, 6)
(17, 2, 3)
(18, 1, 3)
(18, 2, 1)
(18, 4, 1)
(19, 1, 5)
(19, 2, 3)
(19, 3, 1)
(19, 12, 1)
(20, 1, 6)
(21, 2, 1)
(21, 3, 1)
(22, 1, 2)
(22, 2, 3)
(23, 1, 1)
(23, 2, 3)
(23, 5, 1)
(24, 1, 5)
(24, 2, 1)
(24, 6, 1)
(25, 1, 2)
(25, 4, 1)
(25, 9, 1)
(25, 21, 1)
(26, 1, 3)
(26, 3, 2)
(26, 7, 1)
(26, 17, 1)
(27, 0, 1)
(27, 3, 1)
(28, 1, 3)
(28, 2, 1)
(28, 5, 1)
(29, 1, 3)
(29, 2, 3)
(29, 4, 1)
(29, 5, 1)
(29, 6, 1)
(29, 14, 2)
(29, 28, 1)
(30, 1, 8)
(30, 2, 5)
(30, 9, 1)
(30, 24, 1)
(31, 0, 1)
(31, 1, 12)
(31, 2, 3)
(31, 20, 1)
(32, 0, 2)
(32, 1, 7)
(32, 2, 7)
(32, 14, 1)
(33, 1, 16)
(33, 2, 2)
(33, 9, 1)
(33, 13, 1)
(34, 1, 5)
(34, 2, 2)
(35, 1, 9)
(35, 2, 1)
(35, 12, 1)
(35, 16, 1)
(36, 0, 2)
(36, 1, 5)
(36, 12, 1)
(36, 15, 1)
(37, 8, 1)
xi_2:
(4, 26, 1)
(6, 23, 1)
(7, 3, 1)
(7, 13, 1)
(7, 16, 1)
(8, 1, 1)
(8, 2, 1)
(8, 8, 1)
(8, 15, 1)
(9, 1, 2)
(9, 5, 1)
(9, 14, 1)
(10, 11, 1)
(11, 4, 1)
(14, 2, 2)
(15, 3, 1)
(19, 4, 1)
(20, 2, 2)
(22, 3, 1)
(23, 2, 1)
(24, 2, 1)
(25, 12, 1)
(26, 4, 1)
(26, 9, 1)
(26, 21, 1)
(27, 1, 1)
(28, 3, 1)
(29, 7, 1)
(29, 17, 1)
(30, 2, 1)
(30, 5, 1)
(30, 14, 1)
(30, 28, 1)
(31, 1, 1)
(31, 2, 2)
(31, 24, 1)
(32, 1, 2)
(32, 2, 1)
(32, 20, 1)
(33, 2, 2)
(33, 14, 1)
(34, 2, 1)
(35, 13, 1)
(36, 1, 2)
(36, 14, 1)
(36, 16, 1)
(37, 9, 1)
