x-grades
-718194520740474959/1000000000000000
-352172506077691759/500000000000000
-690495503570292077/1000000000000000
-169161498746300159/250000000000000
-132559297280021839/200000000000000
-324473488907508877/500000000000000
-635097469229926313/1000000000000000
-77655995080604359/125000000000000
-607398452059743431/1000000000000000
-59354894347465199/100000000000000
-579699434889560549/1000000000000000
-141462481576117277/250000000000000
-552000417719377667/1000000000000000
-269075454567143113/500000000000000
-104860280109838957/200000000000000
-31903243247756459/62500000000000
-496602383379011903/1000000000000000
-241376437396960231/500000000000000
-468903366208829021/1000000000000000
-22752692881186879/50000000000000
-441204349038646139/1000000000000000
-213677420226777349/500000000000000
-413505331868463257/1000000000000000
-49956977910421477/125000000000000
-3086450517586243/8000000000000
-185978403056594467/500000000000000
-358107297528097493/1000000000000000
-86064447235751513/250000000000000
-330408280357914611/1000000000000000
-31655877177282317/100000000000000
-302709263187731729/1000000000000000
-9026867331332509/31250000000000
-275010246017548847/1000000000000000
-130580368716228703/500000000000000
-49462245769473193/200000000000000
-58365430065568631/250000000000000
-219612211677183083/1000000000000000
-102881351546045821/500000000000000
-191913194507000201/1000000000000000
-4451592148047719/25000000000000

y-grades
9976461/4000000
9976461/2000000
29929383/4000000
9976461/1000000
9976461/800000
29929383/2000000
69835227/4000000
9976461/500000
89788149/4000000
9976461/400000
109741071/4000000
29929383/1000000
129693993/4000000
69835227/2000000
29929383/800000
9976461/250000
169599837/4000000
89788149/2000000
189552759/4000000
9976461/200000
209505681/4000000
109741071/2000000
229458603/4000000
29929383/500000
9976461/160000
129693993/2000000
269364447/4000000
69835227/1000000
289317369/4000000
29929383/400000
309270291/4000000
9976461/125000
329223213/4000000
169599837/2000000
69835227/800000
89788149/1000000
369129057/4000000
189552759/2000000
389081979/4000000
9976461/100000

Dimensions > 0:
(0, 0, 21)
(0, 1, 21)
(0, 2, 21)
(0, 3, 21)
(0, 4, 21)
(0, 5, 21)
(0, 6, 21)
(0, 7, 21)
(0, 8, 21)
(0, 9, 21)
(0, 10, 21)
(0, 11, 21)
(0, 12, 21)
(0, 13, 20)
(0, 14, 20)
(0, 15, 20)
(0, 16, 20)
(0, 17, 18)
(0, 18, 18)
(0, 19, 18)
(0, 20, 18)
(0, 21, 17)
(0, 22, 16)
(0, 23, 15)
(0, 24, 14)
(0, 25, 14)
(0, 26, 13)
(0, 27, 13)
(0, 28, 13)
(0, 29, 13)
(0, 30, 13)
(0, 31, 13)
(0, 32, 13)
(0, 33, 13)
(0, 34, 13)
(0, 35, 13)
(0, 36, 13)
(0, 37, 13)
(0, 38, 13)
(0, 39, 13)

(1, 0, 74)
(1, 1, 74)
(1, 2, 74)
(1, 3, 74)
(1, 4, 74)
(1, 5, 74)
(1, 6, 74)
(1, 7, 74)
(1, 8, 74)
(1, 9, 73)
(1, 10, 72)
(1, 11, 72)
(1, 12, 71)
(1, 13, 68)
(1, 14, 68)
(1, 15, 68)
(1, 16, 68)
(1, 17, 66)
(1, 18, 64)
(1, 19, 64)
(1, 20, 64)
(1, 21, 61)
(1, 22, 59)
(1, 23, 58)
(1, 24, 54)
(1, 25, 54)
(1, 26, 53)
(1, 27, 53)
(1, 28, 53)
(1, 29, 50)
(1, 30, 50)
(1, 31, 50)
(1, 32, 48)
(1, 33, 45)
(1, 34, 45)
(1, 35, 45)
(1, 36, 44)
(1, 37, 41)
(1, 38, 41)
(1, 39, 38)

(2, 0, 116)
(2, 1, 116)
(2, 2, 116)
(2, 3, 115)
(2, 4, 115)
(2, 5, 114)
(2, 6, 114)
(2, 7, 114)
(2, 8, 114)
(2, 9, 113)
(2, 10, 111)
(2, 11, 110)
(2, 12, 109)
(2, 13, 104)
(2, 14, 104)
(2, 15, 103)
(2, 16, 103)
(2, 17, 100)
(2, 18, 97)
(2, 19, 95)
(2, 20, 95)
(2, 21, 92)
(2, 22, 87)
(2, 23, 83)
(2, 24, 76)
(2, 25, 76)
(2, 26, 75)
(2, 27, 75)
(2, 28, 75)
(2, 29, 72)
(2, 30, 69)
(2, 31, 69)
(2, 32, 67)
(2, 33, 63)
(2, 34, 63)
(2, 35, 63)
(2, 36, 61)
(2, 37, 57)
(2, 38, 57)
(2, 39, 54)

(3, 0, 152)
(3, 1, 152)
(3, 2, 152)
(3, 3, 150)
(3, 4, 150)
(3, 5, 149)
(3, 6, 149)
(3, 7, 149)
(3, 8, 149)
(3, 9, 145)
(3, 10, 143)
(3, 11, 142)
(3, 12, 141)
(3, 13, 136)
(3, 14, 136)
(3, 15, 135)
(3, 16, 135)
(3, 17, 132)
(3, 18, 129)
(3, 19, 127)
(3, 20, 127)
(3, 21, 123)
(3, 22, 117)
(3, 23, 111)
(3, 24, 102)
(3, 25, 102)
(3, 26, 101)
(3, 27, 100)
(3, 28, 100)
(3, 29, 97)
(3, 30, 94)
(3, 31, 93)
(3, 32, 90)
(3, 33, 84)
(3, 34, 84)
(3, 35, 84)
(3, 36, 82)
(3, 37, 77)
(3, 38, 76)
(3, 39, 72)

(4, 0, 192)
(4, 1, 192)
(4, 2, 192)
(4, 3, 189)
(4, 4, 189)
(4, 5, 188)
(4, 6, 188)
(4, 7, 188)
(4, 8, 188)
(4, 9, 184)
(4, 10, 179)
(4, 11, 178)
(4, 12, 176)
(4, 13, 170)
(4, 14, 170)
(4, 15, 169)
(4, 16, 169)
(4, 17, 166)
(4, 18, 163)
(4, 19, 161)
(4, 20, 160)
(4, 21, 156)
(4, 22, 150)
(4, 23, 141)
(4, 24, 132)
(4, 25, 132)
(4, 26, 131)
(4, 27, 130)
(4, 28, 130)
(4, 29, 126)
(4, 30, 123)
(4, 31, 122)
(4, 32, 118)
(4, 33, 112)
(4, 34, 112)
(4, 35, 112)
(4, 36, 110)
(4, 37, 105)
(4, 38, 104)
(4, 39, 99)

(5, 0, 267)
(5, 1, 267)
(5, 2, 267)
(5, 3, 262)
(5, 4, 262)
(5, 5, 260)
(5, 6, 259)
(5, 7, 259)
(5, 8, 258)
(5, 9, 250)
(5, 10, 244)
(5, 11, 243)
(5, 12, 241)
(5, 13, 232)
(5, 14, 232)
(5, 15, 231)
(5, 16, 230)
(5, 17, 227)
(5, 18, 223)
(5, 19, 221)
(5, 20, 220)
(5, 21, 215)
(5, 22, 207)
(5, 23, 197)
(5, 24, 185)
(5, 25, 185)
(5, 26, 184)
(5, 27, 183)
(5, 28, 183)
(5, 29, 178)
(5, 30, 174)
(5, 31, 173)
(5, 32, 168)
(5, 33, 159)
(5, 34, 159)
(5, 35, 159)
(5, 36, 157)
(5, 37, 152)
(5, 38, 151)
(5, 39, 146)

(6, 0, 403)
(6, 1, 403)
(6, 2, 403)
(6, 3, 396)
(6, 4, 396)
(6, 5, 392)
(6, 6, 391)
(6, 7, 391)
(6, 8, 389)
(6, 9, 379)
(6, 10, 373)
(6, 11, 372)
(6, 12, 370)
(6, 13, 361)
(6, 14, 361)
(6, 15, 359)
(6, 16, 357)
(6, 17, 353)
(6, 18, 347)
(6, 19, 340)
(6, 20, 336)
(6, 21, 331)
(6, 22, 323)
(6, 23, 308)
(6, 24, 291)
(6, 25, 289)
(6, 26, 285)
(6, 27, 283)
(6, 28, 282)
(6, 29, 277)
(6, 30, 272)
(6, 31, 271)
(6, 32, 264)
(6, 33, 253)
(6, 34, 253)
(6, 35, 252)
(6, 36, 250)
(6, 37, 245)
(6, 38, 244)
(6, 39, 239)

(7, 0, 536)
(7, 1, 535)
(7, 2, 534)
(7, 3, 524)
(7, 4, 524)
(7, 5, 520)
(7, 6, 518)
(7, 7, 516)
(7, 8, 513)
(7, 9, 500)
(7, 10, 492)
(7, 11, 491)
(7, 12, 489)
(7, 13, 477)
(7, 14, 476)
(7, 15, 473)
(7, 16, 470)
(7, 17, 463)
(7, 18, 455)
(7, 19, 446)
(7, 20, 442)
(7, 21, 437)
(7, 22, 425)
(7, 23, 408)
(7, 24, 388)
(7, 25, 384)
(7, 26, 380)
(7, 27, 377)
(7, 28, 375)
(7, 29, 368)
(7, 30, 362)
(7, 31, 361)
(7, 32, 354)
(7, 33, 341)
(7, 34, 339)
(7, 35, 337)
(7, 36, 335)
(7, 37, 329)
(7, 38, 328)
(7, 39, 323)

(8, 0, 704)
(8, 1, 703)
(8, 2, 702)
(8, 3, 690)
(8, 4, 690)
(8, 5, 685)
(8, 6, 682)
(8, 7, 680)
(8, 8, 676)
(8, 9, 661)
(8, 10, 653)
(8, 11, 651)
(8, 12, 648)
(8, 13, 631)
(8, 14, 630)
(8, 15, 626)
(8, 16, 623)
(8, 17, 615)
(8, 18, 604)
(8, 19, 592)
(8, 20, 587)
(8, 21, 581)
(8, 22, 564)
(8, 23, 541)
(8, 24, 511)
(8, 25, 507)
(8, 26, 502)
(8, 27, 498)
(8, 28, 495)
(8, 29, 487)
(8, 30, 479)
(8, 31, 476)
(8, 32, 467)
(8, 33, 453)
(8, 34, 448)
(8, 35, 446)
(8, 36, 442)
(8, 37, 435)
(8, 38, 433)
(8, 39, 428)

(9, 0, 806)
(9, 1, 804)
(9, 2, 802)
(9, 3, 789)
(9, 4, 789)
(9, 5, 784)
(9, 6, 779)
(9, 7, 777)
(9, 8, 773)
(9, 9, 757)
(9, 10, 746)
(9, 11, 744)
(9, 12, 741)
(9, 13, 724)
(9, 14, 723)
(9, 15, 718)
(9, 16, 714)
(9, 17, 706)
(9, 18, 695)
(9, 19, 683)
(9, 20, 677)
(9, 21, 670)
(9, 22, 653)
(9, 23, 628)
(9, 24, 597)
(9, 25, 593)
(9, 26, 587)
(9, 27, 581)
(9, 28, 578)
(9, 29, 569)
(9, 30, 560)
(9, 31, 556)
(9, 32, 546)
(9, 33, 532)
(9, 34, 527)
(9, 35, 525)
(9, 36, 520)
(9, 37, 512)
(9, 38, 510)
(9, 39, 505)

(10, 0, 907)
(10, 1, 905)
(10, 2, 903)
(10, 3, 888)
(10, 4, 887)
(10, 5, 882)
(10, 6, 875)
(10, 7, 872)
(10, 8, 867)
(10, 9, 851)
(10, 10, 838)
(10, 11, 836)
(10, 12, 832)
(10, 13, 814)
(10, 14, 811)
(10, 15, 806)
(10, 16, 802)
(10, 17, 794)
(10, 18, 781)
(10, 19, 768)
(10, 20, 760)
(10, 21, 752)
(10, 22, 735)
(10, 23, 708)
(10, 24, 676)
(10, 25, 669)
(10, 26, 663)
(10, 27, 656)
(10, 28, 653)
(10, 29, 644)
(10, 30, 635)
(10, 31, 631)
(10, 32, 620)
(10, 33, 605)
(10, 34, 599)
(10, 35, 597)
(10, 36, 592)
(10, 37, 584)
(10, 38, 582)
(10, 39, 577)

(11, 0, 972)
(11, 1, 970)
(11, 2, 968)
(11, 3, 953)
(11, 4, 952)
(11, 5, 945)
(11, 6, 936)
(11, 7, 932)
(11, 8, 927)
(11, 9, 908)
(11, 10, 895)
(11, 11, 892)
(11, 12, 888)
(11, 13, 869)
(11, 14, 866)
(11, 15, 860)
(11, 16, 856)
(11, 17, 848)
(11, 18, 834)
(11, 19, 820)
(11, 20, 812)
(11, 21, 801)
(11, 22, 784)
(11, 23, 755)
(11, 24, 719)
(11, 25, 714)
(11, 26, 707)
(11, 27, 700)
(11, 28, 697)
(11, 29, 688)
(11, 30, 679)
(11, 31, 675)
(11, 32, 663)
(11, 33, 648)
(11, 34, 642)
(11, 35, 639)
(11, 36, 634)
(11, 37, 625)
(11, 38, 622)
(11, 39, 617)

(12, 0, 1025)
(12, 1, 1023)
(12, 2, 1021)
(12, 3, 1006)
(12, 4, 1005)
(12, 5, 998)
(12, 6, 989)
(12, 7, 985)
(12, 8, 980)
(12, 9, 959)
(12, 10, 944)
(12, 11, 941)
(12, 12, 937)
(12, 13, 917)
(12, 14, 914)
(12, 15, 907)
(12, 16, 903)
(12, 17, 894)
(12, 18, 880)
(12, 19, 865)
(12, 20, 857)
(12, 21, 846)
(12, 22, 828)
(12, 23, 799)
(12, 24, 762)
(12, 25, 757)
(12, 26, 750)
(12, 27, 742)
(12, 28, 738)
(12, 29, 729)
(12, 30, 720)
(12, 31, 716)
(12, 32, 704)
(12, 33, 689)
(12, 34, 683)
(12, 35, 680)
(12, 36, 675)
(12, 37, 666)
(12, 38, 663)
(12, 39, 657)

(13, 0, 1061)
(13, 1, 1059)
(13, 2, 1057)
(13, 3, 1042)
(13, 4, 1041)
(13, 5, 1034)
(13, 6, 1025)
(13, 7, 1021)
(13, 8, 1016)
(13, 9, 994)
(13, 10, 979)
(13, 11, 976)
(13, 12, 972)
(13, 13, 952)
(13, 14, 949)
(13, 15, 942)
(13, 16, 938)
(13, 17, 929)
(13, 18, 915)
(13, 19, 900)
(13, 20, 892)
(13, 21, 881)
(13, 22, 861)
(13, 23, 832)
(13, 24, 795)
(13, 25, 790)
(13, 26, 783)
(13, 27, 775)
(13, 28, 770)
(13, 29, 759)
(13, 30, 750)
(13, 31, 746)
(13, 32, 734)
(13, 33, 719)
(13, 34, 713)
(13, 35, 710)
(13, 36, 705)
(13, 37, 696)
(13, 38, 693)
(13, 39, 687)

(14, 0, 1091)
(14, 1, 1089)
(14, 2, 1087)
(14, 3, 1071)
(14, 4, 1070)
(14, 5, 1063)
(14, 6, 1054)
(14, 7, 1050)
(14, 8, 1045)
(14, 9, 1022)
(14, 10, 1007)
(14, 11, 1004)
(14, 12, 1000)
(14, 13, 979)
(14, 14, 976)
(14, 15, 968)
(14, 16, 964)
(14, 17, 955)
(14, 18, 941)
(14, 19, 925)
(14, 20, 917)
(14, 21, 905)
(14, 22, 885)
(14, 23, 856)
(14, 24, 818)
(14, 25, 813)
(14, 26, 806)
(14, 27, 798)
(14, 28, 793)
(14, 29, 780)
(14, 30, 771)
(14, 31, 766)
(14, 32, 754)
(14, 33, 739)
(14, 34, 733)
(14, 35, 730)
(14, 36, 725)
(14, 37, 715)
(14, 38, 712)
(14, 39, 706)

(15, 0, 1124)
(15, 1, 1122)
(15, 2, 1120)
(15, 3, 1103)
(15, 4, 1102)
(15, 5, 1095)
(15, 6, 1085)
(15, 7, 1081)
(15, 8, 1076)
(15, 9, 1053)
(15, 10, 1038)
(15, 11, 1035)
(15, 12, 1031)
(15, 13, 1010)
(15, 14, 1007)
(15, 15, 999)
(15, 16, 995)
(15, 17, 986)
(15, 18, 971)
(15, 19, 954)
(15, 20, 946)
(15, 21, 934)
(15, 22, 914)
(15, 23, 885)
(15, 24, 844)
(15, 25, 839)
(15, 26, 831)
(15, 27, 823)
(15, 28, 818)
(15, 29, 804)
(15, 30, 794)
(15, 31, 789)
(15, 32, 777)
(15, 33, 762)
(15, 34, 756)
(15, 35, 753)
(15, 36, 748)
(15, 37, 738)
(15, 38, 735)
(15, 39, 729)

(16, 0, 1168)
(16, 1, 1166)
(16, 2, 1164)
(16, 3, 1146)
(16, 4, 1145)
(16, 5, 1138)
(16, 6, 1127)
(16, 7, 1123)
(16, 8, 1118)
(16, 9, 1094)
(16, 10, 1079)
(16, 11, 1076)
(16, 12, 1071)
(16, 13, 1050)
(16, 14, 1046)
(16, 15, 1038)
(16, 16, 1034)
(16, 17, 1022)
(16, 18, 1005)
(16, 19, 986)
(16, 20, 978)
(16, 21, 966)
(16, 22, 945)
(16, 23, 915)
(16, 24, 871)
(16, 25, 866)
(16, 26, 858)
(16, 27, 849)
(16, 28, 844)
(16, 29, 830)
(16, 30, 820)
(16, 31, 815)
(16, 32, 803)
(16, 33, 787)
(16, 34, 781)
(16, 35, 778)
(16, 36, 773)
(16, 37, 763)
(16, 38, 760)
(16, 39, 754)

(17, 0, 1202)
(17, 1, 1200)
(17, 2, 1198)
(17, 3, 1179)
(17, 4, 1178)
(17, 5, 1171)
(17, 6, 1160)
(17, 7, 1156)
(17, 8, 1151)
(17, 9, 1127)
(17, 10, 1112)
(17, 11, 1109)
(17, 12, 1104)
(17, 13, 1083)
(17, 14, 1079)
(17, 15, 1071)
(17, 16, 1067)
(17, 17, 1054)
(17, 18, 1037)
(17, 19, 1018)
(17, 20, 1009)
(17, 21, 997)
(17, 22, 976)
(17, 23, 945)
(17, 24, 900)
(17, 25, 894)
(17, 26, 886)
(17, 27, 877)
(17, 28, 872)
(17, 29, 858)
(17, 30, 848)
(17, 31, 843)
(17, 32, 831)
(17, 33, 815)
(17, 34, 809)
(17, 35, 806)
(17, 36, 801)
(17, 37, 791)
(17, 38, 787)
(17, 39, 781)

(18, 0, 1238)
(18, 1, 1236)
(18, 2, 1234)
(18, 3, 1214)
(18, 4, 1213)
(18, 5, 1206)
(18, 6, 1195)
(18, 7, 1191)
(18, 8, 1186)
(18, 9, 1162)
(18, 10, 1147)
(18, 11, 1144)
(18, 12, 1139)
(18, 13, 1118)
(18, 14, 1114)
(18, 15, 1106)
(18, 16, 1102)
(18, 17, 1089)
(18, 18, 1071)
(18, 19, 1052)
(18, 20, 1043)
(18, 21, 1031)
(18, 22, 1010)
(18, 23, 978)
(18, 24, 931)
(18, 25, 925)
(18, 26, 917)
(18, 27, 908)
(18, 28, 903)
(18, 29, 887)
(18, 30, 875)
(18, 31, 870)
(18, 32, 858)
(18, 33, 842)
(18, 34, 836)
(18, 35, 833)
(18, 36, 828)
(18, 37, 818)
(18, 38, 814)
(18, 39, 808)

(19, 0, 1308)
(19, 1, 1306)
(19, 2, 1304)
(19, 3, 1284)
(19, 4, 1283)
(19, 5, 1275)
(19, 6, 1263)
(19, 7, 1259)
(19, 8, 1254)
(19, 9, 1228)
(19, 10, 1212)
(19, 11, 1209)
(19, 12, 1204)
(19, 13, 1183)
(19, 14, 1179)
(19, 15, 1171)
(19, 16, 1167)
(19, 17, 1154)
(19, 18, 1135)
(19, 19, 1114)
(19, 20, 1105)
(19, 21, 1093)
(19, 22, 1071)
(19, 23, 1038)
(19, 24, 987)
(19, 25, 981)
(19, 26, 972)
(19, 27, 963)
(19, 28, 958)
(19, 29, 940)
(19, 30, 926)
(19, 31, 921)
(19, 32, 908)
(19, 33, 892)
(19, 34, 886)
(19, 35, 882)
(19, 36, 877)
(19, 37, 867)
(19, 38, 863)
(19, 39, 856)

(20, 0, 1403)
(20, 1, 1401)
(20, 2, 1399)
(20, 3, 1379)
(20, 4, 1378)
(20, 5, 1370)
(20, 6, 1358)
(20, 7, 1354)
(20, 8, 1349)
(20, 9, 1321)
(20, 10, 1305)
(20, 11, 1302)
(20, 12, 1296)
(20, 13, 1274)
(20, 14, 1270)
(20, 15, 1262)
(20, 16, 1257)
(20, 17, 1244)
(20, 18, 1224)
(20, 19, 1202)
(20, 20, 1193)
(20, 21, 1181)
(20, 22, 1158)
(20, 23, 1125)
(20, 24, 1068)
(20, 25, 1061)
(20, 26, 1051)
(20, 27, 1042)
(20, 28, 1037)
(20, 29, 1018)
(20, 30, 1004)
(20, 31, 999)
(20, 32, 986)
(20, 33, 970)
(20, 34, 963)
(20, 35, 959)
(20, 36, 954)
(20, 37, 942)
(20, 38, 938)
(20, 39, 931)

(21, 0, 1475)
(21, 1, 1473)
(21, 2, 1471)
(21, 3, 1450)
(21, 4, 1449)
(21, 5, 1440)
(21, 6, 1428)
(21, 7, 1424)
(21, 8, 1419)
(21, 9, 1391)
(21, 10, 1375)
(21, 11, 1372)
(21, 12, 1366)
(21, 13, 1342)
(21, 14, 1338)
(21, 15, 1330)
(21, 16, 1325)
(21, 17, 1312)
(21, 18, 1291)
(21, 19, 1268)
(21, 20, 1259)
(21, 21, 1247)
(21, 22, 1223)
(21, 23, 1185)
(21, 24, 1124)
(21, 25, 1117)
(21, 26, 1107)
(21, 27, 1098)
(21, 28, 1093)
(21, 29, 1073)
(21, 30, 1058)
(21, 31, 1053)
(21, 32, 1039)
(21, 33, 1022)
(21, 34, 1015)
(21, 35, 1011)
(21, 36, 1006)
(21, 37, 994)
(21, 38, 990)
(21, 39, 983)

(22, 0, 1523)
(22, 1, 1521)
(22, 2, 1519)
(22, 3, 1496)
(22, 4, 1495)
(22, 5, 1486)
(22, 6, 1474)
(22, 7, 1469)
(22, 8, 1464)
(22, 9, 1434)
(22, 10, 1417)
(22, 11, 1414)
(22, 12, 1407)
(22, 13, 1383)
(22, 14, 1379)
(22, 15, 1370)
(22, 16, 1365)
(22, 17, 1352)
(22, 18, 1330)
(22, 19, 1304)
(22, 20, 1295)
(22, 21, 1282)
(22, 22, 1257)
(22, 23, 1219)
(22, 24, 1157)
(22, 25, 1150)
(22, 26, 1140)
(22, 27, 1130)
(22, 28, 1125)
(22, 29, 1104)
(22, 30, 1089)
(22, 31, 1084)
(22, 32, 1070)
(22, 33, 1053)
(22, 34, 1046)
(22, 35, 1042)
(22, 36, 1037)
(22, 37, 1025)
(22, 38, 1021)
(22, 39, 1014)

(23, 0, 1568)
(23, 1, 1566)
(23, 2, 1564)
(23, 3, 1540)
(23, 4, 1539)
(23, 5, 1530)
(23, 6, 1517)
(23, 7, 1512)
(23, 8, 1507)
(23, 9, 1477)
(23, 10, 1460)
(23, 11, 1457)
(23, 12, 1450)
(23, 13, 1426)
(23, 14, 1422)
(23, 15, 1412)
(23, 16, 1407)
(23, 17, 1394)
(23, 18, 1372)
(23, 19, 1343)
(23, 20, 1334)
(23, 21, 1321)
(23, 22, 1296)
(23, 23, 1258)
(23, 24, 1195)
(23, 25, 1187)
(23, 26, 1177)
(23, 27, 1167)
(23, 28, 1162)
(23, 29, 1139)
(23, 30, 1124)
(23, 31, 1119)
(23, 32, 1104)
(23, 33, 1087)
(23, 34, 1080)
(23, 35, 1076)
(23, 36, 1071)
(23, 37, 1059)
(23, 38, 1054)
(23, 39, 1047)

(24, 0, 1625)
(24, 1, 1623)
(24, 2, 1621)
(24, 3, 1596)
(24, 4, 1595)
(24, 5, 1586)
(24, 6, 1573)
(24, 7, 1568)
(24, 8, 1562)
(24, 9, 1532)
(24, 10, 1515)
(24, 11, 1512)
(24, 12, 1505)
(24, 13, 1481)
(24, 14, 1477)
(24, 15, 1467)
(24, 16, 1462)
(24, 17, 1448)
(24, 18, 1425)
(24, 19, 1395)
(24, 20, 1386)
(24, 21, 1373)
(24, 22, 1348)
(24, 23, 1309)
(24, 24, 1241)
(24, 25, 1233)
(24, 26, 1223)
(24, 27, 1213)
(24, 28, 1208)
(24, 29, 1185)
(24, 30, 1170)
(24, 31, 1165)
(24, 32, 1150)
(24, 33, 1132)
(24, 34, 1125)
(24, 35, 1121)
(24, 36, 1116)
(24, 37, 1103)
(24, 38, 1098)
(24, 39, 1091)

(25, 0, 1661)
(25, 1, 1659)
(25, 2, 1657)
(25, 3, 1631)
(25, 4, 1630)
(25, 5, 1621)
(25, 6, 1608)
(25, 7, 1603)
(25, 8, 1597)
(25, 9, 1567)
(25, 10, 1549)
(25, 11, 1546)
(25, 12, 1539)
(25, 13, 1515)
(25, 14, 1511)
(25, 15, 1501)
(25, 16, 1496)
(25, 17, 1482)
(25, 18, 1459)
(25, 19, 1429)
(25, 20, 1420)
(25, 21, 1407)
(25, 22, 1382)
(25, 23, 1343)
(25, 24, 1274)
(25, 25, 1266)
(25, 26, 1256)
(25, 27, 1246)
(25, 28, 1241)
(25, 29, 1218)
(25, 30, 1203)
(25, 31, 1198)
(25, 32, 1183)
(25, 33, 1165)
(25, 34, 1157)
(25, 35, 1153)
(25, 36, 1148)
(25, 37, 1135)
(25, 38, 1130)
(25, 39, 1122)

(26, 0, 1705)
(26, 1, 1703)
(26, 2, 1701)
(26, 3, 1675)
(26, 4, 1674)
(26, 5, 1665)
(26, 6, 1652)
(26, 7, 1646)
(26, 8, 1640)
(26, 9, 1609)
(26, 10, 1591)
(26, 11, 1588)
(26, 12, 1580)
(26, 13, 1556)
(26, 14, 1552)
(26, 15, 1542)
(26, 16, 1537)
(26, 17, 1523)
(26, 18, 1500)
(26, 19, 1470)
(26, 20, 1461)
(26, 21, 1448)
(26, 22, 1422)
(26, 23, 1383)
(26, 24, 1313)
(26, 25, 1305)
(26, 26, 1295)
(26, 27, 1284)
(26, 28, 1279)
(26, 29, 1256)
(26, 30, 1241)
(26, 31, 1236)
(26, 32, 1221)
(26, 33, 1203)
(26, 34, 1195)
(26, 35, 1191)
(26, 36, 1186)
(26, 37, 1172)
(26, 38, 1167)
(26, 39, 1159)

(27, 0, 1782)
(27, 1, 1780)
(27, 2, 1778)
(27, 3, 1752)
(27, 4, 1751)
(27, 5, 1742)
(27, 6, 1729)
(27, 7, 1722)
(27, 8, 1716)
(27, 9, 1682)
(27, 10, 1664)
(27, 11, 1661)
(27, 12, 1653)
(27, 13, 1628)
(27, 14, 1624)
(27, 15, 1614)
(27, 16, 1609)
(27, 17, 1595)
(27, 18, 1571)
(27, 19, 1541)
(27, 20, 1532)
(27, 21, 1519)
(27, 22, 1493)
(27, 23, 1454)
(27, 24, 1382)
(27, 25, 1374)
(27, 26, 1364)
(27, 27, 1353)
(27, 28, 1348)
(27, 29, 1324)
(27, 30, 1309)
(27, 31, 1304)
(27, 32, 1289)
(27, 33, 1270)
(27, 34, 1262)
(27, 35, 1258)
(27, 36, 1253)
(27, 37, 1238)
(27, 38, 1233)
(27, 39, 1225)

(28, 0, 1888)
(28, 1, 1886)
(28, 2, 1884)
(28, 3, 1857)
(28, 4, 1856)
(28, 5, 1847)
(28, 6, 1833)
(28, 7, 1826)
(28, 8, 1820)
(28, 9, 1783)
(28, 10, 1765)
(28, 11, 1761)
(28, 12, 1753)
(28, 13, 1726)
(28, 14, 1722)
(28, 15, 1711)
(28, 16, 1706)
(28, 17, 1691)
(28, 18, 1667)
(28, 19, 1635)
(28, 20, 1626)
(28, 21, 1612)
(28, 22, 1586)
(28, 23, 1544)
(28, 24, 1468)
(28, 25, 1460)
(28, 26, 1449)
(28, 27, 1438)
(28, 28, 1433)
(28, 29, 1407)
(28, 30, 1392)
(28, 31, 1387)
(28, 32, 1372)
(28, 33, 1353)
(28, 34, 1345)
(28, 35, 1340)
(28, 36, 1335)
(28, 37, 1320)
(28, 38, 1313)
(28, 39, 1305)

(29, 0, 2053)
(29, 1, 2051)
(29, 2, 2049)
(29, 3, 2020)
(29, 4, 2018)
(29, 5, 2007)
(29, 6, 1992)
(29, 7, 1982)
(29, 8, 1976)
(29, 9, 1937)
(29, 10, 1917)
(29, 11, 1913)
(29, 12, 1903)
(29, 13, 1875)
(29, 14, 1871)
(29, 15, 1859)
(29, 16, 1854)
(29, 17, 1838)
(29, 18, 1814)
(29, 19, 1781)
(29, 20, 1771)
(29, 21, 1755)
(29, 22, 1728)
(29, 23, 1683)
(29, 24, 1605)
(29, 25, 1595)
(29, 26, 1582)
(29, 27, 1568)
(29, 28, 1560)
(29, 29, 1533)
(29, 30, 1517)
(29, 31, 1512)
(29, 32, 1496)
(29, 33, 1477)
(29, 34, 1469)
(29, 35, 1463)
(29, 36, 1458)
(29, 37, 1443)
(29, 38, 1435)
(29, 39, 1424)

(30, 0, 2201)
(30, 1, 2199)
(30, 2, 2197)
(30, 3, 2168)
(30, 4, 2165)
(30, 5, 2154)
(30, 6, 2139)
(30, 7, 2128)
(30, 8, 2122)
(30, 9, 2080)
(30, 10, 2059)
(30, 11, 2055)
(30, 12, 2044)
(30, 13, 2015)
(30, 14, 2011)
(30, 15, 1999)
(30, 16, 1994)
(30, 17, 1976)
(30, 18, 1951)
(30, 19, 1914)
(30, 20, 1903)
(30, 21, 1882)
(30, 22, 1852)
(30, 23, 1803)
(30, 24, 1720)
(30, 25, 1709)
(30, 26, 1694)
(30, 27, 1679)
(30, 28, 1671)
(30, 29, 1643)
(30, 30, 1625)
(30, 31, 1620)
(30, 32, 1603)
(30, 33, 1583)
(30, 34, 1575)
(30, 35, 1569)
(30, 36, 1564)
(30, 37, 1547)
(30, 38, 1539)
(30, 39, 1528)

(31, 0, 2340)
(31, 1, 2338)
(31, 2, 2336)
(31, 3, 2306)
(31, 4, 2303)
(31, 5, 2292)
(31, 6, 2277)
(31, 7, 2266)
(31, 8, 2259)
(31, 9, 2216)
(31, 10, 2195)
(31, 11, 2190)
(31, 12, 2179)
(31, 13, 2149)
(31, 14, 2145)
(31, 15, 2133)
(31, 16, 2127)
(31, 17, 2108)
(31, 18, 2082)
(31, 19, 2043)
(31, 20, 2032)
(31, 21, 2009)
(31, 22, 1979)
(31, 23, 1928)
(31, 24, 1843)
(31, 25, 1829)
(31, 26, 1814)
(31, 27, 1799)
(31, 28, 1791)
(31, 29, 1763)
(31, 30, 1742)
(31, 31, 1737)
(31, 32, 1719)
(31, 33, 1697)
(31, 34, 1689)
(31, 35, 1683)
(31, 36, 1677)
(31, 37, 1660)
(31, 38, 1651)
(31, 39, 1640)

(32, 0, 2429)
(32, 1, 2427)
(32, 2, 2424)
(32, 3, 2394)
(32, 4, 2391)
(32, 5, 2378)
(32, 6, 2363)
(32, 7, 2352)
(32, 8, 2345)
(32, 9, 2301)
(32, 10, 2280)
(32, 11, 2275)
(32, 12, 2263)
(32, 13, 2231)
(32, 14, 2227)
(32, 15, 2215)
(32, 16, 2209)
(32, 17, 2189)
(32, 18, 2162)
(32, 19, 2123)
(32, 20, 2112)
(32, 21, 2088)
(32, 22, 2058)
(32, 23, 2006)
(32, 24, 1920)
(32, 25, 1905)
(32, 26, 1890)
(32, 27, 1874)
(32, 28, 1866)
(32, 29, 1837)
(32, 30, 1816)
(32, 31, 1811)
(32, 32, 1792)
(32, 33, 1768)
(32, 34, 1760)
(32, 35, 1754)
(32, 36, 1748)
(32, 37, 1731)
(32, 38, 1722)
(32, 39, 1711)

(33, 0, 2526)
(33, 1, 2524)
(33, 2, 2521)
(33, 3, 2490)
(33, 4, 2487)
(33, 5, 2474)
(33, 6, 2459)
(33, 7, 2447)
(33, 8, 2440)
(33, 9, 2394)
(33, 10, 2371)
(33, 11, 2366)
(33, 12, 2353)
(33, 13, 2321)
(33, 14, 2317)
(33, 15, 2305)
(33, 16, 2299)
(33, 17, 2278)
(33, 18, 2251)
(33, 19, 2211)
(33, 20, 2198)
(33, 21, 2172)
(33, 22, 2141)
(33, 23, 2088)
(33, 24, 2000)
(33, 25, 1984)
(33, 26, 1969)
(33, 27, 1953)
(33, 28, 1945)
(33, 29, 1916)
(33, 30, 1894)
(33, 31, 1889)
(33, 32, 1870)
(33, 33, 1846)
(33, 34, 1838)
(33, 35, 1832)
(33, 36, 1825)
(33, 37, 1808)
(33, 38, 1799)
(33, 39, 1788)

(34, 0, 2609)
(34, 1, 2607)
(34, 2, 2604)
(34, 3, 2571)
(34, 4, 2567)
(34, 5, 2554)
(34, 6, 2537)
(34, 7, 2524)
(34, 8, 2517)
(34, 9, 2469)
(34, 10, 2444)
(34, 11, 2438)
(34, 12, 2425)
(34, 13, 2392)
(34, 14, 2387)
(34, 15, 2375)
(34, 16, 2368)
(34, 17, 2346)
(34, 18, 2318)
(34, 19, 2278)
(34, 20, 2264)
(34, 21, 2238)
(34, 22, 2207)
(34, 23, 2154)
(34, 24, 2064)
(34, 25, 2047)
(34, 26, 2031)
(34, 27, 2015)
(34, 28, 2007)
(34, 29, 1977)
(34, 30, 1955)
(34, 31, 1950)
(34, 32, 1930)
(34, 33, 1906)
(34, 34, 1898)
(34, 35, 1892)
(34, 36, 1884)
(34, 37, 1867)
(34, 38, 1858)
(34, 39, 1846)

(35, 0, 2678)
(35, 1, 2676)
(35, 2, 2673)
(35, 3, 2637)
(35, 4, 2633)
(35, 5, 2620)
(35, 6, 2602)
(35, 7, 2589)
(35, 8, 2582)
(35, 9, 2533)
(35, 10, 2508)
(35, 11, 2502)
(35, 12, 2489)
(35, 13, 2453)
(35, 14, 2448)
(35, 15, 2436)
(35, 16, 2429)
(35, 17, 2407)
(35, 18, 2379)
(35, 19, 2337)
(35, 20, 2323)
(35, 21, 2296)
(35, 22, 2265)
(35, 23, 2210)
(35, 24, 2119)
(35, 25, 2101)
(35, 26, 2085)
(35, 27, 2068)
(35, 28, 2059)
(35, 29, 2028)
(35, 30, 2006)
(35, 31, 2001)
(35, 32, 1981)
(35, 33, 1957)
(35, 34, 1949)
(35, 35, 1943)
(35, 36, 1934)
(35, 37, 1915)
(35, 38, 1906)
(35, 39, 1894)

(36, 0, 2732)
(36, 1, 2730)
(36, 2, 2727)
(36, 3, 2690)
(36, 4, 2686)
(36, 5, 2673)
(36, 6, 2655)
(36, 7, 2642)
(36, 8, 2635)
(36, 9, 2586)
(36, 10, 2561)
(36, 11, 2555)
(36, 12, 2541)
(36, 13, 2505)
(36, 14, 2500)
(36, 15, 2488)
(36, 16, 2480)
(36, 17, 2458)
(36, 18, 2428)
(36, 19, 2386)
(36, 20, 2372)
(36, 21, 2345)
(36, 22, 2313)
(36, 23, 2257)
(36, 24, 2165)
(36, 25, 2147)
(36, 26, 2131)
(36, 27, 2114)
(36, 28, 2105)
(36, 29, 2072)
(36, 30, 2050)
(36, 31, 2045)
(36, 32, 2024)
(36, 33, 2000)
(36, 34, 1992)
(36, 35, 1986)
(36, 36, 1977)
(36, 37, 1957)
(36, 38, 1948)
(36, 39, 1935)

(37, 0, 2780)
(37, 1, 2778)
(37, 2, 2775)
(37, 3, 2737)
(37, 4, 2733)
(37, 5, 2720)
(37, 6, 2702)
(37, 7, 2689)
(37, 8, 2682)
(37, 9, 2633)
(37, 10, 2607)
(37, 11, 2601)
(37, 12, 2587)
(37, 13, 2551)
(37, 14, 2546)
(37, 15, 2534)
(37, 16, 2526)
(37, 17, 2503)
(37, 18, 2473)
(37, 19, 2430)
(37, 20, 2416)
(37, 21, 2388)
(37, 22, 2356)
(37, 23, 2300)
(37, 24, 2207)
(37, 25, 2186)
(37, 26, 2170)
(37, 27, 2153)
(37, 28, 2144)
(37, 29, 2110)
(37, 30, 2088)
(37, 31, 2083)
(37, 32, 2062)
(37, 33, 2038)
(37, 34, 2030)
(37, 35, 2024)
(37, 36, 2015)
(37, 37, 1995)
(37, 38, 1986)
(37, 39, 1973)

(38, 0, 2850)
(38, 1, 2848)
(38, 2, 2845)
(38, 3, 2807)
(38, 4, 2803)
(38, 5, 2790)
(38, 6, 2772)
(38, 7, 2759)
(38, 8, 2752)
(38, 9, 2702)
(38, 10, 2676)
(38, 11, 2670)
(38, 12, 2655)
(38, 13, 2618)
(38, 14, 2613)
(38, 15, 2601)
(38, 16, 2593)
(38, 17, 2570)
(38, 18, 2540)
(38, 19, 2497)
(38, 20, 2483)
(38, 21, 2454)
(38, 22, 2421)
(38, 23, 2364)
(38, 24, 2271)
(38, 25, 2249)
(38, 26, 2233)
(38, 27, 2216)
(38, 28, 2206)
(38, 29, 2172)
(38, 30, 2150)
(38, 31, 2145)
(38, 32, 2124)
(38, 33, 2098)
(38, 34, 2090)
(38, 35, 2084)
(38, 36, 2075)
(38, 37, 2054)
(38, 38, 2045)
(38, 39, 2032)

(39, 0, 2882)
(39, 1, 2880)
(39, 2, 2877)
(39, 3, 2838)
(39, 4, 2834)
(39, 5, 2821)
(39, 6, 2803)
(39, 7, 2790)
(39, 8, 2783)
(39, 9, 2732)
(39, 10, 2706)
(39, 11, 2700)
(39, 12, 2685)
(39, 13, 2648)
(39, 14, 2643)
(39, 15, 2631)
(39, 16, 2623)
(39, 17, 2600)
(39, 18, 2569)
(39, 19, 2526)
(39, 20, 2512)
(39, 21, 2483)
(39, 22, 2449)
(39, 23, 2392)
(39, 24, 2299)
(39, 25, 2277)
(39, 26, 2261)
(39, 27, 2244)
(39, 28, 2234)
(39, 29, 2200)
(39, 30, 2178)
(39, 31, 2173)
(39, 32, 2152)
(39, 33, 2126)
(39, 34, 2118)
(39, 35, 2112)
(39, 36, 2103)
(39, 37, 2082)
(39, 38, 2072)
(39, 39, 2059)


Betti numbers:
xi_0:
(0, 0, 21)
(1, 0, 53)
(2, 0, 42)
(3, 0, 36)
(4, 0, 40)
(5, 0, 75)
(6, 0, 136)
(7, 0, 133)
(8, 0, 168)
(9, 0, 102)
(10, 0, 101)
(11, 0, 65)
(12, 0, 53)
(13, 0, 36)
(14, 0, 30)
(15, 0, 33)
(16, 0, 44)
(17, 0, 34)
(18, 0, 36)
(19, 0, 70)
(20, 0, 95)
(21, 0, 72)
(22, 0, 48)
(23, 0, 45)
(24, 0, 57)
(25, 0, 36)
(26, 0, 44)
(27, 0, 77)
(28, 0, 106)
(29, 0, 165)
(30, 0, 148)
(31, 0, 139)
(32, 0, 89)
(33, 0, 97)
(34, 0, 83)
(35, 0, 69)
(36, 0, 54)
(37, 0, 48)
(38, 0, 70)
(39, 0, 32)
xi_1:
(0, 13, 1)
(0, 17, 2)
(0, 21, 1)
(0, 22, 1)
(0, 23, 1)
(0, 24, 1)
(0, 26, 1)
(1, 9, 1)
(1, 10, 1)
(1, 12, 1)
(1, 13, 2)
(1, 18, 2)
(1, 21, 2)
(1, 22, 1)
(1, 24, 3)
(1, 29, 3)
(1, 32, 2)
(1, 33, 3)
(1, 36, 1)
(1, 37, 3)
(1, 39, 3)
(2, 3, 1)
(2, 5, 1)
(2, 10, 1)
(2, 11, 1)
(2, 13, 2)
(2, 15, 1)
(2, 17, 1)
(2, 18, 1)
(2, 19, 2)
(2, 22, 3)
(2, 23, 3)
(2, 24, 3)
(2, 30, 3)
(2, 33, 1)
(2, 36, 1)
(2, 37, 1)
(3, 3, 1)
(3, 9, 3)
(3, 21, 1)
(3, 22, 1)
(3, 23, 2)
(3, 24, 2)
(3, 27, 1)
(3, 31, 1)
(3, 32, 1)
(3, 33, 2)
(3, 37, 1)
(3, 38, 1)
(3, 39, 1)
(4, 3, 1)
(4, 10, 3)
(4, 12, 1)
(4, 13, 1)
(4, 20, 1)
(4, 23, 3)
(4, 29, 1)
(4, 32, 1)
(4, 39, 1)
(5, 3, 2)
(5, 5, 1)
(5, 6, 1)
(5, 8, 1)
(5, 9, 4)
(5, 10, 1)
(5, 13, 3)
(5, 16, 1)
(5, 18, 1)
(5, 21, 1)
(5, 22, 2)
(5, 23, 1)
(5, 24, 3)
(5, 29, 1)
(5, 30, 1)
(5, 32, 1)
(5, 33, 3)
(6, 3, 2)
(6, 5, 2)
(6, 8, 1)
(6, 9, 2)
(6, 15, 1)
(6, 16, 1)
(6, 17, 1)
(6, 18, 2)
(6, 19, 5)
(6, 20, 3)
(6, 23, 5)
(6, 24, 5)
(6, 25, 2)
(6, 26, 3)
(6, 27, 1)
(6, 28, 1)
(6, 30, 1)
(6, 32, 2)
(6, 33, 2)
(6, 35, 1)
(7, 1, 1)
(7, 2, 1)
(7, 3, 3)
(7, 6, 1)
(7, 7, 2)
(7, 8, 1)
(7, 9, 3)
(7, 10, 2)
(7, 13, 3)
(7, 14, 1)
(7, 15, 1)
(7, 16, 1)
(7, 17, 3)
(7, 18, 2)
(7, 19, 2)
(7, 22, 4)
(7, 23, 2)
(7, 24, 3)
(7, 25, 2)
(7, 27, 1)
(7, 28, 1)
(7, 29, 2)
(7, 30, 1)
(7, 33, 2)
(7, 34, 2)
(7, 35, 1)
(7, 37, 1)
(8, 3, 2)
(8, 5, 1)
(8, 6, 1)
(8, 8, 1)
(8, 9, 2)
(8, 11, 1)
(8, 12, 1)
(8, 13, 5)
(8, 15, 1)
(8, 17, 1)
(8, 18, 3)
(8, 19, 3)
(8, 20, 1)
(8, 21, 1)
(8, 22, 5)
(8, 23, 6)
(8, 24, 10)
(8, 26, 1)
(8, 27, 1)
(8, 28, 1)
(8, 29, 1)
(8, 30, 2)
(8, 31, 2)
(8, 32, 2)
(8, 33, 1)
(8, 34, 3)
(8, 36, 2)
(8, 37, 1)
(8, 38, 1)
(9, 1, 1)
(9, 2, 1)
(9, 3, 1)
(9, 6, 2)
(9, 9, 1)
(9, 10, 3)
(9, 15, 1)
(9, 16, 1)
(9, 20, 1)
(9, 21, 1)
(9, 23, 2)
(9, 24, 1)
(9, 26, 1)
(9, 27, 2)
(9, 29, 1)
(9, 30, 1)
(9, 31, 1)
(9, 32, 1)
(9, 36, 1)
(9, 37, 1)
(10, 3, 2)
(10, 4, 1)
(10, 6, 2)
(10, 7, 1)
(10, 8, 1)
(10, 10, 2)
(10, 12, 1)
(10, 13, 1)
(10, 14, 2)
(10, 18, 2)
(10, 19, 1)
(10, 20, 2)
(10, 21, 1)
(10, 23, 2)
(10, 24, 1)
(10, 25, 3)
(10, 27, 1)
(10, 32, 1)
(10, 33, 1)
(10, 34, 1)
(11, 5, 2)
(11, 6, 2)
(11, 7, 1)
(11, 9, 3)
(11, 11, 1)
(11, 13, 1)
(11, 15, 1)
(11, 18, 1)
(11, 19, 1)
(11, 21, 3)
(11, 23, 2)
(11, 24, 4)
(11, 26, 1)
(11, 32, 1)
(11, 35, 1)
(11, 37, 1)
(11, 38, 1)
(12, 9, 2)
(12, 10, 2)
(12, 13, 1)
(12, 15, 1)
(12, 17, 1)
(12, 19, 1)
(12, 22, 1)
(12, 24, 1)
(12, 27, 1)
(12, 28, 1)
(12, 39, 1)
(13, 9, 1)
(13, 22, 2)
(13, 28, 1)
(13, 29, 2)
(14, 3, 1)
(14, 9, 1)
(14, 13, 1)
(14, 15, 1)
(14, 19, 1)
(14, 21, 1)
(14, 24, 1)
(14, 29, 2)
(14, 31, 1)
(14, 37, 1)
(15, 3, 1)
(15, 6, 1)
(15, 18, 1)
(15, 19, 1)
(15, 24, 3)
(15, 26, 1)
(15, 29, 1)
(15, 30, 1)
(16, 3, 1)
(16, 6, 1)
(16, 9, 1)
(16, 12, 1)
(16, 14, 1)
(16, 17, 3)
(16, 18, 2)
(16, 19, 2)
(16, 22, 1)
(16, 23, 1)
(16, 24, 3)
(16, 27, 1)
(16, 33, 1)
(17, 3, 1)
(17, 17, 1)
(17, 20, 1)
(17, 23, 1)
(17, 24, 1)
(17, 25, 1)
(17, 38, 1)
(18, 3, 1)
(18, 18, 1)
(18, 23, 1)
(18, 24, 2)
(18, 29, 2)
(18, 30, 2)
(19, 5, 1)
(19, 6, 1)
(19, 9, 2)
(19, 10, 1)
(19, 18, 1)
(19, 19, 2)
(19, 22, 1)
(19, 23, 1)
(19, 24, 4)
(19, 26, 1)
(19, 29, 2)
(19, 30, 2)
(19, 32, 1)
(19, 35, 1)
(19, 39, 1)
(20, 9, 2)
(20, 12, 1)
(20, 13, 1)
(20, 16, 1)
(20, 18, 1)
(20, 19, 1)
(20, 22, 1)
(20, 24, 6)
(20, 25, 1)
(20, 26, 1)
(20, 29, 1)
(20, 34, 1)
(20, 37, 2)
(21, 3, 1)
(21, 5, 1)
(21, 13, 2)
(21, 18, 1)
(21, 19, 1)
(21, 22, 1)
(21, 23, 5)
(21, 24, 4)
(21, 29, 1)
(21, 30, 1)
(21, 32, 1)
(21, 33, 1)
(22, 3, 2)
(22, 7, 1)
(22, 9, 2)
(22, 10, 1)
(22, 12, 1)
(22, 15, 1)
(22, 18, 1)
(22, 19, 3)
(22, 21, 1)
(22, 22, 1)
(22, 24, 1)
(22, 27, 1)
(22, 29, 1)
(23, 3, 1)
(23, 6, 1)
(23, 15, 1)
(23, 19, 3)
(23, 24, 1)
(23, 25, 1)
(23, 29, 2)
(23, 32, 1)
(23, 38, 1)
(24, 3, 1)
(24, 8, 1)
(24, 17, 1)
(24, 18, 1)
(24, 19, 1)
(24, 23, 1)
(24, 24, 5)
(24, 33, 1)
(24, 37, 1)
(25, 3, 1)
(25, 10, 1)
(25, 24, 1)
(25, 34, 1)
(25, 39, 1)
(26, 7, 1)
(26, 9, 1)
(26, 12, 1)
(26, 22, 1)
(26, 24, 1)
(26, 27, 1)
(26, 37, 1)
(27, 7, 1)
(27, 9, 3)
(27, 13, 1)
(27, 18, 1)
(27, 24, 2)
(27, 29, 1)
(27, 33, 1)
(27, 37, 1)
(28, 3, 1)
(28, 6, 1)
(28, 9, 3)
(28, 11, 1)
(28, 13, 2)
(28, 15, 1)
(28, 17, 1)
(28, 19, 2)
(28, 21, 1)
(28, 23, 3)
(28, 24, 4)
(28, 26, 1)
(28, 29, 2)
(28, 35, 1)
(28, 38, 2)
(29, 3, 2)
(29, 4, 1)
(29, 5, 2)
(29, 6, 1)
(29, 7, 3)
(29, 9, 2)
(29, 10, 2)
(29, 12, 2)
(29, 13, 1)
(29, 15, 1)
(29, 17, 1)
(29, 19, 1)
(29, 20, 1)
(29, 21, 2)
(29, 22, 1)
(29, 23, 3)
(29, 24, 2)
(29, 25, 2)
(29, 26, 2)
(29, 27, 3)
(29, 28, 3)
(29, 29, 1)
(29, 30, 1)
(29, 32, 1)
(29, 35, 1)
(29, 38, 1)
(29, 39, 3)
(30, 4, 1)
(30, 7, 1)
(30, 9, 3)
(30, 10, 1)
(30, 12, 1)
(30, 13, 1)
(30, 17, 2)
(30, 18, 1)
(30, 19, 4)
(30, 20, 1)
(30, 21, 5)
(30, 22, 3)
(30, 23, 4)
(30, 24, 5)
(30, 25, 1)
(30, 26, 2)
(30, 27, 1)
(30, 29, 1)
(30, 30, 2)
(30, 32, 1)
(30, 33, 1)
(30, 37, 2)
(31, 3, 1)
(31, 8, 1)
(31, 9, 1)
(31, 11, 1)
(31, 13, 1)
(31, 16, 1)
(31, 17, 1)
(31, 18, 1)
(31, 19, 2)
(31, 21, 2)
(31, 23, 2)
(31, 24, 2)
(31, 25, 3)
(31, 30, 3)
(31, 32, 1)
(31, 33, 2)
(31, 36, 1)
(31, 38, 1)
(32, 2, 1)
(32, 5, 2)
(32, 9, 1)
(32, 12, 1)
(32, 13, 2)
(32, 17, 1)
(32, 18, 1)
(32, 21, 1)
(32, 23, 1)
(32, 24, 1)
(32, 25, 1)
(32, 27, 1)
(32, 29, 1)
(32, 32, 1)
(32, 33, 2)
(33, 3, 1)
(33, 7, 1)
(33, 9, 2)
(33, 10, 2)
(33, 12, 1)
(33, 17, 1)
(33, 19, 1)
(33, 20, 2)
(33, 21, 2)
(33, 22, 1)
(33, 23, 1)
(33, 24, 2)
(33, 25, 1)
(33, 30, 1)
(33, 36, 1)
(34, 3, 2)
(34, 4, 1)
(34, 6, 2)
(34, 7, 1)
(34, 9, 2)
(34, 10, 2)
(34, 11, 1)
(34, 13, 1)
(34, 14, 1)
(34, 16, 1)
(34, 17, 1)
(34, 18, 1)
(34, 20, 1)
(34, 24, 2)
(34, 25, 1)
(34, 26, 1)
(34, 29, 1)
(34, 32, 1)
(34, 36, 1)
(34, 39, 1)
(35, 3, 3)
(35, 6, 1)
(35, 9, 1)
(35, 13, 3)
(35, 19, 2)
(35, 21, 1)
(35, 23, 2)
(35, 24, 1)
(35, 25, 1)
(35, 27, 1)
(35, 28, 1)
(35, 29, 1)
(35, 36, 1)
(35, 37, 2)
(36, 3, 1)
(36, 12, 1)
(36, 16, 1)
(36, 18, 2)
(36, 22, 1)
(36, 23, 1)
(36, 24, 1)
(36, 29, 2)
(36, 32, 1)
(36, 37, 1)
(36, 39, 1)
(37, 3, 1)
(37, 10, 1)
(37, 17, 1)
(37, 19, 1)
(37, 21, 1)
(37, 24, 1)
(37, 25, 3)
(37, 29, 1)
(38, 9, 1)
(38, 12, 1)
(38, 13, 1)
(38, 21, 1)
(38, 22, 1)
(38, 23, 1)
(38, 25, 1)
(38, 28, 1)
(38, 33, 2)
(38, 37, 1)
(39, 3, 1)
(39, 9, 1)
(39, 18, 1)
(39, 22, 1)
(39, 38, 1)
xi_2:
(11, 25, 2)
