x-grades
-229182729059738657/2000000000000000
-111881813015361337/1000000000000000
-218344523001706691/2000000000000000
-53231354993172677/500000000000000
-8300252677746989/80000000000000
-101043606957329371/1000000000000000
-196668110885642759/2000000000000000
-23906125982078347/250000000000000
-185829904827610793/2000000000000000
-18041080179859481/200000000000000
-174991698769578827/2000000000000000
-42393148935140711/500000000000000
-164153492711546861/2000000000000000
-79367194841265439/1000000000000000
-30663057330702979/400000000000000
-4621755738265591/62500000000000
-142477080595482929/2000000000000000
-68528988783233473/1000000000000000
-131638874537450963/2000000000000000
-6310988575421749/100000000000000
-120800668479418997/2000000000000000
-57690782725201507/1000000000000000
-109962462421387031/2000000000000000
-13067919924046381/250000000000000
-19824851272671013/400000000000000
-46852576667169541/1000000000000000
-88286050305323099/2000000000000000
-20716736819076779/500000000000000
-77447844247291133/2000000000000000
-1440574824365503/40000000000000
-66609638189259167/2000000000000000
-3824408447515199/125000000000000
-55771432131227201/2000000000000000
-25176164551105609/1000000000000000
-8986645214639047/400000000000000
-9878530761044813/500000000000000
-34095020015163269/2000000000000000
-14337958493073643/1000000000000000
-23256813957131303/2000000000000000
-445942773202883/50000000000000

y-grades
4931921/2000000
4931921/1000000
14795763/2000000
4931921/500000
4931921/400000
14795763/1000000
34523447/2000000
4931921/250000
44387289/2000000
4931921/200000
54251131/2000000
14795763/500000
64114973/2000000
34523447/1000000
14795763/400000
4931921/125000
83842657/2000000
44387289/1000000
93706499/2000000
4931921/100000
103570341/2000000
54251131/1000000
113434183/2000000
14795763/250000
4931921/80000
64114973/1000000
133161867/2000000
34523447/500000
143025709/2000000
14795763/200000
152889551/2000000
4931921/62500
162753393/2000000
83842657/1000000
34523447/400000
44387289/500000
182481077/2000000
93706499/1000000
192344919/2000000
4931921/50000

Dimensions > 0:
(0, 0, 13)
(0, 1, 13)
(0, 2, 13)
(0, 3, 13)
(0, 4, 11)
(0, 5, 4)
(0, 6, 4)
(0, 7, 4)
(0, 8, 4)
(0, 9, 4)
(0, 10, 4)
(0, 11, 4)
(0, 12, 4)
(0, 13, 4)
(0, 14, 4)
(0, 15, 4)
(0, 16, 4)
(0, 17, 4)
(0, 18, 4)
(0, 19, 4)
(0, 20, 4)
(0, 21, 4)
(0, 22, 4)
(0, 23, 4)
(0, 24, 4)
(0, 25, 4)
(0, 26, 4)
(0, 27, 4)
(0, 28, 4)
(0, 29, 4)
(0, 30, 4)
(0, 31, 4)
(0, 32, 4)
(0, 33, 4)
(0, 34, 4)
(0, 35, 4)
(0, 36, 4)
(0, 37, 4)
(0, 38, 4)
(0, 39, 4)

(1, 0, 40)
(1, 1, 40)
(1, 2, 40)
(1, 3, 40)
(1, 4, 26)
(1, 5, 6)
(1, 6, 6)
(1, 7, 6)
(1, 8, 5)
(1, 9, 5)
(1, 10, 5)
(1, 11, 5)
(1, 12, 5)
(1, 13, 5)
(1, 14, 5)
(1, 15, 5)
(1, 16, 5)
(1, 17, 5)
(1, 18, 5)
(1, 19, 5)
(1, 20, 5)
(1, 21, 5)
(1, 22, 5)
(1, 23, 5)
(1, 24, 5)
(1, 25, 5)
(1, 26, 5)
(1, 27, 5)
(1, 28, 5)
(1, 29, 5)
(1, 30, 4)
(1, 31, 4)
(1, 32, 4)
(1, 33, 4)
(1, 34, 4)
(1, 35, 4)
(1, 36, 4)
(1, 37, 4)
(1, 38, 4)
(1, 39, 4)

(2, 0, 42)
(2, 1, 42)
(2, 2, 41)
(2, 3, 41)
(2, 4, 26)
(2, 5, 6)
(2, 6, 6)
(2, 7, 6)
(2, 8, 5)
(2, 9, 5)
(2, 10, 5)
(2, 11, 5)
(2, 12, 5)
(2, 13, 5)
(2, 14, 5)
(2, 15, 5)
(2, 16, 5)
(2, 17, 5)
(2, 18, 5)
(2, 19, 5)
(2, 20, 5)
(2, 21, 5)
(2, 22, 5)
(2, 23, 5)
(2, 24, 5)
(2, 25, 5)
(2, 26, 5)
(2, 27, 5)
(2, 28, 5)
(2, 29, 5)
(2, 30, 4)
(2, 31, 4)
(2, 32, 4)
(2, 33, 4)
(2, 34, 4)
(2, 35, 4)
(2, 36, 4)
(2, 37, 4)
(2, 38, 4)
(2, 39, 4)

(3, 0, 42)
(3, 1, 42)
(3, 2, 41)
(3, 3, 41)
(3, 4, 26)
(3, 5, 6)
(3, 6, 6)
(3, 7, 6)
(3, 8, 5)
(3, 9, 5)
(3, 10, 5)
(3, 11, 5)
(3, 12, 5)
(3, 13, 5)
(3, 14, 5)
(3, 15, 5)
(3, 16, 5)
(3, 17, 5)
(3, 18, 5)
(3, 19, 5)
(3, 20, 5)
(3, 21, 5)
(3, 22, 5)
(3, 23, 5)
(3, 24, 5)
(3, 25, 5)
(3, 26, 5)
(3, 27, 5)
(3, 28, 5)
(3, 29, 5)
(3, 30, 4)
(3, 31, 4)
(3, 32, 4)
(3, 33, 4)
(3, 34, 4)
(3, 35, 4)
(3, 36, 4)
(3, 37, 4)
(3, 38, 4)
(3, 39, 4)

(4, 0, 42)
(4, 1, 42)
(4, 2, 41)
(4, 3, 41)
(4, 4, 26)
(4, 5, 6)
(4, 6, 6)
(4, 7, 6)
(4, 8, 5)
(4, 9, 5)
(4, 10, 5)
(4, 11, 5)
(4, 12, 5)
(4, 13, 5)
(4, 14, 5)
(4, 15, 5)
(4, 16, 5)
(4, 17, 5)
(4, 18, 5)
(4, 19, 5)
(4, 20, 5)
(4, 21, 5)
(4, 22, 5)
(4, 23, 5)
(4, 24, 5)
(4, 25, 5)
(4, 26, 5)
(4, 27, 5)
(4, 28, 5)
(4, 29, 5)
(4, 30, 4)
(4, 31, 4)
(4, 32, 4)
(4, 33, 4)
(4, 34, 4)
(4, 35, 4)
(4, 36, 4)
(4, 37, 4)
(4, 38, 4)
(4, 39, 4)

(5, 0, 42)
(5, 1, 42)
(5, 2, 41)
(5, 3, 41)
(5, 4, 26)
(5, 5, 6)
(5, 6, 6)
(5, 7, 6)
(5, 8, 5)
(5, 9, 5)
(5, 10, 5)
(5, 11, 5)
(5, 12, 5)
(5, 13, 5)
(5, 14, 5)
(5, 15, 5)
(5, 16, 5)
(5, 17, 5)
(5, 18, 5)
(5, 19, 5)
(5, 20, 5)
(5, 21, 5)
(5, 22, 5)
(5, 23, 5)
(5, 24, 5)
(5, 25, 5)
(5, 26, 5)
(5, 27, 5)
(5, 28, 5)
(5, 29, 5)
(5, 30, 4)
(5, 31, 4)
(5, 32, 4)
(5, 33, 4)
(5, 34, 4)
(5, 35, 4)
(5, 36, 4)
(5, 37, 4)
(5, 38, 4)
(5, 39, 4)

(6, 0, 42)
(6, 1, 42)
(6, 2, 41)
(6, 3, 41)
(6, 4, 26)
(6, 5, 6)
(6, 6, 6)
(6, 7, 6)
(6, 8, 5)
(6, 9, 5)
(6, 10, 5)
(6, 11, 5)
(6, 12, 5)
(6, 13, 5)
(6, 14, 5)
(6, 15, 5)
(6, 16, 5)
(6, 17, 5)
(6, 18, 5)
(6, 19, 5)
(6, 20, 5)
(6, 21, 5)
(6, 22, 5)
(6, 23, 5)
(6, 24, 5)
(6, 25, 5)
(6, 26, 5)
(6, 27, 5)
(6, 28, 5)
(6, 29, 5)
(6, 30, 4)
(6, 31, 4)
(6, 32, 4)
(6, 33, 4)
(6, 34, 4)
(6, 35, 4)
(6, 36, 4)
(6, 37, 4)
(6, 38, 4)
(6, 39, 4)

(7, 0, 42)
(7, 1, 42)
(7, 2, 41)
(7, 3, 41)
(7, 4, 26)
(7, 5, 6)
(7, 6, 6)
(7, 7, 6)
(7, 8, 5)
(7, 9, 5)
(7, 10, 5)
(7, 11, 5)
(7, 12, 5)
(7, 13, 5)
(7, 14, 5)
(7, 15, 5)
(7, 16, 5)
(7, 17, 5)
(7, 18, 5)
(7, 19, 5)
(7, 20, 5)
(7, 21, 5)
(7, 22, 5)
(7, 23, 5)
(7, 24, 5)
(7, 25, 5)
(7, 26, 5)
(7, 27, 5)
(7, 28, 5)
(7, 29, 5)
(7, 30, 4)
(7, 31, 4)
(7, 32, 4)
(7, 33, 4)
(7, 34, 4)
(7, 35, 4)
(7, 36, 4)
(7, 37, 4)
(7, 38, 4)
(7, 39, 4)

(8, 0, 42)
(8, 1, 42)
(8, 2, 41)
(8, 3, 41)
(8, 4, 26)
(8, 5, 6)
(8, 6, 6)
(8, 7, 6)
(8, 8, 5)
(8, 9, 5)
(8, 10, 5)
(8, 11, 5)
(8, 12, 5)
(8, 13, 5)
(8, 14, 5)
(8, 15, 5)
(8, 16, 5)
(8, 17, 5)
(8, 18, 5)
(8, 19, 5)
(8, 20, 5)
(8, 21, 5)
(8, 22, 5)
(8, 23, 5)
(8, 24, 5)
(8, 25, 5)
(8, 26, 5)
(8, 27, 5)
(8, 28, 5)
(8, 29, 5)
(8, 30, 4)
(8, 31, 4)
(8, 32, 4)
(8, 33, 4)
(8, 34, 4)
(8, 35, 4)
(8, 36, 4)
(8, 37, 4)
(8, 38, 4)
(8, 39, 4)

(9, 0, 42)
(9, 1, 42)
(9, 2, 41)
(9, 3, 41)
(9, 4, 26)
(9, 5, 6)
(9, 6, 6)
(9, 7, 6)
(9, 8, 5)
(9, 9, 5)
(9, 10, 5)
(9, 11, 5)
(9, 12, 5)
(9, 13, 5)
(9, 14, 5)
(9, 15, 5)
(9, 16, 5)
(9, 17, 5)
(9, 18, 5)
(9, 19, 5)
(9, 20, 5)
(9, 21, 5)
(9, 22, 5)
(9, 23, 5)
(9, 24, 5)
(9, 25, 5)
(9, 26, 5)
(9, 27, 5)
(9, 28, 5)
(9, 29, 5)
(9, 30, 4)
(9, 31, 4)
(9, 32, 4)
(9, 33, 4)
(9, 34, 4)
(9, 35, 4)
(9, 36, 4)
(9, 37, 4)
(9, 38, 4)
(9, 39, 4)

(10, 0, 42)
(10, 1, 42)
(10, 2, 41)
(10, 3, 41)
(10, 4, 26)
(10, 5, 6)
(10, 6, 6)
(10, 7, 6)
(10, 8, 5)
(10, 9, 5)
(10, 10, 5)
(10, 11, 5)
(10, 12, 5)
(10, 13, 5)
(10, 14, 5)
(10, 15, 5)
(10, 16, 5)
(10, 17, 5)
(10, 18, 5)
(10, 19, 5)
(10, 20, 5)
(10, 21, 5)
(10, 22, 5)
(10, 23, 5)
(10, 24, 5)
(10, 25, 5)
(10, 26, 5)
(10, 27, 5)
(10, 28, 5)
(10, 29, 5)
(10, 30, 4)
(10, 31, 4)
(10, 32, 4)
(10, 33, 4)
(10, 34, 4)
(10, 35, 4)
(10, 36, 4)
(10, 37, 4)
(10, 38, 4)
(10, 39, 4)

(11, 0, 42)
(11, 1, 42)
(11, 2, 41)
(11, 3, 41)
(11, 4, 26)
(11, 5, 6)
(11, 6, 6)
(11, 7, 6)
(11, 8, 5)
(11, 9, 5)
(11, 10, 5)
(11, 11, 5)
(11, 12, 5)
(11, 13, 5)
(11, 14, 5)
(11, 15, 5)
(11, 16, 5)
(11, 17, 5)
(11, 18, 5)
(11, 19, 5)
(11, 20, 5)
(11, 21, 5)
(11, 22, 5)
(11, 23, 5)
(11, 24, 5)
(11, 25, 5)
(11, 26, 5)
(11, 27, 5)
(11, 28, 5)
(11, 29, 5)
(11, 30, 4)
(11, 31, 4)
(11, 32, 4)
(11, 33, 4)
(11, 34, 4)
(11, 35, 4)
(11, 36, 4)
(11, 37, 4)
(11, 38, 4)
(11, 39, 4)

(12, 0, 42)
(12, 1, 42)
(12, 2, 41)
(12, 3, 41)
(12, 4, 26)
(12, 5, 6)
(12, 6, 6)
(12, 7, 6)
(12, 8, 5)
(12, 9, 5)
(12, 10, 5)
(12, 11, 5)
(12, 12, 5)
(12, 13, 5)
(12, 14, 5)
(12, 15, 5)
(12, 16, 5)
(12, 17, 5)
(12, 18, 5)
(12, 19, 5)
(12, 20, 5)
(12, 21, 5)
(12, 22, 5)
(12, 23, 5)
(12, 24, 5)
(12, 25, 5)
(12, 26, 5)
(12, 27, 5)
(12, 28, 5)
(12, 29, 5)
(12, 30, 4)
(12, 31, 4)
(12, 32, 4)
(12, 33, 4)
(12, 34, 4)
(12, 35, 4)
(12, 36, 4)
(12, 37, 4)
(12, 38, 4)
(12, 39, 4)

(13, 0, 46)
(13, 1, 46)
(13, 2, 45)
(13, 3, 45)
(13, 4, 29)
(13, 5, 8)
(13, 6, 8)
(13, 7, 8)
(13, 8, 7)
(13, 9, 7)
(13, 10, 7)
(13, 11, 7)
(13, 12, 7)
(13, 13, 7)
(13, 14, 7)
(13, 15, 7)
(13, 16, 7)
(13, 17, 7)
(13, 18, 7)
(13, 19, 7)
(13, 20, 7)
(13, 21, 7)
(13, 22, 7)
(13, 23, 7)
(13, 24, 7)
(13, 25, 7)
(13, 26, 7)
(13, 27, 7)
(13, 28, 7)
(13, 29, 7)
(13, 30, 6)
(13, 31, 6)
(13, 32, 6)
(13, 33, 6)
(13, 34, 6)
(13, 35, 6)
(13, 36, 6)
(13, 37, 6)
(13, 38, 6)
(13, 39, 6)

(14, 0, 68)
(14, 1, 68)
(14, 2, 67)
(14, 3, 67)
(14, 4, 50)
(14, 5, 12)
(14, 6, 12)
(14, 7, 12)
(14, 8, 11)
(14, 9, 11)
(14, 10, 11)
(14, 11, 11)
(14, 12, 11)
(14, 13, 11)
(14, 14, 11)
(14, 15, 11)
(14, 16, 11)
(14, 17, 11)
(14, 18, 11)
(14, 19, 11)
(14, 20, 11)
(14, 21, 10)
(14, 22, 10)
(14, 23, 10)
(14, 24, 10)
(14, 25, 10)
(14, 26, 10)
(14, 27, 10)
(14, 28, 10)
(14, 29, 9)
(14, 30, 8)
(14, 31, 8)
(14, 32, 8)
(14, 33, 8)
(14, 34, 8)
(14, 35, 8)
(14, 36, 8)
(14, 37, 8)
(14, 38, 8)
(14, 39, 8)

(15, 0, 86)
(15, 1, 86)
(15, 2, 85)
(15, 3, 85)
(15, 4, 66)
(15, 5, 26)
(15, 6, 26)
(15, 7, 26)
(15, 8, 25)
(15, 9, 25)
(15, 10, 25)
(15, 11, 25)
(15, 12, 25)
(15, 13, 25)
(15, 14, 25)
(15, 15, 25)
(15, 16, 25)
(15, 17, 25)
(15, 18, 25)
(15, 19, 25)
(15, 20, 25)
(15, 21, 24)
(15, 22, 24)
(15, 23, 24)
(15, 24, 24)
(15, 25, 24)
(15, 26, 24)
(15, 27, 24)
(15, 28, 24)
(15, 29, 23)
(15, 30, 22)
(15, 31, 22)
(15, 32, 22)
(15, 33, 22)
(15, 34, 22)
(15, 35, 22)
(15, 36, 22)
(15, 37, 22)
(15, 38, 22)
(15, 39, 22)

(16, 0, 96)
(16, 1, 96)
(16, 2, 95)
(16, 3, 95)
(16, 4, 76)
(16, 5, 36)
(16, 6, 36)
(16, 7, 36)
(16, 8, 35)
(16, 9, 35)
(16, 10, 35)
(16, 11, 35)
(16, 12, 35)
(16, 13, 35)
(16, 14, 35)
(16, 15, 35)
(16, 16, 35)
(16, 17, 35)
(16, 18, 35)
(16, 19, 35)
(16, 20, 35)
(16, 21, 34)
(16, 22, 34)
(16, 23, 34)
(16, 24, 34)
(16, 25, 34)
(16, 26, 34)
(16, 27, 34)
(16, 28, 34)
(16, 29, 33)
(16, 30, 32)
(16, 31, 32)
(16, 32, 32)
(16, 33, 32)
(16, 34, 32)
(16, 35, 32)
(16, 36, 32)
(16, 37, 32)
(16, 38, 32)
(16, 39, 32)

(17, 0, 96)
(17, 1, 96)
(17, 2, 95)
(17, 3, 95)
(17, 4, 76)
(17, 5, 36)
(17, 6, 36)
(17, 7, 36)
(17, 8, 35)
(17, 9, 35)
(17, 10, 35)
(17, 11, 35)
(17, 12, 35)
(17, 13, 35)
(17, 14, 35)
(17, 15, 35)
(17, 16, 35)
(17, 17, 35)
(17, 18, 35)
(17, 19, 35)
(17, 20, 35)
(17, 21, 34)
(17, 22, 34)
(17, 23, 34)
(17, 24, 34)
(17, 25, 34)
(17, 26, 34)
(17, 27, 34)
(17, 28, 34)
(17, 29, 33)
(17, 30, 32)
(17, 31, 32)
(17, 32, 32)
(17, 33, 32)
(17, 34, 32)
(17, 35, 32)
(17, 36, 32)
(17, 37, 32)
(17, 38, 32)
(17, 39, 32)

(18, 0, 120)
(18, 1, 120)
(18, 2, 119)
(18, 3, 119)
(18, 4, 100)
(18, 5, 60)
(18, 6, 60)
(18, 7, 60)
(18, 8, 59)
(18, 9, 59)
(18, 10, 59)
(18, 11, 59)
(18, 12, 59)
(18, 13, 59)
(18, 14, 59)
(18, 15, 59)
(18, 16, 59)
(18, 17, 59)
(18, 18, 59)
(18, 19, 59)
(18, 20, 59)
(18, 21, 58)
(18, 22, 58)
(18, 23, 58)
(18, 24, 58)
(18, 25, 58)
(18, 26, 58)
(18, 27, 58)
(18, 28, 58)
(18, 29, 57)
(18, 30, 56)
(18, 31, 56)
(18, 32, 56)
(18, 33, 56)
(18, 34, 56)
(18, 35, 56)
(18, 36, 56)
(18, 37, 56)
(18, 38, 56)
(18, 39, 56)

(19, 0, 120)
(19, 1, 120)
(19, 2, 119)
(19, 3, 119)
(19, 4, 100)
(19, 5, 60)
(19, 6, 60)
(19, 7, 60)
(19, 8, 59)
(19, 9, 59)
(19, 10, 59)
(19, 11, 59)
(19, 12, 59)
(19, 13, 59)
(19, 14, 59)
(19, 15, 59)
(19, 16, 59)
(19, 17, 59)
(19, 18, 59)
(19, 19, 59)
(19, 20, 59)
(19, 21, 58)
(19, 22, 58)
(19, 23, 58)
(19, 24, 58)
(19, 25, 58)
(19, 26, 58)
(19, 27, 58)
(19, 28, 58)
(19, 29, 57)
(19, 30, 56)
(19, 31, 56)
(19, 32, 56)
(19, 33, 56)
(19, 34, 56)
(19, 35, 56)
(19, 36, 56)
(19, 37, 56)
(19, 38, 56)
(19, 39, 56)

(20, 0, 138)
(20, 1, 138)
(20, 2, 137)
(20, 3, 137)
(20, 4, 118)
(20, 5, 78)
(20, 6, 78)
(20, 7, 78)
(20, 8, 77)
(20, 9, 77)
(20, 10, 77)
(20, 11, 77)
(20, 12, 77)
(20, 13, 77)
(20, 14, 77)
(20, 15, 77)
(20, 16, 77)
(20, 17, 77)
(20, 18, 77)
(20, 19, 77)
(20, 20, 77)
(20, 21, 76)
(20, 22, 76)
(20, 23, 76)
(20, 24, 76)
(20, 25, 76)
(20, 26, 76)
(20, 27, 76)
(20, 28, 76)
(20, 29, 75)
(20, 30, 74)
(20, 31, 74)
(20, 32, 74)
(20, 33, 74)
(20, 34, 74)
(20, 35, 74)
(20, 36, 74)
(20, 37, 74)
(20, 38, 74)
(20, 39, 74)

(21, 0, 144)
(21, 1, 144)
(21, 2, 143)
(21, 3, 143)
(21, 4, 124)
(21, 5, 84)
(21, 6, 84)
(21, 7, 84)
(21, 8, 83)
(21, 9, 83)
(21, 10, 83)
(21, 11, 83)
(21, 12, 83)
(21, 13, 83)
(21, 14, 83)
(21, 15, 83)
(21, 16, 83)
(21, 17, 83)
(21, 18, 83)
(21, 19, 83)
(21, 20, 83)
(21, 21, 82)
(21, 22, 82)
(21, 23, 82)
(21, 24, 82)
(21, 25, 82)
(21, 26, 82)
(21, 27, 82)
(21, 28, 82)
(21, 29, 81)
(21, 30, 80)
(21, 31, 80)
(21, 32, 80)
(21, 33, 80)
(21, 34, 80)
(21, 35, 80)
(21, 36, 80)
(21, 37, 80)
(21, 38, 80)
(21, 39, 80)

(22, 0, 144)
(22, 1, 144)
(22, 2, 143)
(22, 3, 143)
(22, 4, 124)
(22, 5, 84)
(22, 6, 84)
(22, 7, 84)
(22, 8, 83)
(22, 9, 83)
(22, 10, 83)
(22, 11, 83)
(22, 12, 83)
(22, 13, 83)
(22, 14, 83)
(22, 15, 83)
(22, 16, 83)
(22, 17, 83)
(22, 18, 83)
(22, 19, 83)
(22, 20, 83)
(22, 21, 82)
(22, 22, 82)
(22, 23, 82)
(22, 24, 82)
(22, 25, 82)
(22, 26, 82)
(22, 27, 82)
(22, 28, 82)
(22, 29, 81)
(22, 30, 80)
(22, 31, 80)
(22, 32, 80)
(22, 33, 80)
(22, 34, 80)
(22, 35, 80)
(22, 36, 80)
(22, 37, 80)
(22, 38, 80)
(22, 39, 80)

(23, 0, 168)
(23, 1, 168)
(23, 2, 167)
(23, 3, 167)
(23, 4, 148)
(23, 5, 108)
(23, 6, 108)
(23, 7, 108)
(23, 8, 107)
(23, 9, 107)
(23, 10, 107)
(23, 11, 107)
(23, 12, 107)
(23, 13, 107)
(23, 14, 107)
(23, 15, 107)
(23, 16, 107)
(23, 17, 107)
(23, 18, 107)
(23, 19, 107)
(23, 20, 107)
(23, 21, 106)
(23, 22, 106)
(23, 23, 106)
(23, 24, 106)
(23, 25, 106)
(23, 26, 106)
(23, 27, 106)
(23, 28, 106)
(23, 29, 105)
(23, 30, 104)
(23, 31, 104)
(23, 32, 104)
(23, 33, 104)
(23, 34, 104)
(23, 35, 104)
(23, 36, 104)
(23, 37, 104)
(23, 38, 104)
(23, 39, 104)

(24, 0, 168)
(24, 1, 168)
(24, 2, 167)
(24, 3, 167)
(24, 4, 148)
(24, 5, 108)
(24, 6, 108)
(24, 7, 108)
(24, 8, 107)
(24, 9, 107)
(24, 10, 107)
(24, 11, 107)
(24, 12, 107)
(24, 13, 107)
(24, 14, 107)
(24, 15, 107)
(24, 16, 107)
(24, 17, 107)
(24, 18, 107)
(24, 19, 107)
(24, 20, 107)
(24, 21, 106)
(24, 22, 106)
(24, 23, 106)
(24, 24, 106)
(24, 25, 106)
(24, 26, 106)
(24, 27, 106)
(24, 28, 106)
(24, 29, 105)
(24, 30, 104)
(24, 31, 104)
(24, 32, 104)
(24, 33, 104)
(24, 34, 104)
(24, 35, 104)
(24, 36, 104)
(24, 37, 104)
(24, 38, 104)
(24, 39, 104)

(25, 0, 168)
(25, 1, 168)
(25, 2, 167)
(25, 3, 167)
(25, 4, 148)
(25, 5, 108)
(25, 6, 108)
(25, 7, 108)
(25, 8, 107)
(25, 9, 107)
(25, 10, 107)
(25, 11, 107)
(25, 12, 107)
(25, 13, 107)
(25, 14, 107)
(25, 15, 107)
(25, 16, 107)
(25, 17, 107)
(25, 18, 107)
(25, 19, 107)
(25, 20, 107)
(25, 21, 106)
(25, 22, 106)
(25, 23, 106)
(25, 24, 106)
(25, 25, 106)
(25, 26, 106)
(25, 27, 106)
(25, 28, 106)
(25, 29, 105)
(25, 30, 104)
(25, 31, 104)
(25, 32, 104)
(25, 33, 104)
(25, 34, 104)
(25, 35, 104)
(25, 36, 104)
(25, 37, 104)
(25, 38, 104)
(25, 39, 104)

(26, 0, 192)
(26, 1, 192)
(26, 2, 191)
(26, 3, 191)
(26, 4, 172)
(26, 5, 132)
(26, 6, 132)
(26, 7, 132)
(26, 8, 131)
(26, 9, 131)
(26, 10, 131)
(26, 11, 131)
(26, 12, 131)
(26, 13, 131)
(26, 14, 131)
(26, 15, 131)
(26, 16, 131)
(26, 17, 131)
(26, 18, 131)
(26, 19, 131)
(26, 20, 131)
(26, 21, 130)
(26, 22, 130)
(26, 23, 130)
(26, 24, 130)
(26, 25, 130)
(26, 26, 130)
(26, 27, 130)
(26, 28, 130)
(26, 29, 129)
(26, 30, 128)
(26, 31, 128)
(26, 32, 128)
(26, 33, 128)
(26, 34, 128)
(26, 35, 128)
(26, 36, 128)
(26, 37, 128)
(26, 38, 128)
(26, 39, 128)

(27, 0, 192)
(27, 1, 192)
(27, 2, 191)
(27, 3, 191)
(27, 4, 172)
(27, 5, 132)
(27, 6, 132)
(27, 7, 132)
(27, 8, 131)
(27, 9, 131)
(27, 10, 131)
(27, 11, 131)
(27, 12, 131)
(27, 13, 131)
(27, 14, 131)
(27, 15, 131)
(27, 16, 131)
(27, 17, 131)
(27, 18, 131)
(27, 19, 131)
(27, 20, 131)
(27, 21, 130)
(27, 22, 130)
(27, 23, 130)
(27, 24, 130)
(27, 25, 130)
(27, 26, 130)
(27, 27, 130)
(27, 28, 130)
(27, 29, 129)
(27, 30, 128)
(27, 31, 128)
(27, 32, 128)
(27, 33, 128)
(27, 34, 128)
(27, 35, 128)
(27, 36, 128)
(27, 37, 128)
(27, 38, 128)
(27, 39, 128)

(28, 0, 216)
(28, 1, 216)
(28, 2, 215)
(28, 3, 215)
(28, 4, 196)
(28, 5, 156)
(28, 6, 156)
(28, 7, 156)
(28, 8, 155)
(28, 9, 155)
(28, 10, 155)
(28, 11, 155)
(28, 12, 155)
(28, 13, 155)
(28, 14, 155)
(28, 15, 155)
(28, 16, 155)
(28, 17, 155)
(28, 18, 155)
(28, 19, 155)
(28, 20, 155)
(28, 21, 154)
(28, 22, 154)
(28, 23, 154)
(28, 24, 154)
(28, 25, 154)
(28, 26, 154)
(28, 27, 154)
(28, 28, 154)
(28, 29, 153)
(28, 30, 152)
(28, 31, 152)
(28, 32, 152)
(28, 33, 152)
(28, 34, 152)
(28, 35, 152)
(28, 36, 152)
(28, 37, 152)
(28, 38, 152)
(28, 39, 152)

(29, 0, 216)
(29, 1, 216)
(29, 2, 215)
(29, 3, 215)
(29, 4, 196)
(29, 5, 156)
(29, 6, 156)
(29, 7, 156)
(29, 8, 155)
(29, 9, 155)
(29, 10, 155)
(29, 11, 155)
(29, 12, 155)
(29, 13, 155)
(29, 14, 155)
(29, 15, 155)
(29, 16, 155)
(29, 17, 155)
(29, 18, 155)
(29, 19, 155)
(29, 20, 155)
(29, 21, 154)
(29, 22, 154)
(29, 23, 154)
(29, 24, 154)
(29, 25, 154)
(29, 26, 154)
(29, 27, 154)
(29, 28, 154)
(29, 29, 153)
(29, 30, 152)
(29, 31, 152)
(29, 32, 152)
(29, 33, 152)
(29, 34, 152)
(29, 35, 152)
(29, 36, 152)
(29, 37, 152)
(29, 38, 152)
(29, 39, 152)

(30, 0, 216)
(30, 1, 216)
(30, 2, 215)
(30, 3, 215)
(30, 4, 196)
(30, 5, 156)
(30, 6, 156)
(30, 7, 156)
(30, 8, 155)
(30, 9, 155)
(30, 10, 155)
(30, 11, 155)
(30, 12, 155)
(30, 13, 155)
(30, 14, 155)
(30, 15, 155)
(30, 16, 155)
(30, 17, 155)
(30, 18, 155)
(30, 19, 155)
(30, 20, 155)
(30, 21, 154)
(30, 22, 154)
(30, 23, 154)
(30, 24, 154)
(30, 25, 154)
(30, 26, 154)
(30, 27, 154)
(30, 28, 154)
(30, 29, 153)
(30, 30, 152)
(30, 31, 152)
(30, 32, 152)
(30, 33, 152)
(30, 34, 152)
(30, 35, 152)
(30, 36, 152)
(30, 37, 152)
(30, 38, 152)
(30, 39, 152)

(31, 0, 240)
(31, 1, 240)
(31, 2, 239)
(31, 3, 239)
(31, 4, 220)
(31, 5, 180)
(31, 6, 180)
(31, 7, 180)
(31, 8, 179)
(31, 9, 179)
(31, 10, 179)
(31, 11, 179)
(31, 12, 179)
(31, 13, 179)
(31, 14, 179)
(31, 15, 179)
(31, 16, 179)
(31, 17, 179)
(31, 18, 179)
(31, 19, 179)
(31, 20, 179)
(31, 21, 178)
(31, 22, 178)
(31, 23, 178)
(31, 24, 178)
(31, 25, 178)
(31, 26, 178)
(31, 27, 178)
(31, 28, 178)
(31, 29, 177)
(31, 30, 176)
(31, 31, 176)
(31, 32, 153)
(31, 33, 153)
(31, 34, 153)
(31, 35, 153)
(31, 36, 153)
(31, 37, 153)
(31, 38, 153)
(31, 39, 153)

(32, 0, 240)
(32, 1, 240)
(32, 2, 239)
(32, 3, 239)
(32, 4, 220)
(32, 5, 180)
(32, 6, 180)
(32, 7, 180)
(32, 8, 179)
(32, 9, 179)
(32, 10, 179)
(32, 11, 179)
(32, 12, 179)
(32, 13, 179)
(32, 14, 179)
(32, 15, 179)
(32, 16, 179)
(32, 17, 179)
(32, 18, 179)
(32, 19, 179)
(32, 20, 179)
(32, 21, 178)
(32, 22, 178)
(32, 23, 178)
(32, 24, 178)
(32, 25, 178)
(32, 26, 178)
(32, 27, 178)
(32, 28, 178)
(32, 29, 177)
(32, 30, 176)
(32, 31, 176)
(32, 32, 153)
(32, 33, 153)
(32, 34, 153)
(32, 35, 153)
(32, 36, 153)
(32, 37, 153)
(32, 38, 153)
(32, 39, 153)

(33, 0, 240)
(33, 1, 240)
(33, 2, 239)
(33, 3, 239)
(33, 4, 220)
(33, 5, 180)
(33, 6, 180)
(33, 7, 180)
(33, 8, 179)
(33, 9, 179)
(33, 10, 179)
(33, 11, 179)
(33, 12, 179)
(33, 13, 179)
(33, 14, 179)
(33, 15, 179)
(33, 16, 179)
(33, 17, 179)
(33, 18, 179)
(33, 19, 179)
(33, 20, 179)
(33, 21, 178)
(33, 22, 178)
(33, 23, 178)
(33, 24, 178)
(33, 25, 178)
(33, 26, 178)
(33, 27, 178)
(33, 28, 178)
(33, 29, 177)
(33, 30, 176)
(33, 31, 176)
(33, 32, 153)
(33, 33, 153)
(33, 34, 153)
(33, 35, 153)
(33, 36, 153)
(33, 37, 153)
(33, 38, 153)
(33, 39, 153)

(34, 0, 264)
(34, 1, 264)
(34, 2, 263)
(34, 3, 263)
(34, 4, 244)
(34, 5, 204)
(34, 6, 204)
(34, 7, 204)
(34, 8, 203)
(34, 9, 203)
(34, 10, 203)
(34, 11, 203)
(34, 12, 203)
(34, 13, 203)
(34, 14, 203)
(34, 15, 203)
(34, 16, 203)
(34, 17, 203)
(34, 18, 203)
(34, 19, 180)
(34, 20, 180)
(34, 21, 179)
(34, 22, 179)
(34, 23, 179)
(34, 24, 179)
(34, 25, 179)
(34, 26, 179)
(34, 27, 179)
(34, 28, 179)
(34, 29, 178)
(34, 30, 177)
(34, 31, 177)
(34, 32, 154)
(34, 33, 154)
(34, 34, 154)
(34, 35, 154)
(34, 36, 154)
(34, 37, 154)
(34, 38, 154)
(34, 39, 154)

(35, 0, 264)
(35, 1, 264)
(35, 2, 263)
(35, 3, 263)
(35, 4, 244)
(35, 5, 204)
(35, 6, 204)
(35, 7, 204)
(35, 8, 203)
(35, 9, 203)
(35, 10, 203)
(35, 11, 203)
(35, 12, 203)
(35, 13, 203)
(35, 14, 203)
(35, 15, 203)
(35, 16, 203)
(35, 17, 203)
(35, 18, 203)
(35, 19, 180)
(35, 20, 180)
(35, 21, 179)
(35, 22, 179)
(35, 23, 179)
(35, 24, 179)
(35, 25, 179)
(35, 26, 179)
(35, 27, 179)
(35, 28, 179)
(35, 29, 178)
(35, 30, 177)
(35, 31, 177)
(35, 32, 154)
(35, 33, 154)
(35, 34, 154)
(35, 35, 154)
(35, 36, 154)
(35, 37, 154)
(35, 38, 154)
(35, 39, 154)

(36, 0, 265)
(36, 1, 265)
(36, 2, 264)
(36, 3, 264)
(36, 4, 245)
(36, 5, 205)
(36, 6, 205)
(36, 7, 205)
(36, 8, 204)
(36, 9, 204)
(36, 10, 204)
(36, 11, 204)
(36, 12, 204)
(36, 13, 204)
(36, 14, 204)
(36, 15, 204)
(36, 16, 204)
(36, 17, 204)
(36, 18, 204)
(36, 19, 181)
(36, 20, 181)
(36, 21, 180)
(36, 22, 180)
(36, 23, 180)
(36, 24, 180)
(36, 25, 180)
(36, 26, 180)
(36, 27, 180)
(36, 28, 180)
(36, 29, 179)
(36, 30, 178)
(36, 31, 178)
(36, 32, 155)
(36, 33, 155)
(36, 34, 155)
(36, 35, 155)
(36, 36, 155)
(36, 37, 155)
(36, 38, 155)
(36, 39, 155)

(37, 0, 289)
(37, 1, 289)
(37, 2, 288)
(37, 3, 288)
(37, 4, 269)
(37, 5, 229)
(37, 6, 229)
(37, 7, 229)
(37, 8, 228)
(37, 9, 205)
(37, 10, 205)
(37, 11, 205)
(37, 12, 205)
(37, 13, 205)
(37, 14, 205)
(37, 15, 205)
(37, 16, 205)
(37, 17, 205)
(37, 18, 205)
(37, 19, 182)
(37, 20, 182)
(37, 21, 181)
(37, 22, 181)
(37, 23, 181)
(37, 24, 181)
(37, 25, 181)
(37, 26, 181)
(37, 27, 181)
(37, 28, 181)
(37, 29, 180)
(37, 30, 179)
(37, 31, 179)
(37, 32, 156)
(37, 33, 156)
(37, 34, 156)
(37, 35, 156)
(37, 36, 156)
(37, 37, 156)
(37, 38, 156)
(37, 39, 156)

(38, 0, 289)
(38, 1, 289)
(38, 2, 288)
(38, 3, 288)
(38, 4, 269)
(38, 5, 229)
(38, 6, 229)
(38, 7, 229)
(38, 8, 228)
(38, 9, 205)
(38, 10, 205)
(38, 11, 205)
(38, 12, 205)
(38, 13, 205)
(38, 14, 205)
(38, 15, 205)
(38, 16, 205)
(38, 17, 205)
(38, 18, 205)
(38, 19, 182)
(38, 20, 182)
(38, 21, 181)
(38, 22, 181)
(38, 23, 181)
(38, 24, 181)
(38, 25, 181)
(38, 26, 181)
(38, 27, 181)
(38, 28, 181)
(38, 29, 180)
(38, 30, 179)
(38, 31, 179)
(38, 32, 156)
(38, 33, 156)
(38, 34, 156)
(38, 35, 156)
(38, 36, 156)
(38, 37, 156)
(38, 38, 156)
(38, 39, 156)

(39, 0, 313)
(39, 1, 313)
(39, 2, 289)
(39, 3, 289)
(39, 4, 270)
(39, 5, 230)
(39, 6, 230)
(39, 7, 230)
(39, 8, 229)
(39, 9, 206)
(39, 10, 206)
(39, 11, 206)
(39, 12, 206)
(39, 13, 206)
(39, 14, 206)
(39, 15, 206)
(39, 16, 206)
(39, 17, 206)
(39, 18, 206)
(39, 19, 183)
(39, 20, 183)
(39, 21, 182)
(39, 22, 182)
(39, 23, 182)
(39, 24, 182)
(39, 25, 182)
(39, 26, 182)
(39, 27, 182)
(39, 28, 182)
(39, 29, 181)
(39, 30, 180)
(39, 31, 180)
(39, 32, 157)
(39, 33, 157)
(39, 34, 157)
(39, 35, 157)
(39, 36, 157)
(39, 37, 157)
(39, 38, 157)
(39, 39, 157)


Betti numbers:
xi_0:
(0, 0, 13)
(1, 0, 27)
(2, 0, 2)
(13, 0, 4)
(14, 0, 22)
(15, 0, 18)
(16, 0, 10)
(18, 0, 24)
(20, 0, 18)
(21, 0, 6)
(23, 0, 24)
(26, 0, 24)
(28, 0, 24)
(31, 0, 24)
(34, 0, 24)
(36, 0, 1)
(37, 0, 24)
(39, 0, 24)
xi_1:
(0, 4, 2)
(0, 5, 7)
(1, 4, 12)
(1, 5, 13)
(1, 8, 1)
(1, 30, 1)
(2, 2, 1)
(2, 4, 1)
(13, 4, 1)
(13, 5, 1)
(14, 4, 1)
(14, 5, 17)
(14, 21, 1)
(14, 29, 1)
(15, 4, 2)
(15, 5, 2)
(31, 32, 23)
(34, 19, 23)
(37, 9, 23)
(39, 2, 23)
xi_2:
