x-grades
-1020405667364161151/20000000000000000
-504730414532597551/10000000000000000
-998515990766229053/20000000000000000
-246892788116815751/5000000000000000
-195325262833659391/4000000000000000
-482840737934665453/10000000000000000
-954736637570364857/20000000000000000
-117973974908924851/2500000000000000
-932846960972432759/20000000000000000
-92190212267346671/2000000000000000
-910957284374500661/20000000000000000
-225003111518883653/5000000000000000
-889067607776568563/20000000000000000
-439061384738801257/10000000000000000
-173435586235727293/4000000000000000
-53514568304979401/1250000000000000
-845288254580704367/20000000000000000
-417171708140869159/10000000000000000
-823398577982772269/20000000000000000
-40622686984190311/1000000000000000
-801508901384840171/20000000000000000
-395282031542937061/10000000000000000
-779619224786908073/20000000000000000
-96084298310992753/2500000000000000
-30309181927559039/800000000000000
-373392354945004963/10000000000000000
-735839871591043877/20000000000000000
-181223758323019457/5000000000000000
-713950194993111779/20000000000000000
-70300535669414573/2000000000000000
-692060518395179681/20000000000000000
-5321216250751669/156250000000000
-670170841797247583/20000000000000000
-329613001749140767/10000000000000000
-129656233039863097/4000000000000000
-159334081725087359/5000000000000000
-626391488601383387/20000000000000000
-307723325151208669/10000000000000000
-604501812003451289/20000000000000000
-14838924342612131/500000000000000

y-grades
999993/400000
999993/200000
2999979/400000
999993/100000
999993/80000
2999979/200000
6999951/400000
999993/50000
8999937/400000
999993/40000
10999923/400000
2999979/100000
12999909/400000
6999951/200000
2999979/80000
999993/25000
16999881/400000
8999937/200000
18999867/400000
999993/20000
20999853/400000
10999923/200000
22999839/400000
2999979/50000
999993/16000
12999909/200000
26999811/400000
6999951/100000
28999797/400000
2999979/40000
30999783/400000
999993/12500
32999769/400000
16999881/200000
6999951/80000
8999937/100000
36999741/400000
18999867/200000
38999727/400000
999993/10000

Dimensions > 0:
(0, 0, 9)
(0, 1, 9)
(0, 2, 9)
(0, 3, 9)
(0, 4, 9)
(0, 5, 8)
(0, 6, 8)
(0, 7, 8)
(0, 8, 8)
(0, 9, 7)
(0, 10, 7)
(0, 11, 7)
(0, 12, 5)
(0, 13, 3)
(0, 14, 3)
(0, 15, 3)
(0, 16, 3)
(0, 17, 3)
(0, 18, 3)
(0, 19, 3)
(0, 20, 3)
(0, 21, 3)
(0, 22, 3)
(0, 23, 3)
(0, 24, 3)
(0, 25, 3)
(0, 26, 3)
(0, 27, 3)
(0, 28, 3)
(0, 29, 3)
(0, 30, 3)
(0, 31, 2)
(0, 32, 2)
(0, 33, 2)
(0, 34, 2)
(0, 35, 2)
(0, 36, 2)
(0, 37, 2)
(0, 38, 2)
(0, 39, 2)

(1, 0, 12)
(1, 1, 12)
(1, 2, 12)
(1, 3, 12)
(1, 4, 12)
(1, 5, 10)
(1, 6, 10)
(1, 7, 10)
(1, 8, 10)
(1, 9, 8)
(1, 10, 8)
(1, 11, 8)
(1, 12, 6)
(1, 13, 4)
(1, 14, 4)
(1, 15, 4)
(1, 16, 4)
(1, 17, 3)
(1, 18, 3)
(1, 19, 3)
(1, 20, 3)
(1, 21, 3)
(1, 22, 3)
(1, 23, 3)
(1, 24, 3)
(1, 25, 3)
(1, 26, 3)
(1, 27, 3)
(1, 28, 3)
(1, 29, 3)
(1, 30, 3)
(1, 31, 2)
(1, 32, 2)
(1, 33, 2)
(1, 34, 2)
(1, 35, 2)
(1, 36, 2)
(1, 37, 2)
(1, 38, 2)
(1, 39, 2)

(2, 0, 14)
(2, 1, 14)
(2, 2, 14)
(2, 3, 14)
(2, 4, 14)
(2, 5, 12)
(2, 6, 12)
(2, 7, 12)
(2, 8, 12)
(2, 9, 10)
(2, 10, 10)
(2, 11, 10)
(2, 12, 8)
(2, 13, 6)
(2, 14, 6)
(2, 15, 6)
(2, 16, 6)
(2, 17, 4)
(2, 18, 4)
(2, 19, 3)
(2, 20, 3)
(2, 21, 3)
(2, 22, 3)
(2, 23, 3)
(2, 24, 3)
(2, 25, 3)
(2, 26, 3)
(2, 27, 3)
(2, 28, 3)
(2, 29, 3)
(2, 30, 3)
(2, 31, 2)
(2, 32, 2)
(2, 33, 2)
(2, 34, 2)
(2, 35, 2)
(2, 36, 2)
(2, 37, 2)
(2, 38, 2)
(2, 39, 2)

(3, 0, 21)
(3, 1, 21)
(3, 2, 21)
(3, 3, 21)
(3, 4, 21)
(3, 5, 19)
(3, 6, 19)
(3, 7, 19)
(3, 8, 19)
(3, 9, 17)
(3, 10, 15)
(3, 11, 13)
(3, 12, 11)
(3, 13, 9)
(3, 14, 9)
(3, 15, 9)
(3, 16, 9)
(3, 17, 7)
(3, 18, 7)
(3, 19, 5)
(3, 20, 5)
(3, 21, 4)
(3, 22, 4)
(3, 23, 4)
(3, 24, 4)
(3, 25, 4)
(3, 26, 4)
(3, 27, 4)
(3, 28, 4)
(3, 29, 4)
(3, 30, 4)
(3, 31, 3)
(3, 32, 2)
(3, 33, 2)
(3, 34, 2)
(3, 35, 2)
(3, 36, 2)
(3, 37, 2)
(3, 38, 2)
(3, 39, 2)

(4, 0, 36)
(4, 1, 29)
(4, 2, 28)
(4, 3, 26)
(4, 4, 26)
(4, 5, 24)
(4, 6, 24)
(4, 7, 24)
(4, 8, 22)
(4, 9, 20)
(4, 10, 18)
(4, 11, 16)
(4, 12, 14)
(4, 13, 11)
(4, 14, 11)
(4, 15, 11)
(4, 16, 11)
(4, 17, 9)
(4, 18, 9)
(4, 19, 7)
(4, 20, 7)
(4, 21, 5)
(4, 22, 5)
(4, 23, 5)
(4, 24, 5)
(4, 25, 5)
(4, 26, 5)
(4, 27, 4)
(4, 28, 4)
(4, 29, 4)
(4, 30, 4)
(4, 31, 3)
(4, 32, 3)
(4, 33, 3)
(4, 34, 3)
(4, 35, 3)
(4, 36, 3)
(4, 37, 3)
(4, 38, 3)
(4, 39, 3)

(5, 0, 104)
(5, 1, 31)
(5, 2, 31)
(5, 3, 29)
(5, 4, 29)
(5, 5, 27)
(5, 6, 27)
(5, 7, 27)
(5, 8, 25)
(5, 9, 23)
(5, 10, 21)
(5, 11, 19)
(5, 12, 17)
(5, 13, 13)
(5, 14, 13)
(5, 15, 12)
(5, 16, 12)
(5, 17, 10)
(5, 18, 10)
(5, 19, 8)
(5, 20, 7)
(5, 21, 5)
(5, 22, 5)
(5, 23, 5)
(5, 24, 4)
(5, 25, 4)
(5, 26, 4)
(5, 27, 4)
(5, 28, 4)
(5, 29, 4)
(5, 30, 4)
(5, 31, 3)
(5, 32, 3)
(5, 33, 3)
(5, 34, 3)
(5, 35, 3)
(5, 36, 3)
(5, 37, 3)
(5, 38, 3)
(5, 39, 3)

(6, 0, 137)
(6, 1, 40)
(6, 2, 40)
(6, 3, 38)
(6, 4, 38)
(6, 5, 36)
(6, 6, 36)
(6, 7, 33)
(6, 8, 30)
(6, 9, 28)
(6, 10, 25)
(6, 11, 23)
(6, 12, 21)
(6, 13, 17)
(6, 14, 17)
(6, 15, 15)
(6, 16, 15)
(6, 17, 12)
(6, 18, 12)
(6, 19, 10)
(6, 20, 9)
(6, 21, 7)
(6, 22, 7)
(6, 23, 7)
(6, 24, 6)
(6, 25, 6)
(6, 26, 6)
(6, 27, 6)
(6, 28, 6)
(6, 29, 6)
(6, 30, 6)
(6, 31, 4)
(6, 32, 4)
(6, 33, 4)
(6, 34, 3)
(6, 35, 3)
(6, 36, 3)
(6, 37, 3)
(6, 38, 3)
(6, 39, 3)

(7, 0, 142)
(7, 1, 49)
(7, 2, 47)
(7, 3, 45)
(7, 4, 45)
(7, 5, 43)
(7, 6, 41)
(7, 7, 38)
(7, 8, 34)
(7, 9, 32)
(7, 10, 27)
(7, 11, 25)
(7, 12, 23)
(7, 13, 19)
(7, 14, 19)
(7, 15, 17)
(7, 16, 17)
(7, 17, 13)
(7, 18, 13)
(7, 19, 11)
(7, 20, 10)
(7, 21, 8)
(7, 22, 8)
(7, 23, 8)
(7, 24, 7)
(7, 25, 7)
(7, 26, 6)
(7, 27, 6)
(7, 28, 6)
(7, 29, 6)
(7, 30, 6)
(7, 31, 5)
(7, 32, 5)
(7, 33, 5)
(7, 34, 3)
(7, 35, 3)
(7, 36, 3)
(7, 37, 3)
(7, 38, 3)
(7, 39, 3)

(8, 0, 147)
(8, 1, 54)
(8, 2, 52)
(8, 3, 50)
(8, 4, 50)
(8, 5, 48)
(8, 6, 46)
(8, 7, 42)
(8, 8, 38)
(8, 9, 36)
(8, 10, 31)
(8, 11, 27)
(8, 12, 24)
(8, 13, 20)
(8, 14, 20)
(8, 15, 18)
(8, 16, 18)
(8, 17, 14)
(8, 18, 14)
(8, 19, 12)
(8, 20, 11)
(8, 21, 9)
(8, 22, 9)
(8, 23, 9)
(8, 24, 7)
(8, 25, 7)
(8, 26, 7)
(8, 27, 6)
(8, 28, 6)
(8, 29, 6)
(8, 30, 5)
(8, 31, 4)
(8, 32, 4)
(8, 33, 4)
(8, 34, 3)
(8, 35, 3)
(8, 36, 3)
(8, 37, 3)
(8, 38, 3)
(8, 39, 3)

(9, 0, 159)
(9, 1, 65)
(9, 2, 63)
(9, 3, 61)
(9, 4, 61)
(9, 5, 54)
(9, 6, 52)
(9, 7, 47)
(9, 8, 43)
(9, 9, 41)
(9, 10, 36)
(9, 11, 32)
(9, 12, 28)
(9, 13, 24)
(9, 14, 24)
(9, 15, 22)
(9, 16, 22)
(9, 17, 18)
(9, 18, 18)
(9, 19, 16)
(9, 20, 15)
(9, 21, 13)
(9, 22, 13)
(9, 23, 13)
(9, 24, 11)
(9, 25, 11)
(9, 26, 11)
(9, 27, 8)
(9, 28, 8)
(9, 29, 8)
(9, 30, 6)
(9, 31, 5)
(9, 32, 5)
(9, 33, 5)
(9, 34, 5)
(9, 35, 5)
(9, 36, 5)
(9, 37, 5)
(9, 38, 3)
(9, 39, 3)

(10, 0, 172)
(10, 1, 73)
(10, 2, 71)
(10, 3, 69)
(10, 4, 69)
(10, 5, 61)
(10, 6, 57)
(10, 7, 49)
(10, 8, 45)
(10, 9, 43)
(10, 10, 38)
(10, 11, 34)
(10, 12, 30)
(10, 13, 26)
(10, 14, 26)
(10, 15, 24)
(10, 16, 24)
(10, 17, 20)
(10, 18, 20)
(10, 19, 18)
(10, 20, 17)
(10, 21, 15)
(10, 22, 15)
(10, 23, 15)
(10, 24, 12)
(10, 25, 11)
(10, 26, 11)
(10, 27, 8)
(10, 28, 8)
(10, 29, 8)
(10, 30, 6)
(10, 31, 5)
(10, 32, 5)
(10, 33, 4)
(10, 34, 4)
(10, 35, 4)
(10, 36, 4)
(10, 37, 4)
(10, 38, 3)
(10, 39, 3)

(11, 0, 173)
(11, 1, 80)
(11, 2, 78)
(11, 3, 76)
(11, 4, 76)
(11, 5, 68)
(11, 6, 64)
(11, 7, 56)
(11, 8, 50)
(11, 9, 48)
(11, 10, 43)
(11, 11, 39)
(11, 12, 35)
(11, 13, 29)
(11, 14, 29)
(11, 15, 27)
(11, 16, 27)
(11, 17, 23)
(11, 18, 23)
(11, 19, 21)
(11, 20, 20)
(11, 21, 18)
(11, 22, 18)
(11, 23, 18)
(11, 24, 14)
(11, 25, 13)
(11, 26, 13)
(11, 27, 7)
(11, 28, 7)
(11, 29, 7)
(11, 30, 7)
(11, 31, 6)
(11, 32, 6)
(11, 33, 4)
(11, 34, 4)
(11, 35, 4)
(11, 36, 4)
(11, 37, 4)
(11, 38, 4)
(11, 39, 4)

(12, 0, 187)
(12, 1, 94)
(12, 2, 84)
(12, 3, 80)
(12, 4, 80)
(12, 5, 72)
(12, 6, 68)
(12, 7, 60)
(12, 8, 54)
(12, 9, 52)
(12, 10, 47)
(12, 11, 43)
(12, 12, 39)
(12, 13, 33)
(12, 14, 33)
(12, 15, 31)
(12, 16, 31)
(12, 17, 27)
(12, 18, 27)
(12, 19, 24)
(12, 20, 23)
(12, 21, 21)
(12, 22, 21)
(12, 23, 21)
(12, 24, 16)
(12, 25, 15)
(12, 26, 15)
(12, 27, 8)
(12, 28, 8)
(12, 29, 7)
(12, 30, 7)
(12, 31, 6)
(12, 32, 6)
(12, 33, 5)
(12, 34, 5)
(12, 35, 5)
(12, 36, 5)
(12, 37, 5)
(12, 38, 5)
(12, 39, 5)

(13, 0, 194)
(13, 1, 101)
(13, 2, 91)
(13, 3, 87)
(13, 4, 85)
(13, 5, 77)
(13, 6, 73)
(13, 7, 65)
(13, 8, 59)
(13, 9, 57)
(13, 10, 52)
(13, 11, 48)
(13, 12, 44)
(13, 13, 38)
(13, 14, 38)
(13, 15, 36)
(13, 16, 36)
(13, 17, 32)
(13, 18, 32)
(13, 19, 29)
(13, 20, 28)
(13, 21, 25)
(13, 22, 25)
(13, 23, 25)
(13, 24, 17)
(13, 25, 16)
(13, 26, 16)
(13, 27, 10)
(13, 28, 10)
(13, 29, 8)
(13, 30, 8)
(13, 31, 7)
(13, 32, 7)
(13, 33, 7)
(13, 34, 7)
(13, 35, 7)
(13, 36, 7)
(13, 37, 7)
(13, 38, 6)
(13, 39, 6)

(14, 0, 206)
(14, 1, 111)
(14, 2, 100)
(14, 3, 96)
(14, 4, 94)
(14, 5, 86)
(14, 6, 82)
(14, 7, 74)
(14, 8, 68)
(14, 9, 66)
(14, 10, 61)
(14, 11, 57)
(14, 12, 53)
(14, 13, 47)
(14, 14, 47)
(14, 15, 45)
(14, 16, 45)
(14, 17, 41)
(14, 18, 41)
(14, 19, 38)
(14, 20, 35)
(14, 21, 30)
(14, 22, 30)
(14, 23, 30)
(14, 24, 20)
(14, 25, 18)
(14, 26, 16)
(14, 27, 10)
(14, 28, 10)
(14, 29, 10)
(14, 30, 8)
(14, 31, 7)
(14, 32, 7)
(14, 33, 6)
(14, 34, 6)
(14, 35, 6)
(14, 36, 6)
(14, 37, 6)
(14, 38, 5)
(14, 39, 5)

(15, 0, 219)
(15, 1, 121)
(15, 2, 110)
(15, 3, 106)
(15, 4, 104)
(15, 5, 93)
(15, 6, 89)
(15, 7, 81)
(15, 8, 74)
(15, 9, 72)
(15, 10, 66)
(15, 11, 62)
(15, 12, 58)
(15, 13, 52)
(15, 14, 52)
(15, 15, 50)
(15, 16, 48)
(15, 17, 44)
(15, 18, 44)
(15, 19, 41)
(15, 20, 37)
(15, 21, 29)
(15, 22, 29)
(15, 23, 29)
(15, 24, 18)
(15, 25, 16)
(15, 26, 15)
(15, 27, 9)
(15, 28, 9)
(15, 29, 9)
(15, 30, 9)
(15, 31, 8)
(15, 32, 8)
(15, 33, 6)
(15, 34, 6)
(15, 35, 6)
(15, 36, 6)
(15, 37, 6)
(15, 38, 6)
(15, 39, 6)

(16, 0, 227)
(16, 1, 129)
(16, 2, 118)
(16, 3, 114)
(16, 4, 112)
(16, 5, 101)
(16, 6, 97)
(16, 7, 89)
(16, 8, 81)
(16, 9, 77)
(16, 10, 71)
(16, 11, 67)
(16, 12, 63)
(16, 13, 57)
(16, 14, 57)
(16, 15, 55)
(16, 16, 53)
(16, 17, 49)
(16, 18, 49)
(16, 19, 46)
(16, 20, 40)
(16, 21, 30)
(16, 22, 30)
(16, 23, 30)
(16, 24, 18)
(16, 25, 16)
(16, 26, 16)
(16, 27, 10)
(16, 28, 10)
(16, 29, 8)
(16, 30, 8)
(16, 31, 7)
(16, 32, 7)
(16, 33, 7)
(16, 34, 7)
(16, 35, 7)
(16, 36, 7)
(16, 37, 6)
(16, 38, 6)
(16, 39, 6)

(17, 0, 236)
(17, 1, 138)
(17, 2, 127)
(17, 3, 123)
(17, 4, 121)
(17, 5, 110)
(17, 6, 106)
(17, 7, 98)
(17, 8, 90)
(17, 9, 86)
(17, 10, 80)
(17, 11, 76)
(17, 12, 72)
(17, 13, 65)
(17, 14, 65)
(17, 15, 63)
(17, 16, 61)
(17, 17, 57)
(17, 18, 56)
(17, 19, 51)
(17, 20, 44)
(17, 21, 32)
(17, 22, 32)
(17, 23, 32)
(17, 24, 20)
(17, 25, 16)
(17, 26, 16)
(17, 27, 10)
(17, 28, 10)
(17, 29, 10)
(17, 30, 10)
(17, 31, 9)
(17, 32, 8)
(17, 33, 8)
(17, 34, 8)
(17, 35, 8)
(17, 36, 8)
(17, 37, 7)
(17, 38, 7)
(17, 39, 7)

(18, 0, 242)
(18, 1, 144)
(18, 2, 133)
(18, 3, 129)
(18, 4, 127)
(18, 5, 116)
(18, 6, 112)
(18, 7, 104)
(18, 8, 96)
(18, 9, 92)
(18, 10, 86)
(18, 11, 82)
(18, 12, 78)
(18, 13, 70)
(18, 14, 70)
(18, 15, 68)
(18, 16, 66)
(18, 17, 62)
(18, 18, 61)
(18, 19, 52)
(18, 20, 45)
(18, 21, 33)
(18, 22, 33)
(18, 23, 33)
(18, 24, 21)
(18, 25, 17)
(18, 26, 17)
(18, 27, 10)
(18, 28, 10)
(18, 29, 10)
(18, 30, 10)
(18, 31, 9)
(18, 32, 8)
(18, 33, 8)
(18, 34, 8)
(18, 35, 8)
(18, 36, 8)
(18, 37, 8)
(18, 38, 8)
(18, 39, 8)

(19, 0, 250)
(19, 1, 152)
(19, 2, 141)
(19, 3, 137)
(19, 4, 135)
(19, 5, 124)
(19, 6, 120)
(19, 7, 112)
(19, 8, 104)
(19, 9, 100)
(19, 10, 94)
(19, 11, 90)
(19, 12, 86)
(19, 13, 78)
(19, 14, 78)
(19, 15, 74)
(19, 16, 72)
(19, 17, 68)
(19, 18, 67)
(19, 19, 54)
(19, 20, 46)
(19, 21, 34)
(19, 22, 34)
(19, 23, 34)
(19, 24, 22)
(19, 25, 18)
(19, 26, 18)
(19, 27, 10)
(19, 28, 10)
(19, 29, 10)
(19, 30, 9)
(19, 31, 7)
(19, 32, 7)
(19, 33, 7)
(19, 34, 7)
(19, 35, 7)
(19, 36, 7)
(19, 37, 7)
(19, 38, 7)
(19, 39, 7)

(20, 0, 258)
(20, 1, 160)
(20, 2, 149)
(20, 3, 145)
(20, 4, 143)
(20, 5, 132)
(20, 6, 128)
(20, 7, 120)
(20, 8, 112)
(20, 9, 108)
(20, 10, 102)
(20, 11, 98)
(20, 12, 94)
(20, 13, 86)
(20, 14, 86)
(20, 15, 80)
(20, 16, 78)
(20, 17, 74)
(20, 18, 73)
(20, 19, 57)
(20, 20, 47)
(20, 21, 35)
(20, 22, 35)
(20, 23, 35)
(20, 24, 23)
(20, 25, 19)
(20, 26, 17)
(20, 27, 9)
(20, 28, 9)
(20, 29, 9)
(20, 30, 9)
(20, 31, 7)
(20, 32, 7)
(20, 33, 7)
(20, 34, 7)
(20, 35, 7)
(20, 36, 6)
(20, 37, 6)
(20, 38, 6)
(20, 39, 6)

(21, 0, 269)
(21, 1, 171)
(21, 2, 160)
(21, 3, 156)
(21, 4, 154)
(21, 5, 143)
(21, 6, 139)
(21, 7, 131)
(21, 8, 123)
(21, 9, 119)
(21, 10, 113)
(21, 11, 109)
(21, 12, 105)
(21, 13, 97)
(21, 14, 97)
(21, 15, 89)
(21, 16, 87)
(21, 17, 83)
(21, 18, 82)
(21, 19, 63)
(21, 20, 52)
(21, 21, 38)
(21, 22, 38)
(21, 23, 38)
(21, 24, 26)
(21, 25, 22)
(21, 26, 18)
(21, 27, 10)
(21, 28, 10)
(21, 29, 10)
(21, 30, 10)
(21, 31, 8)
(21, 32, 8)
(21, 33, 8)
(21, 34, 8)
(21, 35, 8)
(21, 36, 8)
(21, 37, 8)
(21, 38, 8)
(21, 39, 8)

(22, 0, 281)
(22, 1, 183)
(22, 2, 172)
(22, 3, 168)
(22, 4, 166)
(22, 5, 155)
(22, 6, 151)
(22, 7, 143)
(22, 8, 135)
(22, 9, 131)
(22, 10, 125)
(22, 11, 121)
(22, 12, 117)
(22, 13, 107)
(22, 14, 107)
(22, 15, 99)
(22, 16, 97)
(22, 17, 93)
(22, 18, 92)
(22, 19, 73)
(22, 20, 62)
(22, 21, 42)
(22, 22, 42)
(22, 23, 42)
(22, 24, 29)
(22, 25, 25)
(22, 26, 21)
(22, 27, 11)
(22, 28, 11)
(22, 29, 11)
(22, 30, 11)
(22, 31, 8)
(22, 32, 8)
(22, 33, 8)
(22, 34, 8)
(22, 35, 8)
(22, 36, 8)
(22, 37, 8)
(22, 38, 8)
(22, 39, 8)

(23, 0, 294)
(23, 1, 196)
(23, 2, 185)
(23, 3, 181)
(23, 4, 179)
(23, 5, 168)
(23, 6, 164)
(23, 7, 155)
(23, 8, 146)
(23, 9, 140)
(23, 10, 134)
(23, 11, 130)
(23, 12, 126)
(23, 13, 116)
(23, 14, 116)
(23, 15, 108)
(23, 16, 106)
(23, 17, 102)
(23, 18, 101)
(23, 19, 82)
(23, 20, 71)
(23, 21, 50)
(23, 22, 49)
(23, 23, 49)
(23, 24, 32)
(23, 25, 26)
(23, 26, 22)
(23, 27, 11)
(23, 28, 11)
(23, 29, 11)
(23, 30, 11)
(23, 31, 8)
(23, 32, 8)
(23, 33, 8)
(23, 34, 8)
(23, 35, 8)
(23, 36, 8)
(23, 37, 8)
(23, 38, 7)
(23, 39, 7)

(24, 0, 316)
(24, 1, 213)
(24, 2, 201)
(24, 3, 197)
(24, 4, 195)
(24, 5, 181)
(24, 6, 177)
(24, 7, 168)
(24, 8, 158)
(24, 9, 152)
(24, 10, 145)
(24, 11, 141)
(24, 12, 137)
(24, 13, 127)
(24, 14, 127)
(24, 15, 119)
(24, 16, 115)
(24, 17, 111)
(24, 18, 110)
(24, 19, 90)
(24, 20, 77)
(24, 21, 54)
(24, 22, 54)
(24, 23, 54)
(24, 24, 34)
(24, 25, 28)
(24, 26, 24)
(24, 27, 11)
(24, 28, 11)
(24, 29, 11)
(24, 30, 11)
(24, 31, 8)
(24, 32, 8)
(24, 33, 8)
(24, 34, 8)
(24, 35, 8)
(24, 36, 8)
(24, 37, 8)
(24, 38, 8)
(24, 39, 8)

(25, 0, 346)
(25, 1, 243)
(25, 2, 223)
(25, 3, 217)
(25, 4, 213)
(25, 5, 198)
(25, 6, 194)
(25, 7, 185)
(25, 8, 174)
(25, 9, 167)
(25, 10, 160)
(25, 11, 156)
(25, 12, 151)
(25, 13, 140)
(25, 14, 140)
(25, 15, 131)
(25, 16, 127)
(25, 17, 121)
(25, 18, 119)
(25, 19, 99)
(25, 20, 86)
(25, 21, 62)
(25, 22, 62)
(25, 23, 62)
(25, 24, 38)
(25, 25, 31)
(25, 26, 25)
(25, 27, 10)
(25, 28, 10)
(25, 29, 10)
(25, 30, 10)
(25, 31, 7)
(25, 32, 7)
(25, 33, 7)
(25, 34, 7)
(25, 35, 7)
(25, 36, 7)
(25, 37, 7)
(25, 38, 7)
(25, 39, 7)

(26, 0, 384)
(26, 1, 281)
(26, 2, 260)
(26, 3, 252)
(26, 4, 248)
(26, 5, 226)
(26, 6, 219)
(26, 7, 208)
(26, 8, 194)
(26, 9, 186)
(26, 10, 176)
(26, 11, 169)
(26, 12, 161)
(26, 13, 145)
(26, 14, 145)
(26, 15, 135)
(26, 16, 131)
(26, 17, 123)
(26, 18, 121)
(26, 19, 99)
(26, 20, 86)
(26, 21, 62)
(26, 22, 62)
(26, 23, 62)
(26, 24, 36)
(26, 25, 28)
(26, 26, 24)
(26, 27, 9)
(26, 28, 9)
(26, 29, 9)
(26, 30, 9)
(26, 31, 6)
(26, 32, 6)
(26, 33, 6)
(26, 34, 6)
(26, 35, 6)
(26, 36, 6)
(26, 37, 6)
(26, 38, 6)
(26, 39, 6)

(27, 0, 390)
(27, 1, 287)
(27, 2, 265)
(27, 3, 257)
(27, 4, 253)
(27, 5, 231)
(27, 6, 223)
(27, 7, 210)
(27, 8, 194)
(27, 9, 186)
(27, 10, 175)
(27, 11, 167)
(27, 12, 159)
(27, 13, 143)
(27, 14, 143)
(27, 15, 133)
(27, 16, 129)
(27, 17, 121)
(27, 18, 119)
(27, 19, 97)
(27, 20, 84)
(27, 21, 60)
(27, 22, 60)
(27, 23, 60)
(27, 24, 36)
(27, 25, 28)
(27, 26, 24)
(27, 27, 9)
(27, 28, 9)
(27, 29, 9)
(27, 30, 9)
(27, 31, 6)
(27, 32, 6)
(27, 33, 6)
(27, 34, 6)
(27, 35, 6)
(27, 36, 6)
(27, 37, 6)
(27, 38, 6)
(27, 39, 6)

(28, 0, 390)
(28, 1, 287)
(28, 2, 265)
(28, 3, 257)
(28, 4, 253)
(28, 5, 231)
(28, 6, 223)
(28, 7, 210)
(28, 8, 194)
(28, 9, 186)
(28, 10, 175)
(28, 11, 167)
(28, 12, 159)
(28, 13, 143)
(28, 14, 143)
(28, 15, 133)
(28, 16, 129)
(28, 17, 121)
(28, 18, 119)
(28, 19, 97)
(28, 20, 84)
(28, 21, 60)
(28, 22, 60)
(28, 23, 60)
(28, 24, 36)
(28, 25, 28)
(28, 26, 24)
(28, 27, 9)
(28, 28, 9)
(28, 29, 9)
(28, 30, 9)
(28, 31, 6)
(28, 32, 6)
(28, 33, 6)
(28, 34, 6)
(28, 35, 6)
(28, 36, 6)
(28, 37, 6)
(28, 38, 6)
(28, 39, 6)

(29, 0, 391)
(29, 1, 288)
(29, 2, 266)
(29, 3, 258)
(29, 4, 254)
(29, 5, 232)
(29, 6, 224)
(29, 7, 211)
(29, 8, 195)
(29, 9, 187)
(29, 10, 176)
(29, 11, 168)
(29, 12, 160)
(29, 13, 144)
(29, 14, 144)
(29, 15, 134)
(29, 16, 130)
(29, 17, 122)
(29, 18, 120)
(29, 19, 98)
(29, 20, 85)
(29, 21, 61)
(29, 22, 61)
(29, 23, 61)
(29, 24, 37)
(29, 25, 29)
(29, 26, 25)
(29, 27, 10)
(29, 28, 10)
(29, 29, 10)
(29, 30, 10)
(29, 31, 7)
(29, 32, 7)
(29, 33, 7)
(29, 34, 7)
(29, 35, 7)
(29, 36, 7)
(29, 37, 7)
(29, 38, 7)
(29, 39, 7)

(30, 0, 391)
(30, 1, 288)
(30, 2, 266)
(30, 3, 258)
(30, 4, 254)
(30, 5, 232)
(30, 6, 224)
(30, 7, 211)
(30, 8, 195)
(30, 9, 187)
(30, 10, 176)
(30, 11, 168)
(30, 12, 160)
(30, 13, 144)
(30, 14, 144)
(30, 15, 134)
(30, 16, 130)
(30, 17, 122)
(30, 18, 120)
(30, 19, 98)
(30, 20, 85)
(30, 21, 61)
(30, 22, 61)
(30, 23, 61)
(30, 24, 37)
(30, 25, 29)
(30, 26, 25)
(30, 27, 10)
(30, 28, 10)
(30, 29, 10)
(30, 30, 10)
(30, 31, 7)
(30, 32, 7)
(30, 33, 7)
(30, 34, 7)
(30, 35, 7)
(30, 36, 7)
(30, 37, 7)
(30, 38, 7)
(30, 39, 7)

(31, 0, 392)
(31, 1, 289)
(31, 2, 267)
(31, 3, 259)
(31, 4, 255)
(31, 5, 233)
(31, 6, 225)
(31, 7, 212)
(31, 8, 196)
(31, 9, 188)
(31, 10, 177)
(31, 11, 169)
(31, 12, 161)
(31, 13, 145)
(31, 14, 145)
(31, 15, 135)
(31, 16, 131)
(31, 17, 123)
(31, 18, 121)
(31, 19, 99)
(31, 20, 86)
(31, 21, 62)
(31, 22, 62)
(31, 23, 62)
(31, 24, 38)
(31, 25, 30)
(31, 26, 26)
(31, 27, 11)
(31, 28, 11)
(31, 29, 11)
(31, 30, 11)
(31, 31, 8)
(31, 32, 8)
(31, 33, 8)
(31, 34, 8)
(31, 35, 8)
(31, 36, 8)
(31, 37, 8)
(31, 38, 8)
(31, 39, 8)

(32, 0, 393)
(32, 1, 290)
(32, 2, 268)
(32, 3, 260)
(32, 4, 256)
(32, 5, 234)
(32, 6, 226)
(32, 7, 213)
(32, 8, 197)
(32, 9, 189)
(32, 10, 178)
(32, 11, 170)
(32, 12, 162)
(32, 13, 146)
(32, 14, 146)
(32, 15, 136)
(32, 16, 132)
(32, 17, 124)
(32, 18, 122)
(32, 19, 100)
(32, 20, 87)
(32, 21, 63)
(32, 22, 63)
(32, 23, 63)
(32, 24, 39)
(32, 25, 31)
(32, 26, 27)
(32, 27, 12)
(32, 28, 12)
(32, 29, 12)
(32, 30, 12)
(32, 31, 8)
(32, 32, 8)
(32, 33, 8)
(32, 34, 8)
(32, 35, 8)
(32, 36, 8)
(32, 37, 8)
(32, 38, 8)
(32, 39, 8)

(33, 0, 393)
(33, 1, 290)
(33, 2, 268)
(33, 3, 260)
(33, 4, 256)
(33, 5, 234)
(33, 6, 226)
(33, 7, 213)
(33, 8, 197)
(33, 9, 189)
(33, 10, 178)
(33, 11, 170)
(33, 12, 162)
(33, 13, 146)
(33, 14, 146)
(33, 15, 136)
(33, 16, 132)
(33, 17, 124)
(33, 18, 122)
(33, 19, 100)
(33, 20, 87)
(33, 21, 63)
(33, 22, 63)
(33, 23, 63)
(33, 24, 39)
(33, 25, 31)
(33, 26, 27)
(33, 27, 12)
(33, 28, 12)
(33, 29, 12)
(33, 30, 12)
(33, 31, 8)
(33, 32, 8)
(33, 33, 8)
(33, 34, 8)
(33, 35, 8)
(33, 36, 8)
(33, 37, 8)
(33, 38, 8)
(33, 39, 8)

(34, 0, 395)
(34, 1, 292)
(34, 2, 270)
(34, 3, 262)
(34, 4, 258)
(34, 5, 236)
(34, 6, 228)
(34, 7, 214)
(34, 8, 198)
(34, 9, 190)
(34, 10, 179)
(34, 11, 171)
(34, 12, 163)
(34, 13, 147)
(34, 14, 147)
(34, 15, 137)
(34, 16, 133)
(34, 17, 125)
(34, 18, 123)
(34, 19, 101)
(34, 20, 88)
(34, 21, 64)
(34, 22, 64)
(34, 23, 64)
(34, 24, 40)
(34, 25, 32)
(34, 26, 28)
(34, 27, 13)
(34, 28, 13)
(34, 29, 13)
(34, 30, 13)
(34, 31, 9)
(34, 32, 9)
(34, 33, 9)
(34, 34, 9)
(34, 35, 9)
(34, 36, 9)
(34, 37, 9)
(34, 38, 9)
(34, 39, 9)

(35, 0, 395)
(35, 1, 292)
(35, 2, 270)
(35, 3, 262)
(35, 4, 258)
(35, 5, 236)
(35, 6, 228)
(35, 7, 214)
(35, 8, 198)
(35, 9, 190)
(35, 10, 179)
(35, 11, 171)
(35, 12, 163)
(35, 13, 147)
(35, 14, 147)
(35, 15, 137)
(35, 16, 133)
(35, 17, 125)
(35, 18, 123)
(35, 19, 101)
(35, 20, 88)
(35, 21, 64)
(35, 22, 64)
(35, 23, 64)
(35, 24, 40)
(35, 25, 32)
(35, 26, 28)
(35, 27, 13)
(35, 28, 13)
(35, 29, 13)
(35, 30, 13)
(35, 31, 9)
(35, 32, 9)
(35, 33, 9)
(35, 34, 9)
(35, 35, 9)
(35, 36, 9)
(35, 37, 9)
(35, 38, 9)
(35, 39, 9)

(36, 0, 396)
(36, 1, 293)
(36, 2, 271)
(36, 3, 263)
(36, 4, 259)
(36, 5, 237)
(36, 6, 229)
(36, 7, 215)
(36, 8, 199)
(36, 9, 191)
(36, 10, 180)
(36, 11, 172)
(36, 12, 164)
(36, 13, 148)
(36, 14, 148)
(36, 15, 138)
(36, 16, 134)
(36, 17, 126)
(36, 18, 124)
(36, 19, 102)
(36, 20, 89)
(36, 21, 65)
(36, 22, 65)
(36, 23, 65)
(36, 24, 41)
(36, 25, 33)
(36, 26, 29)
(36, 27, 14)
(36, 28, 14)
(36, 29, 14)
(36, 30, 14)
(36, 31, 10)
(36, 32, 10)
(36, 33, 10)
(36, 34, 10)
(36, 35, 10)
(36, 36, 10)
(36, 37, 10)
(36, 38, 10)
(36, 39, 10)

(37, 0, 396)
(37, 1, 293)
(37, 2, 271)
(37, 3, 263)
(37, 4, 259)
(37, 5, 237)
(37, 6, 229)
(37, 7, 215)
(37, 8, 199)
(37, 9, 191)
(37, 10, 180)
(37, 11, 172)
(37, 12, 164)
(37, 13, 148)
(37, 14, 148)
(37, 15, 138)
(37, 16, 134)
(37, 17, 126)
(37, 18, 124)
(37, 19, 102)
(37, 20, 89)
(37, 21, 65)
(37, 22, 65)
(37, 23, 65)
(37, 24, 41)
(37, 25, 33)
(37, 26, 29)
(37, 27, 14)
(37, 28, 14)
(37, 29, 14)
(37, 30, 14)
(37, 31, 10)
(37, 32, 10)
(37, 33, 10)
(37, 34, 10)
(37, 35, 10)
(37, 36, 10)
(37, 37, 10)
(37, 38, 10)
(37, 39, 10)

(38, 0, 397)
(38, 1, 294)
(38, 2, 272)
(38, 3, 264)
(38, 4, 260)
(38, 5, 238)
(38, 6, 230)
(38, 7, 216)
(38, 8, 200)
(38, 9, 192)
(38, 10, 181)
(38, 11, 173)
(38, 12, 165)
(38, 13, 149)
(38, 14, 149)
(38, 15, 139)
(38, 16, 135)
(38, 17, 127)
(38, 18, 125)
(38, 19, 103)
(38, 20, 90)
(38, 21, 66)
(38, 22, 66)
(38, 23, 66)
(38, 24, 42)
(38, 25, 34)
(38, 26, 30)
(38, 27, 15)
(38, 28, 15)
(38, 29, 15)
(38, 30, 15)
(38, 31, 11)
(38, 32, 11)
(38, 33, 11)
(38, 34, 11)
(38, 35, 11)
(38, 36, 11)
(38, 37, 11)
(38, 38, 11)
(38, 39, 11)

(39, 0, 400)
(39, 1, 297)
(39, 2, 275)
(39, 3, 267)
(39, 4, 263)
(39, 5, 241)
(39, 6, 233)
(39, 7, 218)
(39, 8, 202)
(39, 9, 194)
(39, 10, 183)
(39, 11, 175)
(39, 12, 167)
(39, 13, 151)
(39, 14, 151)
(39, 15, 141)
(39, 16, 137)
(39, 17, 129)
(39, 18, 127)
(39, 19, 105)
(39, 20, 92)
(39, 21, 68)
(39, 22, 68)
(39, 23, 68)
(39, 24, 44)
(39, 25, 36)
(39, 26, 32)
(39, 27, 17)
(39, 28, 17)
(39, 29, 17)
(39, 30, 17)
(39, 31, 12)
(39, 32, 12)
(39, 33, 12)
(39, 34, 12)
(39, 35, 12)
(39, 36, 12)
(39, 37, 12)
(39, 38, 12)
(39, 39, 12)


Betti numbers:
xi_0:
(0, 0, 9)
(1, 0, 3)
(2, 0, 2)
(3, 0, 7)
(4, 0, 15)
(5, 0, 68)
(6, 0, 33)
(7, 0, 9)
(8, 0, 5)
(9, 0, 12)
(10, 0, 14)
(11, 0, 7)
(12, 0, 14)
(13, 0, 7)
(14, 0, 12)
(15, 0, 13)
(16, 0, 8)
(17, 0, 9)
(18, 0, 6)
(19, 0, 8)
(20, 0, 8)
(21, 0, 11)
(22, 0, 12)
(23, 0, 13)
(24, 0, 22)
(25, 0, 30)
(26, 0, 38)
(27, 0, 6)
(29, 0, 1)
(31, 0, 1)
(32, 0, 1)
(34, 0, 2)
(36, 0, 1)
(38, 0, 1)
(39, 0, 3)
xi_1:
(0, 5, 1)
(0, 9, 1)
(0, 12, 2)
(0, 13, 2)
(0, 31, 1)
(1, 5, 1)
(1, 9, 1)
(1, 17, 1)
(2, 17, 1)
(2, 19, 1)
(3, 10, 2)
(3, 11, 2)
(3, 19, 1)
(3, 21, 1)
(3, 32, 1)
(4, 1, 7)
(4, 2, 1)
(4, 3, 2)
(4, 8, 2)
(4, 13, 1)
(4, 21, 1)
(4, 27, 1)
(5, 1, 66)
(5, 13, 1)
(5, 15, 1)
(5, 20, 1)
(5, 24, 1)
(6, 1, 24)
(6, 7, 3)
(6, 8, 1)
(6, 10, 1)
(6, 15, 1)
(6, 17, 1)
(6, 31, 1)
(6, 34, 1)
(7, 0, 4)
(7, 2, 2)
(7, 6, 2)
(7, 8, 1)
(7, 10, 2)
(7, 17, 1)
(7, 26, 1)
(7, 34, 1)
(8, 7, 1)
(8, 11, 2)
(8, 12, 1)
(8, 24, 1)
(8, 27, 1)
(8, 30, 1)
(9, 1, 1)
(9, 5, 5)
(9, 7, 1)
(9, 12, 1)
(9, 27, 2)
(9, 30, 1)
(9, 38, 2)
(10, 0, 1)
(10, 1, 6)
(10, 5, 1)
(10, 6, 2)
(10, 7, 3)
(10, 24, 1)
(10, 25, 1)
(10, 27, 1)
(10, 33, 1)
(11, 0, 6)
(11, 8, 2)
(11, 13, 2)
(11, 24, 1)
(11, 27, 3)
(11, 33, 1)
(12, 2, 8)
(12, 3, 2)
(12, 19, 1)
(12, 24, 1)
(12, 27, 1)
(12, 29, 1)
(13, 4, 2)
(13, 21, 1)
(13, 24, 3)
(13, 29, 1)
(13, 38, 1)
(14, 1, 2)
(14, 2, 1)
(14, 20, 2)
(14, 21, 2)
(14, 24, 2)
(14, 25, 1)
(14, 26, 2)
(14, 30, 2)
(14, 33, 1)
(14, 38, 1)
(15, 1, 3)
(15, 5, 3)
(15, 8, 1)
(15, 10, 1)
(15, 16, 2)
(15, 20, 1)
(15, 21, 3)
(15, 24, 1)
(15, 33, 1)
(16, 8, 1)
(16, 9, 2)
(16, 20, 2)
(16, 21, 2)
(16, 24, 1)
(16, 29, 2)
(16, 37, 1)
(17, 13, 1)
(17, 18, 1)
(17, 19, 2)
(17, 20, 1)
(17, 21, 2)
(17, 25, 2)
(17, 32, 1)
(17, 37, 1)
(18, 13, 1)
(18, 19, 4)
(18, 27, 1)
(18, 32, 1)
(19, 15, 2)
(19, 19, 4)
(19, 20, 1)
(19, 27, 1)
(19, 30, 1)
(19, 31, 1)
(20, 15, 2)
(20, 19, 3)
(20, 20, 2)
(20, 26, 2)
(20, 36, 1)
(21, 15, 2)
(21, 19, 3)
(21, 20, 1)
(21, 21, 2)
(21, 26, 2)
(22, 13, 2)
(22, 21, 6)
(22, 24, 1)
(22, 27, 2)
(22, 31, 1)
(23, 7, 1)
(23, 8, 1)
(23, 9, 2)
(23, 21, 1)
(23, 22, 1)
(23, 24, 4)
(23, 25, 2)
(23, 27, 1)
(23, 38, 1)
(24, 1, 5)
(24, 2, 1)
(24, 5, 3)
(24, 8, 1)
(24, 10, 1)
(24, 16, 2)
(24, 19, 1)
(24, 20, 2)
(24, 21, 2)
(24, 24, 3)
(24, 27, 3)
(25, 2, 8)
(25, 3, 2)
(25, 4, 2)
(25, 5, 1)
(25, 8, 1)
(25, 9, 1)
(25, 12, 1)
(25, 13, 1)
(25, 15, 1)
(25, 17, 2)
(25, 18, 1)
(25, 21, 1)
(25, 24, 4)
(25, 25, 1)
(25, 26, 2)
(25, 27, 3)
(26, 2, 1)
(26, 3, 2)
(26, 5, 7)
(26, 6, 3)
(26, 7, 2)
(26, 8, 3)
(26, 9, 1)
(26, 10, 3)
(26, 11, 3)
(26, 12, 3)
(26, 13, 5)
(26, 15, 1)
(26, 17, 2)
(26, 19, 2)
(26, 24, 2)
(26, 25, 1)
(27, 2, 1)
(27, 6, 1)
(27, 7, 2)
(27, 8, 2)
(27, 10, 1)
(27, 11, 1)
(32, 31, 1)
(34, 7, 1)
(39, 7, 1)
(39, 31, 1)
xi_2:
(4, 32, 1)
(5, 2, 1)
(5, 27, 1)
(7, 1, 4)
(7, 31, 1)
(8, 26, 1)
(8, 34, 1)
(9, 34, 1)
(10, 1, 1)
(10, 27, 1)
(10, 38, 1)
(11, 1, 6)
(11, 30, 2)
(11, 38, 1)
(12, 33, 1)
(13, 27, 1)
(13, 33, 1)
(14, 29, 2)
(14, 38, 1)
(15, 26, 1)
(15, 30, 2)
(15, 38, 1)
(16, 26, 1)
(16, 33, 2)
(17, 29, 2)
(17, 37, 1)
(18, 32, 1)
(18, 37, 1)
(19, 32, 1)
(20, 30, 1)
(21, 36, 1)
(24, 22, 1)
(24, 27, 1)
(24, 38, 1)
(25, 27, 1)
(26, 26, 2)
(27, 24, 2)
