x-grades
-758676430207063777/40000000000000000
-371697494091289857/20000000000000000
-728113546158095651/40000000000000000
-178208026033402897/10000000000000000
-27902026484365101/1600000000000000
-341134610042321731/20000000000000000
-666987778060159399/40000000000000000
-81463292004459417/5000000000000000
-636424894011191273/40000000000000000
-62114345198670721/4000000000000000
-605862009962223147/40000000000000000
-147645141984434771/10000000000000000
-575299125913255021/40000000000000000
-280008841944385479/20000000000000000
-108947248372857379/8000000000000000
-33090924989987677/2500000000000000
-514173357815318769/40000000000000000
-249445957895417353/20000000000000000
-483610473766350643/40000000000000000
-23416451587093329/2000000000000000
-453047589717382517/40000000000000000
-218883073846449227/20000000000000000
-422484705668414391/40000000000000000
-50900407955491291/5000000000000000
-78384364323889253/8000000000000000
-188320189797481101/20000000000000000
-361358937570478139/40000000000000000
-86519373886498519/10000000000000000
-330796053521510013/40000000000000000
-6310292229940519/800000000000000
-300233169472541887/40000000000000000
-8904741482751807/1250000000000000
-269670285423573761/40000000000000000
-127194421699544849/20000000000000000
-47821480274921127/8000000000000000
-55956489837530393/10000000000000000
-208544517325637509/40000000000000000
-96631537650576723/20000000000000000
-177981633276669383/40000000000000000
-4067504781304633/1000000000000000

y-grades
9994049/4000000
9994049/2000000
29982147/4000000
9994049/1000000
9994049/800000
29982147/2000000
69958343/4000000
9994049/500000
89946441/4000000
9994049/400000
109934539/4000000
29982147/1000000
129922637/4000000
69958343/2000000
29982147/800000
9994049/250000
169898833/4000000
89946441/2000000
189886931/4000000
9994049/200000
209875029/4000000
109934539/2000000
229863127/4000000
29982147/500000
9994049/160000
129922637/2000000
269839323/4000000
69958343/1000000
289827421/4000000
29982147/400000
309815519/4000000
9994049/125000
329803617/4000000
169898833/2000000
69958343/800000
89946441/1000000
369779813/4000000
189886931/2000000
389767911/4000000
9994049/100000

Dimensions > 0:
(0, 0, 2)
(0, 1, 2)
(0, 2, 2)
(0, 3, 2)
(0, 4, 2)
(0, 5, 2)
(0, 6, 2)
(0, 7, 2)
(0, 8, 2)
(0, 9, 2)
(0, 10, 2)
(0, 11, 2)
(0, 12, 2)
(0, 13, 1)
(0, 14, 1)
(0, 15, 1)
(0, 16, 1)
(0, 17, 1)
(0, 18, 1)
(0, 19, 1)
(0, 20, 1)
(0, 21, 1)
(0, 22, 1)
(0, 23, 1)
(0, 24, 1)
(0, 25, 1)
(0, 26, 1)
(0, 27, 1)
(0, 28, 1)
(0, 29, 1)
(0, 30, 1)
(0, 31, 1)
(0, 32, 1)
(0, 33, 1)
(0, 34, 1)
(0, 35, 1)
(0, 36, 1)
(0, 37, 1)
(0, 38, 1)
(0, 39, 1)

(1, 0, 2)
(1, 1, 2)
(1, 2, 2)
(1, 3, 2)
(1, 4, 2)
(1, 5, 2)
(1, 6, 2)
(1, 7, 2)
(1, 8, 2)
(1, 9, 2)
(1, 10, 2)
(1, 11, 2)
(1, 12, 2)
(1, 13, 1)
(1, 14, 1)
(1, 15, 1)
(1, 16, 1)
(1, 17, 1)
(1, 18, 1)
(1, 19, 1)
(1, 20, 1)
(1, 21, 1)
(1, 22, 1)
(1, 23, 1)
(1, 24, 1)
(1, 25, 1)
(1, 26, 1)
(1, 27, 1)
(1, 28, 1)
(1, 29, 1)
(1, 30, 1)
(1, 31, 1)
(1, 32, 1)
(1, 33, 1)
(1, 34, 1)
(1, 35, 1)
(1, 36, 1)
(1, 37, 1)
(1, 38, 1)
(1, 39, 1)

(2, 0, 4)
(2, 1, 4)
(2, 2, 4)
(2, 3, 4)
(2, 4, 4)
(2, 5, 4)
(2, 6, 4)
(2, 7, 4)
(2, 8, 4)
(2, 9, 4)
(2, 10, 4)
(2, 11, 4)
(2, 12, 4)
(2, 13, 2)
(2, 14, 2)
(2, 15, 2)
(2, 16, 2)
(2, 17, 2)
(2, 18, 2)
(2, 19, 2)
(2, 20, 2)
(2, 21, 2)
(2, 22, 2)
(2, 23, 2)
(2, 24, 2)
(2, 25, 2)
(2, 26, 2)
(2, 27, 2)
(2, 28, 2)
(2, 29, 2)
(2, 30, 2)
(2, 31, 2)
(2, 32, 2)
(2, 33, 2)
(2, 34, 2)
(2, 35, 2)
(2, 36, 2)
(2, 37, 2)
(2, 38, 2)
(2, 39, 2)

(3, 0, 4)
(3, 1, 4)
(3, 2, 4)
(3, 3, 4)
(3, 4, 4)
(3, 5, 4)
(3, 6, 4)
(3, 7, 4)
(3, 8, 4)
(3, 9, 4)
(3, 10, 4)
(3, 11, 4)
(3, 12, 4)
(3, 13, 2)
(3, 14, 2)
(3, 15, 2)
(3, 16, 2)
(3, 17, 2)
(3, 18, 2)
(3, 19, 2)
(3, 20, 2)
(3, 21, 2)
(3, 22, 2)
(3, 23, 2)
(3, 24, 2)
(3, 25, 2)
(3, 26, 2)
(3, 27, 2)
(3, 28, 2)
(3, 29, 2)
(3, 30, 2)
(3, 31, 2)
(3, 32, 2)
(3, 33, 2)
(3, 34, 2)
(3, 35, 2)
(3, 36, 2)
(3, 37, 2)
(3, 38, 2)
(3, 39, 2)

(4, 0, 8)
(4, 1, 8)
(4, 2, 7)
(4, 3, 6)
(4, 4, 6)
(4, 5, 6)
(4, 6, 6)
(4, 7, 6)
(4, 8, 6)
(4, 9, 6)
(4, 10, 6)
(4, 11, 5)
(4, 12, 5)
(4, 13, 3)
(4, 14, 3)
(4, 15, 3)
(4, 16, 3)
(4, 17, 3)
(4, 18, 3)
(4, 19, 3)
(4, 20, 3)
(4, 21, 3)
(4, 22, 3)
(4, 23, 2)
(4, 24, 2)
(4, 25, 2)
(4, 26, 2)
(4, 27, 2)
(4, 28, 2)
(4, 29, 2)
(4, 30, 2)
(4, 31, 2)
(4, 32, 2)
(4, 33, 2)
(4, 34, 2)
(4, 35, 2)
(4, 36, 2)
(4, 37, 2)
(4, 38, 2)
(4, 39, 2)

(5, 0, 8)
(5, 1, 8)
(5, 2, 7)
(5, 3, 6)
(5, 4, 6)
(5, 5, 6)
(5, 6, 6)
(5, 7, 6)
(5, 8, 6)
(5, 9, 6)
(5, 10, 6)
(5, 11, 5)
(5, 12, 5)
(5, 13, 3)
(5, 14, 3)
(5, 15, 3)
(5, 16, 3)
(5, 17, 3)
(5, 18, 3)
(5, 19, 3)
(5, 20, 3)
(5, 21, 3)
(5, 22, 3)
(5, 23, 2)
(5, 24, 2)
(5, 25, 2)
(5, 26, 2)
(5, 27, 2)
(5, 28, 2)
(5, 29, 2)
(5, 30, 2)
(5, 31, 2)
(5, 32, 2)
(5, 33, 2)
(5, 34, 2)
(5, 35, 2)
(5, 36, 2)
(5, 37, 2)
(5, 38, 2)
(5, 39, 2)

(6, 0, 12)
(6, 1, 12)
(6, 2, 10)
(6, 3, 8)
(6, 4, 8)
(6, 5, 8)
(6, 6, 8)
(6, 7, 8)
(6, 8, 8)
(6, 9, 8)
(6, 10, 8)
(6, 11, 6)
(6, 12, 6)
(6, 13, 4)
(6, 14, 4)
(6, 15, 4)
(6, 16, 4)
(6, 17, 4)
(6, 18, 4)
(6, 19, 4)
(6, 20, 4)
(6, 21, 4)
(6, 22, 4)
(6, 23, 2)
(6, 24, 2)
(6, 25, 2)
(6, 26, 2)
(6, 27, 2)
(6, 28, 2)
(6, 29, 2)
(6, 30, 2)
(6, 31, 2)
(6, 32, 2)
(6, 33, 2)
(6, 34, 2)
(6, 35, 2)
(6, 36, 2)
(6, 37, 2)
(6, 38, 2)
(6, 39, 2)

(7, 0, 12)
(7, 1, 12)
(7, 2, 10)
(7, 3, 8)
(7, 4, 8)
(7, 5, 8)
(7, 6, 8)
(7, 7, 8)
(7, 8, 8)
(7, 9, 8)
(7, 10, 8)
(7, 11, 6)
(7, 12, 6)
(7, 13, 4)
(7, 14, 4)
(7, 15, 4)
(7, 16, 4)
(7, 17, 4)
(7, 18, 4)
(7, 19, 4)
(7, 20, 4)
(7, 21, 4)
(7, 22, 4)
(7, 23, 2)
(7, 24, 2)
(7, 25, 2)
(7, 26, 2)
(7, 27, 2)
(7, 28, 2)
(7, 29, 2)
(7, 30, 2)
(7, 31, 2)
(7, 32, 2)
(7, 33, 2)
(7, 34, 2)
(7, 35, 2)
(7, 36, 2)
(7, 37, 2)
(7, 38, 2)
(7, 39, 2)

(8, 0, 12)
(8, 1, 12)
(8, 2, 10)
(8, 3, 8)
(8, 4, 8)
(8, 5, 8)
(8, 6, 8)
(8, 7, 8)
(8, 8, 8)
(8, 9, 8)
(8, 10, 8)
(8, 11, 6)
(8, 12, 6)
(8, 13, 4)
(8, 14, 4)
(8, 15, 4)
(8, 16, 4)
(8, 17, 4)
(8, 18, 4)
(8, 19, 4)
(8, 20, 4)
(8, 21, 4)
(8, 22, 4)
(8, 23, 2)
(8, 24, 2)
(8, 25, 2)
(8, 26, 2)
(8, 27, 2)
(8, 28, 2)
(8, 29, 2)
(8, 30, 2)
(8, 31, 2)
(8, 32, 2)
(8, 33, 2)
(8, 34, 2)
(8, 35, 2)
(8, 36, 2)
(8, 37, 2)
(8, 38, 2)
(8, 39, 2)

(9, 0, 12)
(9, 1, 12)
(9, 2, 10)
(9, 3, 8)
(9, 4, 8)
(9, 5, 8)
(9, 6, 8)
(9, 7, 8)
(9, 8, 8)
(9, 9, 8)
(9, 10, 8)
(9, 11, 6)
(9, 12, 6)
(9, 13, 4)
(9, 14, 4)
(9, 15, 4)
(9, 16, 4)
(9, 17, 4)
(9, 18, 4)
(9, 19, 4)
(9, 20, 4)
(9, 21, 4)
(9, 22, 4)
(9, 23, 2)
(9, 24, 2)
(9, 25, 2)
(9, 26, 2)
(9, 27, 2)
(9, 28, 2)
(9, 29, 2)
(9, 30, 2)
(9, 31, 2)
(9, 32, 2)
(9, 33, 2)
(9, 34, 2)
(9, 35, 2)
(9, 36, 2)
(9, 37, 2)
(9, 38, 2)
(9, 39, 2)

(10, 0, 12)
(10, 1, 12)
(10, 2, 10)
(10, 3, 8)
(10, 4, 8)
(10, 5, 8)
(10, 6, 8)
(10, 7, 8)
(10, 8, 8)
(10, 9, 8)
(10, 10, 8)
(10, 11, 6)
(10, 12, 6)
(10, 13, 4)
(10, 14, 4)
(10, 15, 4)
(10, 16, 4)
(10, 17, 4)
(10, 18, 4)
(10, 19, 4)
(10, 20, 4)
(10, 21, 4)
(10, 22, 4)
(10, 23, 2)
(10, 24, 2)
(10, 25, 2)
(10, 26, 2)
(10, 27, 2)
(10, 28, 2)
(10, 29, 2)
(10, 30, 2)
(10, 31, 2)
(10, 32, 2)
(10, 33, 2)
(10, 34, 2)
(10, 35, 2)
(10, 36, 2)
(10, 37, 2)
(10, 38, 2)
(10, 39, 2)

(11, 0, 12)
(11, 1, 12)
(11, 2, 10)
(11, 3, 8)
(11, 4, 8)
(11, 5, 8)
(11, 6, 8)
(11, 7, 8)
(11, 8, 8)
(11, 9, 8)
(11, 10, 8)
(11, 11, 6)
(11, 12, 6)
(11, 13, 4)
(11, 14, 4)
(11, 15, 4)
(11, 16, 4)
(11, 17, 4)
(11, 18, 4)
(11, 19, 4)
(11, 20, 4)
(11, 21, 4)
(11, 22, 4)
(11, 23, 2)
(11, 24, 2)
(11, 25, 2)
(11, 26, 2)
(11, 27, 2)
(11, 28, 2)
(11, 29, 2)
(11, 30, 2)
(11, 31, 2)
(11, 32, 2)
(11, 33, 2)
(11, 34, 2)
(11, 35, 2)
(11, 36, 2)
(11, 37, 2)
(11, 38, 2)
(11, 39, 2)

(12, 0, 12)
(12, 1, 12)
(12, 2, 10)
(12, 3, 8)
(12, 4, 8)
(12, 5, 8)
(12, 6, 8)
(12, 7, 8)
(12, 8, 8)
(12, 9, 8)
(12, 10, 8)
(12, 11, 6)
(12, 12, 6)
(12, 13, 4)
(12, 14, 4)
(12, 15, 4)
(12, 16, 4)
(12, 17, 4)
(12, 18, 4)
(12, 19, 4)
(12, 20, 4)
(12, 21, 4)
(12, 22, 4)
(12, 23, 2)
(12, 24, 2)
(12, 25, 2)
(12, 26, 2)
(12, 27, 2)
(12, 28, 2)
(12, 29, 2)
(12, 30, 2)
(12, 31, 2)
(12, 32, 2)
(12, 33, 2)
(12, 34, 2)
(12, 35, 2)
(12, 36, 2)
(12, 37, 2)
(12, 38, 2)
(12, 39, 2)

(13, 0, 12)
(13, 1, 12)
(13, 2, 10)
(13, 3, 8)
(13, 4, 8)
(13, 5, 8)
(13, 6, 8)
(13, 7, 8)
(13, 8, 8)
(13, 9, 8)
(13, 10, 8)
(13, 11, 6)
(13, 12, 6)
(13, 13, 4)
(13, 14, 4)
(13, 15, 4)
(13, 16, 4)
(13, 17, 4)
(13, 18, 4)
(13, 19, 4)
(13, 20, 4)
(13, 21, 4)
(13, 22, 4)
(13, 23, 2)
(13, 24, 2)
(13, 25, 2)
(13, 26, 2)
(13, 27, 2)
(13, 28, 2)
(13, 29, 2)
(13, 30, 2)
(13, 31, 2)
(13, 32, 2)
(13, 33, 2)
(13, 34, 2)
(13, 35, 2)
(13, 36, 2)
(13, 37, 2)
(13, 38, 2)
(13, 39, 2)

(14, 0, 21)
(14, 1, 21)
(14, 2, 15)
(14, 3, 13)
(14, 4, 13)
(14, 5, 13)
(14, 6, 13)
(14, 7, 13)
(14, 8, 9)
(14, 9, 9)
(14, 10, 9)
(14, 11, 7)
(14, 12, 7)
(14, 13, 5)
(14, 14, 5)
(14, 15, 5)
(14, 16, 5)
(14, 17, 5)
(14, 18, 5)
(14, 19, 5)
(14, 20, 5)
(14, 21, 5)
(14, 22, 5)
(14, 23, 3)
(14, 24, 3)
(14, 25, 3)
(14, 26, 3)
(14, 27, 3)
(14, 28, 3)
(14, 29, 3)
(14, 30, 3)
(14, 31, 3)
(14, 32, 3)
(14, 33, 3)
(14, 34, 3)
(14, 35, 3)
(14, 36, 3)
(14, 37, 3)
(14, 38, 3)
(14, 39, 3)

(15, 0, 26)
(15, 1, 26)
(15, 2, 17)
(15, 3, 15)
(15, 4, 15)
(15, 5, 15)
(15, 6, 15)
(15, 7, 15)
(15, 8, 9)
(15, 9, 9)
(15, 10, 9)
(15, 11, 7)
(15, 12, 7)
(15, 13, 5)
(15, 14, 5)
(15, 15, 5)
(15, 16, 5)
(15, 17, 5)
(15, 18, 5)
(15, 19, 5)
(15, 20, 5)
(15, 21, 5)
(15, 22, 5)
(15, 23, 3)
(15, 24, 3)
(15, 25, 3)
(15, 26, 3)
(15, 27, 3)
(15, 28, 3)
(15, 29, 3)
(15, 30, 3)
(15, 31, 3)
(15, 32, 3)
(15, 33, 3)
(15, 34, 3)
(15, 35, 3)
(15, 36, 3)
(15, 37, 3)
(15, 38, 3)
(15, 39, 3)

(16, 0, 30)
(16, 1, 30)
(16, 2, 19)
(16, 3, 17)
(16, 4, 17)
(16, 5, 17)
(16, 6, 17)
(16, 7, 17)
(16, 8, 9)
(16, 9, 9)
(16, 10, 9)
(16, 11, 7)
(16, 12, 7)
(16, 13, 5)
(16, 14, 5)
(16, 15, 5)
(16, 16, 5)
(16, 17, 5)
(16, 18, 5)
(16, 19, 5)
(16, 20, 5)
(16, 21, 5)
(16, 22, 5)
(16, 23, 3)
(16, 24, 3)
(16, 25, 3)
(16, 26, 3)
(16, 27, 3)
(16, 28, 3)
(16, 29, 3)
(16, 30, 3)
(16, 31, 3)
(16, 32, 3)
(16, 33, 3)
(16, 34, 3)
(16, 35, 3)
(16, 36, 3)
(16, 37, 3)
(16, 38, 3)
(16, 39, 3)

(17, 0, 39)
(17, 1, 39)
(17, 2, 24)
(17, 3, 21)
(17, 4, 21)
(17, 5, 21)
(17, 6, 21)
(17, 7, 20)
(17, 8, 10)
(17, 9, 10)
(17, 10, 10)
(17, 11, 8)
(17, 12, 8)
(17, 13, 6)
(17, 14, 6)
(17, 15, 6)
(17, 16, 6)
(17, 17, 5)
(17, 18, 5)
(17, 19, 5)
(17, 20, 5)
(17, 21, 5)
(17, 22, 5)
(17, 23, 3)
(17, 24, 3)
(17, 25, 3)
(17, 26, 3)
(17, 27, 3)
(17, 28, 3)
(17, 29, 3)
(17, 30, 3)
(17, 31, 3)
(17, 32, 3)
(17, 33, 3)
(17, 34, 3)
(17, 35, 3)
(17, 36, 3)
(17, 37, 3)
(17, 38, 3)
(17, 39, 3)

(18, 0, 45)
(18, 1, 45)
(18, 2, 29)
(18, 3, 23)
(18, 4, 23)
(18, 5, 23)
(18, 6, 23)
(18, 7, 22)
(18, 8, 10)
(18, 9, 10)
(18, 10, 10)
(18, 11, 8)
(18, 12, 8)
(18, 13, 6)
(18, 14, 6)
(18, 15, 6)
(18, 16, 6)
(18, 17, 5)
(18, 18, 5)
(18, 19, 5)
(18, 20, 5)
(18, 21, 5)
(18, 22, 5)
(18, 23, 3)
(18, 24, 3)
(18, 25, 3)
(18, 26, 3)
(18, 27, 3)
(18, 28, 3)
(18, 29, 3)
(18, 30, 3)
(18, 31, 3)
(18, 32, 3)
(18, 33, 3)
(18, 34, 3)
(18, 35, 3)
(18, 36, 3)
(18, 37, 3)
(18, 38, 3)
(18, 39, 3)

(19, 0, 52)
(19, 1, 52)
(19, 2, 34)
(19, 3, 24)
(19, 4, 24)
(19, 5, 24)
(19, 6, 24)
(19, 7, 23)
(19, 8, 10)
(19, 9, 10)
(19, 10, 10)
(19, 11, 8)
(19, 12, 8)
(19, 13, 6)
(19, 14, 6)
(19, 15, 6)
(19, 16, 6)
(19, 17, 5)
(19, 18, 5)
(19, 19, 5)
(19, 20, 5)
(19, 21, 5)
(19, 22, 5)
(19, 23, 3)
(19, 24, 3)
(19, 25, 3)
(19, 26, 3)
(19, 27, 3)
(19, 28, 3)
(19, 29, 3)
(19, 30, 3)
(19, 31, 3)
(19, 32, 3)
(19, 33, 3)
(19, 34, 3)
(19, 35, 3)
(19, 36, 3)
(19, 37, 3)
(19, 38, 3)
(19, 39, 3)

(20, 0, 59)
(20, 1, 59)
(20, 2, 40)
(20, 3, 26)
(20, 4, 26)
(20, 5, 26)
(20, 6, 26)
(20, 7, 24)
(20, 8, 10)
(20, 9, 10)
(20, 10, 10)
(20, 11, 8)
(20, 12, 8)
(20, 13, 6)
(20, 14, 6)
(20, 15, 6)
(20, 16, 6)
(20, 17, 5)
(20, 18, 5)
(20, 19, 5)
(20, 20, 5)
(20, 21, 5)
(20, 22, 5)
(20, 23, 3)
(20, 24, 3)
(20, 25, 3)
(20, 26, 3)
(20, 27, 3)
(20, 28, 3)
(20, 29, 3)
(20, 30, 3)
(20, 31, 3)
(20, 32, 3)
(20, 33, 3)
(20, 34, 3)
(20, 35, 3)
(20, 36, 3)
(20, 37, 3)
(20, 38, 3)
(20, 39, 3)

(21, 0, 67)
(21, 1, 67)
(21, 2, 44)
(21, 3, 30)
(21, 4, 30)
(21, 5, 30)
(21, 6, 30)
(21, 7, 27)
(21, 8, 11)
(21, 9, 11)
(21, 10, 11)
(21, 11, 9)
(21, 12, 9)
(21, 13, 7)
(21, 14, 7)
(21, 15, 7)
(21, 16, 7)
(21, 17, 6)
(21, 18, 6)
(21, 19, 6)
(21, 20, 6)
(21, 21, 6)
(21, 22, 6)
(21, 23, 4)
(21, 24, 3)
(21, 25, 3)
(21, 26, 3)
(21, 27, 3)
(21, 28, 3)
(21, 29, 3)
(21, 30, 3)
(21, 31, 3)
(21, 32, 3)
(21, 33, 3)
(21, 34, 3)
(21, 35, 3)
(21, 36, 3)
(21, 37, 3)
(21, 38, 3)
(21, 39, 3)

(22, 0, 77)
(22, 1, 74)
(22, 2, 50)
(22, 3, 33)
(22, 4, 33)
(22, 5, 33)
(22, 6, 33)
(22, 7, 30)
(22, 8, 12)
(22, 9, 12)
(22, 10, 11)
(22, 11, 9)
(22, 12, 9)
(22, 13, 7)
(22, 14, 7)
(22, 15, 7)
(22, 16, 7)
(22, 17, 6)
(22, 18, 6)
(22, 19, 6)
(22, 20, 6)
(22, 21, 5)
(22, 22, 5)
(22, 23, 3)
(22, 24, 3)
(22, 25, 3)
(22, 26, 3)
(22, 27, 3)
(22, 28, 3)
(22, 29, 3)
(22, 30, 3)
(22, 31, 3)
(22, 32, 3)
(22, 33, 3)
(22, 34, 3)
(22, 35, 3)
(22, 36, 3)
(22, 37, 3)
(22, 38, 3)
(22, 39, 3)

(23, 0, 84)
(23, 1, 80)
(23, 2, 54)
(23, 3, 35)
(23, 4, 35)
(23, 5, 35)
(23, 6, 35)
(23, 7, 32)
(23, 8, 12)
(23, 9, 12)
(23, 10, 11)
(23, 11, 9)
(23, 12, 9)
(23, 13, 7)
(23, 14, 7)
(23, 15, 7)
(23, 16, 7)
(23, 17, 6)
(23, 18, 6)
(23, 19, 6)
(23, 20, 5)
(23, 21, 5)
(23, 22, 5)
(23, 23, 3)
(23, 24, 3)
(23, 25, 3)
(23, 26, 3)
(23, 27, 3)
(23, 28, 3)
(23, 29, 3)
(23, 30, 3)
(23, 31, 3)
(23, 32, 3)
(23, 33, 3)
(23, 34, 3)
(23, 35, 3)
(23, 36, 3)
(23, 37, 3)
(23, 38, 3)
(23, 39, 3)

(24, 0, 95)
(24, 1, 91)
(24, 2, 61)
(24, 3, 38)
(24, 4, 38)
(24, 5, 38)
(24, 6, 38)
(24, 7, 35)
(24, 8, 12)
(24, 9, 12)
(24, 10, 11)
(24, 11, 9)
(24, 12, 9)
(24, 13, 7)
(24, 14, 7)
(24, 15, 7)
(24, 16, 7)
(24, 17, 6)
(24, 18, 5)
(24, 19, 5)
(24, 20, 5)
(24, 21, 5)
(24, 22, 5)
(24, 23, 3)
(24, 24, 3)
(24, 25, 3)
(24, 26, 3)
(24, 27, 3)
(24, 28, 3)
(24, 29, 3)
(24, 30, 3)
(24, 31, 3)
(24, 32, 3)
(24, 33, 3)
(24, 34, 3)
(24, 35, 3)
(24, 36, 3)
(24, 37, 3)
(24, 38, 3)
(24, 39, 3)

(25, 0, 99)
(25, 1, 95)
(25, 2, 65)
(25, 3, 39)
(25, 4, 39)
(25, 5, 39)
(25, 6, 39)
(25, 7, 35)
(25, 8, 12)
(25, 9, 11)
(25, 10, 10)
(25, 11, 8)
(25, 12, 8)
(25, 13, 6)
(25, 14, 6)
(25, 15, 6)
(25, 16, 6)
(25, 17, 5)
(25, 18, 5)
(25, 19, 5)
(25, 20, 5)
(25, 21, 5)
(25, 22, 5)
(25, 23, 3)
(25, 24, 3)
(25, 25, 3)
(25, 26, 3)
(25, 27, 3)
(25, 28, 3)
(25, 29, 3)
(25, 30, 3)
(25, 31, 3)
(25, 32, 3)
(25, 33, 3)
(25, 34, 3)
(25, 35, 3)
(25, 36, 3)
(25, 37, 3)
(25, 38, 3)
(25, 39, 3)

(26, 0, 99)
(26, 1, 95)
(26, 2, 65)
(26, 3, 39)
(26, 4, 39)
(26, 5, 39)
(26, 6, 39)
(26, 7, 35)
(26, 8, 12)
(26, 9, 11)
(26, 10, 10)
(26, 11, 8)
(26, 12, 8)
(26, 13, 6)
(26, 14, 6)
(26, 15, 6)
(26, 16, 6)
(26, 17, 5)
(26, 18, 5)
(26, 19, 5)
(26, 20, 5)
(26, 21, 5)
(26, 22, 5)
(26, 23, 3)
(26, 24, 3)
(26, 25, 3)
(26, 26, 3)
(26, 27, 3)
(26, 28, 3)
(26, 29, 3)
(26, 30, 3)
(26, 31, 3)
(26, 32, 3)
(26, 33, 3)
(26, 34, 3)
(26, 35, 3)
(26, 36, 3)
(26, 37, 3)
(26, 38, 3)
(26, 39, 3)

(27, 0, 99)
(27, 1, 95)
(27, 2, 65)
(27, 3, 39)
(27, 4, 39)
(27, 5, 39)
(27, 6, 39)
(27, 7, 35)
(27, 8, 12)
(27, 9, 11)
(27, 10, 10)
(27, 11, 8)
(27, 12, 8)
(27, 13, 6)
(27, 14, 6)
(27, 15, 6)
(27, 16, 6)
(27, 17, 5)
(27, 18, 5)
(27, 19, 5)
(27, 20, 5)
(27, 21, 5)
(27, 22, 5)
(27, 23, 3)
(27, 24, 3)
(27, 25, 3)
(27, 26, 3)
(27, 27, 3)
(27, 28, 3)
(27, 29, 3)
(27, 30, 3)
(27, 31, 3)
(27, 32, 3)
(27, 33, 3)
(27, 34, 3)
(27, 35, 3)
(27, 36, 3)
(27, 37, 3)
(27, 38, 3)
(27, 39, 3)

(28, 0, 99)
(28, 1, 95)
(28, 2, 65)
(28, 3, 39)
(28, 4, 39)
(28, 5, 39)
(28, 6, 39)
(28, 7, 35)
(28, 8, 12)
(28, 9, 11)
(28, 10, 10)
(28, 11, 8)
(28, 12, 8)
(28, 13, 6)
(28, 14, 6)
(28, 15, 6)
(28, 16, 6)
(28, 17, 5)
(28, 18, 5)
(28, 19, 5)
(28, 20, 5)
(28, 21, 5)
(28, 22, 5)
(28, 23, 3)
(28, 24, 3)
(28, 25, 3)
(28, 26, 3)
(28, 27, 3)
(28, 28, 3)
(28, 29, 3)
(28, 30, 3)
(28, 31, 3)
(28, 32, 3)
(28, 33, 3)
(28, 34, 3)
(28, 35, 3)
(28, 36, 3)
(28, 37, 3)
(28, 38, 3)
(28, 39, 3)

(29, 0, 99)
(29, 1, 95)
(29, 2, 65)
(29, 3, 39)
(29, 4, 39)
(29, 5, 39)
(29, 6, 39)
(29, 7, 35)
(29, 8, 12)
(29, 9, 11)
(29, 10, 10)
(29, 11, 8)
(29, 12, 8)
(29, 13, 6)
(29, 14, 6)
(29, 15, 6)
(29, 16, 6)
(29, 17, 5)
(29, 18, 5)
(29, 19, 5)
(29, 20, 5)
(29, 21, 5)
(29, 22, 5)
(29, 23, 3)
(29, 24, 3)
(29, 25, 3)
(29, 26, 3)
(29, 27, 3)
(29, 28, 3)
(29, 29, 3)
(29, 30, 3)
(29, 31, 3)
(29, 32, 3)
(29, 33, 3)
(29, 34, 3)
(29, 35, 3)
(29, 36, 3)
(29, 37, 3)
(29, 38, 3)
(29, 39, 3)

(30, 0, 100)
(30, 1, 96)
(30, 2, 66)
(30, 3, 40)
(30, 4, 40)
(30, 5, 40)
(30, 6, 40)
(30, 7, 36)
(30, 8, 13)
(30, 9, 12)
(30, 10, 11)
(30, 11, 9)
(30, 12, 9)
(30, 13, 7)
(30, 14, 7)
(30, 15, 7)
(30, 16, 7)
(30, 17, 6)
(30, 18, 6)
(30, 19, 6)
(30, 20, 6)
(30, 21, 6)
(30, 22, 6)
(30, 23, 4)
(30, 24, 4)
(30, 25, 4)
(30, 26, 4)
(30, 27, 4)
(30, 28, 4)
(30, 29, 4)
(30, 30, 4)
(30, 31, 4)
(30, 32, 4)
(30, 33, 4)
(30, 34, 4)
(30, 35, 4)
(30, 36, 4)
(30, 37, 4)
(30, 38, 4)
(30, 39, 4)

(31, 0, 105)
(31, 1, 101)
(31, 2, 70)
(31, 3, 43)
(31, 4, 43)
(31, 5, 43)
(31, 6, 43)
(31, 7, 39)
(31, 8, 16)
(31, 9, 15)
(31, 10, 14)
(31, 11, 11)
(31, 12, 11)
(31, 13, 8)
(31, 14, 8)
(31, 15, 8)
(31, 16, 8)
(31, 17, 7)
(31, 18, 7)
(31, 19, 7)
(31, 20, 7)
(31, 21, 7)
(31, 22, 7)
(31, 23, 4)
(31, 24, 4)
(31, 25, 4)
(31, 26, 4)
(31, 27, 4)
(31, 28, 4)
(31, 29, 4)
(31, 30, 4)
(31, 31, 4)
(31, 32, 4)
(31, 33, 4)
(31, 34, 4)
(31, 35, 4)
(31, 36, 4)
(31, 37, 4)
(31, 38, 4)
(31, 39, 4)

(32, 0, 105)
(32, 1, 101)
(32, 2, 70)
(32, 3, 43)
(32, 4, 43)
(32, 5, 43)
(32, 6, 43)
(32, 7, 39)
(32, 8, 16)
(32, 9, 15)
(32, 10, 14)
(32, 11, 11)
(32, 12, 11)
(32, 13, 8)
(32, 14, 8)
(32, 15, 8)
(32, 16, 8)
(32, 17, 7)
(32, 18, 7)
(32, 19, 7)
(32, 20, 7)
(32, 21, 7)
(32, 22, 7)
(32, 23, 4)
(32, 24, 4)
(32, 25, 4)
(32, 26, 4)
(32, 27, 4)
(32, 28, 4)
(32, 29, 4)
(32, 30, 4)
(32, 31, 4)
(32, 32, 4)
(32, 33, 4)
(32, 34, 4)
(32, 35, 4)
(32, 36, 4)
(32, 37, 4)
(32, 38, 4)
(32, 39, 4)

(33, 0, 105)
(33, 1, 101)
(33, 2, 70)
(33, 3, 43)
(33, 4, 43)
(33, 5, 43)
(33, 6, 43)
(33, 7, 39)
(33, 8, 16)
(33, 9, 15)
(33, 10, 14)
(33, 11, 11)
(33, 12, 11)
(33, 13, 8)
(33, 14, 8)
(33, 15, 8)
(33, 16, 8)
(33, 17, 7)
(33, 18, 7)
(33, 19, 7)
(33, 20, 7)
(33, 21, 7)
(33, 22, 7)
(33, 23, 4)
(33, 24, 4)
(33, 25, 4)
(33, 26, 4)
(33, 27, 4)
(33, 28, 4)
(33, 29, 4)
(33, 30, 4)
(33, 31, 4)
(33, 32, 4)
(33, 33, 4)
(33, 34, 4)
(33, 35, 4)
(33, 36, 4)
(33, 37, 4)
(33, 38, 4)
(33, 39, 4)

(34, 0, 105)
(34, 1, 101)
(34, 2, 70)
(34, 3, 43)
(34, 4, 43)
(34, 5, 43)
(34, 6, 43)
(34, 7, 39)
(34, 8, 16)
(34, 9, 15)
(34, 10, 14)
(34, 11, 11)
(34, 12, 11)
(34, 13, 8)
(34, 14, 8)
(34, 15, 8)
(34, 16, 8)
(34, 17, 7)
(34, 18, 7)
(34, 19, 7)
(34, 20, 7)
(34, 21, 7)
(34, 22, 7)
(34, 23, 4)
(34, 24, 4)
(34, 25, 4)
(34, 26, 4)
(34, 27, 4)
(34, 28, 4)
(34, 29, 4)
(34, 30, 4)
(34, 31, 4)
(34, 32, 4)
(34, 33, 4)
(34, 34, 4)
(34, 35, 4)
(34, 36, 4)
(34, 37, 4)
(34, 38, 4)
(34, 39, 4)

(35, 0, 105)
(35, 1, 101)
(35, 2, 70)
(35, 3, 43)
(35, 4, 43)
(35, 5, 43)
(35, 6, 43)
(35, 7, 39)
(35, 8, 16)
(35, 9, 15)
(35, 10, 14)
(35, 11, 11)
(35, 12, 11)
(35, 13, 8)
(35, 14, 8)
(35, 15, 8)
(35, 16, 8)
(35, 17, 7)
(35, 18, 7)
(35, 19, 7)
(35, 20, 7)
(35, 21, 7)
(35, 22, 7)
(35, 23, 4)
(35, 24, 4)
(35, 25, 4)
(35, 26, 4)
(35, 27, 4)
(35, 28, 4)
(35, 29, 4)
(35, 30, 4)
(35, 31, 4)
(35, 32, 4)
(35, 33, 4)
(35, 34, 4)
(35, 35, 4)
(35, 36, 4)
(35, 37, 4)
(35, 38, 4)
(35, 39, 4)

(36, 0, 105)
(36, 1, 101)
(36, 2, 70)
(36, 3, 43)
(36, 4, 43)
(36, 5, 43)
(36, 6, 43)
(36, 7, 39)
(36, 8, 16)
(36, 9, 15)
(36, 10, 14)
(36, 11, 11)
(36, 12, 11)
(36, 13, 8)
(36, 14, 8)
(36, 15, 8)
(36, 16, 8)
(36, 17, 7)
(36, 18, 7)
(36, 19, 7)
(36, 20, 7)
(36, 21, 7)
(36, 22, 7)
(36, 23, 4)
(36, 24, 4)
(36, 25, 4)
(36, 26, 4)
(36, 27, 4)
(36, 28, 4)
(36, 29, 4)
(36, 30, 4)
(36, 31, 4)
(36, 32, 4)
(36, 33, 4)
(36, 34, 4)
(36, 35, 4)
(36, 36, 4)
(36, 37, 4)
(36, 38, 4)
(36, 39, 4)

(37, 0, 105)
(37, 1, 101)
(37, 2, 70)
(37, 3, 43)
(37, 4, 43)
(37, 5, 43)
(37, 6, 43)
(37, 7, 39)
(37, 8, 16)
(37, 9, 15)
(37, 10, 14)
(37, 11, 11)
(37, 12, 11)
(37, 13, 8)
(37, 14, 8)
(37, 15, 8)
(37, 16, 8)
(37, 17, 7)
(37, 18, 7)
(37, 19, 7)
(37, 20, 7)
(37, 21, 7)
(37, 22, 7)
(37, 23, 4)
(37, 24, 4)
(37, 25, 4)
(37, 26, 4)
(37, 27, 4)
(37, 28, 4)
(37, 29, 4)
(37, 30, 4)
(37, 31, 4)
(37, 32, 4)
(37, 33, 4)
(37, 34, 4)
(37, 35, 4)
(37, 36, 4)
(37, 37, 4)
(37, 38, 4)
(37, 39, 4)

(38, 0, 109)
(38, 1, 105)
(38, 2, 73)
(38, 3, 45)
(38, 4, 45)
(38, 5, 45)
(38, 6, 45)
(38, 7, 41)
(38, 8, 18)
(38, 9, 17)
(38, 10, 16)
(38, 11, 12)
(38, 12, 12)
(38, 13, 9)
(38, 14, 9)
(38, 15, 9)
(38, 16, 9)
(38, 17, 8)
(38, 18, 8)
(38, 19, 8)
(38, 20, 8)
(38, 21, 8)
(38, 22, 8)
(38, 23, 5)
(38, 24, 5)
(38, 25, 5)
(38, 26, 5)
(38, 27, 5)
(38, 28, 5)
(38, 29, 5)
(38, 30, 5)
(38, 31, 5)
(38, 32, 5)
(38, 33, 5)
(38, 34, 5)
(38, 35, 5)
(38, 36, 5)
(38, 37, 5)
(38, 38, 5)
(38, 39, 5)

(39, 0, 111)
(39, 1, 107)
(39, 2, 75)
(39, 3, 47)
(39, 4, 47)
(39, 5, 47)
(39, 6, 47)
(39, 7, 43)
(39, 8, 20)
(39, 9, 19)
(39, 10, 18)
(39, 11, 14)
(39, 12, 14)
(39, 13, 10)
(39, 14, 10)
(39, 15, 10)
(39, 16, 10)
(39, 17, 9)
(39, 18, 9)
(39, 19, 9)
(39, 20, 9)
(39, 21, 9)
(39, 22, 9)
(39, 23, 5)
(39, 24, 5)
(39, 25, 5)
(39, 26, 5)
(39, 27, 5)
(39, 28, 5)
(39, 29, 5)
(39, 30, 5)
(39, 31, 5)
(39, 32, 5)
(39, 33, 5)
(39, 34, 5)
(39, 35, 5)
(39, 36, 5)
(39, 37, 5)
(39, 38, 5)
(39, 39, 5)


Betti numbers:
xi_0:
(0, 0, 2)
(2, 0, 2)
(4, 0, 4)
(6, 0, 4)
(14, 0, 9)
(15, 0, 5)
(16, 0, 4)
(17, 0, 9)
(18, 0, 6)
(19, 0, 7)
(20, 0, 7)
(21, 0, 8)
(22, 0, 10)
(23, 0, 7)
(24, 0, 11)
(25, 0, 4)
(30, 0, 1)
(31, 0, 5)
(38, 0, 4)
(39, 0, 2)
xi_1:
(0, 13, 1)
(2, 13, 1)
(4, 2, 1)
(4, 3, 1)
(4, 11, 1)
(4, 23, 1)
(6, 2, 1)
(6, 3, 1)
(6, 11, 1)
(6, 23, 1)
(14, 2, 4)
(14, 8, 4)
(15, 2, 3)
(15, 8, 2)
(16, 2, 2)
(16, 8, 2)
(17, 2, 4)
(17, 3, 1)
(17, 7, 1)
(17, 8, 2)
(17, 17, 1)
(18, 2, 1)
(18, 3, 3)
(18, 8, 2)
(19, 2, 2)
(19, 3, 4)
(19, 8, 1)
(20, 2, 1)
(20, 3, 4)
(20, 7, 1)
(20, 8, 1)
(21, 2, 4)
(21, 7, 1)
(21, 8, 2)
(21, 24, 1)
(22, 1, 3)
(22, 2, 1)
(22, 3, 3)
(22, 8, 2)
(22, 10, 1)
(22, 21, 1)
(23, 1, 1)
(23, 2, 2)
(23, 3, 2)
(23, 8, 2)
(23, 20, 1)
(24, 2, 4)
(24, 3, 4)
(24, 8, 3)
(24, 18, 1)
(25, 3, 3)
(25, 7, 1)
(25, 9, 1)
(31, 2, 1)
(31, 3, 1)
(31, 11, 1)
(31, 13, 1)
(31, 23, 1)
(38, 2, 1)
(38, 3, 1)
(38, 11, 1)
(39, 13, 1)
(39, 23, 1)
xi_2:
(22, 24, 1)
(23, 21, 1)
(24, 20, 1)
(25, 18, 1)
