x-grades
-21389950592902424353/4000000000000000000
-10435186767579614353/2000000000000000000
-20350796477416033059/4000000000000000000
-4957804854918209353/1000000000000000000
-3862328472385928353/800000000000000000
-9396032652093223059/2000000000000000000
-18272488246443250471/4000000000000000000
-2219113898587506853/500000000000000000
-17233334130956859177/4000000000000000000
-1671375707321366353/400000000000000000
-16194180015470467883/4000000000000000000
-3918650739431818059/1000000000000000000
-15155025899984076589/4000000000000000000
-7317724421120440471/2000000000000000000
-2823174356899537059/800000000000000000
-849768420422155603/250000000000000000
-13076717669011294001/4000000000000000000
-6278570305634049177/2000000000000000000
-12037563553524902707/4000000000000000000
-575899324789085353/200000000000000000
-10998409438038511413/4000000000000000000
-5239416190147657883/2000000000000000000
-9959255322552120119/4000000000000000000
-1179959783101115559/500000000000000000
-356804048282629153/160000000000000000
-4200262074661266589/2000000000000000000
-7880947091579337531/4000000000000000000
-1840342508459035471/1000000000000000000
-6841792976092946237/4000000000000000000
-632221591834975059/400000000000000000
-5802638860606554943/4000000000000000000
-82547840669739989/62500000000000000
-4763484745120163649/4000000000000000000
-2121953843688484001/2000000000000000000
-744866125926754471/800000000000000000
-801188392972644177/1000000000000000000
-2685176514147381061/4000000000000000000
-1082799728202092707/2000000000000000000
-1646022398660989767/4000000000000000000
-28161133522944853/100000000000000000

y-grades
999997/400000
999997/200000
2999991/400000
999997/100000
999997/80000
2999991/200000
6999979/400000
999997/50000
8999973/400000
999997/40000
10999967/400000
2999991/100000
12999961/400000
6999979/200000
2999991/80000
999997/25000
16999949/400000
8999973/200000
18999943/400000
999997/20000
20999937/400000
10999967/200000
22999931/400000
2999991/50000
999997/16000
12999961/200000
26999919/400000
6999979/100000
28999913/400000
2999991/40000
30999907/400000
999997/12500
32999901/400000
16999949/200000
6999979/80000
8999973/100000
36999889/400000
18999943/200000
38999883/400000
999997/10000

Dimensions > 0:
(0, 0, 1)
(0, 1, 1)
(0, 2, 1)
(0, 3, 1)
(0, 4, 1)
(0, 5, 1)
(0, 6, 1)
(0, 7, 1)
(0, 8, 1)
(0, 9, 1)
(0, 10, 1)
(0, 11, 1)
(0, 12, 1)
(0, 13, 1)
(0, 14, 1)
(0, 15, 1)
(0, 16, 1)
(0, 17, 1)
(0, 18, 1)
(0, 19, 1)
(0, 20, 1)
(0, 21, 1)
(0, 22, 1)
(0, 23, 1)
(0, 24, 1)
(0, 25, 1)
(0, 26, 1)
(0, 27, 1)
(0, 28, 1)
(0, 29, 1)
(0, 30, 1)
(0, 31, 1)
(0, 32, 1)
(0, 33, 1)
(0, 34, 1)
(0, 35, 1)
(0, 36, 1)
(0, 37, 1)
(0, 38, 1)
(0, 39, 1)

(1, 0, 2)
(1, 1, 2)
(1, 2, 2)
(1, 3, 2)
(1, 4, 2)
(1, 5, 2)
(1, 6, 2)
(1, 7, 2)
(1, 8, 2)
(1, 9, 2)
(1, 10, 2)
(1, 11, 2)
(1, 12, 2)
(1, 13, 2)
(1, 14, 2)
(1, 15, 2)
(1, 16, 2)
(1, 17, 2)
(1, 18, 2)
(1, 19, 2)
(1, 20, 2)
(1, 21, 2)
(1, 22, 2)
(1, 23, 2)
(1, 24, 2)
(1, 25, 2)
(1, 26, 2)
(1, 27, 2)
(1, 28, 2)
(1, 29, 2)
(1, 30, 2)
(1, 31, 2)
(1, 32, 2)
(1, 33, 2)
(1, 34, 2)
(1, 35, 2)
(1, 36, 2)
(1, 37, 1)
(1, 38, 1)
(1, 39, 1)

(2, 0, 2)
(2, 1, 2)
(2, 2, 2)
(2, 3, 2)
(2, 4, 2)
(2, 5, 2)
(2, 6, 2)
(2, 7, 2)
(2, 8, 2)
(2, 9, 2)
(2, 10, 2)
(2, 11, 2)
(2, 12, 2)
(2, 13, 2)
(2, 14, 2)
(2, 15, 2)
(2, 16, 2)
(2, 17, 2)
(2, 18, 2)
(2, 19, 2)
(2, 20, 2)
(2, 21, 2)
(2, 22, 2)
(2, 23, 2)
(2, 24, 2)
(2, 25, 2)
(2, 26, 2)
(2, 27, 2)
(2, 28, 2)
(2, 29, 2)
(2, 30, 2)
(2, 31, 2)
(2, 32, 2)
(2, 33, 2)
(2, 34, 2)
(2, 35, 2)
(2, 36, 2)
(2, 37, 1)
(2, 38, 1)
(2, 39, 1)

(3, 0, 5)
(3, 1, 5)
(3, 2, 4)
(3, 3, 4)
(3, 4, 4)
(3, 5, 3)
(3, 6, 3)
(3, 7, 3)
(3, 8, 3)
(3, 9, 3)
(3, 10, 3)
(3, 11, 3)
(3, 12, 3)
(3, 13, 2)
(3, 14, 2)
(3, 15, 2)
(3, 16, 2)
(3, 17, 2)
(3, 18, 1)
(3, 19, 1)
(3, 20, 1)
(3, 21, 1)
(3, 22, 1)
(3, 23, 1)
(3, 24, 1)
(3, 25, 1)
(3, 26, 1)
(3, 27, 1)
(3, 28, 1)
(3, 29, 1)
(3, 30, 1)
(3, 31, 1)
(3, 32, 1)
(3, 33, 1)
(3, 34, 1)
(3, 35, 1)
(3, 36, 1)
(3, 37, 1)
(3, 38, 1)
(3, 39, 1)

(4, 0, 20)
(4, 1, 8)
(4, 2, 5)
(4, 3, 3)
(4, 4, 3)
(4, 5, 3)
(4, 6, 3)
(4, 7, 3)
(4, 8, 2)
(4, 9, 2)
(4, 10, 2)
(4, 11, 2)
(4, 12, 2)
(4, 13, 2)
(4, 14, 2)
(4, 15, 2)
(4, 16, 2)
(4, 17, 2)
(4, 18, 1)
(4, 19, 1)
(4, 20, 1)
(4, 21, 1)
(4, 22, 1)
(4, 23, 1)
(4, 24, 1)
(4, 25, 1)
(4, 26, 1)
(4, 27, 1)
(4, 28, 1)
(4, 29, 1)
(4, 30, 1)
(4, 31, 1)
(4, 32, 1)
(4, 33, 1)
(4, 34, 1)
(4, 35, 1)
(4, 36, 1)
(4, 37, 1)
(4, 38, 1)
(4, 39, 1)

(5, 0, 40)
(5, 1, 9)
(5, 2, 3)
(5, 3, 3)
(5, 4, 3)
(5, 5, 3)
(5, 6, 3)
(5, 7, 3)
(5, 8, 2)
(5, 9, 2)
(5, 10, 2)
(5, 11, 2)
(5, 12, 2)
(5, 13, 2)
(5, 14, 2)
(5, 15, 2)
(5, 16, 2)
(5, 17, 1)
(5, 18, 1)
(5, 19, 1)
(5, 20, 1)
(5, 21, 1)
(5, 22, 1)
(5, 23, 1)
(5, 24, 1)
(5, 25, 1)
(5, 26, 1)
(5, 27, 1)
(5, 28, 1)
(5, 29, 1)
(5, 30, 1)
(5, 31, 1)
(5, 32, 1)
(5, 33, 1)
(5, 34, 1)
(5, 35, 1)
(5, 36, 1)
(5, 37, 1)
(5, 38, 1)
(5, 39, 1)

(6, 0, 57)
(6, 1, 14)
(6, 2, 4)
(6, 3, 4)
(6, 4, 4)
(6, 5, 4)
(6, 6, 4)
(6, 7, 3)
(6, 8, 2)
(6, 9, 2)
(6, 10, 2)
(6, 11, 2)
(6, 12, 2)
(6, 13, 1)
(6, 14, 1)
(6, 15, 1)
(6, 16, 1)
(6, 17, 1)
(6, 18, 1)
(6, 19, 1)
(6, 20, 1)
(6, 21, 1)
(6, 22, 1)
(6, 23, 1)
(6, 24, 1)
(6, 25, 1)
(6, 26, 1)
(6, 27, 1)
(6, 28, 1)
(6, 29, 1)
(6, 30, 1)
(6, 31, 1)
(6, 32, 1)
(6, 33, 1)
(6, 34, 1)
(6, 35, 1)
(6, 36, 1)
(6, 37, 1)
(6, 38, 1)
(6, 39, 1)

(7, 0, 71)
(7, 1, 16)
(7, 2, 4)
(7, 3, 4)
(7, 4, 4)
(7, 5, 4)
(7, 6, 4)
(7, 7, 3)
(7, 8, 2)
(7, 9, 2)
(7, 10, 2)
(7, 11, 2)
(7, 12, 2)
(7, 13, 1)
(7, 14, 1)
(7, 15, 1)
(7, 16, 1)
(7, 17, 1)
(7, 18, 1)
(7, 19, 1)
(7, 20, 1)
(7, 21, 1)
(7, 22, 1)
(7, 23, 1)
(7, 24, 1)
(7, 25, 1)
(7, 26, 1)
(7, 27, 1)
(7, 28, 1)
(7, 29, 1)
(7, 30, 1)
(7, 31, 1)
(7, 32, 1)
(7, 33, 1)
(7, 34, 1)
(7, 35, 1)
(7, 36, 1)
(7, 37, 1)
(7, 38, 1)
(7, 39, 1)

(8, 0, 84)
(8, 1, 16)
(8, 2, 4)
(8, 3, 4)
(8, 4, 4)
(8, 5, 4)
(8, 6, 4)
(8, 7, 3)
(8, 8, 2)
(8, 9, 2)
(8, 10, 2)
(8, 11, 2)
(8, 12, 2)
(8, 13, 1)
(8, 14, 1)
(8, 15, 1)
(8, 16, 1)
(8, 17, 1)
(8, 18, 1)
(8, 19, 1)
(8, 20, 1)
(8, 21, 1)
(8, 22, 1)
(8, 23, 1)
(8, 24, 1)
(8, 25, 1)
(8, 26, 1)
(8, 27, 1)
(8, 28, 1)
(8, 29, 1)
(8, 30, 1)
(8, 31, 1)
(8, 32, 1)
(8, 33, 1)
(8, 34, 1)
(8, 35, 1)
(8, 36, 1)
(8, 37, 1)
(8, 38, 1)
(8, 39, 1)

(9, 0, 98)
(9, 1, 18)
(9, 2, 4)
(9, 3, 4)
(9, 4, 4)
(9, 5, 4)
(9, 6, 4)
(9, 7, 3)
(9, 8, 2)
(9, 9, 2)
(9, 10, 2)
(9, 11, 2)
(9, 12, 2)
(9, 13, 1)
(9, 14, 1)
(9, 15, 1)
(9, 16, 1)
(9, 17, 1)
(9, 18, 1)
(9, 19, 1)
(9, 20, 1)
(9, 21, 1)
(9, 22, 1)
(9, 23, 1)
(9, 24, 1)
(9, 25, 1)
(9, 26, 1)
(9, 27, 1)
(9, 28, 1)
(9, 29, 1)
(9, 30, 1)
(9, 31, 1)
(9, 32, 1)
(9, 33, 1)
(9, 34, 1)
(9, 35, 1)
(9, 36, 1)
(9, 37, 1)
(9, 38, 1)
(9, 39, 1)

(10, 0, 110)
(10, 1, 21)
(10, 2, 5)
(10, 3, 5)
(10, 4, 5)
(10, 5, 5)
(10, 6, 4)
(10, 7, 3)
(10, 8, 2)
(10, 9, 2)
(10, 10, 2)
(10, 11, 2)
(10, 12, 2)
(10, 13, 1)
(10, 14, 1)
(10, 15, 1)
(10, 16, 1)
(10, 17, 1)
(10, 18, 1)
(10, 19, 1)
(10, 20, 1)
(10, 21, 1)
(10, 22, 1)
(10, 23, 1)
(10, 24, 1)
(10, 25, 1)
(10, 26, 1)
(10, 27, 1)
(10, 28, 1)
(10, 29, 1)
(10, 30, 1)
(10, 31, 1)
(10, 32, 1)
(10, 33, 1)
(10, 34, 1)
(10, 35, 1)
(10, 36, 1)
(10, 37, 1)
(10, 38, 1)
(10, 39, 1)

(11, 0, 125)
(11, 1, 23)
(11, 2, 5)
(11, 3, 4)
(11, 4, 4)
(11, 5, 4)
(11, 6, 4)
(11, 7, 3)
(11, 8, 2)
(11, 9, 2)
(11, 10, 2)
(11, 11, 2)
(11, 12, 2)
(11, 13, 1)
(11, 14, 1)
(11, 15, 1)
(11, 16, 1)
(11, 17, 1)
(11, 18, 1)
(11, 19, 1)
(11, 20, 1)
(11, 21, 1)
(11, 22, 1)
(11, 23, 1)
(11, 24, 1)
(11, 25, 1)
(11, 26, 1)
(11, 27, 1)
(11, 28, 1)
(11, 29, 1)
(11, 30, 1)
(11, 31, 1)
(11, 32, 1)
(11, 33, 1)
(11, 34, 1)
(11, 35, 1)
(11, 36, 1)
(11, 37, 1)
(11, 38, 1)
(11, 39, 1)

(12, 0, 134)
(12, 1, 27)
(12, 2, 5)
(12, 3, 4)
(12, 4, 4)
(12, 5, 4)
(12, 6, 4)
(12, 7, 3)
(12, 8, 2)
(12, 9, 2)
(12, 10, 2)
(12, 11, 2)
(12, 12, 2)
(12, 13, 1)
(12, 14, 1)
(12, 15, 1)
(12, 16, 1)
(12, 17, 1)
(12, 18, 1)
(12, 19, 1)
(12, 20, 1)
(12, 21, 1)
(12, 22, 1)
(12, 23, 1)
(12, 24, 1)
(12, 25, 1)
(12, 26, 1)
(12, 27, 1)
(12, 28, 1)
(12, 29, 1)
(12, 30, 1)
(12, 31, 1)
(12, 32, 1)
(12, 33, 1)
(12, 34, 1)
(12, 35, 1)
(12, 36, 1)
(12, 37, 1)
(12, 38, 1)
(12, 39, 1)

(13, 0, 146)
(13, 1, 30)
(13, 2, 5)
(13, 3, 4)
(13, 4, 4)
(13, 5, 4)
(13, 6, 4)
(13, 7, 3)
(13, 8, 2)
(13, 9, 2)
(13, 10, 2)
(13, 11, 2)
(13, 12, 2)
(13, 13, 1)
(13, 14, 1)
(13, 15, 1)
(13, 16, 1)
(13, 17, 1)
(13, 18, 1)
(13, 19, 1)
(13, 20, 1)
(13, 21, 1)
(13, 22, 1)
(13, 23, 1)
(13, 24, 1)
(13, 25, 1)
(13, 26, 1)
(13, 27, 1)
(13, 28, 1)
(13, 29, 1)
(13, 30, 1)
(13, 31, 1)
(13, 32, 1)
(13, 33, 1)
(13, 34, 1)
(13, 35, 1)
(13, 36, 1)
(13, 37, 1)
(13, 38, 1)
(13, 39, 1)

(14, 0, 155)
(14, 1, 31)
(14, 2, 6)
(14, 3, 4)
(14, 4, 4)
(14, 5, 4)
(14, 6, 4)
(14, 7, 3)
(14, 8, 2)
(14, 9, 2)
(14, 10, 2)
(14, 11, 2)
(14, 12, 2)
(14, 13, 1)
(14, 14, 1)
(14, 15, 1)
(14, 16, 1)
(14, 17, 1)
(14, 18, 1)
(14, 19, 1)
(14, 20, 1)
(14, 21, 1)
(14, 22, 1)
(14, 23, 1)
(14, 24, 1)
(14, 25, 1)
(14, 26, 1)
(14, 27, 1)
(14, 28, 1)
(14, 29, 1)
(14, 30, 1)
(14, 31, 1)
(14, 32, 1)
(14, 33, 1)
(14, 34, 1)
(14, 35, 1)
(14, 36, 1)
(14, 37, 1)
(14, 38, 1)
(14, 39, 1)

(15, 0, 168)
(15, 1, 33)
(15, 2, 5)
(15, 3, 4)
(15, 4, 4)
(15, 5, 4)
(15, 6, 4)
(15, 7, 3)
(15, 8, 2)
(15, 9, 2)
(15, 10, 2)
(15, 11, 2)
(15, 12, 2)
(15, 13, 1)
(15, 14, 1)
(15, 15, 1)
(15, 16, 1)
(15, 17, 1)
(15, 18, 1)
(15, 19, 1)
(15, 20, 1)
(15, 21, 1)
(15, 22, 1)
(15, 23, 1)
(15, 24, 1)
(15, 25, 1)
(15, 26, 1)
(15, 27, 1)
(15, 28, 1)
(15, 29, 1)
(15, 30, 1)
(15, 31, 1)
(15, 32, 1)
(15, 33, 1)
(15, 34, 1)
(15, 35, 1)
(15, 36, 1)
(15, 37, 1)
(15, 38, 1)
(15, 39, 1)

(16, 0, 177)
(16, 1, 37)
(16, 2, 5)
(16, 3, 4)
(16, 4, 4)
(16, 5, 4)
(16, 6, 4)
(16, 7, 3)
(16, 8, 2)
(16, 9, 2)
(16, 10, 2)
(16, 11, 2)
(16, 12, 2)
(16, 13, 1)
(16, 14, 1)
(16, 15, 1)
(16, 16, 1)
(16, 17, 1)
(16, 18, 1)
(16, 19, 1)
(16, 20, 1)
(16, 21, 1)
(16, 22, 1)
(16, 23, 1)
(16, 24, 1)
(16, 25, 1)
(16, 26, 1)
(16, 27, 1)
(16, 28, 1)
(16, 29, 1)
(16, 30, 1)
(16, 31, 1)
(16, 32, 1)
(16, 33, 1)
(16, 34, 1)
(16, 35, 1)
(16, 36, 1)
(16, 37, 1)
(16, 38, 1)
(16, 39, 1)

(17, 0, 189)
(17, 1, 41)
(17, 2, 5)
(17, 3, 4)
(17, 4, 4)
(17, 5, 4)
(17, 6, 4)
(17, 7, 3)
(17, 8, 2)
(17, 9, 2)
(17, 10, 2)
(17, 11, 2)
(17, 12, 2)
(17, 13, 1)
(17, 14, 1)
(17, 15, 1)
(17, 16, 1)
(17, 17, 1)
(17, 18, 1)
(17, 19, 1)
(17, 20, 1)
(17, 21, 1)
(17, 22, 1)
(17, 23, 1)
(17, 24, 1)
(17, 25, 1)
(17, 26, 1)
(17, 27, 1)
(17, 28, 1)
(17, 29, 1)
(17, 30, 1)
(17, 31, 1)
(17, 32, 1)
(17, 33, 1)
(17, 34, 1)
(17, 35, 1)
(17, 36, 1)
(17, 37, 1)
(17, 38, 1)
(17, 39, 1)

(18, 0, 199)
(18, 1, 44)
(18, 2, 5)
(18, 3, 4)
(18, 4, 4)
(18, 5, 4)
(18, 6, 4)
(18, 7, 3)
(18, 8, 2)
(18, 9, 2)
(18, 10, 2)
(18, 11, 2)
(18, 12, 2)
(18, 13, 1)
(18, 14, 1)
(18, 15, 1)
(18, 16, 1)
(18, 17, 1)
(18, 18, 1)
(18, 19, 1)
(18, 20, 1)
(18, 21, 1)
(18, 22, 1)
(18, 23, 1)
(18, 24, 1)
(18, 25, 1)
(18, 26, 1)
(18, 27, 1)
(18, 28, 1)
(18, 29, 1)
(18, 30, 1)
(18, 31, 1)
(18, 32, 1)
(18, 33, 1)
(18, 34, 1)
(18, 35, 1)
(18, 36, 1)
(18, 37, 1)
(18, 38, 1)
(18, 39, 1)

(19, 0, 211)
(19, 1, 45)
(19, 2, 5)
(19, 3, 4)
(19, 4, 4)
(19, 5, 4)
(19, 6, 4)
(19, 7, 3)
(19, 8, 2)
(19, 9, 2)
(19, 10, 2)
(19, 11, 2)
(19, 12, 2)
(19, 13, 1)
(19, 14, 1)
(19, 15, 1)
(19, 16, 1)
(19, 17, 1)
(19, 18, 1)
(19, 19, 1)
(19, 20, 1)
(19, 21, 1)
(19, 22, 1)
(19, 23, 1)
(19, 24, 1)
(19, 25, 1)
(19, 26, 1)
(19, 27, 1)
(19, 28, 1)
(19, 29, 1)
(19, 30, 1)
(19, 31, 1)
(19, 32, 1)
(19, 33, 1)
(19, 34, 1)
(19, 35, 1)
(19, 36, 1)
(19, 37, 1)
(19, 38, 1)
(19, 39, 1)

(20, 0, 222)
(20, 1, 48)
(20, 2, 5)
(20, 3, 4)
(20, 4, 4)
(20, 5, 4)
(20, 6, 4)
(20, 7, 3)
(20, 8, 2)
(20, 9, 2)
(20, 10, 2)
(20, 11, 2)
(20, 12, 2)
(20, 13, 1)
(20, 14, 1)
(20, 15, 1)
(20, 16, 1)
(20, 17, 1)
(20, 18, 1)
(20, 19, 1)
(20, 20, 1)
(20, 21, 1)
(20, 22, 1)
(20, 23, 1)
(20, 24, 1)
(20, 25, 1)
(20, 26, 1)
(20, 27, 1)
(20, 28, 1)
(20, 29, 1)
(20, 30, 1)
(20, 31, 1)
(20, 32, 1)
(20, 33, 1)
(20, 34, 1)
(20, 35, 1)
(20, 36, 1)
(20, 37, 1)
(20, 38, 1)
(20, 39, 1)

(21, 0, 232)
(21, 1, 49)
(21, 2, 5)
(21, 3, 4)
(21, 4, 4)
(21, 5, 4)
(21, 6, 4)
(21, 7, 3)
(21, 8, 2)
(21, 9, 2)
(21, 10, 2)
(21, 11, 2)
(21, 12, 2)
(21, 13, 1)
(21, 14, 1)
(21, 15, 1)
(21, 16, 1)
(21, 17, 1)
(21, 18, 1)
(21, 19, 1)
(21, 20, 1)
(21, 21, 1)
(21, 22, 1)
(21, 23, 1)
(21, 24, 1)
(21, 25, 1)
(21, 26, 1)
(21, 27, 1)
(21, 28, 1)
(21, 29, 1)
(21, 30, 1)
(21, 31, 1)
(21, 32, 1)
(21, 33, 1)
(21, 34, 1)
(21, 35, 1)
(21, 36, 1)
(21, 37, 1)
(21, 38, 1)
(21, 39, 1)

(22, 0, 247)
(22, 1, 51)
(22, 2, 6)
(22, 3, 5)
(22, 4, 5)
(22, 5, 5)
(22, 6, 5)
(22, 7, 4)
(22, 8, 3)
(22, 9, 3)
(22, 10, 3)
(22, 11, 3)
(22, 12, 3)
(22, 13, 2)
(22, 14, 2)
(22, 15, 2)
(22, 16, 2)
(22, 17, 2)
(22, 18, 2)
(22, 19, 2)
(22, 20, 2)
(22, 21, 2)
(22, 22, 2)
(22, 23, 2)
(22, 24, 2)
(22, 25, 2)
(22, 26, 2)
(22, 27, 2)
(22, 28, 2)
(22, 29, 2)
(22, 30, 2)
(22, 31, 2)
(22, 32, 2)
(22, 33, 2)
(22, 34, 2)
(22, 35, 2)
(22, 36, 2)
(22, 37, 2)
(22, 38, 1)
(22, 39, 1)

(23, 0, 262)
(23, 1, 53)
(23, 2, 6)
(23, 3, 5)
(23, 4, 5)
(23, 5, 5)
(23, 6, 5)
(23, 7, 4)
(23, 8, 3)
(23, 9, 3)
(23, 10, 3)
(23, 11, 3)
(23, 12, 3)
(23, 13, 2)
(23, 14, 2)
(23, 15, 2)
(23, 16, 2)
(23, 17, 2)
(23, 18, 2)
(23, 19, 2)
(23, 20, 2)
(23, 21, 2)
(23, 22, 2)
(23, 23, 2)
(23, 24, 2)
(23, 25, 2)
(23, 26, 2)
(23, 27, 2)
(23, 28, 2)
(23, 29, 2)
(23, 30, 2)
(23, 31, 2)
(23, 32, 2)
(23, 33, 2)
(23, 34, 2)
(23, 35, 2)
(23, 36, 1)
(23, 37, 1)
(23, 38, 1)
(23, 39, 1)

(24, 0, 275)
(24, 1, 56)
(24, 2, 7)
(24, 3, 5)
(24, 4, 5)
(24, 5, 5)
(24, 6, 5)
(24, 7, 4)
(24, 8, 3)
(24, 9, 3)
(24, 10, 3)
(24, 11, 3)
(24, 12, 3)
(24, 13, 2)
(24, 14, 2)
(24, 15, 2)
(24, 16, 2)
(24, 17, 2)
(24, 18, 2)
(24, 19, 2)
(24, 20, 2)
(24, 21, 2)
(24, 22, 2)
(24, 23, 2)
(24, 24, 2)
(24, 25, 2)
(24, 26, 2)
(24, 27, 2)
(24, 28, 2)
(24, 29, 2)
(24, 30, 2)
(24, 31, 2)
(24, 32, 2)
(24, 33, 2)
(24, 34, 2)
(24, 35, 2)
(24, 36, 1)
(24, 37, 1)
(24, 38, 1)
(24, 39, 1)

(25, 0, 295)
(25, 1, 64)
(25, 2, 11)
(25, 3, 7)
(25, 4, 6)
(25, 5, 6)
(25, 6, 5)
(25, 7, 4)
(25, 8, 3)
(25, 9, 3)
(25, 10, 3)
(25, 11, 3)
(25, 12, 3)
(25, 13, 2)
(25, 14, 2)
(25, 15, 2)
(25, 16, 2)
(25, 17, 2)
(25, 18, 2)
(25, 19, 2)
(25, 20, 2)
(25, 21, 2)
(25, 22, 2)
(25, 23, 2)
(25, 24, 2)
(25, 25, 2)
(25, 26, 2)
(25, 27, 2)
(25, 28, 2)
(25, 29, 2)
(25, 30, 1)
(25, 31, 1)
(25, 32, 1)
(25, 33, 1)
(25, 34, 1)
(25, 35, 1)
(25, 36, 1)
(25, 37, 1)
(25, 38, 1)
(25, 39, 1)

(26, 0, 324)
(26, 1, 65)
(26, 2, 8)
(26, 3, 7)
(26, 4, 5)
(26, 5, 5)
(26, 6, 5)
(26, 7, 4)
(26, 8, 3)
(26, 9, 3)
(26, 10, 3)
(26, 11, 3)
(26, 12, 3)
(26, 13, 2)
(26, 14, 2)
(26, 15, 2)
(26, 16, 2)
(26, 17, 2)
(26, 18, 2)
(26, 19, 2)
(26, 20, 2)
(26, 21, 2)
(26, 22, 2)
(26, 23, 2)
(26, 24, 2)
(26, 25, 2)
(26, 26, 2)
(26, 27, 2)
(26, 28, 1)
(26, 29, 1)
(26, 30, 1)
(26, 31, 1)
(26, 32, 1)
(26, 33, 1)
(26, 34, 1)
(26, 35, 1)
(26, 36, 1)
(26, 37, 1)
(26, 38, 1)
(26, 39, 1)

(27, 0, 347)
(27, 1, 68)
(27, 2, 8)
(27, 3, 7)
(27, 4, 5)
(27, 5, 5)
(27, 6, 5)
(27, 7, 4)
(27, 8, 3)
(27, 9, 3)
(27, 10, 3)
(27, 11, 3)
(27, 12, 3)
(27, 13, 2)
(27, 14, 2)
(27, 15, 2)
(27, 16, 2)
(27, 17, 2)
(27, 18, 2)
(27, 19, 2)
(27, 20, 2)
(27, 21, 2)
(27, 22, 2)
(27, 23, 2)
(27, 24, 2)
(27, 25, 2)
(27, 26, 1)
(27, 27, 1)
(27, 28, 1)
(27, 29, 1)
(27, 30, 1)
(27, 31, 1)
(27, 32, 1)
(27, 33, 1)
(27, 34, 1)
(27, 35, 1)
(27, 36, 1)
(27, 37, 1)
(27, 38, 1)
(27, 39, 1)

(28, 0, 371)
(28, 1, 73)
(28, 2, 8)
(28, 3, 7)
(28, 4, 5)
(28, 5, 5)
(28, 6, 5)
(28, 7, 4)
(28, 8, 3)
(28, 9, 3)
(28, 10, 3)
(28, 11, 3)
(28, 12, 3)
(28, 13, 2)
(28, 14, 2)
(28, 15, 2)
(28, 16, 2)
(28, 17, 2)
(28, 18, 2)
(28, 19, 2)
(28, 20, 2)
(28, 21, 2)
(28, 22, 2)
(28, 23, 1)
(28, 24, 1)
(28, 25, 1)
(28, 26, 1)
(28, 27, 1)
(28, 28, 1)
(28, 29, 1)
(28, 30, 1)
(28, 31, 1)
(28, 32, 1)
(28, 33, 1)
(28, 34, 1)
(28, 35, 1)
(28, 36, 1)
(28, 37, 1)
(28, 38, 1)
(28, 39, 1)

(29, 0, 401)
(29, 1, 82)
(29, 2, 8)
(29, 3, 7)
(29, 4, 5)
(29, 5, 5)
(29, 6, 5)
(29, 7, 4)
(29, 8, 3)
(29, 9, 3)
(29, 10, 3)
(29, 11, 3)
(29, 12, 3)
(29, 13, 2)
(29, 14, 2)
(29, 15, 2)
(29, 16, 2)
(29, 17, 2)
(29, 18, 2)
(29, 19, 1)
(29, 20, 1)
(29, 21, 1)
(29, 22, 1)
(29, 23, 1)
(29, 24, 1)
(29, 25, 1)
(29, 26, 1)
(29, 27, 1)
(29, 28, 1)
(29, 29, 1)
(29, 30, 1)
(29, 31, 1)
(29, 32, 1)
(29, 33, 1)
(29, 34, 1)
(29, 35, 1)
(29, 36, 1)
(29, 37, 1)
(29, 38, 1)
(29, 39, 1)

(30, 0, 419)
(30, 1, 81)
(30, 2, 8)
(30, 3, 7)
(30, 4, 5)
(30, 5, 5)
(30, 6, 5)
(30, 7, 4)
(30, 8, 3)
(30, 9, 3)
(30, 10, 3)
(30, 11, 3)
(30, 12, 3)
(30, 13, 2)
(30, 14, 2)
(30, 15, 2)
(30, 16, 2)
(30, 17, 2)
(30, 18, 2)
(30, 19, 1)
(30, 20, 1)
(30, 21, 1)
(30, 22, 1)
(30, 23, 1)
(30, 24, 1)
(30, 25, 1)
(30, 26, 1)
(30, 27, 1)
(30, 28, 1)
(30, 29, 1)
(30, 30, 1)
(30, 31, 1)
(30, 32, 1)
(30, 33, 1)
(30, 34, 1)
(30, 35, 1)
(30, 36, 1)
(30, 37, 1)
(30, 38, 1)
(30, 39, 1)

(31, 0, 439)
(31, 1, 85)
(31, 2, 9)
(31, 3, 7)
(31, 4, 5)
(31, 5, 5)
(31, 6, 5)
(31, 7, 4)
(31, 8, 3)
(31, 9, 3)
(31, 10, 3)
(31, 11, 3)
(31, 12, 3)
(31, 13, 2)
(31, 14, 2)
(31, 15, 2)
(31, 16, 1)
(31, 17, 1)
(31, 18, 1)
(31, 19, 1)
(31, 20, 1)
(31, 21, 1)
(31, 22, 1)
(31, 23, 1)
(31, 24, 1)
(31, 25, 1)
(31, 26, 1)
(31, 27, 1)
(31, 28, 1)
(31, 29, 1)
(31, 30, 1)
(31, 31, 1)
(31, 32, 1)
(31, 33, 1)
(31, 34, 1)
(31, 35, 1)
(31, 36, 1)
(31, 37, 1)
(31, 38, 1)
(31, 39, 1)

(32, 0, 468)
(32, 1, 92)
(32, 2, 9)
(32, 3, 7)
(32, 4, 5)
(32, 5, 5)
(32, 6, 5)
(32, 7, 4)
(32, 8, 3)
(32, 9, 3)
(32, 10, 3)
(32, 11, 3)
(32, 12, 3)
(32, 13, 1)
(32, 14, 1)
(32, 15, 1)
(32, 16, 1)
(32, 17, 1)
(32, 18, 1)
(32, 19, 1)
(32, 20, 1)
(32, 21, 1)
(32, 22, 1)
(32, 23, 1)
(32, 24, 1)
(32, 25, 1)
(32, 26, 1)
(32, 27, 1)
(32, 28, 1)
(32, 29, 1)
(32, 30, 1)
(32, 31, 1)
(32, 32, 1)
(32, 33, 1)
(32, 34, 1)
(32, 35, 1)
(32, 36, 1)
(32, 37, 1)
(32, 38, 1)
(32, 39, 1)

(33, 0, 499)
(33, 1, 96)
(33, 2, 9)
(33, 3, 7)
(33, 4, 5)
(33, 5, 5)
(33, 6, 5)
(33, 7, 4)
(33, 8, 3)
(33, 9, 2)
(33, 10, 2)
(33, 11, 2)
(33, 12, 2)
(33, 13, 1)
(33, 14, 1)
(33, 15, 1)
(33, 16, 1)
(33, 17, 1)
(33, 18, 1)
(33, 19, 1)
(33, 20, 1)
(33, 21, 1)
(33, 22, 1)
(33, 23, 1)
(33, 24, 1)
(33, 25, 1)
(33, 26, 1)
(33, 27, 1)
(33, 28, 1)
(33, 29, 1)
(33, 30, 1)
(33, 31, 1)
(33, 32, 1)
(33, 33, 1)
(33, 34, 1)
(33, 35, 1)
(33, 36, 1)
(33, 37, 1)
(33, 38, 1)
(33, 39, 1)

(34, 0, 532)
(34, 1, 105)
(34, 2, 9)
(34, 3, 7)
(34, 4, 5)
(34, 5, 4)
(34, 6, 4)
(34, 7, 3)
(34, 8, 2)
(34, 9, 2)
(34, 10, 2)
(34, 11, 2)
(34, 12, 2)
(34, 13, 1)
(34, 14, 1)
(34, 15, 1)
(34, 16, 1)
(34, 17, 1)
(34, 18, 1)
(34, 19, 1)
(34, 20, 1)
(34, 21, 1)
(34, 22, 1)
(34, 23, 1)
(34, 24, 1)
(34, 25, 1)
(34, 26, 1)
(34, 27, 1)
(34, 28, 1)
(34, 29, 1)
(34, 30, 1)
(34, 31, 1)
(34, 32, 1)
(34, 33, 1)
(34, 34, 1)
(34, 35, 1)
(34, 36, 1)
(34, 37, 1)
(34, 38, 1)
(34, 39, 1)

(35, 0, 565)
(35, 1, 107)
(35, 2, 11)
(35, 3, 7)
(35, 4, 4)
(35, 5, 4)
(35, 6, 4)
(35, 7, 3)
(35, 8, 2)
(35, 9, 2)
(35, 10, 2)
(35, 11, 2)
(35, 12, 2)
(35, 13, 1)
(35, 14, 1)
(35, 15, 1)
(35, 16, 1)
(35, 17, 1)
(35, 18, 1)
(35, 19, 1)
(35, 20, 1)
(35, 21, 1)
(35, 22, 1)
(35, 23, 1)
(35, 24, 1)
(35, 25, 1)
(35, 26, 1)
(35, 27, 1)
(35, 28, 1)
(35, 29, 1)
(35, 30, 1)
(35, 31, 1)
(35, 32, 1)
(35, 33, 1)
(35, 34, 1)
(35, 35, 1)
(35, 36, 1)
(35, 37, 1)
(35, 38, 1)
(35, 39, 1)

(36, 0, 589)
(36, 1, 111)
(36, 2, 7)
(36, 3, 6)
(36, 4, 4)
(36, 5, 4)
(36, 6, 4)
(36, 7, 3)
(36, 8, 2)
(36, 9, 2)
(36, 10, 2)
(36, 11, 2)
(36, 12, 2)
(36, 13, 1)
(36, 14, 1)
(36, 15, 1)
(36, 16, 1)
(36, 17, 1)
(36, 18, 1)
(36, 19, 1)
(36, 20, 1)
(36, 21, 1)
(36, 22, 1)
(36, 23, 1)
(36, 24, 1)
(36, 25, 1)
(36, 26, 1)
(36, 27, 1)
(36, 28, 1)
(36, 29, 1)
(36, 30, 1)
(36, 31, 1)
(36, 32, 1)
(36, 33, 1)
(36, 34, 1)
(36, 35, 1)
(36, 36, 1)
(36, 37, 1)
(36, 38, 1)
(36, 39, 1)

(37, 0, 622)
(37, 1, 120)
(37, 2, 9)
(37, 3, 6)
(37, 4, 4)
(37, 5, 4)
(37, 6, 4)
(37, 7, 3)
(37, 8, 2)
(37, 9, 2)
(37, 10, 2)
(37, 11, 2)
(37, 12, 2)
(37, 13, 1)
(37, 14, 1)
(37, 15, 1)
(37, 16, 1)
(37, 17, 1)
(37, 18, 1)
(37, 19, 1)
(37, 20, 1)
(37, 21, 1)
(37, 22, 1)
(37, 23, 1)
(37, 24, 1)
(37, 25, 1)
(37, 26, 1)
(37, 27, 1)
(37, 28, 1)
(37, 29, 1)
(37, 30, 1)
(37, 31, 1)
(37, 32, 1)
(37, 33, 1)
(37, 34, 1)
(37, 35, 1)
(37, 36, 1)
(37, 37, 1)
(37, 38, 1)
(37, 39, 1)

(38, 0, 656)
(38, 1, 123)
(38, 2, 7)
(38, 3, 6)
(38, 4, 4)
(38, 5, 4)
(38, 6, 4)
(38, 7, 3)
(38, 8, 2)
(38, 9, 2)
(38, 10, 2)
(38, 11, 2)
(38, 12, 2)
(38, 13, 1)
(38, 14, 1)
(38, 15, 1)
(38, 16, 1)
(38, 17, 1)
(38, 18, 1)
(38, 19, 1)
(38, 20, 1)
(38, 21, 1)
(38, 22, 1)
(38, 23, 1)
(38, 24, 1)
(38, 25, 1)
(38, 26, 1)
(38, 27, 1)
(38, 28, 1)
(38, 29, 1)
(38, 30, 1)
(38, 31, 1)
(38, 32, 1)
(38, 33, 1)
(38, 34, 1)
(38, 35, 1)
(38, 36, 1)
(38, 37, 1)
(38, 38, 1)
(38, 39, 1)

(39, 0, 668)
(39, 1, 123)
(39, 2, 7)
(39, 3, 6)
(39, 4, 4)
(39, 5, 4)
(39, 6, 4)
(39, 7, 3)
(39, 8, 2)
(39, 9, 2)
(39, 10, 2)
(39, 11, 2)
(39, 12, 2)
(39, 13, 1)
(39, 14, 1)
(39, 15, 1)
(39, 16, 1)
(39, 17, 1)
(39, 18, 1)
(39, 19, 1)
(39, 20, 1)
(39, 21, 1)
(39, 22, 1)
(39, 23, 1)
(39, 24, 1)
(39, 25, 1)
(39, 26, 1)
(39, 27, 1)
(39, 28, 1)
(39, 29, 1)
(39, 30, 1)
(39, 31, 1)
(39, 32, 1)
(39, 33, 1)
(39, 34, 1)
(39, 35, 1)
(39, 36, 1)
(39, 37, 1)
(39, 38, 1)
(39, 39, 1)


Betti numbers:
xi_0:
(0, 0, 1)
(1, 0, 1)
(3, 0, 3)
(4, 0, 15)
(5, 0, 20)
(6, 0, 17)
(7, 0, 14)
(8, 0, 13)
(9, 0, 14)
(10, 0, 12)
(11, 0, 15)
(12, 0, 9)
(13, 0, 12)
(14, 0, 9)
(15, 0, 13)
(16, 0, 9)
(17, 0, 12)
(18, 0, 10)
(19, 0, 12)
(20, 0, 11)
(21, 0, 10)
(22, 0, 15)
(23, 0, 15)
(24, 0, 13)
(25, 0, 20)
(26, 0, 29)
(27, 0, 23)
(28, 0, 24)
(29, 0, 30)
(30, 0, 18)
(31, 0, 20)
(32, 0, 29)
(33, 0, 31)
(34, 0, 33)
(35, 0, 33)
(36, 0, 25)
(37, 0, 33)
(38, 0, 34)
(39, 0, 12)
xi_1:
(1, 37, 1)
(3, 2, 1)
(3, 5, 1)
(3, 13, 1)
(3, 18, 1)
(4, 1, 12)
(4, 2, 3)
(4, 3, 2)
(4, 8, 1)
(5, 1, 19)
(5, 2, 3)
(5, 17, 1)
(6, 1, 12)
(6, 2, 4)
(6, 7, 1)
(6, 13, 1)
(7, 1, 12)
(7, 2, 3)
(8, 1, 13)
(8, 2, 2)
(9, 1, 12)
(9, 2, 2)
(10, 1, 9)
(10, 2, 2)
(10, 6, 1)
(11, 1, 13)
(11, 2, 2)
(11, 3, 1)
(12, 1, 5)
(12, 2, 4)
(13, 1, 9)
(13, 2, 3)
(14, 1, 8)
(14, 2, 1)
(14, 3, 1)
(15, 1, 11)
(15, 2, 3)
(16, 1, 5)
(16, 2, 4)
(17, 1, 8)
(17, 2, 4)
(18, 1, 7)
(18, 2, 3)
(19, 1, 11)
(19, 2, 2)
(20, 1, 8)
(20, 2, 3)
(21, 1, 9)
(21, 2, 2)
(22, 1, 13)
(22, 2, 2)
(22, 38, 1)
(23, 1, 13)
(23, 2, 2)
(23, 36, 1)
(24, 1, 10)
(24, 2, 2)
(24, 3, 1)
(25, 1, 12)
(25, 2, 5)
(25, 3, 3)
(25, 4, 1)
(25, 6, 1)
(25, 30, 1)
(26, 1, 28)
(26, 2, 5)
(26, 4, 1)
(26, 28, 1)
(27, 1, 20)
(27, 2, 3)
(27, 26, 1)
(28, 1, 19)
(28, 2, 5)
(28, 23, 1)
(29, 1, 21)
(29, 2, 12)
(29, 19, 1)
(30, 1, 19)
(30, 2, 1)
(31, 1, 16)
(31, 2, 3)
(31, 3, 1)
(31, 16, 1)
(32, 1, 22)
(32, 2, 7)
(32, 3, 1)
(32, 13, 1)
(33, 1, 27)
(33, 2, 5)
(33, 3, 1)
(33, 9, 1)
(34, 1, 24)
(34, 2, 9)
(34, 3, 1)
(34, 5, 1)
(35, 1, 31)
(35, 2, 2)
(35, 3, 3)
(35, 4, 1)
(36, 0, 1)
(36, 1, 21)
(36, 2, 8)
(37, 1, 24)
(37, 2, 8)
(37, 3, 2)
(38, 1, 31)
(38, 2, 6)
(39, 1, 12)
xi_2:
(3, 37, 1)
(4, 2, 1)
(4, 5, 1)
(4, 13, 1)
(5, 3, 2)
(5, 18, 1)
(6, 17, 1)
(7, 2, 1)
(8, 2, 2)
(11, 6, 1)
(14, 2, 1)
(15, 3, 1)
(19, 2, 1)
(21, 2, 1)
(22, 2, 1)
(23, 38, 1)
(25, 2, 1)
(25, 3, 1)
(25, 36, 1)
(26, 2, 1)
(26, 3, 3)
(26, 6, 1)
(26, 30, 1)
(27, 28, 1)
(28, 26, 1)
(29, 2, 3)
(29, 23, 1)
(30, 2, 2)
(31, 19, 1)
(32, 3, 1)
(32, 16, 1)
(33, 2, 1)
(33, 3, 1)
(33, 13, 1)
(34, 3, 1)
(34, 9, 1)
(35, 2, 2)
(35, 3, 1)
(35, 5, 1)
(36, 1, 1)
(36, 3, 3)
(36, 4, 1)
(37, 2, 1)
(38, 2, 1)
(38, 3, 2)
