x-grades
-32344772186167387/4000000000000000
-15890929989490729/2000000000000000
-31218947771795529/4000000000000000
-19160022227881/2500000000000
-30093123357423671/4000000000000000
-14765105575118871/2000000000000000
-28967298943051813/4000000000000000
-7101096683966471/1000000000000000
-5568294905735991/800000000000000
-13639281160747013/2000000000000000
-26715650114308097/4000000000000000
-3269092238390271/500000000000000
-25589825699936239/4000000000000000
-2502691349275031/400000000000000
-24464001285564381/4000000000000000
-5975272269594613/1000000000000000
-23338176871192523/4000000000000000
-11387632332003297/2000000000000000
-4442470491364133/800000000000000
-1353090015602171/250000000000000
-21086528042448807/4000000000000000
-10261807917631439/2000000000000000
-19960703628076949/4000000000000000
-969889571044551/200000000000000
-18834879213705091/4000000000000000
-9135983503259581/2000000000000000
-17709054799333233/4000000000000000
-2143267824018413/500000000000000
-132665843079691/32000000000000
-8010159088887723/2000000000000000
-15457405970589517/4000000000000000
-3723623440850897/1000000000000000
-14331581556217659/4000000000000000
-1376866934903173/400000000000000
-13205757141845801/4000000000000000
-395088904208121/125000000000000
-12079932727473943/4000000000000000
-5758510260144007/2000000000000000
-2190821662620417/800000000000000
-2597799026479039/1000000000000000

y-grades
4999983/2000000
4999983/1000000
14999949/2000000
4999983/500000
4999983/400000
14999949/1000000
34999881/2000000
4999983/250000
44999847/2000000
4999983/200000
54999813/2000000
14999949/500000
64999779/2000000
34999881/1000000
14999949/400000
4999983/125000
84999711/2000000
44999847/1000000
94999677/2000000
4999983/100000
104999643/2000000
54999813/1000000
114999609/2000000
14999949/250000
4999983/80000
64999779/1000000
134999541/2000000
34999881/500000
144999507/2000000
14999949/200000
154999473/2000000
4999983/62500
164999439/2000000
84999711/1000000
34999881/400000
44999847/500000
184999371/2000000
94999677/1000000
194999337/2000000
4999983/50000

Dimensions > 0:
(0, 0, 2)
(0, 1, 2)
(0, 2, 2)
(0, 3, 2)
(0, 4, 2)
(0, 5, 1)
(0, 6, 1)
(0, 7, 1)
(0, 8, 1)
(0, 9, 1)
(0, 10, 1)
(0, 11, 1)
(0, 12, 1)
(0, 13, 1)
(0, 14, 1)
(0, 15, 1)
(0, 16, 1)
(0, 17, 1)
(0, 18, 1)
(0, 19, 1)
(0, 20, 1)
(0, 21, 1)
(0, 22, 1)
(0, 23, 1)
(0, 24, 1)
(0, 25, 1)
(0, 26, 1)
(0, 27, 1)
(0, 28, 1)
(0, 29, 1)
(0, 30, 1)
(0, 31, 1)
(0, 32, 1)
(0, 33, 1)
(0, 34, 1)
(0, 35, 1)
(0, 36, 1)
(0, 37, 1)
(0, 38, 1)
(0, 39, 1)

(1, 0, 2)
(1, 1, 2)
(1, 2, 2)
(1, 3, 2)
(1, 4, 2)
(1, 5, 1)
(1, 6, 1)
(1, 7, 1)
(1, 8, 1)
(1, 9, 1)
(1, 10, 1)
(1, 11, 1)
(1, 12, 1)
(1, 13, 1)
(1, 14, 1)
(1, 15, 1)
(1, 16, 1)
(1, 17, 1)
(1, 18, 1)
(1, 19, 1)
(1, 20, 1)
(1, 21, 1)
(1, 22, 1)
(1, 23, 1)
(1, 24, 1)
(1, 25, 1)
(1, 26, 1)
(1, 27, 1)
(1, 28, 1)
(1, 29, 1)
(1, 30, 1)
(1, 31, 1)
(1, 32, 1)
(1, 33, 1)
(1, 34, 1)
(1, 35, 1)
(1, 36, 1)
(1, 37, 1)
(1, 38, 1)
(1, 39, 1)

(2, 0, 2)
(2, 1, 2)
(2, 2, 2)
(2, 3, 2)
(2, 4, 2)
(2, 5, 1)
(2, 6, 1)
(2, 7, 1)
(2, 8, 1)
(2, 9, 1)
(2, 10, 1)
(2, 11, 1)
(2, 12, 1)
(2, 13, 1)
(2, 14, 1)
(2, 15, 1)
(2, 16, 1)
(2, 17, 1)
(2, 18, 1)
(2, 19, 1)
(2, 20, 1)
(2, 21, 1)
(2, 22, 1)
(2, 23, 1)
(2, 24, 1)
(2, 25, 1)
(2, 26, 1)
(2, 27, 1)
(2, 28, 1)
(2, 29, 1)
(2, 30, 1)
(2, 31, 1)
(2, 32, 1)
(2, 33, 1)
(2, 34, 1)
(2, 35, 1)
(2, 36, 1)
(2, 37, 1)
(2, 38, 1)
(2, 39, 1)

(3, 0, 2)
(3, 1, 2)
(3, 2, 2)
(3, 3, 2)
(3, 4, 2)
(3, 5, 1)
(3, 6, 1)
(3, 7, 1)
(3, 8, 1)
(3, 9, 1)
(3, 10, 1)
(3, 11, 1)
(3, 12, 1)
(3, 13, 1)
(3, 14, 1)
(3, 15, 1)
(3, 16, 1)
(3, 17, 1)
(3, 18, 1)
(3, 19, 1)
(3, 20, 1)
(3, 21, 1)
(3, 22, 1)
(3, 23, 1)
(3, 24, 1)
(3, 25, 1)
(3, 26, 1)
(3, 27, 1)
(3, 28, 1)
(3, 29, 1)
(3, 30, 1)
(3, 31, 1)
(3, 32, 1)
(3, 33, 1)
(3, 34, 1)
(3, 35, 1)
(3, 36, 1)
(3, 37, 1)
(3, 38, 1)
(3, 39, 1)

(4, 0, 2)
(4, 1, 2)
(4, 2, 2)
(4, 3, 2)
(4, 4, 2)
(4, 5, 1)
(4, 6, 1)
(4, 7, 1)
(4, 8, 1)
(4, 9, 1)
(4, 10, 1)
(4, 11, 1)
(4, 12, 1)
(4, 13, 1)
(4, 14, 1)
(4, 15, 1)
(4, 16, 1)
(4, 17, 1)
(4, 18, 1)
(4, 19, 1)
(4, 20, 1)
(4, 21, 1)
(4, 22, 1)
(4, 23, 1)
(4, 24, 1)
(4, 25, 1)
(4, 26, 1)
(4, 27, 1)
(4, 28, 1)
(4, 29, 1)
(4, 30, 1)
(4, 31, 1)
(4, 32, 1)
(4, 33, 1)
(4, 34, 1)
(4, 35, 1)
(4, 36, 1)
(4, 37, 1)
(4, 38, 1)
(4, 39, 1)

(5, 0, 2)
(5, 1, 2)
(5, 2, 2)
(5, 3, 2)
(5, 4, 2)
(5, 5, 1)
(5, 6, 1)
(5, 7, 1)
(5, 8, 1)
(5, 9, 1)
(5, 10, 1)
(5, 11, 1)
(5, 12, 1)
(5, 13, 1)
(5, 14, 1)
(5, 15, 1)
(5, 16, 1)
(5, 17, 1)
(5, 18, 1)
(5, 19, 1)
(5, 20, 1)
(5, 21, 1)
(5, 22, 1)
(5, 23, 1)
(5, 24, 1)
(5, 25, 1)
(5, 26, 1)
(5, 27, 1)
(5, 28, 1)
(5, 29, 1)
(5, 30, 1)
(5, 31, 1)
(5, 32, 1)
(5, 33, 1)
(5, 34, 1)
(5, 35, 1)
(5, 36, 1)
(5, 37, 1)
(5, 38, 1)
(5, 39, 1)

(6, 0, 3)
(6, 1, 3)
(6, 2, 3)
(6, 3, 3)
(6, 4, 3)
(6, 5, 2)
(6, 6, 2)
(6, 7, 2)
(6, 8, 2)
(6, 9, 2)
(6, 10, 2)
(6, 11, 2)
(6, 12, 2)
(6, 13, 2)
(6, 14, 2)
(6, 15, 2)
(6, 16, 2)
(6, 17, 2)
(6, 18, 2)
(6, 19, 2)
(6, 20, 2)
(6, 21, 2)
(6, 22, 2)
(6, 23, 2)
(6, 24, 2)
(6, 25, 2)
(6, 26, 2)
(6, 27, 2)
(6, 28, 2)
(6, 29, 2)
(6, 30, 2)
(6, 31, 2)
(6, 32, 2)
(6, 33, 2)
(6, 34, 2)
(6, 35, 2)
(6, 36, 2)
(6, 37, 2)
(6, 38, 2)
(6, 39, 2)

(7, 0, 7)
(7, 1, 6)
(7, 2, 5)
(7, 3, 4)
(7, 4, 4)
(7, 5, 3)
(7, 6, 3)
(7, 7, 3)
(7, 8, 3)
(7, 9, 3)
(7, 10, 3)
(7, 11, 3)
(7, 12, 2)
(7, 13, 2)
(7, 14, 2)
(7, 15, 2)
(7, 16, 2)
(7, 17, 2)
(7, 18, 2)
(7, 19, 2)
(7, 20, 2)
(7, 21, 2)
(7, 22, 2)
(7, 23, 2)
(7, 24, 2)
(7, 25, 2)
(7, 26, 2)
(7, 27, 2)
(7, 28, 2)
(7, 29, 2)
(7, 30, 2)
(7, 31, 2)
(7, 32, 2)
(7, 33, 2)
(7, 34, 2)
(7, 35, 2)
(7, 36, 2)
(7, 37, 2)
(7, 38, 2)
(7, 39, 2)

(8, 0, 9)
(8, 1, 8)
(8, 2, 6)
(8, 3, 5)
(8, 4, 5)
(8, 5, 4)
(8, 6, 4)
(8, 7, 4)
(8, 8, 4)
(8, 9, 4)
(8, 10, 4)
(8, 11, 4)
(8, 12, 3)
(8, 13, 3)
(8, 14, 3)
(8, 15, 3)
(8, 16, 3)
(8, 17, 3)
(8, 18, 3)
(8, 19, 3)
(8, 20, 3)
(8, 21, 3)
(8, 22, 3)
(8, 23, 3)
(8, 24, 3)
(8, 25, 3)
(8, 26, 3)
(8, 27, 3)
(8, 28, 3)
(8, 29, 3)
(8, 30, 3)
(8, 31, 3)
(8, 32, 3)
(8, 33, 3)
(8, 34, 3)
(8, 35, 3)
(8, 36, 3)
(8, 37, 3)
(8, 38, 3)
(8, 39, 3)

(9, 0, 16)
(9, 1, 15)
(9, 2, 11)
(9, 3, 9)
(9, 4, 9)
(9, 5, 8)
(9, 6, 8)
(9, 7, 8)
(9, 8, 8)
(9, 9, 8)
(9, 10, 6)
(9, 11, 6)
(9, 12, 5)
(9, 13, 5)
(9, 14, 5)
(9, 15, 5)
(9, 16, 5)
(9, 17, 5)
(9, 18, 5)
(9, 19, 5)
(9, 20, 5)
(9, 21, 5)
(9, 22, 5)
(9, 23, 5)
(9, 24, 5)
(9, 25, 5)
(9, 26, 5)
(9, 27, 5)
(9, 28, 5)
(9, 29, 5)
(9, 30, 5)
(9, 31, 5)
(9, 32, 5)
(9, 33, 5)
(9, 34, 5)
(9, 35, 5)
(9, 36, 5)
(9, 37, 5)
(9, 38, 5)
(9, 39, 4)

(10, 0, 19)
(10, 1, 18)
(10, 2, 14)
(10, 3, 12)
(10, 4, 12)
(10, 5, 10)
(10, 6, 10)
(10, 7, 10)
(10, 8, 10)
(10, 9, 10)
(10, 10, 6)
(10, 11, 6)
(10, 12, 5)
(10, 13, 5)
(10, 14, 5)
(10, 15, 5)
(10, 16, 5)
(10, 17, 5)
(10, 18, 5)
(10, 19, 5)
(10, 20, 5)
(10, 21, 5)
(10, 22, 5)
(10, 23, 5)
(10, 24, 5)
(10, 25, 5)
(10, 26, 5)
(10, 27, 5)
(10, 28, 5)
(10, 29, 4)
(10, 30, 4)
(10, 31, 4)
(10, 32, 4)
(10, 33, 4)
(10, 34, 4)
(10, 35, 4)
(10, 36, 4)
(10, 37, 4)
(10, 38, 4)
(10, 39, 4)

(11, 0, 22)
(11, 1, 21)
(11, 2, 17)
(11, 3, 15)
(11, 4, 14)
(11, 5, 12)
(11, 6, 12)
(11, 7, 12)
(11, 8, 12)
(11, 9, 12)
(11, 10, 6)
(11, 11, 6)
(11, 12, 5)
(11, 13, 5)
(11, 14, 5)
(11, 15, 5)
(11, 16, 5)
(11, 17, 5)
(11, 18, 5)
(11, 19, 5)
(11, 20, 5)
(11, 21, 5)
(11, 22, 5)
(11, 23, 5)
(11, 24, 5)
(11, 25, 5)
(11, 26, 5)
(11, 27, 5)
(11, 28, 5)
(11, 29, 4)
(11, 30, 4)
(11, 31, 4)
(11, 32, 4)
(11, 33, 4)
(11, 34, 4)
(11, 35, 4)
(11, 36, 4)
(11, 37, 4)
(11, 38, 4)
(11, 39, 4)

(12, 0, 27)
(12, 1, 26)
(12, 2, 22)
(12, 3, 20)
(12, 4, 19)
(12, 5, 17)
(12, 6, 15)
(12, 7, 15)
(12, 8, 14)
(12, 9, 11)
(12, 10, 6)
(12, 11, 6)
(12, 12, 5)
(12, 13, 5)
(12, 14, 5)
(12, 15, 5)
(12, 16, 5)
(12, 17, 5)
(12, 18, 5)
(12, 19, 5)
(12, 20, 5)
(12, 21, 5)
(12, 22, 5)
(12, 23, 5)
(12, 24, 5)
(12, 25, 5)
(12, 26, 5)
(12, 27, 4)
(12, 28, 4)
(12, 29, 4)
(12, 30, 4)
(12, 31, 4)
(12, 32, 4)
(12, 33, 4)
(12, 34, 4)
(12, 35, 4)
(12, 36, 4)
(12, 37, 4)
(12, 38, 4)
(12, 39, 4)

(13, 0, 36)
(13, 1, 34)
(13, 2, 28)
(13, 3, 25)
(13, 4, 22)
(13, 5, 20)
(13, 6, 17)
(13, 7, 17)
(13, 8, 14)
(13, 9, 11)
(13, 10, 7)
(13, 11, 7)
(13, 12, 6)
(13, 13, 5)
(13, 14, 5)
(13, 15, 5)
(13, 16, 5)
(13, 17, 5)
(13, 18, 5)
(13, 19, 5)
(13, 20, 5)
(13, 21, 5)
(13, 22, 5)
(13, 23, 5)
(13, 24, 5)
(13, 25, 5)
(13, 26, 5)
(13, 27, 4)
(13, 28, 4)
(13, 29, 4)
(13, 30, 4)
(13, 31, 4)
(13, 32, 4)
(13, 33, 4)
(13, 34, 4)
(13, 35, 4)
(13, 36, 4)
(13, 37, 4)
(13, 38, 4)
(13, 39, 4)

(14, 0, 43)
(14, 1, 41)
(14, 2, 30)
(14, 3, 27)
(14, 4, 23)
(14, 5, 21)
(14, 6, 18)
(14, 7, 18)
(14, 8, 14)
(14, 9, 11)
(14, 10, 8)
(14, 11, 8)
(14, 12, 7)
(14, 13, 6)
(14, 14, 6)
(14, 15, 6)
(14, 16, 6)
(14, 17, 6)
(14, 18, 6)
(14, 19, 6)
(14, 20, 5)
(14, 21, 5)
(14, 22, 5)
(14, 23, 5)
(14, 24, 5)
(14, 25, 5)
(14, 26, 5)
(14, 27, 4)
(14, 28, 4)
(14, 29, 4)
(14, 30, 4)
(14, 31, 4)
(14, 32, 4)
(14, 33, 4)
(14, 34, 4)
(14, 35, 4)
(14, 36, 4)
(14, 37, 4)
(14, 38, 4)
(14, 39, 4)

(15, 0, 61)
(15, 1, 59)
(15, 2, 43)
(15, 3, 35)
(15, 4, 29)
(15, 5, 27)
(15, 6, 23)
(15, 7, 22)
(15, 8, 16)
(15, 9, 11)
(15, 10, 8)
(15, 11, 8)
(15, 12, 7)
(15, 13, 6)
(15, 14, 6)
(15, 15, 5)
(15, 16, 5)
(15, 17, 5)
(15, 18, 4)
(15, 19, 4)
(15, 20, 4)
(15, 21, 4)
(15, 22, 4)
(15, 23, 4)
(15, 24, 4)
(15, 25, 4)
(15, 26, 4)
(15, 27, 4)
(15, 28, 4)
(15, 29, 4)
(15, 30, 4)
(15, 31, 4)
(15, 32, 4)
(15, 33, 4)
(15, 34, 4)
(15, 35, 4)
(15, 36, 4)
(15, 37, 4)
(15, 38, 4)
(15, 39, 4)

(16, 0, 74)
(16, 1, 71)
(16, 2, 53)
(16, 3, 44)
(16, 4, 38)
(16, 5, 36)
(16, 6, 30)
(16, 7, 27)
(16, 8, 18)
(16, 9, 12)
(16, 10, 8)
(16, 11, 8)
(16, 12, 6)
(16, 13, 5)
(16, 14, 5)
(16, 15, 5)
(16, 16, 5)
(16, 17, 4)
(16, 18, 4)
(16, 19, 4)
(16, 20, 4)
(16, 21, 4)
(16, 22, 4)
(16, 23, 4)
(16, 24, 4)
(16, 25, 4)
(16, 26, 4)
(16, 27, 4)
(16, 28, 4)
(16, 29, 4)
(16, 30, 4)
(16, 31, 4)
(16, 32, 4)
(16, 33, 4)
(16, 34, 4)
(16, 35, 4)
(16, 36, 4)
(16, 37, 4)
(16, 38, 4)
(16, 39, 4)

(17, 0, 90)
(17, 1, 87)
(17, 2, 67)
(17, 3, 57)
(17, 4, 42)
(17, 5, 40)
(17, 6, 31)
(17, 7, 26)
(17, 8, 16)
(17, 9, 12)
(17, 10, 8)
(17, 11, 8)
(17, 12, 6)
(17, 13, 5)
(17, 14, 5)
(17, 15, 5)
(17, 16, 5)
(17, 17, 5)
(17, 18, 5)
(17, 19, 5)
(17, 20, 4)
(17, 21, 4)
(17, 22, 4)
(17, 23, 4)
(17, 24, 4)
(17, 25, 4)
(17, 26, 4)
(17, 27, 4)
(17, 28, 4)
(17, 29, 4)
(17, 30, 4)
(17, 31, 4)
(17, 32, 4)
(17, 33, 4)
(17, 34, 4)
(17, 35, 4)
(17, 36, 4)
(17, 37, 4)
(17, 38, 4)
(17, 39, 4)

(18, 0, 112)
(18, 1, 109)
(18, 2, 83)
(18, 3, 69)
(18, 4, 49)
(18, 5, 47)
(18, 6, 35)
(18, 7, 28)
(18, 8, 17)
(18, 9, 14)
(18, 10, 8)
(18, 11, 8)
(18, 12, 6)
(18, 13, 5)
(18, 14, 5)
(18, 15, 5)
(18, 16, 5)
(18, 17, 5)
(18, 18, 5)
(18, 19, 5)
(18, 20, 4)
(18, 21, 4)
(18, 22, 4)
(18, 23, 4)
(18, 24, 4)
(18, 25, 4)
(18, 26, 4)
(18, 27, 4)
(18, 28, 4)
(18, 29, 4)
(18, 30, 4)
(18, 31, 4)
(18, 32, 4)
(18, 33, 4)
(18, 34, 4)
(18, 35, 4)
(18, 36, 4)
(18, 37, 4)
(18, 38, 4)
(18, 39, 4)

(19, 0, 129)
(19, 1, 126)
(19, 2, 93)
(19, 3, 78)
(19, 4, 54)
(19, 5, 52)
(19, 6, 37)
(19, 7, 27)
(19, 8, 16)
(19, 9, 15)
(19, 10, 8)
(19, 11, 8)
(19, 12, 6)
(19, 13, 4)
(19, 14, 4)
(19, 15, 4)
(19, 16, 4)
(19, 17, 4)
(19, 18, 4)
(19, 19, 4)
(19, 20, 4)
(19, 21, 4)
(19, 22, 4)
(19, 23, 4)
(19, 24, 4)
(19, 25, 4)
(19, 26, 4)
(19, 27, 4)
(19, 28, 4)
(19, 29, 4)
(19, 30, 4)
(19, 31, 4)
(19, 32, 4)
(19, 33, 4)
(19, 34, 4)
(19, 35, 4)
(19, 36, 4)
(19, 37, 4)
(19, 38, 4)
(19, 39, 4)

(20, 0, 149)
(20, 1, 146)
(20, 2, 107)
(20, 3, 90)
(20, 4, 58)
(20, 5, 56)
(20, 6, 37)
(20, 7, 28)
(20, 8, 15)
(20, 9, 15)
(20, 10, 7)
(20, 11, 7)
(20, 12, 5)
(20, 13, 4)
(20, 14, 4)
(20, 15, 4)
(20, 16, 4)
(20, 17, 4)
(20, 18, 4)
(20, 19, 4)
(20, 20, 4)
(20, 21, 4)
(20, 22, 4)
(20, 23, 4)
(20, 24, 4)
(20, 25, 4)
(20, 26, 4)
(20, 27, 4)
(20, 28, 4)
(20, 29, 4)
(20, 30, 4)
(20, 31, 4)
(20, 32, 4)
(20, 33, 4)
(20, 34, 4)
(20, 35, 4)
(20, 36, 4)
(20, 37, 4)
(20, 38, 4)
(20, 39, 4)

(21, 0, 171)
(21, 1, 168)
(21, 2, 124)
(21, 3, 106)
(21, 4, 60)
(21, 5, 56)
(21, 6, 37)
(21, 7, 28)
(21, 8, 16)
(21, 9, 12)
(21, 10, 8)
(21, 11, 8)
(21, 12, 5)
(21, 13, 4)
(21, 14, 4)
(21, 15, 4)
(21, 16, 4)
(21, 17, 4)
(21, 18, 4)
(21, 19, 4)
(21, 20, 4)
(21, 21, 4)
(21, 22, 4)
(21, 23, 4)
(21, 24, 4)
(21, 25, 4)
(21, 26, 4)
(21, 27, 4)
(21, 28, 4)
(21, 29, 4)
(21, 30, 4)
(21, 31, 4)
(21, 32, 4)
(21, 33, 4)
(21, 34, 4)
(21, 35, 4)
(21, 36, 4)
(21, 37, 4)
(21, 38, 4)
(21, 39, 4)

(22, 0, 193)
(22, 1, 188)
(22, 2, 137)
(22, 3, 119)
(22, 4, 58)
(22, 5, 56)
(22, 6, 37)
(22, 7, 30)
(22, 8, 15)
(22, 9, 11)
(22, 10, 8)
(22, 11, 8)
(22, 12, 5)
(22, 13, 4)
(22, 14, 4)
(22, 15, 4)
(22, 16, 4)
(22, 17, 4)
(22, 18, 4)
(22, 19, 4)
(22, 20, 4)
(22, 21, 4)
(22, 22, 4)
(22, 23, 4)
(22, 24, 4)
(22, 25, 4)
(22, 26, 4)
(22, 27, 4)
(22, 28, 4)
(22, 29, 4)
(22, 30, 4)
(22, 31, 4)
(22, 32, 4)
(22, 33, 4)
(22, 34, 4)
(22, 35, 4)
(22, 36, 4)
(22, 37, 4)
(22, 38, 4)
(22, 39, 4)

(23, 0, 212)
(23, 1, 200)
(23, 2, 143)
(23, 3, 124)
(23, 4, 59)
(23, 5, 57)
(23, 6, 37)
(23, 7, 28)
(23, 8, 14)
(23, 9, 11)
(23, 10, 8)
(23, 11, 8)
(23, 12, 5)
(23, 13, 4)
(23, 14, 4)
(23, 15, 4)
(23, 16, 4)
(23, 17, 4)
(23, 18, 4)
(23, 19, 4)
(23, 20, 4)
(23, 21, 4)
(23, 22, 4)
(23, 23, 4)
(23, 24, 4)
(23, 25, 4)
(23, 26, 4)
(23, 27, 4)
(23, 28, 4)
(23, 29, 4)
(23, 30, 4)
(23, 31, 4)
(23, 32, 4)
(23, 33, 4)
(23, 34, 4)
(23, 35, 4)
(23, 36, 4)
(23, 37, 4)
(23, 38, 4)
(23, 39, 4)

(24, 0, 234)
(24, 1, 212)
(24, 2, 152)
(24, 3, 131)
(24, 4, 57)
(24, 5, 55)
(24, 6, 35)
(24, 7, 26)
(24, 8, 13)
(24, 9, 11)
(24, 10, 8)
(24, 11, 8)
(24, 12, 5)
(24, 13, 4)
(24, 14, 4)
(24, 15, 4)
(24, 16, 4)
(24, 17, 4)
(24, 18, 4)
(24, 19, 4)
(24, 20, 4)
(24, 21, 4)
(24, 22, 4)
(24, 23, 4)
(24, 24, 4)
(24, 25, 4)
(24, 26, 4)
(24, 27, 4)
(24, 28, 4)
(24, 29, 4)
(24, 30, 4)
(24, 31, 4)
(24, 32, 4)
(24, 33, 4)
(24, 34, 4)
(24, 35, 4)
(24, 36, 4)
(24, 37, 4)
(24, 38, 4)
(24, 39, 4)

(25, 0, 255)
(25, 1, 223)
(25, 2, 160)
(25, 3, 139)
(25, 4, 55)
(25, 5, 53)
(25, 6, 33)
(25, 7, 25)
(25, 8, 13)
(25, 9, 11)
(25, 10, 8)
(25, 11, 8)
(25, 12, 5)
(25, 13, 4)
(25, 14, 4)
(25, 15, 4)
(25, 16, 4)
(25, 17, 4)
(25, 18, 4)
(25, 19, 4)
(25, 20, 4)
(25, 21, 4)
(25, 22, 4)
(25, 23, 4)
(25, 24, 4)
(25, 25, 4)
(25, 26, 4)
(25, 27, 4)
(25, 28, 4)
(25, 29, 4)
(25, 30, 4)
(25, 31, 4)
(25, 32, 4)
(25, 33, 4)
(25, 34, 4)
(25, 35, 4)
(25, 36, 4)
(25, 37, 4)
(25, 38, 4)
(25, 39, 4)

(26, 0, 269)
(26, 1, 228)
(26, 2, 161)
(26, 3, 139)
(26, 4, 57)
(26, 5, 54)
(26, 6, 34)
(26, 7, 26)
(26, 8, 14)
(26, 9, 12)
(26, 10, 9)
(26, 11, 9)
(26, 12, 6)
(26, 13, 5)
(26, 14, 5)
(26, 15, 5)
(26, 16, 5)
(26, 17, 5)
(26, 18, 5)
(26, 19, 5)
(26, 20, 5)
(26, 21, 5)
(26, 22, 5)
(26, 23, 5)
(26, 24, 5)
(26, 25, 5)
(26, 26, 5)
(26, 27, 5)
(26, 28, 5)
(26, 29, 5)
(26, 30, 5)
(26, 31, 5)
(26, 32, 5)
(26, 33, 5)
(26, 34, 5)
(26, 35, 5)
(26, 36, 5)
(26, 37, 5)
(26, 38, 5)
(26, 39, 5)

(27, 0, 278)
(27, 1, 232)
(27, 2, 164)
(27, 3, 142)
(27, 4, 59)
(27, 5, 56)
(27, 6, 36)
(27, 7, 27)
(27, 8, 14)
(27, 9, 12)
(27, 10, 9)
(27, 11, 9)
(27, 12, 6)
(27, 13, 5)
(27, 14, 5)
(27, 15, 5)
(27, 16, 5)
(27, 17, 5)
(27, 18, 5)
(27, 19, 5)
(27, 20, 5)
(27, 21, 5)
(27, 22, 5)
(27, 23, 5)
(27, 24, 5)
(27, 25, 5)
(27, 26, 5)
(27, 27, 5)
(27, 28, 5)
(27, 29, 5)
(27, 30, 5)
(27, 31, 5)
(27, 32, 5)
(27, 33, 5)
(27, 34, 5)
(27, 35, 5)
(27, 36, 5)
(27, 37, 5)
(27, 38, 5)
(27, 39, 5)

(28, 0, 282)
(28, 1, 234)
(28, 2, 166)
(28, 3, 144)
(28, 4, 61)
(28, 5, 56)
(28, 6, 35)
(28, 7, 26)
(28, 8, 14)
(28, 9, 12)
(28, 10, 9)
(28, 11, 9)
(28, 12, 6)
(28, 13, 5)
(28, 14, 5)
(28, 15, 5)
(28, 16, 5)
(28, 17, 5)
(28, 18, 5)
(28, 19, 5)
(28, 20, 5)
(28, 21, 5)
(28, 22, 5)
(28, 23, 5)
(28, 24, 5)
(28, 25, 5)
(28, 26, 5)
(28, 27, 5)
(28, 28, 5)
(28, 29, 5)
(28, 30, 5)
(28, 31, 5)
(28, 32, 5)
(28, 33, 5)
(28, 34, 5)
(28, 35, 5)
(28, 36, 5)
(28, 37, 5)
(28, 38, 4)
(28, 39, 4)

(29, 0, 286)
(29, 1, 236)
(29, 2, 168)
(29, 3, 146)
(29, 4, 61)
(29, 5, 55)
(29, 6, 34)
(29, 7, 26)
(29, 8, 14)
(29, 9, 12)
(29, 10, 9)
(29, 11, 9)
(29, 12, 6)
(29, 13, 5)
(29, 14, 5)
(29, 15, 5)
(29, 16, 5)
(29, 17, 5)
(29, 18, 5)
(29, 19, 5)
(29, 20, 5)
(29, 21, 5)
(29, 22, 5)
(29, 23, 5)
(29, 24, 5)
(29, 25, 5)
(29, 26, 5)
(29, 27, 5)
(29, 28, 5)
(29, 29, 5)
(29, 30, 5)
(29, 31, 5)
(29, 32, 5)
(29, 33, 5)
(29, 34, 5)
(29, 35, 4)
(29, 36, 4)
(29, 37, 4)
(29, 38, 4)
(29, 39, 4)

(30, 0, 295)
(30, 1, 242)
(30, 2, 173)
(30, 3, 151)
(30, 4, 64)
(30, 5, 57)
(30, 6, 34)
(30, 7, 26)
(30, 8, 14)
(30, 9, 12)
(30, 10, 9)
(30, 11, 9)
(30, 12, 6)
(30, 13, 5)
(30, 14, 5)
(30, 15, 5)
(30, 16, 5)
(30, 17, 5)
(30, 18, 5)
(30, 19, 5)
(30, 20, 5)
(30, 21, 5)
(30, 22, 5)
(30, 23, 5)
(30, 24, 5)
(30, 25, 5)
(30, 26, 5)
(30, 27, 5)
(30, 28, 5)
(30, 29, 5)
(30, 30, 5)
(30, 31, 5)
(30, 32, 4)
(30, 33, 4)
(30, 34, 4)
(30, 35, 4)
(30, 36, 4)
(30, 37, 4)
(30, 38, 4)
(30, 39, 4)

(31, 0, 313)
(31, 1, 253)
(31, 2, 179)
(31, 3, 156)
(31, 4, 63)
(31, 5, 55)
(31, 6, 34)
(31, 7, 26)
(31, 8, 14)
(31, 9, 12)
(31, 10, 9)
(31, 11, 9)
(31, 12, 6)
(31, 13, 5)
(31, 14, 5)
(31, 15, 5)
(31, 16, 5)
(31, 17, 5)
(31, 18, 5)
(31, 19, 5)
(31, 20, 5)
(31, 21, 5)
(31, 22, 5)
(31, 23, 5)
(31, 24, 5)
(31, 25, 5)
(31, 26, 5)
(31, 27, 5)
(31, 28, 5)
(31, 29, 4)
(31, 30, 4)
(31, 31, 4)
(31, 32, 4)
(31, 33, 4)
(31, 34, 4)
(31, 35, 4)
(31, 36, 4)
(31, 37, 4)
(31, 38, 4)
(31, 39, 3)

(32, 0, 329)
(32, 1, 266)
(32, 2, 186)
(32, 3, 163)
(32, 4, 64)
(32, 5, 57)
(32, 6, 36)
(32, 7, 28)
(32, 8, 16)
(32, 9, 13)
(32, 10, 10)
(32, 11, 10)
(32, 12, 6)
(32, 13, 5)
(32, 14, 5)
(32, 15, 5)
(32, 16, 5)
(32, 17, 5)
(32, 18, 5)
(32, 19, 5)
(32, 20, 5)
(32, 21, 5)
(32, 22, 5)
(32, 23, 5)
(32, 24, 5)
(32, 25, 5)
(32, 26, 5)
(32, 27, 4)
(32, 28, 4)
(32, 29, 4)
(32, 30, 4)
(32, 31, 4)
(32, 32, 3)
(32, 33, 3)
(32, 34, 3)
(32, 35, 3)
(32, 36, 3)
(32, 37, 3)
(32, 38, 3)
(32, 39, 3)

(33, 0, 340)
(33, 1, 276)
(33, 2, 193)
(33, 3, 169)
(33, 4, 67)
(33, 5, 59)
(33, 6, 38)
(33, 7, 30)
(33, 8, 18)
(33, 9, 15)
(33, 10, 12)
(33, 11, 12)
(33, 12, 8)
(33, 13, 7)
(33, 14, 7)
(33, 15, 6)
(33, 16, 6)
(33, 17, 6)
(33, 18, 6)
(33, 19, 6)
(33, 20, 6)
(33, 21, 6)
(33, 22, 6)
(33, 23, 6)
(33, 24, 5)
(33, 25, 5)
(33, 26, 5)
(33, 27, 5)
(33, 28, 5)
(33, 29, 5)
(33, 30, 5)
(33, 31, 5)
(33, 32, 4)
(33, 33, 4)
(33, 34, 3)
(33, 35, 3)
(33, 36, 3)
(33, 37, 3)
(33, 38, 3)
(33, 39, 3)

(34, 0, 354)
(34, 1, 281)
(34, 2, 197)
(34, 3, 172)
(34, 4, 68)
(34, 5, 59)
(34, 6, 38)
(34, 7, 30)
(34, 8, 18)
(34, 9, 15)
(34, 10, 12)
(34, 11, 12)
(34, 12, 8)
(34, 13, 7)
(34, 14, 7)
(34, 15, 6)
(34, 16, 6)
(34, 17, 6)
(34, 18, 6)
(34, 19, 6)
(34, 20, 6)
(34, 21, 6)
(34, 22, 5)
(34, 23, 5)
(34, 24, 5)
(34, 25, 5)
(34, 26, 5)
(34, 27, 5)
(34, 28, 5)
(34, 29, 5)
(34, 30, 4)
(34, 31, 4)
(34, 32, 3)
(34, 33, 3)
(34, 34, 3)
(34, 35, 3)
(34, 36, 3)
(34, 37, 3)
(34, 38, 3)
(34, 39, 3)

(35, 0, 368)
(35, 1, 288)
(35, 2, 202)
(35, 3, 176)
(35, 4, 68)
(35, 5, 59)
(35, 6, 38)
(35, 7, 30)
(35, 8, 18)
(35, 9, 15)
(35, 10, 12)
(35, 11, 12)
(35, 12, 8)
(35, 13, 7)
(35, 14, 7)
(35, 15, 6)
(35, 16, 6)
(35, 17, 6)
(35, 18, 6)
(35, 19, 6)
(35, 20, 6)
(35, 21, 5)
(35, 22, 5)
(35, 23, 5)
(35, 24, 5)
(35, 25, 5)
(35, 26, 5)
(35, 27, 5)
(35, 28, 5)
(35, 29, 5)
(35, 30, 3)
(35, 31, 3)
(35, 32, 3)
(35, 33, 3)
(35, 34, 3)
(35, 35, 3)
(35, 36, 3)
(35, 37, 3)
(35, 38, 3)
(35, 39, 3)

(36, 0, 393)
(36, 1, 300)
(36, 2, 213)
(36, 3, 183)
(36, 4, 71)
(36, 5, 61)
(36, 6, 38)
(36, 7, 30)
(36, 8, 18)
(36, 9, 15)
(36, 10, 12)
(36, 11, 12)
(36, 12, 8)
(36, 13, 7)
(36, 14, 6)
(36, 15, 6)
(36, 16, 6)
(36, 17, 6)
(36, 18, 5)
(36, 19, 4)
(36, 20, 4)
(36, 21, 4)
(36, 22, 4)
(36, 23, 4)
(36, 24, 3)
(36, 25, 3)
(36, 26, 3)
(36, 27, 3)
(36, 28, 3)
(36, 29, 3)
(36, 30, 3)
(36, 31, 3)
(36, 32, 3)
(36, 33, 3)
(36, 34, 3)
(36, 35, 3)
(36, 36, 3)
(36, 37, 3)
(36, 38, 3)
(36, 39, 3)

(37, 0, 434)
(37, 1, 320)
(37, 2, 223)
(37, 3, 192)
(37, 4, 72)
(37, 5, 61)
(37, 6, 37)
(37, 7, 29)
(37, 8, 17)
(37, 9, 14)
(37, 10, 11)
(37, 11, 11)
(37, 12, 7)
(37, 13, 6)
(37, 14, 3)
(37, 15, 3)
(37, 16, 3)
(37, 17, 3)
(37, 18, 3)
(37, 19, 3)
(37, 20, 3)
(37, 21, 3)
(37, 22, 3)
(37, 23, 3)
(37, 24, 3)
(37, 25, 3)
(37, 26, 3)
(37, 27, 3)
(37, 28, 3)
(37, 29, 3)
(37, 30, 3)
(37, 31, 3)
(37, 32, 3)
(37, 33, 3)
(37, 34, 3)
(37, 35, 3)
(37, 36, 3)
(37, 37, 3)
(37, 38, 3)
(37, 39, 3)

(38, 0, 477)
(38, 1, 345)
(38, 2, 241)
(38, 3, 207)
(38, 4, 68)
(38, 5, 56)
(38, 6, 36)
(38, 7, 28)
(38, 8, 16)
(38, 9, 13)
(38, 10, 10)
(38, 11, 10)
(38, 12, 6)
(38, 13, 4)
(38, 14, 3)
(38, 15, 3)
(38, 16, 3)
(38, 17, 3)
(38, 18, 3)
(38, 19, 3)
(38, 20, 3)
(38, 21, 3)
(38, 22, 3)
(38, 23, 3)
(38, 24, 3)
(38, 25, 3)
(38, 26, 3)
(38, 27, 3)
(38, 28, 3)
(38, 29, 3)
(38, 30, 3)
(38, 31, 3)
(38, 32, 3)
(38, 33, 3)
(38, 34, 3)
(38, 35, 3)
(38, 36, 3)
(38, 37, 3)
(38, 38, 3)
(38, 39, 3)

(39, 0, 509)
(39, 1, 364)
(39, 2, 251)
(39, 3, 215)
(39, 4, 67)
(39, 5, 56)
(39, 6, 36)
(39, 7, 28)
(39, 8, 16)
(39, 9, 13)
(39, 10, 10)
(39, 11, 10)
(39, 12, 6)
(39, 13, 4)
(39, 14, 3)
(39, 15, 3)
(39, 16, 3)
(39, 17, 3)
(39, 18, 3)
(39, 19, 3)
(39, 20, 3)
(39, 21, 3)
(39, 22, 3)
(39, 23, 3)
(39, 24, 3)
(39, 25, 3)
(39, 26, 3)
(39, 27, 3)
(39, 28, 3)
(39, 29, 3)
(39, 30, 3)
(39, 31, 3)
(39, 32, 3)
(39, 33, 3)
(39, 34, 3)
(39, 35, 3)
(39, 36, 3)
(39, 37, 3)
(39, 38, 3)
(39, 39, 3)


Betti numbers:
xi_0:
(0, 0, 2)
(6, 0, 1)
(7, 0, 4)
(8, 0, 2)
(9, 0, 7)
(10, 0, 3)
(11, 0, 3)
(12, 0, 5)
(13, 0, 9)
(14, 0, 7)
(15, 0, 18)
(16, 0, 13)
(17, 0, 16)
(18, 0, 22)
(19, 0, 17)
(20, 0, 20)
(21, 0, 22)
(22, 0, 22)
(23, 0, 19)
(24, 0, 23)
(25, 0, 22)
(26, 0, 15)
(27, 0, 9)
(28, 0, 4)
(29, 0, 4)
(30, 0, 9)
(31, 0, 18)
(32, 0, 16)
(33, 0, 11)
(34, 0, 14)
(35, 0, 14)
(36, 0, 26)
(37, 0, 41)
(38, 0, 43)
(39, 0, 32)
xi_1:
(0, 5, 1)
(7, 1, 1)
(7, 2, 1)
(7, 3, 1)
(7, 12, 1)
(8, 2, 1)
(9, 2, 2)
(9, 3, 1)
(9, 10, 2)
(9, 39, 1)
(10, 5, 1)
(10, 10, 2)
(10, 29, 1)
(11, 4, 1)
(11, 10, 2)
(12, 6, 2)
(12, 8, 1)
(12, 9, 3)
(12, 10, 2)
(12, 27, 1)
(13, 1, 1)
(13, 2, 2)
(13, 3, 1)
(13, 4, 2)
(13, 6, 1)
(13, 8, 2)
(13, 9, 2)
(13, 10, 1)
(13, 13, 1)
(14, 2, 5)
(14, 4, 1)
(14, 8, 1)
(14, 9, 1)
(14, 20, 1)
(15, 2, 5)
(15, 3, 5)
(15, 4, 2)
(15, 6, 1)
(15, 7, 1)
(15, 8, 2)
(15, 9, 2)
(15, 10, 1)
(15, 15, 1)
(15, 18, 1)
(16, 1, 1)
(16, 2, 2)
(16, 3, 1)
(16, 6, 2)
(16, 7, 2)
(16, 8, 3)
(16, 9, 2)
(16, 10, 1)
(16, 12, 1)
(16, 17, 1)
(17, 2, 2)
(17, 3, 1)
(17, 4, 9)
(17, 6, 3)
(17, 7, 3)
(17, 8, 2)
(17, 9, 1)
(17, 20, 1)
(18, 2, 6)
(18, 3, 4)
(18, 4, 5)
(18, 6, 4)
(18, 7, 3)
(18, 8, 3)
(18, 9, 1)
(18, 10, 3)
(19, 2, 7)
(19, 3, 1)
(19, 4, 4)
(19, 6, 3)
(19, 7, 4)
(19, 8, 3)
(19, 10, 1)
(19, 13, 1)
(20, 2, 6)
(20, 3, 2)
(20, 4, 8)
(20, 6, 5)
(20, 7, 2)
(20, 8, 4)
(20, 10, 2)
(21, 2, 5)
(21, 3, 1)
(21, 4, 14)
(21, 5, 2)
(21, 6, 4)
(21, 7, 2)
(21, 8, 1)
(21, 9, 4)
(21, 12, 1)
(22, 1, 2)
(22, 2, 7)
(22, 4, 15)
(22, 6, 2)
(22, 8, 3)
(22, 9, 1)
(23, 1, 7)
(23, 2, 6)
(23, 3, 1)
(23, 4, 4)
(23, 6, 2)
(23, 7, 3)
(23, 8, 1)
(24, 0, 1)
(24, 1, 11)
(24, 2, 3)
(24, 3, 2)
(24, 4, 9)
(24, 6, 2)
(24, 7, 1)
(24, 8, 1)
(25, 0, 1)
(25, 1, 11)
(25, 2, 3)
(25, 4, 10)
(25, 6, 1)
(25, 7, 1)
(26, 0, 1)
(26, 1, 10)
(26, 2, 4)
(26, 3, 1)
(26, 5, 1)
(27, 1, 5)
(27, 2, 1)
(27, 4, 1)
(27, 7, 1)
(27, 8, 1)
(28, 1, 2)
(28, 5, 2)
(28, 6, 1)
(28, 7, 1)
(28, 38, 1)
(29, 1, 2)
(29, 4, 2)
(29, 5, 1)
(29, 35, 1)
(30, 1, 3)
(30, 2, 1)
(30, 4, 2)
(30, 5, 1)
(30, 6, 2)
(30, 32, 1)
(31, 1, 7)
(31, 2, 5)
(31, 3, 1)
(31, 4, 6)
(31, 5, 1)
(31, 29, 1)
(31, 39, 1)
(32, 1, 3)
(32, 2, 6)
(32, 4, 6)
(32, 9, 1)
(32, 12, 1)
(32, 27, 1)
(32, 32, 1)
(33, 1, 1)
(33, 2, 3)
(33, 3, 1)
(33, 4, 3)
(33, 5, 1)
(33, 15, 1)
(33, 24, 1)
(33, 34, 1)
(34, 1, 9)
(34, 2, 1)
(34, 3, 1)
(34, 4, 2)
(34, 5, 1)
(34, 22, 1)
(34, 30, 1)
(35, 1, 7)
(35, 2, 2)
(35, 3, 1)
(35, 4, 4)
(35, 21, 1)
(35, 30, 1)
(36, 0, 1)
(36, 1, 14)
(36, 2, 1)
(36, 3, 4)
(36, 4, 4)
(36, 5, 1)
(36, 6, 2)
(36, 14, 1)
(36, 18, 1)
(36, 19, 1)
(36, 24, 1)
(37, 1, 21)
(37, 2, 10)
(37, 3, 2)
(37, 4, 8)
(37, 5, 1)
(37, 6, 2)
(37, 14, 2)
(38, 1, 18)
(38, 2, 7)
(38, 3, 3)
(38, 4, 19)
(38, 5, 1)
(38, 13, 1)
(39, 1, 13)
(39, 2, 9)
(39, 3, 2)
(39, 4, 9)
xi_2:
(10, 39, 1)
(12, 10, 3)
(12, 29, 1)
(13, 9, 2)
(13, 10, 2)
(14, 9, 1)
(14, 10, 1)
(15, 10, 1)
(15, 20, 1)
(15, 27, 1)
(16, 9, 1)
(16, 15, 1)
(16, 18, 1)
(17, 7, 1)
(17, 8, 1)
(17, 9, 3)
(17, 17, 1)
(18, 6, 1)
(18, 7, 1)
(18, 8, 2)
(18, 9, 2)
(18, 10, 1)
(19, 7, 1)
(19, 8, 3)
(19, 9, 2)
(19, 20, 1)
(20, 6, 1)
(20, 7, 3)
(20, 8, 2)
(20, 9, 1)
(20, 10, 1)
(20, 13, 1)
(21, 6, 4)
(21, 7, 2)
(21, 8, 2)
(21, 10, 4)
(22, 5, 2)
(22, 6, 2)
(22, 7, 2)
(22, 9, 1)
(22, 10, 1)
(23, 6, 1)
(23, 7, 1)
(23, 8, 2)
(23, 9, 1)
(24, 1, 1)
(24, 6, 2)
(24, 7, 1)
(24, 8, 2)
(24, 9, 1)
(25, 1, 1)
(25, 6, 1)
(25, 7, 2)
(25, 8, 1)
(26, 1, 1)
(26, 4, 2)
(28, 7, 1)
(28, 8, 1)
(29, 7, 1)
(29, 38, 1)
(30, 35, 1)
(31, 6, 2)
(31, 32, 1)
(32, 5, 1)
(32, 29, 1)
(32, 39, 1)
(33, 27, 1)
(34, 24, 1)
(34, 34, 1)
(35, 22, 1)
(35, 32, 1)
(36, 1, 1)
(36, 15, 1)
(36, 21, 1)
(36, 30, 2)
(37, 3, 1)
(37, 6, 1)
(37, 18, 1)
(37, 19, 1)
(37, 24, 1)
(38, 6, 4)
(38, 14, 2)
(39, 5, 1)
