x-grades
-2077839598892287121/200000000000000000
-1015593177323598921/100000000000000000
-1984533110402108563/200000000000000000
-484469966539254821/50000000000000000
-378245324382386001/40000000000000000
-922286688833420363/100000000000000000
-1797920133421751447/200000000000000000
-218908361147082771/25000000000000000
-1704613644931572889/200000000000000000
-165796040068648361/20000000000000000
-1611307156441394331/200000000000000000
-391163478049076263/50000000000000000
-1518000667951215773/200000000000000000
-735673711853063247/100000000000000000
-284938835892207443/40000000000000000
-43063779225498373/6250000000000000
-1331387690970858657/200000000000000000
-642367223362884689/100000000000000000
-1238081202480680099/200000000000000000
-59571397911779541/10000000000000000
-1144774713990501541/200000000000000000
-549060734872706131/100000000000000000
-1051468225500322983/200000000000000000
-125601872656904213/25000000000000000
-38326469480405777/8000000000000000
-455754246382527573/100000000000000000
-864855248519965867/200000000000000000
-204550501068719147/50000000000000000
-771548760029787309/200000000000000000
-72489551578469803/20000000000000000
-678242271539608751/200000000000000000
-39474314205907467/12500000000000000
-584935783049430193/200000000000000000
-269141269402170457/100000000000000000
-98325858911850327/40000000000000000
-111244012578540589/50000000000000000
-398322806069073077/200000000000000000
-175834780911991899/100000000000000000
-305016317578894519/200000000000000000
-6459076833345131/5000000000000000

y-grades
5/2
5
15/2
10
25/2
15
35/2
20
45/2
25
55/2
30
65/2
35
75/2
40
85/2
45
95/2
50
105/2
55
115/2
60
125/2
65
135/2
70
145/2
75
155/2
80
165/2
85
175/2
90
185/2
95
195/2
100

Dimensions > 0:
(0, 0, 9)
(0, 1, 5)
(0, 2, 3)
(0, 3, 3)
(0, 4, 3)
(0, 5, 2)
(0, 6, 2)
(0, 7, 2)
(0, 8, 2)
(0, 9, 2)
(0, 10, 2)
(0, 11, 2)
(0, 12, 2)
(0, 13, 2)
(0, 14, 2)
(0, 15, 1)
(0, 16, 1)
(0, 17, 1)
(0, 18, 1)
(0, 19, 1)
(0, 20, 1)
(0, 21, 1)
(0, 22, 1)
(0, 23, 1)
(0, 24, 1)
(0, 25, 1)
(0, 26, 1)
(0, 27, 1)
(0, 28, 1)
(0, 29, 1)
(0, 30, 1)
(0, 31, 1)
(0, 32, 1)
(0, 33, 1)
(0, 34, 1)
(0, 35, 1)
(0, 36, 1)
(0, 37, 1)
(0, 38, 1)
(0, 39, 1)

(1, 0, 16)
(1, 1, 10)
(1, 2, 3)
(1, 3, 3)
(1, 4, 3)
(1, 5, 2)
(1, 6, 2)
(1, 7, 2)
(1, 8, 2)
(1, 9, 2)
(1, 10, 2)
(1, 11, 2)
(1, 12, 2)
(1, 13, 2)
(1, 14, 2)
(1, 15, 1)
(1, 16, 1)
(1, 17, 1)
(1, 18, 1)
(1, 19, 1)
(1, 20, 1)
(1, 21, 1)
(1, 22, 1)
(1, 23, 1)
(1, 24, 1)
(1, 25, 1)
(1, 26, 1)
(1, 27, 1)
(1, 28, 1)
(1, 29, 1)
(1, 30, 1)
(1, 31, 1)
(1, 32, 1)
(1, 33, 1)
(1, 34, 1)
(1, 35, 1)
(1, 36, 1)
(1, 37, 1)
(1, 38, 1)
(1, 39, 1)

(2, 0, 19)
(2, 1, 10)
(2, 2, 3)
(2, 3, 3)
(2, 4, 3)
(2, 5, 2)
(2, 6, 2)
(2, 7, 2)
(2, 8, 2)
(2, 9, 2)
(2, 10, 2)
(2, 11, 2)
(2, 12, 2)
(2, 13, 2)
(2, 14, 2)
(2, 15, 1)
(2, 16, 1)
(2, 17, 1)
(2, 18, 1)
(2, 19, 1)
(2, 20, 1)
(2, 21, 1)
(2, 22, 1)
(2, 23, 1)
(2, 24, 1)
(2, 25, 1)
(2, 26, 1)
(2, 27, 1)
(2, 28, 1)
(2, 29, 1)
(2, 30, 1)
(2, 31, 1)
(2, 32, 1)
(2, 33, 1)
(2, 34, 1)
(2, 35, 1)
(2, 36, 1)
(2, 37, 1)
(2, 38, 1)
(2, 39, 1)

(3, 0, 28)
(3, 1, 13)
(3, 2, 6)
(3, 3, 6)
(3, 4, 6)
(3, 5, 5)
(3, 6, 4)
(3, 7, 4)
(3, 8, 2)
(3, 9, 2)
(3, 10, 2)
(3, 11, 2)
(3, 12, 2)
(3, 13, 2)
(3, 14, 2)
(3, 15, 2)
(3, 16, 2)
(3, 17, 2)
(3, 18, 2)
(3, 19, 2)
(3, 20, 2)
(3, 21, 2)
(3, 22, 2)
(3, 23, 2)
(3, 24, 2)
(3, 25, 2)
(3, 26, 2)
(3, 27, 2)
(3, 28, 2)
(3, 29, 2)
(3, 30, 2)
(3, 31, 2)
(3, 32, 2)
(3, 33, 2)
(3, 34, 2)
(3, 35, 2)
(3, 36, 2)
(3, 37, 2)
(3, 38, 2)
(3, 39, 2)

(4, 0, 38)
(4, 1, 20)
(4, 2, 9)
(4, 3, 9)
(4, 4, 9)
(4, 5, 7)
(4, 6, 6)
(4, 7, 6)
(4, 8, 4)
(4, 9, 4)
(4, 10, 3)
(4, 11, 3)
(4, 12, 3)
(4, 13, 3)
(4, 14, 3)
(4, 15, 2)
(4, 16, 2)
(4, 17, 2)
(4, 18, 2)
(4, 19, 2)
(4, 20, 2)
(4, 21, 2)
(4, 22, 2)
(4, 23, 2)
(4, 24, 2)
(4, 25, 2)
(4, 26, 2)
(4, 27, 2)
(4, 28, 2)
(4, 29, 2)
(4, 30, 2)
(4, 31, 2)
(4, 32, 2)
(4, 33, 2)
(4, 34, 2)
(4, 35, 2)
(4, 36, 2)
(4, 37, 2)
(4, 38, 2)
(4, 39, 2)

(5, 0, 46)
(5, 1, 25)
(5, 2, 9)
(5, 3, 9)
(5, 4, 9)
(5, 5, 7)
(5, 6, 6)
(5, 7, 6)
(5, 8, 4)
(5, 9, 3)
(5, 10, 3)
(5, 11, 3)
(5, 12, 3)
(5, 13, 3)
(5, 14, 3)
(5, 15, 2)
(5, 16, 2)
(5, 17, 2)
(5, 18, 2)
(5, 19, 2)
(5, 20, 2)
(5, 21, 2)
(5, 22, 2)
(5, 23, 2)
(5, 24, 2)
(5, 25, 2)
(5, 26, 2)
(5, 27, 2)
(5, 28, 2)
(5, 29, 2)
(5, 30, 2)
(5, 31, 2)
(5, 32, 2)
(5, 33, 2)
(5, 34, 2)
(5, 35, 2)
(5, 36, 2)
(5, 37, 2)
(5, 38, 2)
(5, 39, 2)

(6, 0, 49)
(6, 1, 25)
(6, 2, 9)
(6, 3, 9)
(6, 4, 9)
(6, 5, 7)
(6, 6, 6)
(6, 7, 6)
(6, 8, 4)
(6, 9, 3)
(6, 10, 3)
(6, 11, 3)
(6, 12, 3)
(6, 13, 3)
(6, 14, 3)
(6, 15, 2)
(6, 16, 2)
(6, 17, 2)
(6, 18, 2)
(6, 19, 2)
(6, 20, 2)
(6, 21, 2)
(6, 22, 2)
(6, 23, 2)
(6, 24, 2)
(6, 25, 2)
(6, 26, 2)
(6, 27, 2)
(6, 28, 2)
(6, 29, 2)
(6, 30, 2)
(6, 31, 2)
(6, 32, 2)
(6, 33, 2)
(6, 34, 2)
(6, 35, 2)
(6, 36, 2)
(6, 37, 2)
(6, 38, 2)
(6, 39, 2)

(7, 0, 62)
(7, 1, 26)
(7, 2, 10)
(7, 3, 10)
(7, 4, 10)
(7, 5, 8)
(7, 6, 7)
(7, 7, 7)
(7, 8, 4)
(7, 9, 4)
(7, 10, 4)
(7, 11, 4)
(7, 12, 4)
(7, 13, 4)
(7, 14, 4)
(7, 15, 3)
(7, 16, 3)
(7, 17, 3)
(7, 18, 3)
(7, 19, 3)
(7, 20, 3)
(7, 21, 3)
(7, 22, 3)
(7, 23, 3)
(7, 24, 3)
(7, 25, 3)
(7, 26, 3)
(7, 27, 3)
(7, 28, 3)
(7, 29, 3)
(7, 30, 2)
(7, 31, 2)
(7, 32, 2)
(7, 33, 2)
(7, 34, 2)
(7, 35, 2)
(7, 36, 2)
(7, 37, 2)
(7, 38, 1)
(7, 39, 1)

(8, 0, 70)
(8, 1, 31)
(8, 2, 15)
(8, 3, 14)
(8, 4, 13)
(8, 5, 10)
(8, 6, 9)
(8, 7, 8)
(8, 8, 5)
(8, 9, 5)
(8, 10, 5)
(8, 11, 4)
(8, 12, 4)
(8, 13, 4)
(8, 14, 3)
(8, 15, 2)
(8, 16, 2)
(8, 17, 2)
(8, 18, 2)
(8, 19, 2)
(8, 20, 2)
(8, 21, 2)
(8, 22, 2)
(8, 23, 2)
(8, 24, 2)
(8, 25, 2)
(8, 26, 2)
(8, 27, 2)
(8, 28, 2)
(8, 29, 2)
(8, 30, 2)
(8, 31, 2)
(8, 32, 2)
(8, 33, 2)
(8, 34, 2)
(8, 35, 2)
(8, 36, 2)
(8, 37, 2)
(8, 38, 1)
(8, 39, 1)

(9, 0, 77)
(9, 1, 37)
(9, 2, 18)
(9, 3, 13)
(9, 4, 12)
(9, 5, 10)
(9, 6, 9)
(9, 7, 8)
(9, 8, 4)
(9, 9, 4)
(9, 10, 4)
(9, 11, 4)
(9, 12, 4)
(9, 13, 4)
(9, 14, 3)
(9, 15, 2)
(9, 16, 2)
(9, 17, 2)
(9, 18, 2)
(9, 19, 2)
(9, 20, 2)
(9, 21, 2)
(9, 22, 2)
(9, 23, 2)
(9, 24, 2)
(9, 25, 2)
(9, 26, 2)
(9, 27, 2)
(9, 28, 2)
(9, 29, 2)
(9, 30, 2)
(9, 31, 2)
(9, 32, 2)
(9, 33, 2)
(9, 34, 2)
(9, 35, 2)
(9, 36, 2)
(9, 37, 2)
(9, 38, 1)
(9, 39, 1)

(10, 0, 80)
(10, 1, 40)
(10, 2, 21)
(10, 3, 15)
(10, 4, 14)
(10, 5, 11)
(10, 6, 10)
(10, 7, 9)
(10, 8, 5)
(10, 9, 5)
(10, 10, 5)
(10, 11, 5)
(10, 12, 5)
(10, 13, 5)
(10, 14, 4)
(10, 15, 3)
(10, 16, 3)
(10, 17, 3)
(10, 18, 3)
(10, 19, 3)
(10, 20, 3)
(10, 21, 3)
(10, 22, 3)
(10, 23, 3)
(10, 24, 3)
(10, 25, 3)
(10, 26, 2)
(10, 27, 2)
(10, 28, 2)
(10, 29, 2)
(10, 30, 2)
(10, 31, 2)
(10, 32, 2)
(10, 33, 2)
(10, 34, 2)
(10, 35, 2)
(10, 36, 2)
(10, 37, 2)
(10, 38, 1)
(10, 39, 1)

(11, 0, 90)
(11, 1, 48)
(11, 2, 24)
(11, 3, 17)
(11, 4, 16)
(11, 5, 13)
(11, 6, 10)
(11, 7, 9)
(11, 8, 5)
(11, 9, 5)
(11, 10, 5)
(11, 11, 5)
(11, 12, 5)
(11, 13, 5)
(11, 14, 4)
(11, 15, 3)
(11, 16, 3)
(11, 17, 3)
(11, 18, 3)
(11, 19, 3)
(11, 20, 3)
(11, 21, 3)
(11, 22, 3)
(11, 23, 3)
(11, 24, 3)
(11, 25, 3)
(11, 26, 2)
(11, 27, 2)
(11, 28, 2)
(11, 29, 2)
(11, 30, 2)
(11, 31, 2)
(11, 32, 2)
(11, 33, 2)
(11, 34, 2)
(11, 35, 2)
(11, 36, 2)
(11, 37, 2)
(11, 38, 1)
(11, 39, 1)

(12, 0, 93)
(12, 1, 51)
(12, 2, 26)
(12, 3, 19)
(12, 4, 18)
(12, 5, 14)
(12, 6, 10)
(12, 7, 9)
(12, 8, 5)
(12, 9, 5)
(12, 10, 5)
(12, 11, 5)
(12, 12, 5)
(12, 13, 5)
(12, 14, 4)
(12, 15, 3)
(12, 16, 3)
(12, 17, 3)
(12, 18, 3)
(12, 19, 3)
(12, 20, 3)
(12, 21, 3)
(12, 22, 3)
(12, 23, 3)
(12, 24, 3)
(12, 25, 3)
(12, 26, 2)
(12, 27, 2)
(12, 28, 2)
(12, 29, 2)
(12, 30, 2)
(12, 31, 2)
(12, 32, 2)
(12, 33, 2)
(12, 34, 2)
(12, 35, 2)
(12, 36, 2)
(12, 37, 2)
(12, 38, 1)
(12, 39, 1)

(13, 0, 97)
(13, 1, 55)
(13, 2, 29)
(13, 3, 21)
(13, 4, 18)
(13, 5, 14)
(13, 6, 10)
(13, 7, 9)
(13, 8, 5)
(13, 9, 5)
(13, 10, 5)
(13, 11, 5)
(13, 12, 5)
(13, 13, 5)
(13, 14, 4)
(13, 15, 3)
(13, 16, 3)
(13, 17, 3)
(13, 18, 3)
(13, 19, 3)
(13, 20, 3)
(13, 21, 3)
(13, 22, 3)
(13, 23, 3)
(13, 24, 3)
(13, 25, 3)
(13, 26, 2)
(13, 27, 2)
(13, 28, 2)
(13, 29, 2)
(13, 30, 2)
(13, 31, 2)
(13, 32, 2)
(13, 33, 2)
(13, 34, 2)
(13, 35, 2)
(13, 36, 2)
(13, 37, 2)
(13, 38, 1)
(13, 39, 1)

(14, 0, 102)
(14, 1, 60)
(14, 2, 33)
(14, 3, 24)
(14, 4, 18)
(14, 5, 14)
(14, 6, 10)
(14, 7, 9)
(14, 8, 5)
(14, 9, 5)
(14, 10, 5)
(14, 11, 5)
(14, 12, 5)
(14, 13, 5)
(14, 14, 4)
(14, 15, 3)
(14, 16, 3)
(14, 17, 3)
(14, 18, 3)
(14, 19, 3)
(14, 20, 3)
(14, 21, 3)
(14, 22, 3)
(14, 23, 3)
(14, 24, 3)
(14, 25, 3)
(14, 26, 2)
(14, 27, 2)
(14, 28, 2)
(14, 29, 2)
(14, 30, 2)
(14, 31, 2)
(14, 32, 2)
(14, 33, 2)
(14, 34, 2)
(14, 35, 2)
(14, 36, 2)
(14, 37, 2)
(14, 38, 1)
(14, 39, 1)

(15, 0, 106)
(15, 1, 64)
(15, 2, 36)
(15, 3, 27)
(15, 4, 20)
(15, 5, 15)
(15, 6, 11)
(15, 7, 10)
(15, 8, 6)
(15, 9, 6)
(15, 10, 6)
(15, 11, 6)
(15, 12, 6)
(15, 13, 6)
(15, 14, 5)
(15, 15, 4)
(15, 16, 4)
(15, 17, 4)
(15, 18, 4)
(15, 19, 4)
(15, 20, 4)
(15, 21, 4)
(15, 22, 4)
(15, 23, 4)
(15, 24, 4)
(15, 25, 4)
(15, 26, 2)
(15, 27, 2)
(15, 28, 2)
(15, 29, 2)
(15, 30, 2)
(15, 31, 2)
(15, 32, 2)
(15, 33, 2)
(15, 34, 2)
(15, 35, 2)
(15, 36, 2)
(15, 37, 1)
(15, 38, 1)
(15, 39, 1)

(16, 0, 113)
(16, 1, 70)
(16, 2, 37)
(16, 3, 27)
(16, 4, 20)
(16, 5, 15)
(16, 6, 11)
(16, 7, 10)
(16, 8, 6)
(16, 9, 6)
(16, 10, 6)
(16, 11, 6)
(16, 12, 6)
(16, 13, 6)
(16, 14, 5)
(16, 15, 4)
(16, 16, 4)
(16, 17, 4)
(16, 18, 4)
(16, 19, 4)
(16, 20, 4)
(16, 21, 4)
(16, 22, 4)
(16, 23, 4)
(16, 24, 3)
(16, 25, 3)
(16, 26, 2)
(16, 27, 2)
(16, 28, 2)
(16, 29, 2)
(16, 30, 2)
(16, 31, 2)
(16, 32, 2)
(16, 33, 2)
(16, 34, 2)
(16, 35, 2)
(16, 36, 1)
(16, 37, 1)
(16, 38, 1)
(16, 39, 1)

(17, 0, 116)
(17, 1, 72)
(17, 2, 39)
(17, 3, 29)
(17, 4, 22)
(17, 5, 17)
(17, 6, 12)
(17, 7, 11)
(17, 8, 6)
(17, 9, 6)
(17, 10, 6)
(17, 11, 6)
(17, 12, 6)
(17, 13, 6)
(17, 14, 5)
(17, 15, 4)
(17, 16, 4)
(17, 17, 4)
(17, 18, 4)
(17, 19, 4)
(17, 20, 4)
(17, 21, 4)
(17, 22, 4)
(17, 23, 4)
(17, 24, 3)
(17, 25, 3)
(17, 26, 2)
(17, 27, 2)
(17, 28, 2)
(17, 29, 2)
(17, 30, 2)
(17, 31, 2)
(17, 32, 2)
(17, 33, 2)
(17, 34, 2)
(17, 35, 2)
(17, 36, 1)
(17, 37, 1)
(17, 38, 1)
(17, 39, 1)

(18, 0, 116)
(18, 1, 72)
(18, 2, 39)
(18, 3, 29)
(18, 4, 22)
(18, 5, 17)
(18, 6, 12)
(18, 7, 11)
(18, 8, 6)
(18, 9, 6)
(18, 10, 6)
(18, 11, 6)
(18, 12, 6)
(18, 13, 6)
(18, 14, 5)
(18, 15, 4)
(18, 16, 4)
(18, 17, 4)
(18, 18, 4)
(18, 19, 4)
(18, 20, 4)
(18, 21, 4)
(18, 22, 4)
(18, 23, 4)
(18, 24, 3)
(18, 25, 3)
(18, 26, 2)
(18, 27, 2)
(18, 28, 2)
(18, 29, 2)
(18, 30, 2)
(18, 31, 2)
(18, 32, 2)
(18, 33, 2)
(18, 34, 2)
(18, 35, 2)
(18, 36, 1)
(18, 37, 1)
(18, 38, 1)
(18, 39, 1)

(19, 0, 116)
(19, 1, 72)
(19, 2, 39)
(19, 3, 29)
(19, 4, 22)
(19, 5, 17)
(19, 6, 12)
(19, 7, 11)
(19, 8, 6)
(19, 9, 6)
(19, 10, 6)
(19, 11, 6)
(19, 12, 6)
(19, 13, 6)
(19, 14, 5)
(19, 15, 4)
(19, 16, 4)
(19, 17, 4)
(19, 18, 4)
(19, 19, 4)
(19, 20, 4)
(19, 21, 4)
(19, 22, 4)
(19, 23, 4)
(19, 24, 3)
(19, 25, 3)
(19, 26, 2)
(19, 27, 2)
(19, 28, 2)
(19, 29, 2)
(19, 30, 2)
(19, 31, 2)
(19, 32, 2)
(19, 33, 2)
(19, 34, 2)
(19, 35, 2)
(19, 36, 1)
(19, 37, 1)
(19, 38, 1)
(19, 39, 1)

(20, 0, 116)
(20, 1, 72)
(20, 2, 39)
(20, 3, 29)
(20, 4, 22)
(20, 5, 17)
(20, 6, 12)
(20, 7, 11)
(20, 8, 6)
(20, 9, 6)
(20, 10, 6)
(20, 11, 6)
(20, 12, 6)
(20, 13, 6)
(20, 14, 5)
(20, 15, 4)
(20, 16, 4)
(20, 17, 4)
(20, 18, 4)
(20, 19, 4)
(20, 20, 4)
(20, 21, 4)
(20, 22, 4)
(20, 23, 4)
(20, 24, 3)
(20, 25, 3)
(20, 26, 2)
(20, 27, 2)
(20, 28, 2)
(20, 29, 2)
(20, 30, 2)
(20, 31, 2)
(20, 32, 2)
(20, 33, 2)
(20, 34, 2)
(20, 35, 2)
(20, 36, 1)
(20, 37, 1)
(20, 38, 1)
(20, 39, 1)

(21, 0, 119)
(21, 1, 75)
(21, 2, 42)
(21, 3, 31)
(21, 4, 24)
(21, 5, 19)
(21, 6, 14)
(21, 7, 13)
(21, 8, 8)
(21, 9, 7)
(21, 10, 7)
(21, 11, 7)
(21, 12, 7)
(21, 13, 6)
(21, 14, 5)
(21, 15, 4)
(21, 16, 4)
(21, 17, 4)
(21, 18, 4)
(21, 19, 4)
(21, 20, 4)
(21, 21, 4)
(21, 22, 4)
(21, 23, 4)
(21, 24, 3)
(21, 25, 3)
(21, 26, 2)
(21, 27, 2)
(21, 28, 2)
(21, 29, 2)
(21, 30, 2)
(21, 31, 2)
(21, 32, 2)
(21, 33, 2)
(21, 34, 2)
(21, 35, 2)
(21, 36, 1)
(21, 37, 1)
(21, 38, 1)
(21, 39, 1)

(22, 0, 127)
(22, 1, 82)
(22, 2, 46)
(22, 3, 31)
(22, 4, 23)
(22, 5, 18)
(22, 6, 13)
(22, 7, 12)
(22, 8, 7)
(22, 9, 7)
(22, 10, 7)
(22, 11, 7)
(22, 12, 7)
(22, 13, 6)
(22, 14, 5)
(22, 15, 4)
(22, 16, 4)
(22, 17, 4)
(22, 18, 4)
(22, 19, 4)
(22, 20, 4)
(22, 21, 4)
(22, 22, 4)
(22, 23, 4)
(22, 24, 3)
(22, 25, 3)
(22, 26, 2)
(22, 27, 2)
(22, 28, 2)
(22, 29, 2)
(22, 30, 2)
(22, 31, 2)
(22, 32, 2)
(22, 33, 2)
(22, 34, 2)
(22, 35, 2)
(22, 36, 1)
(22, 37, 1)
(22, 38, 1)
(22, 39, 1)

(23, 0, 128)
(23, 1, 83)
(23, 2, 47)
(23, 3, 31)
(23, 4, 23)
(23, 5, 18)
(23, 6, 13)
(23, 7, 12)
(23, 8, 7)
(23, 9, 7)
(23, 10, 7)
(23, 11, 7)
(23, 12, 7)
(23, 13, 6)
(23, 14, 5)
(23, 15, 4)
(23, 16, 4)
(23, 17, 4)
(23, 18, 4)
(23, 19, 4)
(23, 20, 4)
(23, 21, 4)
(23, 22, 4)
(23, 23, 4)
(23, 24, 3)
(23, 25, 3)
(23, 26, 2)
(23, 27, 2)
(23, 28, 2)
(23, 29, 2)
(23, 30, 2)
(23, 31, 2)
(23, 32, 2)
(23, 33, 2)
(23, 34, 2)
(23, 35, 2)
(23, 36, 1)
(23, 37, 1)
(23, 38, 1)
(23, 39, 1)

(24, 0, 129)
(24, 1, 84)
(24, 2, 48)
(24, 3, 32)
(24, 4, 24)
(24, 5, 19)
(24, 6, 13)
(24, 7, 12)
(24, 8, 7)
(24, 9, 7)
(24, 10, 7)
(24, 11, 7)
(24, 12, 7)
(24, 13, 6)
(24, 14, 5)
(24, 15, 4)
(24, 16, 4)
(24, 17, 4)
(24, 18, 4)
(24, 19, 4)
(24, 20, 4)
(24, 21, 4)
(24, 22, 4)
(24, 23, 4)
(24, 24, 3)
(24, 25, 3)
(24, 26, 2)
(24, 27, 2)
(24, 28, 2)
(24, 29, 2)
(24, 30, 2)
(24, 31, 2)
(24, 32, 2)
(24, 33, 2)
(24, 34, 2)
(24, 35, 2)
(24, 36, 1)
(24, 37, 1)
(24, 38, 1)
(24, 39, 1)

(25, 0, 130)
(25, 1, 85)
(25, 2, 49)
(25, 3, 33)
(25, 4, 25)
(25, 5, 19)
(25, 6, 13)
(25, 7, 12)
(25, 8, 7)
(25, 9, 7)
(25, 10, 7)
(25, 11, 7)
(25, 12, 7)
(25, 13, 6)
(25, 14, 5)
(25, 15, 4)
(25, 16, 4)
(25, 17, 4)
(25, 18, 4)
(25, 19, 4)
(25, 20, 4)
(25, 21, 4)
(25, 22, 4)
(25, 23, 4)
(25, 24, 3)
(25, 25, 3)
(25, 26, 2)
(25, 27, 2)
(25, 28, 2)
(25, 29, 2)
(25, 30, 2)
(25, 31, 2)
(25, 32, 2)
(25, 33, 2)
(25, 34, 2)
(25, 35, 2)
(25, 36, 1)
(25, 37, 1)
(25, 38, 1)
(25, 39, 1)

(26, 0, 132)
(26, 1, 87)
(26, 2, 51)
(26, 3, 35)
(26, 4, 27)
(26, 5, 20)
(26, 6, 13)
(26, 7, 12)
(26, 8, 7)
(26, 9, 7)
(26, 10, 7)
(26, 11, 7)
(26, 12, 7)
(26, 13, 6)
(26, 14, 5)
(26, 15, 4)
(26, 16, 4)
(26, 17, 4)
(26, 18, 4)
(26, 19, 4)
(26, 20, 4)
(26, 21, 4)
(26, 22, 4)
(26, 23, 4)
(26, 24, 3)
(26, 25, 3)
(26, 26, 2)
(26, 27, 2)
(26, 28, 2)
(26, 29, 2)
(26, 30, 2)
(26, 31, 2)
(26, 32, 2)
(26, 33, 2)
(26, 34, 2)
(26, 35, 2)
(26, 36, 1)
(26, 37, 1)
(26, 38, 1)
(26, 39, 1)

(27, 0, 141)
(27, 1, 96)
(27, 2, 56)
(27, 3, 39)
(27, 4, 29)
(27, 5, 22)
(27, 6, 15)
(27, 7, 13)
(27, 8, 8)
(27, 9, 8)
(27, 10, 8)
(27, 11, 8)
(27, 12, 8)
(27, 13, 7)
(27, 14, 6)
(27, 15, 5)
(27, 16, 4)
(27, 17, 4)
(27, 18, 4)
(27, 19, 4)
(27, 20, 4)
(27, 21, 4)
(27, 22, 4)
(27, 23, 4)
(27, 24, 3)
(27, 25, 3)
(27, 26, 2)
(27, 27, 2)
(27, 28, 2)
(27, 29, 2)
(27, 30, 2)
(27, 31, 2)
(27, 32, 2)
(27, 33, 2)
(27, 34, 2)
(27, 35, 2)
(27, 36, 1)
(27, 37, 1)
(27, 38, 1)
(27, 39, 1)

(28, 0, 152)
(28, 1, 106)
(28, 2, 62)
(28, 3, 44)
(28, 4, 30)
(28, 5, 23)
(28, 6, 15)
(28, 7, 14)
(28, 8, 9)
(28, 9, 9)
(28, 10, 9)
(28, 11, 9)
(28, 12, 9)
(28, 13, 8)
(28, 14, 7)
(28, 15, 5)
(28, 16, 5)
(28, 17, 5)
(28, 18, 5)
(28, 19, 5)
(28, 20, 5)
(28, 21, 5)
(28, 22, 5)
(28, 23, 5)
(28, 24, 3)
(28, 25, 3)
(28, 26, 2)
(28, 27, 2)
(28, 28, 2)
(28, 29, 2)
(28, 30, 2)
(28, 31, 2)
(28, 32, 2)
(28, 33, 2)
(28, 34, 2)
(28, 35, 2)
(28, 36, 1)
(28, 37, 1)
(28, 38, 1)
(28, 39, 1)

(29, 0, 153)
(29, 1, 107)
(29, 2, 63)
(29, 3, 45)
(29, 4, 30)
(29, 5, 23)
(29, 6, 15)
(29, 7, 14)
(29, 8, 9)
(29, 9, 9)
(29, 10, 9)
(29, 11, 9)
(29, 12, 8)
(29, 13, 7)
(29, 14, 6)
(29, 15, 5)
(29, 16, 5)
(29, 17, 5)
(29, 18, 5)
(29, 19, 5)
(29, 20, 5)
(29, 21, 5)
(29, 22, 5)
(29, 23, 5)
(29, 24, 3)
(29, 25, 3)
(29, 26, 2)
(29, 27, 2)
(29, 28, 2)
(29, 29, 2)
(29, 30, 2)
(29, 31, 2)
(29, 32, 2)
(29, 33, 2)
(29, 34, 2)
(29, 35, 2)
(29, 36, 1)
(29, 37, 1)
(29, 38, 1)
(29, 39, 1)

(30, 0, 153)
(30, 1, 107)
(30, 2, 63)
(30, 3, 45)
(30, 4, 30)
(30, 5, 23)
(30, 6, 15)
(30, 7, 14)
(30, 8, 9)
(30, 9, 9)
(30, 10, 9)
(30, 11, 9)
(30, 12, 8)
(30, 13, 7)
(30, 14, 6)
(30, 15, 5)
(30, 16, 5)
(30, 17, 5)
(30, 18, 5)
(30, 19, 5)
(30, 20, 5)
(30, 21, 5)
(30, 22, 5)
(30, 23, 5)
(30, 24, 3)
(30, 25, 3)
(30, 26, 2)
(30, 27, 2)
(30, 28, 2)
(30, 29, 2)
(30, 30, 2)
(30, 31, 2)
(30, 32, 2)
(30, 33, 2)
(30, 34, 2)
(30, 35, 2)
(30, 36, 1)
(30, 37, 1)
(30, 38, 1)
(30, 39, 1)

(31, 0, 153)
(31, 1, 107)
(31, 2, 63)
(31, 3, 45)
(31, 4, 30)
(31, 5, 23)
(31, 6, 15)
(31, 7, 14)
(31, 8, 9)
(31, 9, 9)
(31, 10, 9)
(31, 11, 9)
(31, 12, 8)
(31, 13, 7)
(31, 14, 6)
(31, 15, 5)
(31, 16, 5)
(31, 17, 5)
(31, 18, 5)
(31, 19, 5)
(31, 20, 5)
(31, 21, 5)
(31, 22, 5)
(31, 23, 5)
(31, 24, 3)
(31, 25, 3)
(31, 26, 2)
(31, 27, 2)
(31, 28, 2)
(31, 29, 2)
(31, 30, 2)
(31, 31, 2)
(31, 32, 2)
(31, 33, 2)
(31, 34, 2)
(31, 35, 2)
(31, 36, 1)
(31, 37, 1)
(31, 38, 1)
(31, 39, 1)

(32, 0, 169)
(32, 1, 119)
(32, 2, 70)
(32, 3, 51)
(32, 4, 36)
(32, 5, 28)
(32, 6, 20)
(32, 7, 19)
(32, 8, 14)
(32, 9, 14)
(32, 10, 14)
(32, 11, 14)
(32, 12, 13)
(32, 13, 11)
(32, 14, 10)
(32, 15, 9)
(32, 16, 8)
(32, 17, 8)
(32, 18, 8)
(32, 19, 8)
(32, 20, 8)
(32, 21, 7)
(32, 22, 7)
(32, 23, 7)
(32, 24, 5)
(32, 25, 5)
(32, 26, 4)
(32, 27, 4)
(32, 28, 4)
(32, 29, 4)
(32, 30, 4)
(32, 31, 4)
(32, 32, 4)
(32, 33, 4)
(32, 34, 4)
(32, 35, 3)
(32, 36, 2)
(32, 37, 2)
(32, 38, 2)
(32, 39, 2)

(33, 0, 199)
(33, 1, 139)
(33, 2, 77)
(33, 3, 56)
(33, 4, 40)
(33, 5, 29)
(33, 6, 21)
(33, 7, 20)
(33, 8, 15)
(33, 9, 15)
(33, 10, 15)
(33, 11, 15)
(33, 12, 13)
(33, 13, 12)
(33, 14, 11)
(33, 15, 8)
(33, 16, 7)
(33, 17, 7)
(33, 18, 7)
(33, 19, 7)
(33, 20, 7)
(33, 21, 7)
(33, 22, 7)
(33, 23, 6)
(33, 24, 5)
(33, 25, 5)
(33, 26, 4)
(33, 27, 4)
(33, 28, 4)
(33, 29, 4)
(33, 30, 4)
(33, 31, 4)
(33, 32, 4)
(33, 33, 3)
(33, 34, 3)
(33, 35, 3)
(33, 36, 2)
(33, 37, 2)
(33, 38, 2)
(33, 39, 2)

(34, 0, 211)
(34, 1, 145)
(34, 2, 79)
(34, 3, 55)
(34, 4, 39)
(34, 5, 29)
(34, 6, 21)
(34, 7, 20)
(34, 8, 15)
(34, 9, 15)
(34, 10, 15)
(34, 11, 15)
(34, 12, 13)
(34, 13, 12)
(34, 14, 11)
(34, 15, 8)
(34, 16, 7)
(34, 17, 7)
(34, 18, 7)
(34, 19, 7)
(34, 20, 7)
(34, 21, 7)
(34, 22, 6)
(34, 23, 6)
(34, 24, 5)
(34, 25, 5)
(34, 26, 4)
(34, 27, 4)
(34, 28, 4)
(34, 29, 4)
(34, 30, 4)
(34, 31, 4)
(34, 32, 4)
(34, 33, 3)
(34, 34, 3)
(34, 35, 3)
(34, 36, 2)
(34, 37, 2)
(34, 38, 2)
(34, 39, 2)

(35, 0, 229)
(35, 1, 149)
(35, 2, 83)
(35, 3, 59)
(35, 4, 43)
(35, 5, 33)
(35, 6, 23)
(35, 7, 22)
(35, 8, 15)
(35, 9, 15)
(35, 10, 14)
(35, 11, 14)
(35, 12, 12)
(35, 13, 11)
(35, 14, 10)
(35, 15, 8)
(35, 16, 7)
(35, 17, 7)
(35, 18, 7)
(35, 19, 7)
(35, 20, 7)
(35, 21, 7)
(35, 22, 6)
(35, 23, 6)
(35, 24, 5)
(35, 25, 5)
(35, 26, 3)
(35, 27, 3)
(35, 28, 3)
(35, 29, 3)
(35, 30, 3)
(35, 31, 3)
(35, 32, 3)
(35, 33, 3)
(35, 34, 3)
(35, 35, 3)
(35, 36, 2)
(35, 37, 2)
(35, 38, 2)
(35, 39, 2)

(36, 0, 239)
(36, 1, 156)
(36, 2, 90)
(36, 3, 65)
(36, 4, 47)
(36, 5, 35)
(36, 6, 24)
(36, 7, 23)
(36, 8, 15)
(36, 9, 15)
(36, 10, 15)
(36, 11, 15)
(36, 12, 12)
(36, 13, 11)
(36, 14, 9)
(36, 15, 7)
(36, 16, 6)
(36, 17, 6)
(36, 18, 6)
(36, 19, 6)
(36, 20, 6)
(36, 21, 6)
(36, 22, 5)
(36, 23, 5)
(36, 24, 4)
(36, 25, 4)
(36, 26, 3)
(36, 27, 3)
(36, 28, 3)
(36, 29, 3)
(36, 30, 3)
(36, 31, 3)
(36, 32, 3)
(36, 33, 3)
(36, 34, 3)
(36, 35, 2)
(36, 36, 1)
(36, 37, 1)
(36, 38, 1)
(36, 39, 1)

(37, 0, 253)
(37, 1, 166)
(37, 2, 97)
(37, 3, 69)
(37, 4, 49)
(37, 5, 37)
(37, 6, 25)
(37, 7, 23)
(37, 8, 16)
(37, 9, 15)
(37, 10, 15)
(37, 11, 15)
(37, 12, 12)
(37, 13, 11)
(37, 14, 10)
(37, 15, 8)
(37, 16, 7)
(37, 17, 7)
(37, 18, 7)
(37, 19, 7)
(37, 20, 6)
(37, 21, 6)
(37, 22, 5)
(37, 23, 5)
(37, 24, 4)
(37, 25, 4)
(37, 26, 2)
(37, 27, 2)
(37, 28, 2)
(37, 29, 2)
(37, 30, 2)
(37, 31, 2)
(37, 32, 2)
(37, 33, 2)
(37, 34, 2)
(37, 35, 2)
(37, 36, 1)
(37, 37, 1)
(37, 38, 1)
(37, 39, 1)

(38, 0, 266)
(38, 1, 179)
(38, 2, 108)
(38, 3, 75)
(38, 4, 51)
(38, 5, 39)
(38, 6, 27)
(38, 7, 25)
(38, 8, 16)
(38, 9, 15)
(38, 10, 15)
(38, 11, 14)
(38, 12, 12)
(38, 13, 11)
(38, 14, 8)
(38, 15, 7)
(38, 16, 6)
(38, 17, 6)
(38, 18, 6)
(38, 19, 6)
(38, 20, 5)
(38, 21, 5)
(38, 22, 4)
(38, 23, 4)
(38, 24, 3)
(38, 25, 3)
(38, 26, 2)
(38, 27, 2)
(38, 28, 2)
(38, 29, 2)
(38, 30, 2)
(38, 31, 2)
(38, 32, 2)
(38, 33, 2)
(38, 34, 2)
(38, 35, 2)
(38, 36, 1)
(38, 37, 1)
(38, 38, 1)
(38, 39, 1)

(39, 0, 277)
(39, 1, 190)
(39, 2, 117)
(39, 3, 82)
(39, 4, 53)
(39, 5, 41)
(39, 6, 26)
(39, 7, 24)
(39, 8, 15)
(39, 9, 14)
(39, 10, 14)
(39, 11, 13)
(39, 12, 11)
(39, 13, 10)
(39, 14, 8)
(39, 15, 7)
(39, 16, 6)
(39, 17, 6)
(39, 18, 6)
(39, 19, 6)
(39, 20, 5)
(39, 21, 4)
(39, 22, 4)
(39, 23, 4)
(39, 24, 3)
(39, 25, 3)
(39, 26, 2)
(39, 27, 2)
(39, 28, 2)
(39, 29, 2)
(39, 30, 2)
(39, 31, 2)
(39, 32, 2)
(39, 33, 2)
(39, 34, 2)
(39, 35, 2)
(39, 36, 1)
(39, 37, 1)
(39, 38, 1)
(39, 39, 1)


Betti numbers:
xi_0:
(0, 0, 9)
(1, 0, 7)
(2, 0, 3)
(3, 0, 9)
(4, 0, 10)
(5, 0, 8)
(6, 0, 3)
(7, 0, 13)
(8, 0, 8)
(9, 0, 7)
(10, 0, 3)
(11, 0, 10)
(12, 0, 3)
(13, 0, 4)
(14, 0, 5)
(15, 0, 4)
(16, 0, 7)
(17, 0, 3)
(21, 0, 3)
(22, 0, 8)
(23, 0, 1)
(24, 0, 1)
(25, 0, 1)
(26, 0, 2)
(27, 0, 9)
(28, 0, 11)
(29, 0, 1)
(32, 0, 16)
(33, 0, 30)
(34, 0, 12)
(35, 0, 18)
(36, 0, 10)
(37, 0, 14)
(38, 0, 13)
(39, 0, 11)
xi_1:
(0, 1, 4)
(0, 2, 2)
(0, 5, 1)
(0, 15, 1)
(1, 1, 2)
(1, 2, 5)
(2, 1, 3)
(3, 1, 6)
(3, 6, 1)
(3, 8, 2)
(4, 1, 3)
(4, 2, 4)
(4, 5, 1)
(4, 10, 1)
(4, 15, 1)
(5, 1, 3)
(5, 2, 5)
(5, 9, 1)
(6, 1, 3)
(7, 1, 12)
(7, 8, 1)
(7, 30, 1)
(7, 38, 1)
(8, 1, 3)
(8, 3, 1)
(8, 4, 1)
(8, 5, 1)
(8, 7, 1)
(8, 8, 1)
(8, 11, 1)
(8, 14, 1)
(8, 15, 1)
(9, 1, 1)
(9, 2, 3)
(9, 3, 4)
(9, 8, 1)
(10, 3, 1)
(10, 5, 1)
(10, 26, 1)
(11, 1, 2)
(11, 2, 5)
(11, 3, 1)
(11, 6, 2)
(12, 2, 1)
(12, 5, 1)
(12, 6, 1)
(13, 2, 1)
(13, 3, 1)
(13, 4, 2)
(14, 2, 1)
(14, 3, 1)
(14, 4, 3)
(15, 2, 1)
(15, 4, 1)
(15, 5, 1)
(15, 26, 1)
(15, 37, 1)
(16, 1, 1)
(16, 2, 5)
(16, 3, 1)
(16, 24, 1)
(16, 36, 1)
(17, 1, 1)
(17, 6, 1)
(17, 8, 1)
(21, 3, 1)
(21, 9, 1)
(21, 13, 1)
(22, 1, 1)
(22, 2, 3)
(22, 3, 4)
(22, 4, 1)
(23, 3, 1)
(24, 6, 1)
(25, 5, 1)
(26, 5, 1)
(26, 6, 1)
(27, 2, 4)
(27, 3, 1)
(27, 4, 2)
(27, 5, 1)
(27, 7, 1)
(27, 16, 1)
(28, 1, 1)
(28, 2, 4)
(28, 3, 1)
(28, 4, 4)
(28, 6, 1)
(28, 15, 1)
(28, 24, 1)
(29, 4, 1)
(29, 12, 1)
(32, 1, 4)
(32, 2, 5)
(32, 3, 1)
(32, 5, 1)
(32, 13, 1)
(32, 16, 1)
(32, 21, 1)
(32, 35, 1)
(33, 1, 10)
(33, 2, 13)
(33, 3, 2)
(33, 4, 1)
(33, 5, 3)
(33, 12, 1)
(33, 15, 2)
(33, 23, 1)
(33, 33, 1)
(34, 1, 6)
(34, 2, 4)
(34, 3, 3)
(34, 22, 1)
(35, 1, 14)
(35, 6, 2)
(35, 8, 2)
(35, 10, 1)
(35, 26, 1)
(36, 1, 3)
(36, 3, 1)
(36, 4, 2)
(36, 5, 2)
(36, 6, 1)
(36, 8, 1)
(36, 12, 1)
(36, 14, 1)
(36, 35, 1)
(37, 1, 4)
(37, 2, 3)
(37, 3, 3)
(37, 4, 3)
(37, 5, 1)
(37, 6, 1)
(37, 7, 1)
(37, 9, 1)
(37, 12, 1)
(37, 20, 1)
(37, 26, 1)
(38, 2, 2)
(38, 3, 5)
(38, 4, 4)
(38, 5, 1)
(38, 8, 2)
(38, 11, 1)
(38, 14, 2)
(39, 2, 2)
(39, 3, 2)
(39, 4, 5)
(39, 5, 1)
(39, 6, 3)
(39, 8, 1)
(39, 21, 1)
xi_2:
(3, 15, 1)
(5, 10, 1)
(7, 9, 1)
(8, 8, 1)
(8, 15, 1)
(8, 30, 1)
(9, 5, 1)
(9, 11, 1)
(15, 38, 1)
(16, 26, 1)
(16, 37, 1)
(22, 9, 1)
(27, 5, 1)
(28, 7, 1)
(28, 16, 1)
(29, 15, 1)
(33, 13, 1)
(33, 21, 1)
(33, 24, 1)
(33, 35, 1)
(34, 5, 1)
(34, 23, 1)
(35, 15, 1)
(35, 33, 1)
(36, 10, 1)
(36, 26, 1)
(37, 4, 1)
(37, 5, 1)
(37, 8, 1)
(37, 12, 1)
(37, 14, 1)
(37, 35, 1)
(38, 5, 1)
(38, 12, 1)
(38, 15, 1)
(38, 26, 1)
(39, 5, 1)
(39, 8, 1)
(39, 14, 1)
(39, 22, 1)
