x-grades
-185564573467326689/40000000000000000
-91271975101851909/20000000000000000
-179523326940080947/40000000000000000
-44125675919114519/10000000000000000
-34696416082567041/8000000000000000
-85230728574606167/20000000000000000
-167440833885589463/40000000000000000
-642266447742057/156250000000000
-161399587358343721/40000000000000000
-3167579281894417/800000000000000
-155358340831097979/40000000000000000
-38084429391868777/10000000000000000
-149317094303852237/40000000000000000
-73148235520114683/20000000000000000
-28655169555321299/8000000000000000
-17531903064122953/5000000000000000
-137234601249360753/40000000000000000
-67106988992868941/20000000000000000
-131193354722115011/40000000000000000
-6408636572924607/2000000000000000
-125152108194869269/40000000000000000
-61065742465623199/20000000000000000
-119110861667623527/40000000000000000
-7255639900250041/2500000000000000
-22613923028075557/8000000000000000
-55024495938377457/20000000000000000
-107028368613132043/40000000000000000
-26001936337377293/10000000000000000
-100987122085886301/40000000000000000
-9796649882226343/4000000000000000
-94945875558640559/40000000000000000
-11490656536877211/5000000000000000
-88904629031394817/40000000000000000
-42942002883885973/20000000000000000
-3314535300165963/1600000000000000
-19960689810131551/10000000000000000
-76822135976903333/40000000000000000
-36900756356640231/20000000000000000
-70780889449657591/40000000000000000
-423501663662717/250000000000000

y-grades
240977/100000
240977/50000
722931/100000
240977/25000
240977/20000
722931/50000
1686839/100000
240977/12500
2168793/100000
240977/10000
2650747/100000
722931/25000
3132701/100000
1686839/50000
722931/20000
240977/6250
4096609/100000
2168793/50000
4578563/100000
240977/5000
5060517/100000
2650747/50000
5542471/100000
722931/12500
240977/4000
3132701/50000
6506379/100000
1686839/25000
6988333/100000
722931/10000
7470287/100000
240977/3125
7952241/100000
4096609/50000
1686839/20000
2168793/25000
8916149/100000
4578563/50000
9398103/100000
240977/2500

Dimensions > 0:
(0, 0, 1)
(0, 1, 1)
(0, 2, 1)
(0, 3, 1)
(0, 4, 1)
(0, 5, 1)
(0, 6, 1)
(0, 7, 1)
(0, 8, 1)
(0, 9, 1)
(0, 10, 1)
(0, 11, 1)
(0, 12, 1)
(0, 13, 1)
(0, 14, 1)
(0, 15, 1)
(0, 16, 1)
(0, 17, 1)
(0, 18, 1)
(0, 19, 1)
(0, 20, 1)
(0, 21, 1)
(0, 22, 1)
(0, 23, 1)
(0, 24, 1)
(0, 25, 1)
(0, 26, 1)
(0, 27, 1)
(0, 28, 1)
(0, 29, 1)
(0, 30, 1)
(0, 31, 1)
(0, 32, 1)
(0, 33, 1)
(0, 34, 1)
(0, 35, 1)
(0, 36, 1)
(0, 37, 1)
(0, 38, 1)
(0, 39, 1)

(1, 0, 3)
(1, 1, 3)
(1, 2, 2)
(1, 3, 2)
(1, 4, 2)
(1, 5, 2)
(1, 6, 2)
(1, 7, 2)
(1, 8, 2)
(1, 9, 1)
(1, 10, 1)
(1, 11, 1)
(1, 12, 1)
(1, 13, 1)
(1, 14, 1)
(1, 15, 1)
(1, 16, 1)
(1, 17, 1)
(1, 18, 1)
(1, 19, 1)
(1, 20, 1)
(1, 21, 1)
(1, 22, 1)
(1, 23, 1)
(1, 24, 1)
(1, 25, 1)
(1, 26, 1)
(1, 27, 1)
(1, 28, 1)
(1, 29, 1)
(1, 30, 1)
(1, 31, 1)
(1, 32, 1)
(1, 33, 1)
(1, 34, 1)
(1, 35, 1)
(1, 36, 1)
(1, 37, 1)
(1, 38, 1)
(1, 39, 1)

(2, 0, 5)
(2, 1, 5)
(2, 2, 3)
(2, 3, 3)
(2, 4, 2)
(2, 5, 2)
(2, 6, 2)
(2, 7, 2)
(2, 8, 1)
(2, 9, 1)
(2, 10, 1)
(2, 11, 1)
(2, 12, 1)
(2, 13, 1)
(2, 14, 1)
(2, 15, 1)
(2, 16, 1)
(2, 17, 1)
(2, 18, 1)
(2, 19, 1)
(2, 20, 1)
(2, 21, 1)
(2, 22, 1)
(2, 23, 1)
(2, 24, 1)
(2, 25, 1)
(2, 26, 1)
(2, 27, 1)
(2, 28, 1)
(2, 29, 1)
(2, 30, 1)
(2, 31, 1)
(2, 32, 1)
(2, 33, 1)
(2, 34, 1)
(2, 35, 1)
(2, 36, 1)
(2, 37, 1)
(2, 38, 1)
(2, 39, 1)

(3, 0, 7)
(3, 1, 6)
(3, 2, 4)
(3, 3, 3)
(3, 4, 2)
(3, 5, 2)
(3, 6, 2)
(3, 7, 2)
(3, 8, 1)
(3, 9, 1)
(3, 10, 1)
(3, 11, 1)
(3, 12, 1)
(3, 13, 1)
(3, 14, 1)
(3, 15, 1)
(3, 16, 1)
(3, 17, 1)
(3, 18, 1)
(3, 19, 1)
(3, 20, 1)
(3, 21, 1)
(3, 22, 1)
(3, 23, 1)
(3, 24, 1)
(3, 25, 1)
(3, 26, 1)
(3, 27, 1)
(3, 28, 1)
(3, 29, 1)
(3, 30, 1)
(3, 31, 1)
(3, 32, 1)
(3, 33, 1)
(3, 34, 1)
(3, 35, 1)
(3, 36, 1)
(3, 37, 1)
(3, 38, 1)
(3, 39, 1)

(4, 0, 9)
(4, 1, 7)
(4, 2, 4)
(4, 3, 2)
(4, 4, 2)
(4, 5, 2)
(4, 6, 2)
(4, 7, 2)
(4, 8, 1)
(4, 9, 1)
(4, 10, 1)
(4, 11, 1)
(4, 12, 1)
(4, 13, 1)
(4, 14, 1)
(4, 15, 1)
(4, 16, 1)
(4, 17, 1)
(4, 18, 1)
(4, 19, 1)
(4, 20, 1)
(4, 21, 1)
(4, 22, 1)
(4, 23, 1)
(4, 24, 1)
(4, 25, 1)
(4, 26, 1)
(4, 27, 1)
(4, 28, 1)
(4, 29, 1)
(4, 30, 1)
(4, 31, 1)
(4, 32, 1)
(4, 33, 1)
(4, 34, 1)
(4, 35, 1)
(4, 36, 1)
(4, 37, 1)
(4, 38, 1)
(4, 39, 1)

(5, 0, 10)
(5, 1, 8)
(5, 2, 4)
(5, 3, 3)
(5, 4, 3)
(5, 5, 2)
(5, 6, 2)
(5, 7, 2)
(5, 8, 1)
(5, 9, 1)
(5, 10, 1)
(5, 11, 1)
(5, 12, 1)
(5, 13, 1)
(5, 14, 1)
(5, 15, 1)
(5, 16, 1)
(5, 17, 1)
(5, 18, 1)
(5, 19, 1)
(5, 20, 1)
(5, 21, 1)
(5, 22, 1)
(5, 23, 1)
(5, 24, 1)
(5, 25, 1)
(5, 26, 1)
(5, 27, 1)
(5, 28, 1)
(5, 29, 1)
(5, 30, 1)
(5, 31, 1)
(5, 32, 1)
(5, 33, 1)
(5, 34, 1)
(5, 35, 1)
(5, 36, 1)
(5, 37, 1)
(5, 38, 1)
(5, 39, 1)

(6, 0, 11)
(6, 1, 9)
(6, 2, 4)
(6, 3, 3)
(6, 4, 3)
(6, 5, 2)
(6, 6, 2)
(6, 7, 1)
(6, 8, 1)
(6, 9, 1)
(6, 10, 1)
(6, 11, 1)
(6, 12, 1)
(6, 13, 1)
(6, 14, 1)
(6, 15, 1)
(6, 16, 1)
(6, 17, 1)
(6, 18, 1)
(6, 19, 1)
(6, 20, 1)
(6, 21, 1)
(6, 22, 1)
(6, 23, 1)
(6, 24, 1)
(6, 25, 1)
(6, 26, 1)
(6, 27, 1)
(6, 28, 1)
(6, 29, 1)
(6, 30, 1)
(6, 31, 1)
(6, 32, 1)
(6, 33, 1)
(6, 34, 1)
(6, 35, 1)
(6, 36, 1)
(6, 37, 1)
(6, 38, 1)
(6, 39, 1)

(7, 0, 13)
(7, 1, 10)
(7, 2, 5)
(7, 3, 4)
(7, 4, 4)
(7, 5, 3)
(7, 6, 3)
(7, 7, 2)
(7, 8, 2)
(7, 9, 2)
(7, 10, 2)
(7, 11, 2)
(7, 12, 2)
(7, 13, 2)
(7, 14, 2)
(7, 15, 2)
(7, 16, 2)
(7, 17, 2)
(7, 18, 2)
(7, 19, 2)
(7, 20, 1)
(7, 21, 1)
(7, 22, 1)
(7, 23, 1)
(7, 24, 1)
(7, 25, 1)
(7, 26, 1)
(7, 27, 1)
(7, 28, 1)
(7, 29, 1)
(7, 30, 1)
(7, 31, 1)
(7, 32, 1)
(7, 33, 1)
(7, 34, 1)
(7, 35, 1)
(7, 36, 1)
(7, 37, 1)
(7, 38, 1)
(7, 39, 1)

(8, 0, 16)
(8, 1, 12)
(8, 2, 6)
(8, 3, 5)
(8, 4, 5)
(8, 5, 4)
(8, 6, 4)
(8, 7, 3)
(8, 8, 3)
(8, 9, 3)
(8, 10, 3)
(8, 11, 3)
(8, 12, 3)
(8, 13, 3)
(8, 14, 3)
(8, 15, 3)
(8, 16, 2)
(8, 17, 2)
(8, 18, 2)
(8, 19, 2)
(8, 20, 2)
(8, 21, 2)
(8, 22, 2)
(8, 23, 2)
(8, 24, 2)
(8, 25, 2)
(8, 26, 1)
(8, 27, 1)
(8, 28, 1)
(8, 29, 1)
(8, 30, 1)
(8, 31, 1)
(8, 32, 1)
(8, 33, 1)
(8, 34, 1)
(8, 35, 1)
(8, 36, 1)
(8, 37, 1)
(8, 38, 1)
(8, 39, 1)

(9, 0, 19)
(9, 1, 14)
(9, 2, 7)
(9, 3, 5)
(9, 4, 5)
(9, 5, 4)
(9, 6, 4)
(9, 7, 3)
(9, 8, 3)
(9, 9, 3)
(9, 10, 3)
(9, 11, 3)
(9, 12, 3)
(9, 13, 3)
(9, 14, 3)
(9, 15, 3)
(9, 16, 2)
(9, 17, 2)
(9, 18, 2)
(9, 19, 2)
(9, 20, 2)
(9, 21, 2)
(9, 22, 1)
(9, 23, 1)
(9, 24, 1)
(9, 25, 1)
(9, 26, 1)
(9, 27, 1)
(9, 28, 1)
(9, 29, 1)
(9, 30, 1)
(9, 31, 1)
(9, 32, 1)
(9, 33, 1)
(9, 34, 1)
(9, 35, 1)
(9, 36, 1)
(9, 37, 1)
(9, 38, 1)
(9, 39, 1)

(10, 0, 24)
(10, 1, 17)
(10, 2, 9)
(10, 3, 7)
(10, 4, 7)
(10, 5, 6)
(10, 6, 5)
(10, 7, 3)
(10, 8, 3)
(10, 9, 2)
(10, 10, 2)
(10, 11, 2)
(10, 12, 2)
(10, 13, 2)
(10, 14, 1)
(10, 15, 1)
(10, 16, 1)
(10, 17, 1)
(10, 18, 1)
(10, 19, 1)
(10, 20, 1)
(10, 21, 1)
(10, 22, 1)
(10, 23, 1)
(10, 24, 1)
(10, 25, 1)
(10, 26, 1)
(10, 27, 1)
(10, 28, 1)
(10, 29, 1)
(10, 30, 1)
(10, 31, 1)
(10, 32, 1)
(10, 33, 1)
(10, 34, 1)
(10, 35, 1)
(10, 36, 1)
(10, 37, 1)
(10, 38, 1)
(10, 39, 1)

(11, 0, 32)
(11, 1, 23)
(11, 2, 12)
(11, 3, 9)
(11, 4, 9)
(11, 5, 7)
(11, 6, 5)
(11, 7, 2)
(11, 8, 2)
(11, 9, 1)
(11, 10, 1)
(11, 11, 1)
(11, 12, 1)
(11, 13, 1)
(11, 14, 1)
(11, 15, 1)
(11, 16, 1)
(11, 17, 1)
(11, 18, 1)
(11, 19, 1)
(11, 20, 1)
(11, 21, 1)
(11, 22, 1)
(11, 23, 1)
(11, 24, 1)
(11, 25, 1)
(11, 26, 1)
(11, 27, 1)
(11, 28, 1)
(11, 29, 1)
(11, 30, 1)
(11, 31, 1)
(11, 32, 1)
(11, 33, 1)
(11, 34, 1)
(11, 35, 1)
(11, 36, 1)
(11, 37, 1)
(11, 38, 1)
(11, 39, 1)

(12, 0, 38)
(12, 1, 26)
(12, 2, 14)
(12, 3, 10)
(12, 4, 8)
(12, 5, 6)
(12, 6, 3)
(12, 7, 2)
(12, 8, 2)
(12, 9, 1)
(12, 10, 1)
(12, 11, 1)
(12, 12, 1)
(12, 13, 1)
(12, 14, 1)
(12, 15, 1)
(12, 16, 1)
(12, 17, 1)
(12, 18, 1)
(12, 19, 1)
(12, 20, 1)
(12, 21, 1)
(12, 22, 1)
(12, 23, 1)
(12, 24, 1)
(12, 25, 1)
(12, 26, 1)
(12, 27, 1)
(12, 28, 1)
(12, 29, 1)
(12, 30, 1)
(12, 31, 1)
(12, 32, 1)
(12, 33, 1)
(12, 34, 1)
(12, 35, 1)
(12, 36, 1)
(12, 37, 1)
(12, 38, 1)
(12, 39, 1)

(13, 0, 41)
(13, 1, 28)
(13, 2, 12)
(13, 3, 9)
(13, 4, 8)
(13, 5, 5)
(13, 6, 3)
(13, 7, 2)
(13, 8, 2)
(13, 9, 1)
(13, 10, 1)
(13, 11, 1)
(13, 12, 1)
(13, 13, 1)
(13, 14, 1)
(13, 15, 1)
(13, 16, 1)
(13, 17, 1)
(13, 18, 1)
(13, 19, 1)
(13, 20, 1)
(13, 21, 1)
(13, 22, 1)
(13, 23, 1)
(13, 24, 1)
(13, 25, 1)
(13, 26, 1)
(13, 27, 1)
(13, 28, 1)
(13, 29, 1)
(13, 30, 1)
(13, 31, 1)
(13, 32, 1)
(13, 33, 1)
(13, 34, 1)
(13, 35, 1)
(13, 36, 1)
(13, 37, 1)
(13, 38, 1)
(13, 39, 1)

(14, 0, 48)
(14, 1, 33)
(14, 2, 16)
(14, 3, 8)
(14, 4, 7)
(14, 5, 4)
(14, 6, 3)
(14, 7, 2)
(14, 8, 2)
(14, 9, 1)
(14, 10, 1)
(14, 11, 1)
(14, 12, 1)
(14, 13, 1)
(14, 14, 1)
(14, 15, 1)
(14, 16, 1)
(14, 17, 1)
(14, 18, 1)
(14, 19, 1)
(14, 20, 1)
(14, 21, 1)
(14, 22, 1)
(14, 23, 1)
(14, 24, 1)
(14, 25, 1)
(14, 26, 1)
(14, 27, 1)
(14, 28, 1)
(14, 29, 1)
(14, 30, 1)
(14, 31, 1)
(14, 32, 1)
(14, 33, 1)
(14, 34, 1)
(14, 35, 1)
(14, 36, 1)
(14, 37, 1)
(14, 38, 1)
(14, 39, 1)

(15, 0, 60)
(15, 1, 38)
(15, 2, 15)
(15, 3, 8)
(15, 4, 7)
(15, 5, 4)
(15, 6, 3)
(15, 7, 2)
(15, 8, 2)
(15, 9, 1)
(15, 10, 1)
(15, 11, 1)
(15, 12, 1)
(15, 13, 1)
(15, 14, 1)
(15, 15, 1)
(15, 16, 1)
(15, 17, 1)
(15, 18, 1)
(15, 19, 1)
(15, 20, 1)
(15, 21, 1)
(15, 22, 1)
(15, 23, 1)
(15, 24, 1)
(15, 25, 1)
(15, 26, 1)
(15, 27, 1)
(15, 28, 1)
(15, 29, 1)
(15, 30, 1)
(15, 31, 1)
(15, 32, 1)
(15, 33, 1)
(15, 34, 1)
(15, 35, 1)
(15, 36, 1)
(15, 37, 1)
(15, 38, 1)
(15, 39, 1)

(16, 0, 69)
(16, 1, 44)
(16, 2, 17)
(16, 3, 10)
(16, 4, 9)
(16, 5, 5)
(16, 6, 4)
(16, 7, 3)
(16, 8, 2)
(16, 9, 2)
(16, 10, 2)
(16, 11, 2)
(16, 12, 2)
(16, 13, 2)
(16, 14, 2)
(16, 15, 2)
(16, 16, 2)
(16, 17, 2)
(16, 18, 2)
(16, 19, 2)
(16, 20, 2)
(16, 21, 2)
(16, 22, 2)
(16, 23, 2)
(16, 24, 2)
(16, 25, 2)
(16, 26, 2)
(16, 27, 2)
(16, 28, 2)
(16, 29, 2)
(16, 30, 2)
(16, 31, 2)
(16, 32, 2)
(16, 33, 2)
(16, 34, 2)
(16, 35, 2)
(16, 36, 2)
(16, 37, 2)
(16, 38, 2)
(16, 39, 2)

(17, 0, 74)
(17, 1, 46)
(17, 2, 16)
(17, 3, 10)
(17, 4, 8)
(17, 5, 5)
(17, 6, 4)
(17, 7, 3)
(17, 8, 2)
(17, 9, 2)
(17, 10, 2)
(17, 11, 2)
(17, 12, 2)
(17, 13, 2)
(17, 14, 2)
(17, 15, 2)
(17, 16, 2)
(17, 17, 2)
(17, 18, 2)
(17, 19, 2)
(17, 20, 2)
(17, 21, 2)
(17, 22, 2)
(17, 23, 2)
(17, 24, 2)
(17, 25, 2)
(17, 26, 2)
(17, 27, 2)
(17, 28, 2)
(17, 29, 2)
(17, 30, 2)
(17, 31, 2)
(17, 32, 2)
(17, 33, 2)
(17, 34, 2)
(17, 35, 2)
(17, 36, 2)
(17, 37, 2)
(17, 38, 2)
(17, 39, 2)

(18, 0, 82)
(18, 1, 52)
(18, 2, 21)
(18, 3, 13)
(18, 4, 10)
(18, 5, 6)
(18, 6, 5)
(18, 7, 4)
(18, 8, 3)
(18, 9, 2)
(18, 10, 2)
(18, 11, 2)
(18, 12, 2)
(18, 13, 2)
(18, 14, 2)
(18, 15, 2)
(18, 16, 2)
(18, 17, 2)
(18, 18, 2)
(18, 19, 2)
(18, 20, 2)
(18, 21, 2)
(18, 22, 2)
(18, 23, 2)
(18, 24, 2)
(18, 25, 2)
(18, 26, 2)
(18, 27, 2)
(18, 28, 2)
(18, 29, 2)
(18, 30, 2)
(18, 31, 2)
(18, 32, 2)
(18, 33, 2)
(18, 34, 2)
(18, 35, 2)
(18, 36, 2)
(18, 37, 2)
(18, 38, 2)
(18, 39, 2)

(19, 0, 92)
(19, 1, 58)
(19, 2, 22)
(19, 3, 11)
(19, 4, 9)
(19, 5, 6)
(19, 6, 5)
(19, 7, 4)
(19, 8, 2)
(19, 9, 2)
(19, 10, 2)
(19, 11, 2)
(19, 12, 2)
(19, 13, 2)
(19, 14, 2)
(19, 15, 2)
(19, 16, 2)
(19, 17, 2)
(19, 18, 2)
(19, 19, 2)
(19, 20, 2)
(19, 21, 2)
(19, 22, 2)
(19, 23, 2)
(19, 24, 2)
(19, 25, 2)
(19, 26, 2)
(19, 27, 2)
(19, 28, 2)
(19, 29, 2)
(19, 30, 2)
(19, 31, 2)
(19, 32, 2)
(19, 33, 2)
(19, 34, 2)
(19, 35, 2)
(19, 36, 2)
(19, 37, 2)
(19, 38, 2)
(19, 39, 2)

(20, 0, 94)
(20, 1, 59)
(20, 2, 22)
(20, 3, 12)
(20, 4, 10)
(20, 5, 6)
(20, 6, 5)
(20, 7, 4)
(20, 8, 2)
(20, 9, 2)
(20, 10, 2)
(20, 11, 2)
(20, 12, 2)
(20, 13, 2)
(20, 14, 2)
(20, 15, 2)
(20, 16, 2)
(20, 17, 2)
(20, 18, 2)
(20, 19, 2)
(20, 20, 2)
(20, 21, 2)
(20, 22, 2)
(20, 23, 2)
(20, 24, 2)
(20, 25, 2)
(20, 26, 2)
(20, 27, 2)
(20, 28, 2)
(20, 29, 2)
(20, 30, 2)
(20, 31, 2)
(20, 32, 2)
(20, 33, 2)
(20, 34, 2)
(20, 35, 2)
(20, 36, 2)
(20, 37, 2)
(20, 38, 2)
(20, 39, 2)

(21, 0, 95)
(21, 1, 60)
(21, 2, 22)
(21, 3, 12)
(21, 4, 10)
(21, 5, 6)
(21, 6, 5)
(21, 7, 3)
(21, 8, 2)
(21, 9, 2)
(21, 10, 2)
(21, 11, 2)
(21, 12, 2)
(21, 13, 2)
(21, 14, 2)
(21, 15, 2)
(21, 16, 2)
(21, 17, 2)
(21, 18, 2)
(21, 19, 2)
(21, 20, 2)
(21, 21, 2)
(21, 22, 2)
(21, 23, 2)
(21, 24, 2)
(21, 25, 2)
(21, 26, 2)
(21, 27, 2)
(21, 28, 2)
(21, 29, 2)
(21, 30, 2)
(21, 31, 2)
(21, 32, 2)
(21, 33, 2)
(21, 34, 2)
(21, 35, 2)
(21, 36, 2)
(21, 37, 2)
(21, 38, 2)
(21, 39, 2)

(22, 0, 96)
(22, 1, 61)
(22, 2, 22)
(22, 3, 12)
(22, 4, 10)
(22, 5, 6)
(22, 6, 5)
(22, 7, 3)
(22, 8, 2)
(22, 9, 2)
(22, 10, 2)
(22, 11, 2)
(22, 12, 2)
(22, 13, 2)
(22, 14, 2)
(22, 15, 2)
(22, 16, 2)
(22, 17, 2)
(22, 18, 2)
(22, 19, 2)
(22, 20, 2)
(22, 21, 2)
(22, 22, 2)
(22, 23, 2)
(22, 24, 2)
(22, 25, 2)
(22, 26, 2)
(22, 27, 2)
(22, 28, 2)
(22, 29, 2)
(22, 30, 2)
(22, 31, 2)
(22, 32, 2)
(22, 33, 2)
(22, 34, 2)
(22, 35, 2)
(22, 36, 2)
(22, 37, 2)
(22, 38, 2)
(22, 39, 2)

(23, 0, 96)
(23, 1, 61)
(23, 2, 22)
(23, 3, 12)
(23, 4, 10)
(23, 5, 6)
(23, 6, 5)
(23, 7, 3)
(23, 8, 2)
(23, 9, 2)
(23, 10, 2)
(23, 11, 2)
(23, 12, 2)
(23, 13, 2)
(23, 14, 2)
(23, 15, 2)
(23, 16, 2)
(23, 17, 2)
(23, 18, 2)
(23, 19, 2)
(23, 20, 2)
(23, 21, 2)
(23, 22, 2)
(23, 23, 2)
(23, 24, 2)
(23, 25, 2)
(23, 26, 2)
(23, 27, 2)
(23, 28, 2)
(23, 29, 2)
(23, 30, 2)
(23, 31, 2)
(23, 32, 2)
(23, 33, 2)
(23, 34, 2)
(23, 35, 2)
(23, 36, 2)
(23, 37, 2)
(23, 38, 2)
(23, 39, 2)

(24, 0, 96)
(24, 1, 61)
(24, 2, 22)
(24, 3, 12)
(24, 4, 10)
(24, 5, 6)
(24, 6, 5)
(24, 7, 3)
(24, 8, 2)
(24, 9, 2)
(24, 10, 2)
(24, 11, 2)
(24, 12, 2)
(24, 13, 2)
(24, 14, 2)
(24, 15, 2)
(24, 16, 2)
(24, 17, 2)
(24, 18, 2)
(24, 19, 2)
(24, 20, 2)
(24, 21, 2)
(24, 22, 2)
(24, 23, 2)
(24, 24, 2)
(24, 25, 2)
(24, 26, 2)
(24, 27, 2)
(24, 28, 2)
(24, 29, 2)
(24, 30, 2)
(24, 31, 2)
(24, 32, 2)
(24, 33, 2)
(24, 34, 2)
(24, 35, 2)
(24, 36, 2)
(24, 37, 2)
(24, 38, 2)
(24, 39, 2)

(25, 0, 96)
(25, 1, 61)
(25, 2, 22)
(25, 3, 12)
(25, 4, 10)
(25, 5, 6)
(25, 6, 5)
(25, 7, 3)
(25, 8, 2)
(25, 9, 2)
(25, 10, 2)
(25, 11, 2)
(25, 12, 2)
(25, 13, 2)
(25, 14, 2)
(25, 15, 2)
(25, 16, 2)
(25, 17, 2)
(25, 18, 2)
(25, 19, 2)
(25, 20, 2)
(25, 21, 2)
(25, 22, 2)
(25, 23, 2)
(25, 24, 2)
(25, 25, 2)
(25, 26, 2)
(25, 27, 2)
(25, 28, 2)
(25, 29, 2)
(25, 30, 2)
(25, 31, 2)
(25, 32, 2)
(25, 33, 2)
(25, 34, 2)
(25, 35, 2)
(25, 36, 2)
(25, 37, 2)
(25, 38, 2)
(25, 39, 2)

(26, 0, 96)
(26, 1, 61)
(26, 2, 22)
(26, 3, 12)
(26, 4, 10)
(26, 5, 6)
(26, 6, 5)
(26, 7, 3)
(26, 8, 2)
(26, 9, 2)
(26, 10, 2)
(26, 11, 2)
(26, 12, 2)
(26, 13, 2)
(26, 14, 2)
(26, 15, 2)
(26, 16, 2)
(26, 17, 2)
(26, 18, 2)
(26, 19, 2)
(26, 20, 2)
(26, 21, 2)
(26, 22, 2)
(26, 23, 2)
(26, 24, 2)
(26, 25, 2)
(26, 26, 2)
(26, 27, 2)
(26, 28, 2)
(26, 29, 2)
(26, 30, 2)
(26, 31, 2)
(26, 32, 2)
(26, 33, 2)
(26, 34, 2)
(26, 35, 2)
(26, 36, 2)
(26, 37, 2)
(26, 38, 2)
(26, 39, 2)

(27, 0, 102)
(27, 1, 66)
(27, 2, 25)
(27, 3, 13)
(27, 4, 11)
(27, 5, 7)
(27, 6, 6)
(27, 7, 4)
(27, 8, 3)
(27, 9, 3)
(27, 10, 3)
(27, 11, 3)
(27, 12, 2)
(27, 13, 2)
(27, 14, 2)
(27, 15, 2)
(27, 16, 2)
(27, 17, 2)
(27, 18, 2)
(27, 19, 2)
(27, 20, 2)
(27, 21, 2)
(27, 22, 2)
(27, 23, 2)
(27, 24, 2)
(27, 25, 2)
(27, 26, 2)
(27, 27, 2)
(27, 28, 2)
(27, 29, 2)
(27, 30, 2)
(27, 31, 2)
(27, 32, 2)
(27, 33, 2)
(27, 34, 2)
(27, 35, 2)
(27, 36, 2)
(27, 37, 2)
(27, 38, 2)
(27, 39, 2)

(28, 0, 108)
(28, 1, 69)
(28, 2, 27)
(28, 3, 15)
(28, 4, 12)
(28, 5, 8)
(28, 6, 7)
(28, 7, 5)
(28, 8, 3)
(28, 9, 3)
(28, 10, 3)
(28, 11, 3)
(28, 12, 3)
(28, 13, 3)
(28, 14, 3)
(28, 15, 3)
(28, 16, 3)
(28, 17, 3)
(28, 18, 3)
(28, 19, 3)
(28, 20, 3)
(28, 21, 3)
(28, 22, 2)
(28, 23, 2)
(28, 24, 2)
(28, 25, 2)
(28, 26, 2)
(28, 27, 2)
(28, 28, 2)
(28, 29, 2)
(28, 30, 2)
(28, 31, 2)
(28, 32, 2)
(28, 33, 2)
(28, 34, 2)
(28, 35, 2)
(28, 36, 2)
(28, 37, 2)
(28, 38, 2)
(28, 39, 2)

(29, 0, 120)
(29, 1, 76)
(29, 2, 30)
(29, 3, 15)
(29, 4, 13)
(29, 5, 8)
(29, 6, 7)
(29, 7, 5)
(29, 8, 3)
(29, 9, 3)
(29, 10, 3)
(29, 11, 3)
(29, 12, 3)
(29, 13, 3)
(29, 14, 3)
(29, 15, 3)
(29, 16, 3)
(29, 17, 3)
(29, 18, 3)
(29, 19, 3)
(29, 20, 2)
(29, 21, 2)
(29, 22, 2)
(29, 23, 2)
(29, 24, 2)
(29, 25, 2)
(29, 26, 2)
(29, 27, 2)
(29, 28, 2)
(29, 29, 2)
(29, 30, 2)
(29, 31, 2)
(29, 32, 2)
(29, 33, 2)
(29, 34, 2)
(29, 35, 2)
(29, 36, 2)
(29, 37, 2)
(29, 38, 2)
(29, 39, 2)

(30, 0, 131)
(30, 1, 82)
(30, 2, 32)
(30, 3, 16)
(30, 4, 13)
(30, 5, 8)
(30, 6, 6)
(30, 7, 4)
(30, 8, 3)
(30, 9, 3)
(30, 10, 3)
(30, 11, 3)
(30, 12, 3)
(30, 13, 3)
(30, 14, 3)
(30, 15, 3)
(30, 16, 3)
(30, 17, 3)
(30, 18, 2)
(30, 19, 2)
(30, 20, 2)
(30, 21, 2)
(30, 22, 2)
(30, 23, 2)
(30, 24, 2)
(30, 25, 2)
(30, 26, 2)
(30, 27, 2)
(30, 28, 2)
(30, 29, 2)
(30, 30, 2)
(30, 31, 2)
(30, 32, 2)
(30, 33, 2)
(30, 34, 2)
(30, 35, 2)
(30, 36, 2)
(30, 37, 2)
(30, 38, 2)
(30, 39, 2)

(31, 0, 140)
(31, 1, 89)
(31, 2, 34)
(31, 3, 15)
(31, 4, 13)
(31, 5, 7)
(31, 6, 6)
(31, 7, 4)
(31, 8, 3)
(31, 9, 3)
(31, 10, 3)
(31, 11, 3)
(31, 12, 3)
(31, 13, 3)
(31, 14, 3)
(31, 15, 2)
(31, 16, 2)
(31, 17, 2)
(31, 18, 2)
(31, 19, 2)
(31, 20, 2)
(31, 21, 2)
(31, 22, 2)
(31, 23, 2)
(31, 24, 2)
(31, 25, 2)
(31, 26, 2)
(31, 27, 2)
(31, 28, 2)
(31, 29, 2)
(31, 30, 2)
(31, 31, 2)
(31, 32, 2)
(31, 33, 2)
(31, 34, 2)
(31, 35, 2)
(31, 36, 2)
(31, 37, 2)
(31, 38, 2)
(31, 39, 2)

(32, 0, 148)
(32, 1, 94)
(32, 2, 38)
(32, 3, 16)
(32, 4, 13)
(32, 5, 7)
(32, 6, 6)
(32, 7, 4)
(32, 8, 3)
(32, 9, 3)
(32, 10, 3)
(32, 11, 3)
(32, 12, 3)
(32, 13, 3)
(32, 14, 3)
(32, 15, 2)
(32, 16, 2)
(32, 17, 2)
(32, 18, 2)
(32, 19, 2)
(32, 20, 2)
(32, 21, 2)
(32, 22, 2)
(32, 23, 2)
(32, 24, 2)
(32, 25, 2)
(32, 26, 2)
(32, 27, 2)
(32, 28, 2)
(32, 29, 2)
(32, 30, 2)
(32, 31, 2)
(32, 32, 2)
(32, 33, 2)
(32, 34, 2)
(32, 35, 2)
(32, 36, 2)
(32, 37, 2)
(32, 38, 2)
(32, 39, 2)

(33, 0, 160)
(33, 1, 98)
(33, 2, 36)
(33, 3, 15)
(33, 4, 13)
(33, 5, 7)
(33, 6, 6)
(33, 7, 4)
(33, 8, 3)
(33, 9, 3)
(33, 10, 3)
(33, 11, 3)
(33, 12, 3)
(33, 13, 3)
(33, 14, 2)
(33, 15, 2)
(33, 16, 2)
(33, 17, 2)
(33, 18, 2)
(33, 19, 2)
(33, 20, 2)
(33, 21, 2)
(33, 22, 2)
(33, 23, 2)
(33, 24, 2)
(33, 25, 2)
(33, 26, 2)
(33, 27, 2)
(33, 28, 2)
(33, 29, 2)
(33, 30, 2)
(33, 31, 2)
(33, 32, 2)
(33, 33, 2)
(33, 34, 2)
(33, 35, 2)
(33, 36, 2)
(33, 37, 2)
(33, 38, 2)
(33, 39, 2)

(34, 0, 171)
(34, 1, 104)
(34, 2, 36)
(34, 3, 16)
(34, 4, 14)
(34, 5, 7)
(34, 6, 6)
(34, 7, 4)
(34, 8, 3)
(34, 9, 2)
(34, 10, 2)
(34, 11, 2)
(34, 12, 2)
(34, 13, 2)
(34, 14, 2)
(34, 15, 2)
(34, 16, 2)
(34, 17, 2)
(34, 18, 2)
(34, 19, 2)
(34, 20, 2)
(34, 21, 2)
(34, 22, 2)
(34, 23, 2)
(34, 24, 2)
(34, 25, 2)
(34, 26, 2)
(34, 27, 2)
(34, 28, 2)
(34, 29, 2)
(34, 30, 2)
(34, 31, 2)
(34, 32, 2)
(34, 33, 2)
(34, 34, 2)
(34, 35, 2)
(34, 36, 2)
(34, 37, 2)
(34, 38, 2)
(34, 39, 2)

(35, 0, 171)
(35, 1, 104)
(35, 2, 36)
(35, 3, 16)
(35, 4, 14)
(35, 5, 7)
(35, 6, 6)
(35, 7, 4)
(35, 8, 3)
(35, 9, 2)
(35, 10, 2)
(35, 11, 2)
(35, 12, 2)
(35, 13, 2)
(35, 14, 2)
(35, 15, 2)
(35, 16, 2)
(35, 17, 2)
(35, 18, 2)
(35, 19, 2)
(35, 20, 2)
(35, 21, 2)
(35, 22, 2)
(35, 23, 2)
(35, 24, 2)
(35, 25, 2)
(35, 26, 2)
(35, 27, 2)
(35, 28, 2)
(35, 29, 2)
(35, 30, 2)
(35, 31, 2)
(35, 32, 2)
(35, 33, 2)
(35, 34, 2)
(35, 35, 2)
(35, 36, 2)
(35, 37, 2)
(35, 38, 2)
(35, 39, 2)

(36, 0, 171)
(36, 1, 104)
(36, 2, 36)
(36, 3, 16)
(36, 4, 14)
(36, 5, 7)
(36, 6, 6)
(36, 7, 4)
(36, 8, 3)
(36, 9, 2)
(36, 10, 2)
(36, 11, 2)
(36, 12, 2)
(36, 13, 2)
(36, 14, 2)
(36, 15, 2)
(36, 16, 2)
(36, 17, 2)
(36, 18, 2)
(36, 19, 2)
(36, 20, 2)
(36, 21, 2)
(36, 22, 2)
(36, 23, 2)
(36, 24, 2)
(36, 25, 2)
(36, 26, 2)
(36, 27, 2)
(36, 28, 2)
(36, 29, 2)
(36, 30, 2)
(36, 31, 2)
(36, 32, 2)
(36, 33, 2)
(36, 34, 2)
(36, 35, 2)
(36, 36, 2)
(36, 37, 2)
(36, 38, 2)
(36, 39, 2)

(37, 0, 173)
(37, 1, 106)
(37, 2, 38)
(37, 3, 18)
(37, 4, 16)
(37, 5, 7)
(37, 6, 6)
(37, 7, 4)
(37, 8, 2)
(37, 9, 2)
(37, 10, 2)
(37, 11, 2)
(37, 12, 2)
(37, 13, 2)
(37, 14, 2)
(37, 15, 2)
(37, 16, 2)
(37, 17, 2)
(37, 18, 2)
(37, 19, 2)
(37, 20, 2)
(37, 21, 2)
(37, 22, 2)
(37, 23, 2)
(37, 24, 2)
(37, 25, 2)
(37, 26, 2)
(37, 27, 2)
(37, 28, 2)
(37, 29, 2)
(37, 30, 2)
(37, 31, 2)
(37, 32, 2)
(37, 33, 2)
(37, 34, 2)
(37, 35, 2)
(37, 36, 2)
(37, 37, 2)
(37, 38, 2)
(37, 39, 2)

(38, 0, 174)
(38, 1, 106)
(38, 2, 37)
(38, 3, 17)
(38, 4, 14)
(38, 5, 7)
(38, 6, 6)
(38, 7, 4)
(38, 8, 2)
(38, 9, 2)
(38, 10, 2)
(38, 11, 2)
(38, 12, 2)
(38, 13, 2)
(38, 14, 2)
(38, 15, 2)
(38, 16, 2)
(38, 17, 2)
(38, 18, 2)
(38, 19, 2)
(38, 20, 2)
(38, 21, 2)
(38, 22, 2)
(38, 23, 2)
(38, 24, 2)
(38, 25, 2)
(38, 26, 2)
(38, 27, 2)
(38, 28, 2)
(38, 29, 2)
(38, 30, 2)
(38, 31, 2)
(38, 32, 2)
(38, 33, 2)
(38, 34, 2)
(38, 35, 2)
(38, 36, 2)
(38, 37, 2)
(38, 38, 2)
(38, 39, 2)

(39, 0, 172)
(39, 1, 105)
(39, 2, 37)
(39, 3, 17)
(39, 4, 14)
(39, 5, 7)
(39, 6, 6)
(39, 7, 4)
(39, 8, 2)
(39, 9, 2)
(39, 10, 2)
(39, 11, 2)
(39, 12, 2)
(39, 13, 2)
(39, 14, 2)
(39, 15, 2)
(39, 16, 2)
(39, 17, 2)
(39, 18, 2)
(39, 19, 2)
(39, 20, 2)
(39, 21, 2)
(39, 22, 2)
(39, 23, 2)
(39, 24, 2)
(39, 25, 2)
(39, 26, 2)
(39, 27, 2)
(39, 28, 2)
(39, 29, 2)
(39, 30, 2)
(39, 31, 2)
(39, 32, 2)
(39, 33, 2)
(39, 34, 2)
(39, 35, 2)
(39, 36, 2)
(39, 37, 2)
(39, 38, 2)
(39, 39, 2)


Betti numbers:
xi_0:
(0, 0, 1)
(1, 0, 2)
(2, 0, 2)
(3, 0, 2)
(4, 0, 2)
(5, 0, 1)
(6, 0, 1)
(7, 0, 2)
(8, 0, 3)
(9, 0, 3)
(10, 0, 5)
(11, 0, 8)
(12, 0, 6)
(13, 0, 3)
(14, 0, 7)
(15, 0, 12)
(16, 0, 9)
(17, 0, 6)
(18, 0, 8)
(19, 0, 10)
(20, 0, 2)
(21, 0, 1)
(22, 0, 1)
(27, 0, 6)
(28, 0, 6)
(29, 0, 12)
(30, 0, 11)
(31, 0, 9)
(32, 0, 8)
(33, 0, 12)
(34, 0, 11)
(37, 0, 2)
(38, 0, 2)
xi_1:
(1, 2, 1)
(1, 9, 1)
(2, 2, 1)
(2, 4, 1)
(2, 8, 1)
(3, 1, 1)
(3, 3, 1)
(3, 4, 1)
(4, 1, 1)
(4, 2, 1)
(4, 3, 1)
(5, 2, 1)
(5, 5, 1)
(6, 2, 1)
(6, 7, 1)
(7, 1, 1)
(7, 20, 1)
(8, 1, 1)
(8, 2, 1)
(8, 16, 1)
(8, 26, 1)
(9, 1, 1)
(9, 2, 1)
(9, 3, 1)
(9, 22, 1)
(10, 1, 2)
(10, 2, 1)
(10, 6, 1)
(10, 7, 1)
(10, 9, 1)
(10, 14, 1)
(11, 1, 2)
(11, 2, 3)
(11, 3, 1)
(11, 5, 1)
(11, 6, 1)
(11, 7, 1)
(11, 9, 1)
(12, 1, 3)
(12, 2, 2)
(12, 3, 1)
(12, 4, 2)
(12, 6, 1)
(13, 1, 1)
(13, 2, 4)
(13, 5, 1)
(14, 1, 2)
(14, 2, 1)
(14, 3, 5)
(14, 5, 1)
(15, 1, 7)
(15, 2, 6)
(15, 3, 1)
(16, 1, 3)
(16, 2, 4)
(16, 3, 1)
(16, 5, 1)
(16, 8, 1)
(17, 0, 1)
(17, 1, 3)
(17, 2, 3)
(17, 4, 1)
(18, 1, 2)
(18, 2, 1)
(18, 3, 2)
(18, 4, 1)
(18, 5, 1)
(18, 9, 1)
(19, 1, 4)
(19, 2, 5)
(19, 3, 4)
(19, 8, 1)
(20, 1, 1)
(20, 2, 1)
(20, 5, 1)
(21, 2, 1)
(21, 7, 1)
(22, 2, 1)
(27, 1, 1)
(27, 2, 2)
(27, 3, 2)
(27, 12, 1)
(28, 1, 3)
(28, 2, 1)
(28, 4, 1)
(28, 8, 1)
(28, 22, 1)
(29, 1, 5)
(29, 2, 4)
(29, 3, 3)
(29, 5, 1)
(29, 20, 1)
(30, 1, 5)
(30, 2, 4)
(30, 3, 1)
(30, 4, 1)
(30, 6, 1)
(30, 18, 1)
(31, 1, 2)
(31, 2, 5)
(31, 3, 3)
(31, 5, 1)
(31, 15, 1)
(32, 1, 3)
(32, 2, 1)
(32, 3, 3)
(32, 4, 1)
(33, 1, 8)
(33, 2, 6)
(33, 3, 1)
(33, 14, 1)
(34, 1, 5)
(34, 2, 6)
(34, 3, 1)
(34, 5, 1)
(34, 9, 1)
(37, 5, 2)
(37, 8, 1)
(38, 0, 1)
(38, 1, 1)
(38, 2, 1)
(38, 4, 1)
(39, 0, 2)
xi_2:
(2, 9, 1)
(3, 4, 1)
(4, 4, 1)
(5, 3, 1)
(6, 8, 1)
(8, 20, 1)
(9, 26, 1)
(10, 16, 1)
(10, 22, 1)
(11, 9, 1)
(11, 14, 1)
(12, 2, 1)
(12, 7, 2)
(13, 3, 1)
(13, 4, 1)
(13, 6, 1)
(14, 5, 1)
(14, 6, 1)
(15, 3, 2)
(16, 3, 1)
(16, 9, 1)
(17, 3, 1)
(17, 5, 1)
(19, 3, 1)
(19, 4, 1)
(19, 5, 1)
(19, 9, 1)
(20, 3, 1)
(21, 8, 1)
(28, 12, 1)
(29, 4, 1)
(29, 22, 1)
(30, 8, 1)
(30, 20, 1)
(31, 4, 1)
(31, 6, 1)
(31, 18, 1)
(33, 3, 2)
(33, 4, 1)
(33, 15, 1)
(34, 3, 2)
(34, 14, 1)
(37, 9, 1)
(38, 5, 2)
(39, 1, 1)
(39, 2, 1)
