x-grades
-2277344490192005319/800000000000000000
-1112875476760207719/400000000000000000
-2174157416848825557/800000000000000000
-530640970044308919/200000000000000000
-414194068701129159/160000000000000000
-1009688403417027957/400000000000000000
-1967783270162466033/800000000000000000
-239523716686359519/100000000000000000
-1864596196819286271/800000000000000000
-181300266014769639/80000000000000000
-1761409123476106509/800000000000000000
-427453896701129157/200000000000000000
-1658222050132926747/800000000000000000
-803314256730668433/400000000000000000
-311006995357949397/160000000000000000
-93965090007384819/50000000000000000
-1451847903446567223/800000000000000000
-700127183387488671/400000000000000000
-1348660830103387461/800000000000000000
-64853364671589879/40000000000000000
-1245473756760207699/800000000000000000
-596940110044308909/400000000000000000
-1142286683417027937/800000000000000000
-136336643343179757/100000000000000000
-41563984402953927/32000000000000000
-493753036701129147/400000000000000000
-935912536730668413/800000000000000000
-221079750014769633/200000000000000000
-832725463387488651/800000000000000000
-78113192671589877/80000000000000000
-729538390044308889/800000000000000000
-21185776667897469/25000000000000000
-626351316701129127/800000000000000000
-287378890014769623/400000000000000000
-104632848671589873/160000000000000000
-117892676671589871/200000000000000000
-419977170014769603/800000000000000000
-184191816671589861/400000000000000000
-316790096671589841/800000000000000000
-6629913999999999/20000000000000000

y-grades
4999979/2000000
4999979/1000000
14999937/2000000
4999979/500000
4999979/400000
14999937/1000000
34999853/2000000
4999979/250000
44999811/2000000
4999979/200000
54999769/2000000
14999937/500000
64999727/2000000
34999853/1000000
14999937/400000
4999979/125000
84999643/2000000
44999811/1000000
94999601/2000000
4999979/100000
104999559/2000000
54999769/1000000
114999517/2000000
14999937/250000
4999979/80000
64999727/1000000
134999433/2000000
34999853/500000
144999391/2000000
14999937/200000
154999349/2000000
4999979/62500
164999307/2000000
84999643/1000000
34999853/400000
44999811/500000
184999223/2000000
94999601/1000000
194999181/2000000
4999979/50000

Dimensions > 0:
(0, 0, 2)
(0, 1, 2)
(0, 2, 2)
(0, 3, 2)
(0, 4, 2)
(0, 5, 2)
(0, 6, 2)
(0, 7, 2)
(0, 8, 1)
(0, 9, 1)
(0, 10, 1)
(0, 11, 1)
(0, 12, 1)
(0, 13, 1)
(0, 14, 1)
(0, 15, 1)
(0, 16, 1)
(0, 17, 1)
(0, 18, 1)
(0, 19, 1)
(0, 20, 1)
(0, 21, 1)
(0, 22, 1)
(0, 23, 1)
(0, 24, 1)
(0, 25, 1)
(0, 26, 1)
(0, 27, 1)
(0, 28, 1)
(0, 29, 1)
(0, 30, 1)
(0, 31, 1)
(0, 32, 1)
(0, 33, 1)
(0, 34, 1)
(0, 35, 1)
(0, 36, 1)
(0, 37, 1)
(0, 38, 1)
(0, 39, 1)

(1, 0, 3)
(1, 1, 2)
(1, 2, 2)
(1, 3, 2)
(1, 4, 2)
(1, 5, 2)
(1, 6, 2)
(1, 7, 2)
(1, 8, 1)
(1, 9, 1)
(1, 10, 1)
(1, 11, 1)
(1, 12, 1)
(1, 13, 1)
(1, 14, 1)
(1, 15, 1)
(1, 16, 1)
(1, 17, 1)
(1, 18, 1)
(1, 19, 1)
(1, 20, 1)
(1, 21, 1)
(1, 22, 1)
(1, 23, 1)
(1, 24, 1)
(1, 25, 1)
(1, 26, 1)
(1, 27, 1)
(1, 28, 1)
(1, 29, 1)
(1, 30, 1)
(1, 31, 1)
(1, 32, 1)
(1, 33, 1)
(1, 34, 1)
(1, 35, 1)
(1, 36, 1)
(1, 37, 1)
(1, 38, 1)
(1, 39, 1)

(2, 0, 4)
(2, 1, 3)
(2, 2, 3)
(2, 3, 3)
(2, 4, 3)
(2, 5, 3)
(2, 6, 3)
(2, 7, 3)
(2, 8, 2)
(2, 9, 2)
(2, 10, 2)
(2, 11, 2)
(2, 12, 2)
(2, 13, 2)
(2, 14, 2)
(2, 15, 2)
(2, 16, 2)
(2, 17, 2)
(2, 18, 2)
(2, 19, 2)
(2, 20, 2)
(2, 21, 2)
(2, 22, 2)
(2, 23, 2)
(2, 24, 2)
(2, 25, 2)
(2, 26, 2)
(2, 27, 2)
(2, 28, 2)
(2, 29, 2)
(2, 30, 2)
(2, 31, 2)
(2, 32, 2)
(2, 33, 2)
(2, 34, 2)
(2, 35, 2)
(2, 36, 2)
(2, 37, 2)
(2, 38, 2)
(2, 39, 2)

(3, 0, 8)
(3, 1, 7)
(3, 2, 7)
(3, 3, 7)
(3, 4, 7)
(3, 5, 7)
(3, 6, 7)
(3, 7, 7)
(3, 8, 4)
(3, 9, 4)
(3, 10, 4)
(3, 11, 4)
(3, 12, 4)
(3, 13, 4)
(3, 14, 2)
(3, 15, 2)
(3, 16, 2)
(3, 17, 2)
(3, 18, 2)
(3, 19, 2)
(3, 20, 2)
(3, 21, 2)
(3, 22, 2)
(3, 23, 2)
(3, 24, 2)
(3, 25, 2)
(3, 26, 2)
(3, 27, 2)
(3, 28, 2)
(3, 29, 2)
(3, 30, 2)
(3, 31, 2)
(3, 32, 2)
(3, 33, 2)
(3, 34, 2)
(3, 35, 2)
(3, 36, 2)
(3, 37, 2)
(3, 38, 2)
(3, 39, 2)

(4, 0, 14)
(4, 1, 10)
(4, 2, 10)
(4, 3, 8)
(4, 4, 8)
(4, 5, 8)
(4, 6, 8)
(4, 7, 8)
(4, 8, 4)
(4, 9, 4)
(4, 10, 4)
(4, 11, 4)
(4, 12, 2)
(4, 13, 2)
(4, 14, 2)
(4, 15, 2)
(4, 16, 2)
(4, 17, 2)
(4, 18, 2)
(4, 19, 2)
(4, 20, 2)
(4, 21, 2)
(4, 22, 2)
(4, 23, 2)
(4, 24, 2)
(4, 25, 2)
(4, 26, 2)
(4, 27, 2)
(4, 28, 2)
(4, 29, 2)
(4, 30, 2)
(4, 31, 2)
(4, 32, 2)
(4, 33, 2)
(4, 34, 2)
(4, 35, 2)
(4, 36, 2)
(4, 37, 2)
(4, 38, 2)
(4, 39, 2)

(5, 0, 16)
(5, 1, 11)
(5, 2, 11)
(5, 3, 8)
(5, 4, 8)
(5, 5, 8)
(5, 6, 8)
(5, 7, 8)
(5, 8, 4)
(5, 9, 4)
(5, 10, 4)
(5, 11, 3)
(5, 12, 2)
(5, 13, 2)
(5, 14, 2)
(5, 15, 2)
(5, 16, 2)
(5, 17, 2)
(5, 18, 2)
(5, 19, 2)
(5, 20, 2)
(5, 21, 2)
(5, 22, 2)
(5, 23, 2)
(5, 24, 2)
(5, 25, 2)
(5, 26, 2)
(5, 27, 2)
(5, 28, 2)
(5, 29, 2)
(5, 30, 2)
(5, 31, 2)
(5, 32, 2)
(5, 33, 2)
(5, 34, 2)
(5, 35, 2)
(5, 36, 2)
(5, 37, 2)
(5, 38, 2)
(5, 39, 2)

(6, 0, 17)
(6, 1, 12)
(6, 2, 12)
(6, 3, 8)
(6, 4, 8)
(6, 5, 7)
(6, 6, 7)
(6, 7, 7)
(6, 8, 4)
(6, 9, 4)
(6, 10, 4)
(6, 11, 3)
(6, 12, 2)
(6, 13, 2)
(6, 14, 2)
(6, 15, 2)
(6, 16, 2)
(6, 17, 2)
(6, 18, 2)
(6, 19, 2)
(6, 20, 2)
(6, 21, 2)
(6, 22, 2)
(6, 23, 2)
(6, 24, 2)
(6, 25, 2)
(6, 26, 2)
(6, 27, 2)
(6, 28, 2)
(6, 29, 2)
(6, 30, 2)
(6, 31, 2)
(6, 32, 2)
(6, 33, 2)
(6, 34, 2)
(6, 35, 2)
(6, 36, 2)
(6, 37, 2)
(6, 38, 2)
(6, 39, 2)

(7, 0, 24)
(7, 1, 17)
(7, 2, 17)
(7, 3, 8)
(7, 4, 8)
(7, 5, 7)
(7, 6, 7)
(7, 7, 7)
(7, 8, 4)
(7, 9, 4)
(7, 10, 4)
(7, 11, 2)
(7, 12, 2)
(7, 13, 2)
(7, 14, 2)
(7, 15, 2)
(7, 16, 2)
(7, 17, 2)
(7, 18, 2)
(7, 19, 2)
(7, 20, 2)
(7, 21, 2)
(7, 22, 2)
(7, 23, 2)
(7, 24, 2)
(7, 25, 2)
(7, 26, 2)
(7, 27, 2)
(7, 28, 2)
(7, 29, 2)
(7, 30, 2)
(7, 31, 2)
(7, 32, 2)
(7, 33, 2)
(7, 34, 2)
(7, 35, 2)
(7, 36, 2)
(7, 37, 2)
(7, 38, 2)
(7, 39, 2)

(8, 0, 30)
(8, 1, 21)
(8, 2, 21)
(8, 3, 7)
(8, 4, 7)
(8, 5, 5)
(8, 6, 5)
(8, 7, 5)
(8, 8, 4)
(8, 9, 4)
(8, 10, 4)
(8, 11, 2)
(8, 12, 2)
(8, 13, 2)
(8, 14, 2)
(8, 15, 2)
(8, 16, 2)
(8, 17, 2)
(8, 18, 2)
(8, 19, 2)
(8, 20, 2)
(8, 21, 2)
(8, 22, 2)
(8, 23, 2)
(8, 24, 2)
(8, 25, 2)
(8, 26, 2)
(8, 27, 2)
(8, 28, 2)
(8, 29, 2)
(8, 30, 2)
(8, 31, 2)
(8, 32, 2)
(8, 33, 2)
(8, 34, 2)
(8, 35, 2)
(8, 36, 2)
(8, 37, 2)
(8, 38, 1)
(8, 39, 1)

(9, 0, 32)
(9, 1, 22)
(9, 2, 22)
(9, 3, 6)
(9, 4, 6)
(9, 5, 4)
(9, 6, 4)
(9, 7, 4)
(9, 8, 4)
(9, 9, 4)
(9, 10, 4)
(9, 11, 2)
(9, 12, 2)
(9, 13, 2)
(9, 14, 2)
(9, 15, 2)
(9, 16, 2)
(9, 17, 2)
(9, 18, 2)
(9, 19, 2)
(9, 20, 2)
(9, 21, 2)
(9, 22, 2)
(9, 23, 2)
(9, 24, 2)
(9, 25, 2)
(9, 26, 2)
(9, 27, 2)
(9, 28, 2)
(9, 29, 2)
(9, 30, 2)
(9, 31, 2)
(9, 32, 2)
(9, 33, 2)
(9, 34, 2)
(9, 35, 2)
(9, 36, 2)
(9, 37, 2)
(9, 38, 1)
(9, 39, 1)

(10, 0, 32)
(10, 1, 22)
(10, 2, 22)
(10, 3, 6)
(10, 4, 6)
(10, 5, 4)
(10, 6, 4)
(10, 7, 4)
(10, 8, 4)
(10, 9, 4)
(10, 10, 4)
(10, 11, 2)
(10, 12, 2)
(10, 13, 2)
(10, 14, 2)
(10, 15, 2)
(10, 16, 2)
(10, 17, 2)
(10, 18, 2)
(10, 19, 2)
(10, 20, 2)
(10, 21, 2)
(10, 22, 2)
(10, 23, 2)
(10, 24, 2)
(10, 25, 2)
(10, 26, 2)
(10, 27, 2)
(10, 28, 2)
(10, 29, 2)
(10, 30, 2)
(10, 31, 2)
(10, 32, 2)
(10, 33, 2)
(10, 34, 2)
(10, 35, 2)
(10, 36, 2)
(10, 37, 2)
(10, 38, 1)
(10, 39, 1)

(11, 0, 32)
(11, 1, 22)
(11, 2, 22)
(11, 3, 6)
(11, 4, 6)
(11, 5, 4)
(11, 6, 4)
(11, 7, 4)
(11, 8, 4)
(11, 9, 4)
(11, 10, 4)
(11, 11, 2)
(11, 12, 2)
(11, 13, 2)
(11, 14, 2)
(11, 15, 2)
(11, 16, 2)
(11, 17, 2)
(11, 18, 2)
(11, 19, 2)
(11, 20, 2)
(11, 21, 2)
(11, 22, 2)
(11, 23, 2)
(11, 24, 2)
(11, 25, 2)
(11, 26, 2)
(11, 27, 2)
(11, 28, 2)
(11, 29, 2)
(11, 30, 2)
(11, 31, 2)
(11, 32, 2)
(11, 33, 2)
(11, 34, 2)
(11, 35, 2)
(11, 36, 2)
(11, 37, 2)
(11, 38, 1)
(11, 39, 1)

(12, 0, 32)
(12, 1, 22)
(12, 2, 22)
(12, 3, 6)
(12, 4, 6)
(12, 5, 4)
(12, 6, 4)
(12, 7, 4)
(12, 8, 4)
(12, 9, 4)
(12, 10, 4)
(12, 11, 2)
(12, 12, 2)
(12, 13, 2)
(12, 14, 2)
(12, 15, 2)
(12, 16, 2)
(12, 17, 2)
(12, 18, 2)
(12, 19, 2)
(12, 20, 2)
(12, 21, 2)
(12, 22, 2)
(12, 23, 2)
(12, 24, 2)
(12, 25, 2)
(12, 26, 2)
(12, 27, 2)
(12, 28, 2)
(12, 29, 2)
(12, 30, 2)
(12, 31, 2)
(12, 32, 2)
(12, 33, 2)
(12, 34, 2)
(12, 35, 2)
(12, 36, 2)
(12, 37, 2)
(12, 38, 1)
(12, 39, 1)

(13, 0, 32)
(13, 1, 22)
(13, 2, 22)
(13, 3, 6)
(13, 4, 6)
(13, 5, 4)
(13, 6, 4)
(13, 7, 4)
(13, 8, 4)
(13, 9, 4)
(13, 10, 4)
(13, 11, 2)
(13, 12, 2)
(13, 13, 2)
(13, 14, 2)
(13, 15, 2)
(13, 16, 2)
(13, 17, 2)
(13, 18, 2)
(13, 19, 2)
(13, 20, 2)
(13, 21, 2)
(13, 22, 2)
(13, 23, 2)
(13, 24, 2)
(13, 25, 2)
(13, 26, 2)
(13, 27, 2)
(13, 28, 2)
(13, 29, 2)
(13, 30, 2)
(13, 31, 2)
(13, 32, 2)
(13, 33, 2)
(13, 34, 2)
(13, 35, 2)
(13, 36, 2)
(13, 37, 2)
(13, 38, 1)
(13, 39, 1)

(14, 0, 32)
(14, 1, 22)
(14, 2, 22)
(14, 3, 6)
(14, 4, 6)
(14, 5, 4)
(14, 6, 4)
(14, 7, 4)
(14, 8, 4)
(14, 9, 4)
(14, 10, 4)
(14, 11, 2)
(14, 12, 2)
(14, 13, 2)
(14, 14, 2)
(14, 15, 2)
(14, 16, 2)
(14, 17, 2)
(14, 18, 2)
(14, 19, 2)
(14, 20, 2)
(14, 21, 2)
(14, 22, 2)
(14, 23, 2)
(14, 24, 2)
(14, 25, 2)
(14, 26, 2)
(14, 27, 2)
(14, 28, 2)
(14, 29, 2)
(14, 30, 2)
(14, 31, 2)
(14, 32, 2)
(14, 33, 2)
(14, 34, 2)
(14, 35, 2)
(14, 36, 2)
(14, 37, 2)
(14, 38, 1)
(14, 39, 1)

(15, 0, 32)
(15, 1, 22)
(15, 2, 22)
(15, 3, 6)
(15, 4, 6)
(15, 5, 4)
(15, 6, 4)
(15, 7, 4)
(15, 8, 4)
(15, 9, 4)
(15, 10, 4)
(15, 11, 2)
(15, 12, 2)
(15, 13, 2)
(15, 14, 2)
(15, 15, 2)
(15, 16, 2)
(15, 17, 2)
(15, 18, 2)
(15, 19, 2)
(15, 20, 2)
(15, 21, 2)
(15, 22, 2)
(15, 23, 2)
(15, 24, 2)
(15, 25, 2)
(15, 26, 2)
(15, 27, 2)
(15, 28, 2)
(15, 29, 2)
(15, 30, 2)
(15, 31, 2)
(15, 32, 2)
(15, 33, 2)
(15, 34, 2)
(15, 35, 2)
(15, 36, 2)
(15, 37, 2)
(15, 38, 1)
(15, 39, 1)

(16, 0, 32)
(16, 1, 22)
(16, 2, 22)
(16, 3, 6)
(16, 4, 6)
(16, 5, 4)
(16, 6, 4)
(16, 7, 4)
(16, 8, 4)
(16, 9, 4)
(16, 10, 4)
(16, 11, 2)
(16, 12, 2)
(16, 13, 2)
(16, 14, 2)
(16, 15, 2)
(16, 16, 2)
(16, 17, 2)
(16, 18, 2)
(16, 19, 2)
(16, 20, 2)
(16, 21, 2)
(16, 22, 2)
(16, 23, 2)
(16, 24, 2)
(16, 25, 2)
(16, 26, 2)
(16, 27, 2)
(16, 28, 2)
(16, 29, 2)
(16, 30, 2)
(16, 31, 2)
(16, 32, 2)
(16, 33, 2)
(16, 34, 2)
(16, 35, 2)
(16, 36, 2)
(16, 37, 2)
(16, 38, 1)
(16, 39, 1)

(17, 0, 32)
(17, 1, 22)
(17, 2, 22)
(17, 3, 6)
(17, 4, 6)
(17, 5, 4)
(17, 6, 4)
(17, 7, 4)
(17, 8, 4)
(17, 9, 4)
(17, 10, 4)
(17, 11, 2)
(17, 12, 2)
(17, 13, 2)
(17, 14, 2)
(17, 15, 2)
(17, 16, 2)
(17, 17, 2)
(17, 18, 2)
(17, 19, 2)
(17, 20, 2)
(17, 21, 2)
(17, 22, 2)
(17, 23, 2)
(17, 24, 2)
(17, 25, 2)
(17, 26, 2)
(17, 27, 2)
(17, 28, 2)
(17, 29, 2)
(17, 30, 2)
(17, 31, 2)
(17, 32, 2)
(17, 33, 2)
(17, 34, 2)
(17, 35, 2)
(17, 36, 2)
(17, 37, 2)
(17, 38, 1)
(17, 39, 1)

(18, 0, 32)
(18, 1, 22)
(18, 2, 22)
(18, 3, 6)
(18, 4, 6)
(18, 5, 4)
(18, 6, 4)
(18, 7, 4)
(18, 8, 4)
(18, 9, 4)
(18, 10, 4)
(18, 11, 2)
(18, 12, 2)
(18, 13, 2)
(18, 14, 2)
(18, 15, 2)
(18, 16, 2)
(18, 17, 2)
(18, 18, 2)
(18, 19, 2)
(18, 20, 2)
(18, 21, 2)
(18, 22, 2)
(18, 23, 2)
(18, 24, 2)
(18, 25, 2)
(18, 26, 2)
(18, 27, 2)
(18, 28, 2)
(18, 29, 2)
(18, 30, 2)
(18, 31, 2)
(18, 32, 2)
(18, 33, 2)
(18, 34, 2)
(18, 35, 2)
(18, 36, 2)
(18, 37, 2)
(18, 38, 1)
(18, 39, 1)

(19, 0, 33)
(19, 1, 23)
(19, 2, 23)
(19, 3, 7)
(19, 4, 7)
(19, 5, 5)
(19, 6, 5)
(19, 7, 5)
(19, 8, 5)
(19, 9, 5)
(19, 10, 5)
(19, 11, 3)
(19, 12, 3)
(19, 13, 3)
(19, 14, 3)
(19, 15, 3)
(19, 16, 3)
(19, 17, 2)
(19, 18, 2)
(19, 19, 2)
(19, 20, 2)
(19, 21, 2)
(19, 22, 2)
(19, 23, 2)
(19, 24, 2)
(19, 25, 2)
(19, 26, 2)
(19, 27, 2)
(19, 28, 2)
(19, 29, 2)
(19, 30, 2)
(19, 31, 2)
(19, 32, 2)
(19, 33, 2)
(19, 34, 2)
(19, 35, 2)
(19, 36, 2)
(19, 37, 2)
(19, 38, 1)
(19, 39, 1)

(20, 0, 34)
(20, 1, 24)
(20, 2, 24)
(20, 3, 8)
(20, 4, 8)
(20, 5, 6)
(20, 6, 6)
(20, 7, 6)
(20, 8, 5)
(20, 9, 5)
(20, 10, 5)
(20, 11, 3)
(20, 12, 3)
(20, 13, 3)
(20, 14, 3)
(20, 15, 3)
(20, 16, 3)
(20, 17, 2)
(20, 18, 2)
(20, 19, 2)
(20, 20, 2)
(20, 21, 2)
(20, 22, 2)
(20, 23, 2)
(20, 24, 2)
(20, 25, 2)
(20, 26, 2)
(20, 27, 2)
(20, 28, 2)
(20, 29, 2)
(20, 30, 2)
(20, 31, 2)
(20, 32, 2)
(20, 33, 2)
(20, 34, 2)
(20, 35, 2)
(20, 36, 2)
(20, 37, 2)
(20, 38, 1)
(20, 39, 1)

(21, 0, 34)
(21, 1, 24)
(21, 2, 24)
(21, 3, 8)
(21, 4, 8)
(21, 5, 6)
(21, 6, 6)
(21, 7, 6)
(21, 8, 5)
(21, 9, 5)
(21, 10, 5)
(21, 11, 3)
(21, 12, 3)
(21, 13, 3)
(21, 14, 3)
(21, 15, 3)
(21, 16, 3)
(21, 17, 2)
(21, 18, 2)
(21, 19, 2)
(21, 20, 2)
(21, 21, 2)
(21, 22, 2)
(21, 23, 2)
(21, 24, 2)
(21, 25, 2)
(21, 26, 2)
(21, 27, 2)
(21, 28, 2)
(21, 29, 2)
(21, 30, 2)
(21, 31, 2)
(21, 32, 2)
(21, 33, 2)
(21, 34, 2)
(21, 35, 2)
(21, 36, 2)
(21, 37, 2)
(21, 38, 1)
(21, 39, 1)

(22, 0, 35)
(22, 1, 25)
(22, 2, 25)
(22, 3, 8)
(22, 4, 8)
(22, 5, 6)
(22, 6, 6)
(22, 7, 6)
(22, 8, 5)
(22, 9, 5)
(22, 10, 5)
(22, 11, 3)
(22, 12, 3)
(22, 13, 3)
(22, 14, 3)
(22, 15, 3)
(22, 16, 3)
(22, 17, 2)
(22, 18, 2)
(22, 19, 2)
(22, 20, 2)
(22, 21, 2)
(22, 22, 2)
(22, 23, 2)
(22, 24, 2)
(22, 25, 2)
(22, 26, 2)
(22, 27, 2)
(22, 28, 2)
(22, 29, 2)
(22, 30, 2)
(22, 31, 2)
(22, 32, 2)
(22, 33, 2)
(22, 34, 2)
(22, 35, 2)
(22, 36, 2)
(22, 37, 2)
(22, 38, 1)
(22, 39, 1)

(23, 0, 37)
(23, 1, 27)
(23, 2, 27)
(23, 3, 10)
(23, 4, 10)
(23, 5, 8)
(23, 6, 8)
(23, 7, 8)
(23, 8, 6)
(23, 9, 6)
(23, 10, 6)
(23, 11, 4)
(23, 12, 4)
(23, 13, 4)
(23, 14, 4)
(23, 15, 4)
(23, 16, 4)
(23, 17, 3)
(23, 18, 3)
(23, 19, 3)
(23, 20, 3)
(23, 21, 2)
(23, 22, 2)
(23, 23, 2)
(23, 24, 2)
(23, 25, 2)
(23, 26, 2)
(23, 27, 2)
(23, 28, 2)
(23, 29, 2)
(23, 30, 2)
(23, 31, 2)
(23, 32, 2)
(23, 33, 2)
(23, 34, 2)
(23, 35, 2)
(23, 36, 2)
(23, 37, 2)
(23, 38, 1)
(23, 39, 1)

(24, 0, 39)
(24, 1, 29)
(24, 2, 29)
(24, 3, 10)
(24, 4, 10)
(24, 5, 8)
(24, 6, 7)
(24, 7, 7)
(24, 8, 6)
(24, 9, 6)
(24, 10, 6)
(24, 11, 4)
(24, 12, 4)
(24, 13, 4)
(24, 14, 4)
(24, 15, 4)
(24, 16, 4)
(24, 17, 2)
(24, 18, 2)
(24, 19, 2)
(24, 20, 2)
(24, 21, 2)
(24, 22, 2)
(24, 23, 2)
(24, 24, 2)
(24, 25, 2)
(24, 26, 2)
(24, 27, 2)
(24, 28, 2)
(24, 29, 2)
(24, 30, 2)
(24, 31, 2)
(24, 32, 2)
(24, 33, 2)
(24, 34, 2)
(24, 35, 2)
(24, 36, 2)
(24, 37, 2)
(24, 38, 1)
(24, 39, 1)

(25, 0, 41)
(25, 1, 30)
(25, 2, 30)
(25, 3, 10)
(25, 4, 10)
(25, 5, 8)
(25, 6, 7)
(25, 7, 7)
(25, 8, 6)
(25, 9, 6)
(25, 10, 6)
(25, 11, 4)
(25, 12, 4)
(25, 13, 4)
(25, 14, 4)
(25, 15, 4)
(25, 16, 4)
(25, 17, 2)
(25, 18, 2)
(25, 19, 2)
(25, 20, 2)
(25, 21, 2)
(25, 22, 2)
(25, 23, 2)
(25, 24, 2)
(25, 25, 2)
(25, 26, 2)
(25, 27, 2)
(25, 28, 2)
(25, 29, 2)
(25, 30, 2)
(25, 31, 2)
(25, 32, 2)
(25, 33, 2)
(25, 34, 2)
(25, 35, 2)
(25, 36, 2)
(25, 37, 2)
(25, 38, 1)
(25, 39, 1)

(26, 0, 42)
(26, 1, 30)
(26, 2, 30)
(26, 3, 10)
(26, 4, 10)
(26, 5, 8)
(26, 6, 7)
(26, 7, 7)
(26, 8, 6)
(26, 9, 6)
(26, 10, 6)
(26, 11, 4)
(26, 12, 4)
(26, 13, 4)
(26, 14, 4)
(26, 15, 4)
(26, 16, 4)
(26, 17, 2)
(26, 18, 2)
(26, 19, 2)
(26, 20, 2)
(26, 21, 2)
(26, 22, 2)
(26, 23, 2)
(26, 24, 2)
(26, 25, 2)
(26, 26, 2)
(26, 27, 2)
(26, 28, 2)
(26, 29, 2)
(26, 30, 2)
(26, 31, 2)
(26, 32, 2)
(26, 33, 2)
(26, 34, 2)
(26, 35, 2)
(26, 36, 2)
(26, 37, 2)
(26, 38, 1)
(26, 39, 1)

(27, 0, 42)
(27, 1, 30)
(27, 2, 30)
(27, 3, 10)
(27, 4, 10)
(27, 5, 8)
(27, 6, 7)
(27, 7, 7)
(27, 8, 6)
(27, 9, 6)
(27, 10, 6)
(27, 11, 4)
(27, 12, 4)
(27, 13, 4)
(27, 14, 4)
(27, 15, 4)
(27, 16, 4)
(27, 17, 2)
(27, 18, 2)
(27, 19, 2)
(27, 20, 2)
(27, 21, 2)
(27, 22, 2)
(27, 23, 2)
(27, 24, 2)
(27, 25, 2)
(27, 26, 2)
(27, 27, 2)
(27, 28, 2)
(27, 29, 2)
(27, 30, 2)
(27, 31, 2)
(27, 32, 2)
(27, 33, 2)
(27, 34, 2)
(27, 35, 2)
(27, 36, 2)
(27, 37, 2)
(27, 38, 1)
(27, 39, 1)

(28, 0, 43)
(28, 1, 31)
(28, 2, 31)
(28, 3, 10)
(28, 4, 10)
(28, 5, 8)
(28, 6, 7)
(28, 7, 7)
(28, 8, 6)
(28, 9, 6)
(28, 10, 6)
(28, 11, 4)
(28, 12, 4)
(28, 13, 4)
(28, 14, 4)
(28, 15, 4)
(28, 16, 4)
(28, 17, 2)
(28, 18, 2)
(28, 19, 2)
(28, 20, 2)
(28, 21, 2)
(28, 22, 2)
(28, 23, 2)
(28, 24, 2)
(28, 25, 2)
(28, 26, 2)
(28, 27, 2)
(28, 28, 2)
(28, 29, 2)
(28, 30, 2)
(28, 31, 2)
(28, 32, 2)
(28, 33, 2)
(28, 34, 2)
(28, 35, 2)
(28, 36, 2)
(28, 37, 2)
(28, 38, 1)
(28, 39, 1)

(29, 0, 45)
(29, 1, 32)
(29, 2, 32)
(29, 3, 11)
(29, 4, 11)
(29, 5, 9)
(29, 6, 8)
(29, 7, 8)
(29, 8, 7)
(29, 9, 7)
(29, 10, 7)
(29, 11, 4)
(29, 12, 4)
(29, 13, 4)
(29, 14, 4)
(29, 15, 4)
(29, 16, 4)
(29, 17, 2)
(29, 18, 2)
(29, 19, 2)
(29, 20, 2)
(29, 21, 2)
(29, 22, 2)
(29, 23, 2)
(29, 24, 2)
(29, 25, 2)
(29, 26, 2)
(29, 27, 2)
(29, 28, 2)
(29, 29, 2)
(29, 30, 1)
(29, 31, 1)
(29, 32, 1)
(29, 33, 1)
(29, 34, 1)
(29, 35, 1)
(29, 36, 1)
(29, 37, 1)
(29, 38, 1)
(29, 39, 1)

(30, 0, 46)
(30, 1, 33)
(30, 2, 33)
(30, 3, 11)
(30, 4, 11)
(30, 5, 8)
(30, 6, 7)
(30, 7, 7)
(30, 8, 7)
(30, 9, 7)
(30, 10, 7)
(30, 11, 4)
(30, 12, 4)
(30, 13, 4)
(30, 14, 4)
(30, 15, 4)
(30, 16, 4)
(30, 17, 2)
(30, 18, 2)
(30, 19, 2)
(30, 20, 2)
(30, 21, 2)
(30, 22, 2)
(30, 23, 2)
(30, 24, 2)
(30, 25, 2)
(30, 26, 2)
(30, 27, 2)
(30, 28, 2)
(30, 29, 2)
(30, 30, 1)
(30, 31, 1)
(30, 32, 1)
(30, 33, 1)
(30, 34, 1)
(30, 35, 1)
(30, 36, 1)
(30, 37, 1)
(30, 38, 1)
(30, 39, 1)

(31, 0, 46)
(31, 1, 33)
(31, 2, 33)
(31, 3, 11)
(31, 4, 11)
(31, 5, 8)
(31, 6, 7)
(31, 7, 7)
(31, 8, 7)
(31, 9, 7)
(31, 10, 7)
(31, 11, 4)
(31, 12, 4)
(31, 13, 4)
(31, 14, 4)
(31, 15, 4)
(31, 16, 4)
(31, 17, 2)
(31, 18, 2)
(31, 19, 2)
(31, 20, 2)
(31, 21, 2)
(31, 22, 2)
(31, 23, 2)
(31, 24, 2)
(31, 25, 2)
(31, 26, 2)
(31, 27, 2)
(31, 28, 2)
(31, 29, 2)
(31, 30, 1)
(31, 31, 1)
(31, 32, 1)
(31, 33, 1)
(31, 34, 1)
(31, 35, 1)
(31, 36, 1)
(31, 37, 1)
(31, 38, 1)
(31, 39, 1)

(32, 0, 46)
(32, 1, 33)
(32, 2, 33)
(32, 3, 11)
(32, 4, 11)
(32, 5, 8)
(32, 6, 7)
(32, 7, 7)
(32, 8, 7)
(32, 9, 7)
(32, 10, 7)
(32, 11, 4)
(32, 12, 4)
(32, 13, 4)
(32, 14, 4)
(32, 15, 4)
(32, 16, 4)
(32, 17, 2)
(32, 18, 2)
(32, 19, 2)
(32, 20, 2)
(32, 21, 2)
(32, 22, 2)
(32, 23, 2)
(32, 24, 2)
(32, 25, 2)
(32, 26, 2)
(32, 27, 2)
(32, 28, 2)
(32, 29, 2)
(32, 30, 1)
(32, 31, 1)
(32, 32, 1)
(32, 33, 1)
(32, 34, 1)
(32, 35, 1)
(32, 36, 1)
(32, 37, 1)
(32, 38, 1)
(32, 39, 1)

(33, 0, 50)
(33, 1, 36)
(33, 2, 36)
(33, 3, 14)
(33, 4, 14)
(33, 5, 11)
(33, 6, 10)
(33, 7, 9)
(33, 8, 9)
(33, 9, 8)
(33, 10, 8)
(33, 11, 4)
(33, 12, 4)
(33, 13, 3)
(33, 14, 3)
(33, 15, 3)
(33, 16, 3)
(33, 17, 2)
(33, 18, 2)
(33, 19, 2)
(33, 20, 2)
(33, 21, 2)
(33, 22, 2)
(33, 23, 2)
(33, 24, 2)
(33, 25, 2)
(33, 26, 1)
(33, 27, 1)
(33, 28, 1)
(33, 29, 1)
(33, 30, 1)
(33, 31, 1)
(33, 32, 1)
(33, 33, 1)
(33, 34, 1)
(33, 35, 1)
(33, 36, 1)
(33, 37, 1)
(33, 38, 1)
(33, 39, 1)

(34, 0, 54)
(34, 1, 38)
(34, 2, 38)
(34, 3, 14)
(34, 4, 14)
(34, 5, 11)
(34, 6, 9)
(34, 7, 9)
(34, 8, 8)
(34, 9, 8)
(34, 10, 8)
(34, 11, 4)
(34, 12, 3)
(34, 13, 3)
(34, 14, 3)
(34, 15, 3)
(34, 16, 3)
(34, 17, 2)
(34, 18, 2)
(34, 19, 2)
(34, 20, 2)
(34, 21, 2)
(34, 22, 2)
(34, 23, 2)
(34, 24, 2)
(34, 25, 2)
(34, 26, 1)
(34, 27, 1)
(34, 28, 1)
(34, 29, 1)
(34, 30, 1)
(34, 31, 1)
(34, 32, 1)
(34, 33, 1)
(34, 34, 1)
(34, 35, 1)
(34, 36, 1)
(34, 37, 1)
(34, 38, 1)
(34, 39, 1)

(35, 0, 57)
(35, 1, 39)
(35, 2, 39)
(35, 3, 15)
(35, 4, 14)
(35, 5, 10)
(35, 6, 9)
(35, 7, 9)
(35, 8, 8)
(35, 9, 8)
(35, 10, 8)
(35, 11, 4)
(35, 12, 3)
(35, 13, 3)
(35, 14, 3)
(35, 15, 3)
(35, 16, 3)
(35, 17, 2)
(35, 18, 2)
(35, 19, 2)
(35, 20, 2)
(35, 21, 2)
(35, 22, 2)
(35, 23, 2)
(35, 24, 2)
(35, 25, 2)
(35, 26, 1)
(35, 27, 1)
(35, 28, 1)
(35, 29, 1)
(35, 30, 1)
(35, 31, 1)
(35, 32, 1)
(35, 33, 1)
(35, 34, 1)
(35, 35, 1)
(35, 36, 1)
(35, 37, 1)
(35, 38, 1)
(35, 39, 1)

(36, 0, 61)
(36, 1, 41)
(36, 2, 40)
(36, 3, 14)
(36, 4, 14)
(36, 5, 10)
(36, 6, 9)
(36, 7, 9)
(36, 8, 8)
(36, 9, 8)
(36, 10, 7)
(36, 11, 3)
(36, 12, 3)
(36, 13, 3)
(36, 14, 3)
(36, 15, 3)
(36, 16, 3)
(36, 17, 2)
(36, 18, 2)
(36, 19, 2)
(36, 20, 2)
(36, 21, 2)
(36, 22, 2)
(36, 23, 2)
(36, 24, 2)
(36, 25, 2)
(36, 26, 1)
(36, 27, 1)
(36, 28, 1)
(36, 29, 1)
(36, 30, 1)
(36, 31, 1)
(36, 32, 1)
(36, 33, 1)
(36, 34, 1)
(36, 35, 1)
(36, 36, 1)
(36, 37, 1)
(36, 38, 1)
(36, 39, 1)

(37, 0, 61)
(37, 1, 41)
(37, 2, 40)
(37, 3, 14)
(37, 4, 14)
(37, 5, 10)
(37, 6, 9)
(37, 7, 9)
(37, 8, 8)
(37, 9, 7)
(37, 10, 7)
(37, 11, 3)
(37, 12, 3)
(37, 13, 3)
(37, 14, 3)
(37, 15, 3)
(37, 16, 3)
(37, 17, 2)
(37, 18, 2)
(37, 19, 2)
(37, 20, 2)
(37, 21, 2)
(37, 22, 2)
(37, 23, 2)
(37, 24, 2)
(37, 25, 2)
(37, 26, 1)
(37, 27, 1)
(37, 28, 1)
(37, 29, 1)
(37, 30, 1)
(37, 31, 1)
(37, 32, 1)
(37, 33, 1)
(37, 34, 1)
(37, 35, 1)
(37, 36, 1)
(37, 37, 1)
(37, 38, 1)
(37, 39, 1)

(38, 0, 61)
(38, 1, 41)
(38, 2, 40)
(38, 3, 14)
(38, 4, 14)
(38, 5, 10)
(38, 6, 9)
(38, 7, 9)
(38, 8, 8)
(38, 9, 7)
(38, 10, 7)
(38, 11, 3)
(38, 12, 3)
(38, 13, 3)
(38, 14, 3)
(38, 15, 3)
(38, 16, 3)
(38, 17, 2)
(38, 18, 2)
(38, 19, 2)
(38, 20, 2)
(38, 21, 2)
(38, 22, 2)
(38, 23, 2)
(38, 24, 2)
(38, 25, 2)
(38, 26, 1)
(38, 27, 1)
(38, 28, 1)
(38, 29, 1)
(38, 30, 1)
(38, 31, 1)
(38, 32, 1)
(38, 33, 1)
(38, 34, 1)
(38, 35, 1)
(38, 36, 1)
(38, 37, 1)
(38, 38, 1)
(38, 39, 1)

(39, 0, 63)
(39, 1, 42)
(39, 2, 41)
(39, 3, 13)
(39, 4, 13)
(39, 5, 9)
(39, 6, 8)
(39, 7, 8)
(39, 8, 8)
(39, 9, 7)
(39, 10, 7)
(39, 11, 3)
(39, 12, 3)
(39, 13, 3)
(39, 14, 3)
(39, 15, 3)
(39, 16, 3)
(39, 17, 2)
(39, 18, 2)
(39, 19, 2)
(39, 20, 2)
(39, 21, 2)
(39, 22, 2)
(39, 23, 2)
(39, 24, 2)
(39, 25, 2)
(39, 26, 1)
(39, 27, 1)
(39, 28, 1)
(39, 29, 1)
(39, 30, 1)
(39, 31, 1)
(39, 32, 1)
(39, 33, 1)
(39, 34, 1)
(39, 35, 1)
(39, 36, 1)
(39, 37, 1)
(39, 38, 1)
(39, 39, 1)


Betti numbers:
xi_0:
(0, 0, 2)
(1, 0, 1)
(2, 0, 1)
(3, 0, 4)
(4, 0, 6)
(5, 0, 2)
(6, 0, 1)
(7, 0, 7)
(8, 0, 6)
(9, 0, 2)
(19, 0, 1)
(20, 0, 1)
(22, 0, 1)
(23, 0, 2)
(24, 0, 2)
(25, 0, 2)
(26, 0, 1)
(28, 0, 1)
(29, 0, 2)
(30, 0, 1)
(33, 0, 4)
(34, 0, 4)
(35, 0, 3)
(36, 0, 4)
(39, 0, 2)
xi_1:
(0, 8, 1)
(1, 1, 1)
(3, 8, 2)
(3, 14, 2)
(4, 1, 3)
(4, 3, 2)
(4, 8, 1)
(4, 12, 2)
(5, 1, 1)
(5, 3, 1)
(5, 11, 1)
(6, 3, 1)
(6, 5, 1)
(7, 1, 2)
(7, 3, 5)
(7, 11, 1)
(8, 1, 2)
(8, 3, 5)
(8, 5, 1)
(8, 38, 1)
(9, 1, 1)
(9, 3, 2)
(19, 17, 1)
(20, 8, 1)
(22, 3, 1)
(23, 8, 1)
(23, 21, 1)
(24, 3, 2)
(24, 6, 1)
(24, 17, 1)
(25, 1, 1)
(25, 3, 1)
(26, 1, 1)
(28, 3, 1)
(29, 1, 1)
(29, 11, 1)
(29, 30, 1)
(30, 3, 1)
(30, 5, 1)
(33, 1, 1)
(33, 7, 1)
(33, 9, 1)
(33, 11, 1)
(33, 13, 1)
(33, 26, 1)
(34, 1, 2)
(34, 3, 2)
(34, 6, 1)
(34, 8, 1)
(34, 12, 1)
(35, 1, 2)
(35, 4, 1)
(35, 5, 1)
(36, 1, 2)
(36, 2, 1)
(36, 3, 2)
(36, 10, 1)
(37, 9, 1)
(39, 1, 1)
(39, 3, 2)
xi_2:
(4, 14, 2)
(5, 12, 1)
(6, 8, 1)
(7, 12, 1)
(8, 8, 2)
(9, 8, 1)
(24, 8, 1)
(24, 21, 1)
(29, 38, 1)
(30, 8, 1)
(33, 17, 1)
(33, 30, 1)
(34, 7, 1)
(34, 9, 1)
(34, 13, 1)
(35, 6, 1)
(36, 4, 1)
(36, 12, 1)
(37, 10, 1)
(39, 8, 1)
