x-grades
-85564188466326350813/16000000000000000000
-41685705889910942813/8000000000000000000
-81178635093317420439/16000000000000000000
-19746464601703238813/4000000000000000000
-15358616344061698013/3200000000000000000
-37300152516902012439/8000000000000000000
-72407528347299559691/16000000000000000000
-8776843957599386813/2000000000000000000
-68021974974290629317/16000000000000000000
-6582919828778616413/1600000000000000000
-63636421601281698943/16000000000000000000
-15360911228694308439/4000000000000000000
-59250868228272768569/16000000000000000000
-28529045770884151691/8000000000000000000
-10973062971052767639/3200000000000000000
-3292033635547460813/1000000000000000000
-50479761482254907821/16000000000000000000
-24143492397875221317/8000000000000000000
-46094208109245977447/16000000000000000000
-2195071571137075613/800000000000000000
-41708654736237047073/16000000000000000000
-19757939024866290943/8000000000000000000
-37323101363228116699/16000000000000000000
-4391290584590456439/2000000000000000000
-1317501919608767453/640000000000000000
-15372385651857360569/8000000000000000000
-28551994617210255951/16000000000000000000
-6589804482676447691/4000000000000000000
-24166441244201325577/16000000000000000000
-2197366455769686039/1600000000000000000
-19780887871192395203/16000000000000000000
-549628474521497813/500000000000000000
-15395334498183464829/16000000000000000000
-6601278905839499821/8000000000000000000
-2201956225034906891/3200000000000000000
-2204251109667517317/4000000000000000000
-6624227752165604081/16000000000000000000
-2215725532830569447/8000000000000000000
-2238674379156673707/16000000000000000000
-1147442316305213/400000000000000000

y-grades
1999779/800000
1999779/400000
5999337/800000
1999779/200000
1999779/160000
5999337/400000
13998453/800000
1999779/100000
17998011/800000
1999779/80000
21997569/800000
5999337/200000
25997127/800000
13998453/400000
5999337/160000
1999779/50000
33996243/800000
17998011/400000
37995801/800000
1999779/40000
41995359/800000
21997569/400000
45994917/800000
5999337/100000
1999779/32000
25997127/400000
53994033/800000
13998453/200000
57993591/800000
5999337/80000
61993149/800000
1999779/25000
65992707/800000
33996243/400000
13998453/160000
17998011/200000
73991823/800000
37995801/400000
77991381/800000
1999779/20000

Dimensions > 0:
(0, 0, 3)
(0, 1, 3)
(0, 2, 1)
(0, 3, 1)
(0, 4, 1)
(0, 5, 1)
(0, 6, 1)
(0, 7, 1)
(0, 8, 1)
(0, 9, 1)
(0, 10, 1)
(0, 11, 1)
(0, 12, 1)
(0, 13, 1)
(0, 14, 1)
(0, 15, 1)
(0, 16, 1)
(0, 17, 1)
(0, 18, 1)
(0, 19, 1)
(0, 20, 1)
(0, 21, 1)
(0, 22, 1)
(0, 23, 1)
(0, 24, 1)
(0, 25, 1)
(0, 26, 1)
(0, 27, 1)
(0, 28, 1)
(0, 29, 1)
(0, 30, 1)
(0, 31, 1)
(0, 32, 1)
(0, 33, 1)
(0, 34, 1)
(0, 35, 1)
(0, 36, 1)
(0, 37, 1)
(0, 38, 1)
(0, 39, 1)

(1, 0, 6)
(1, 1, 5)
(1, 2, 2)
(1, 3, 2)
(1, 4, 2)
(1, 5, 2)
(1, 6, 2)
(1, 7, 2)
(1, 8, 2)
(1, 9, 2)
(1, 10, 2)
(1, 11, 2)
(1, 12, 2)
(1, 13, 2)
(1, 14, 2)
(1, 15, 2)
(1, 16, 2)
(1, 17, 2)
(1, 18, 2)
(1, 19, 2)
(1, 20, 2)
(1, 21, 2)
(1, 22, 2)
(1, 23, 2)
(1, 24, 2)
(1, 25, 2)
(1, 26, 2)
(1, 27, 2)
(1, 28, 2)
(1, 29, 2)
(1, 30, 2)
(1, 31, 2)
(1, 32, 2)
(1, 33, 2)
(1, 34, 2)
(1, 35, 2)
(1, 36, 2)
(1, 37, 2)
(1, 38, 2)
(1, 39, 2)

(2, 0, 7)
(2, 1, 6)
(2, 2, 2)
(2, 3, 2)
(2, 4, 2)
(2, 5, 2)
(2, 6, 2)
(2, 7, 2)
(2, 8, 2)
(2, 9, 2)
(2, 10, 2)
(2, 11, 2)
(2, 12, 2)
(2, 13, 2)
(2, 14, 2)
(2, 15, 2)
(2, 16, 2)
(2, 17, 2)
(2, 18, 2)
(2, 19, 2)
(2, 20, 2)
(2, 21, 2)
(2, 22, 2)
(2, 23, 2)
(2, 24, 2)
(2, 25, 2)
(2, 26, 2)
(2, 27, 2)
(2, 28, 2)
(2, 29, 2)
(2, 30, 2)
(2, 31, 2)
(2, 32, 2)
(2, 33, 2)
(2, 34, 2)
(2, 35, 2)
(2, 36, 2)
(2, 37, 2)
(2, 38, 2)
(2, 39, 2)

(3, 0, 8)
(3, 1, 6)
(3, 2, 2)
(3, 3, 2)
(3, 4, 2)
(3, 5, 2)
(3, 6, 2)
(3, 7, 2)
(3, 8, 2)
(3, 9, 2)
(3, 10, 2)
(3, 11, 2)
(3, 12, 2)
(3, 13, 2)
(3, 14, 2)
(3, 15, 2)
(3, 16, 2)
(3, 17, 2)
(3, 18, 2)
(3, 19, 2)
(3, 20, 2)
(3, 21, 2)
(3, 22, 2)
(3, 23, 2)
(3, 24, 2)
(3, 25, 2)
(3, 26, 2)
(3, 27, 2)
(3, 28, 2)
(3, 29, 2)
(3, 30, 2)
(3, 31, 2)
(3, 32, 2)
(3, 33, 2)
(3, 34, 2)
(3, 35, 2)
(3, 36, 2)
(3, 37, 2)
(3, 38, 2)
(3, 39, 2)

(4, 0, 8)
(4, 1, 6)
(4, 2, 2)
(4, 3, 2)
(4, 4, 2)
(4, 5, 2)
(4, 6, 2)
(4, 7, 2)
(4, 8, 2)
(4, 9, 2)
(4, 10, 2)
(4, 11, 2)
(4, 12, 2)
(4, 13, 2)
(4, 14, 2)
(4, 15, 2)
(4, 16, 2)
(4, 17, 2)
(4, 18, 2)
(4, 19, 2)
(4, 20, 2)
(4, 21, 2)
(4, 22, 2)
(4, 23, 2)
(4, 24, 2)
(4, 25, 2)
(4, 26, 2)
(4, 27, 2)
(4, 28, 2)
(4, 29, 2)
(4, 30, 2)
(4, 31, 2)
(4, 32, 2)
(4, 33, 2)
(4, 34, 2)
(4, 35, 2)
(4, 36, 2)
(4, 37, 2)
(4, 38, 2)
(4, 39, 2)

(5, 0, 8)
(5, 1, 6)
(5, 2, 2)
(5, 3, 2)
(5, 4, 2)
(5, 5, 2)
(5, 6, 2)
(5, 7, 2)
(5, 8, 2)
(5, 9, 2)
(5, 10, 2)
(5, 11, 2)
(5, 12, 2)
(5, 13, 2)
(5, 14, 2)
(5, 15, 2)
(5, 16, 2)
(5, 17, 2)
(5, 18, 2)
(5, 19, 2)
(5, 20, 2)
(5, 21, 2)
(5, 22, 2)
(5, 23, 2)
(5, 24, 2)
(5, 25, 2)
(5, 26, 2)
(5, 27, 2)
(5, 28, 2)
(5, 29, 2)
(5, 30, 2)
(5, 31, 2)
(5, 32, 2)
(5, 33, 2)
(5, 34, 2)
(5, 35, 2)
(5, 36, 2)
(5, 37, 2)
(5, 38, 2)
(5, 39, 2)

(6, 0, 8)
(6, 1, 6)
(6, 2, 2)
(6, 3, 2)
(6, 4, 2)
(6, 5, 2)
(6, 6, 2)
(6, 7, 2)
(6, 8, 2)
(6, 9, 2)
(6, 10, 2)
(6, 11, 2)
(6, 12, 2)
(6, 13, 2)
(6, 14, 2)
(6, 15, 2)
(6, 16, 2)
(6, 17, 2)
(6, 18, 2)
(6, 19, 2)
(6, 20, 2)
(6, 21, 2)
(6, 22, 2)
(6, 23, 2)
(6, 24, 2)
(6, 25, 2)
(6, 26, 2)
(6, 27, 2)
(6, 28, 2)
(6, 29, 2)
(6, 30, 2)
(6, 31, 2)
(6, 32, 2)
(6, 33, 2)
(6, 34, 2)
(6, 35, 2)
(6, 36, 2)
(6, 37, 2)
(6, 38, 2)
(6, 39, 2)

(7, 0, 8)
(7, 1, 6)
(7, 2, 2)
(7, 3, 2)
(7, 4, 2)
(7, 5, 2)
(7, 6, 2)
(7, 7, 2)
(7, 8, 2)
(7, 9, 2)
(7, 10, 2)
(7, 11, 2)
(7, 12, 2)
(7, 13, 2)
(7, 14, 2)
(7, 15, 2)
(7, 16, 2)
(7, 17, 2)
(7, 18, 2)
(7, 19, 2)
(7, 20, 2)
(7, 21, 2)
(7, 22, 2)
(7, 23, 2)
(7, 24, 2)
(7, 25, 2)
(7, 26, 2)
(7, 27, 2)
(7, 28, 2)
(7, 29, 2)
(7, 30, 2)
(7, 31, 2)
(7, 32, 2)
(7, 33, 2)
(7, 34, 2)
(7, 35, 2)
(7, 36, 2)
(7, 37, 2)
(7, 38, 2)
(7, 39, 2)

(8, 0, 8)
(8, 1, 6)
(8, 2, 2)
(8, 3, 2)
(8, 4, 2)
(8, 5, 2)
(8, 6, 2)
(8, 7, 2)
(8, 8, 2)
(8, 9, 2)
(8, 10, 2)
(8, 11, 2)
(8, 12, 2)
(8, 13, 2)
(8, 14, 2)
(8, 15, 2)
(8, 16, 2)
(8, 17, 2)
(8, 18, 2)
(8, 19, 2)
(8, 20, 2)
(8, 21, 2)
(8, 22, 2)
(8, 23, 2)
(8, 24, 2)
(8, 25, 2)
(8, 26, 2)
(8, 27, 2)
(8, 28, 2)
(8, 29, 2)
(8, 30, 2)
(8, 31, 2)
(8, 32, 2)
(8, 33, 2)
(8, 34, 2)
(8, 35, 2)
(8, 36, 2)
(8, 37, 2)
(8, 38, 2)
(8, 39, 2)

(9, 0, 8)
(9, 1, 6)
(9, 2, 2)
(9, 3, 2)
(9, 4, 2)
(9, 5, 2)
(9, 6, 2)
(9, 7, 2)
(9, 8, 2)
(9, 9, 2)
(9, 10, 2)
(9, 11, 2)
(9, 12, 2)
(9, 13, 2)
(9, 14, 2)
(9, 15, 2)
(9, 16, 2)
(9, 17, 2)
(9, 18, 2)
(9, 19, 2)
(9, 20, 2)
(9, 21, 2)
(9, 22, 2)
(9, 23, 2)
(9, 24, 2)
(9, 25, 2)
(9, 26, 2)
(9, 27, 2)
(9, 28, 2)
(9, 29, 2)
(9, 30, 2)
(9, 31, 2)
(9, 32, 2)
(9, 33, 2)
(9, 34, 2)
(9, 35, 2)
(9, 36, 2)
(9, 37, 2)
(9, 38, 2)
(9, 39, 2)

(10, 0, 8)
(10, 1, 6)
(10, 2, 2)
(10, 3, 2)
(10, 4, 2)
(10, 5, 2)
(10, 6, 2)
(10, 7, 2)
(10, 8, 2)
(10, 9, 2)
(10, 10, 2)
(10, 11, 2)
(10, 12, 2)
(10, 13, 2)
(10, 14, 2)
(10, 15, 2)
(10, 16, 2)
(10, 17, 2)
(10, 18, 2)
(10, 19, 2)
(10, 20, 2)
(10, 21, 2)
(10, 22, 2)
(10, 23, 2)
(10, 24, 2)
(10, 25, 2)
(10, 26, 2)
(10, 27, 2)
(10, 28, 2)
(10, 29, 2)
(10, 30, 2)
(10, 31, 2)
(10, 32, 2)
(10, 33, 2)
(10, 34, 2)
(10, 35, 2)
(10, 36, 2)
(10, 37, 2)
(10, 38, 2)
(10, 39, 2)

(11, 0, 8)
(11, 1, 6)
(11, 2, 2)
(11, 3, 2)
(11, 4, 2)
(11, 5, 2)
(11, 6, 2)
(11, 7, 2)
(11, 8, 2)
(11, 9, 2)
(11, 10, 2)
(11, 11, 2)
(11, 12, 2)
(11, 13, 2)
(11, 14, 2)
(11, 15, 2)
(11, 16, 2)
(11, 17, 2)
(11, 18, 2)
(11, 19, 2)
(11, 20, 2)
(11, 21, 2)
(11, 22, 2)
(11, 23, 2)
(11, 24, 2)
(11, 25, 2)
(11, 26, 2)
(11, 27, 2)
(11, 28, 2)
(11, 29, 2)
(11, 30, 2)
(11, 31, 2)
(11, 32, 2)
(11, 33, 2)
(11, 34, 2)
(11, 35, 2)
(11, 36, 2)
(11, 37, 2)
(11, 38, 2)
(11, 39, 2)

(12, 0, 8)
(12, 1, 6)
(12, 2, 2)
(12, 3, 2)
(12, 4, 2)
(12, 5, 2)
(12, 6, 2)
(12, 7, 2)
(12, 8, 2)
(12, 9, 2)
(12, 10, 2)
(12, 11, 2)
(12, 12, 2)
(12, 13, 2)
(12, 14, 2)
(12, 15, 2)
(12, 16, 2)
(12, 17, 2)
(12, 18, 2)
(12, 19, 2)
(12, 20, 2)
(12, 21, 2)
(12, 22, 2)
(12, 23, 2)
(12, 24, 2)
(12, 25, 2)
(12, 26, 2)
(12, 27, 2)
(12, 28, 2)
(12, 29, 2)
(12, 30, 2)
(12, 31, 2)
(12, 32, 2)
(12, 33, 2)
(12, 34, 2)
(12, 35, 2)
(12, 36, 2)
(12, 37, 2)
(12, 38, 2)
(12, 39, 2)

(13, 0, 8)
(13, 1, 6)
(13, 2, 2)
(13, 3, 2)
(13, 4, 2)
(13, 5, 2)
(13, 6, 2)
(13, 7, 2)
(13, 8, 2)
(13, 9, 2)
(13, 10, 2)
(13, 11, 2)
(13, 12, 2)
(13, 13, 2)
(13, 14, 2)
(13, 15, 2)
(13, 16, 2)
(13, 17, 2)
(13, 18, 2)
(13, 19, 2)
(13, 20, 2)
(13, 21, 2)
(13, 22, 2)
(13, 23, 2)
(13, 24, 2)
(13, 25, 2)
(13, 26, 2)
(13, 27, 2)
(13, 28, 2)
(13, 29, 2)
(13, 30, 2)
(13, 31, 2)
(13, 32, 2)
(13, 33, 2)
(13, 34, 2)
(13, 35, 2)
(13, 36, 2)
(13, 37, 2)
(13, 38, 2)
(13, 39, 2)

(14, 0, 8)
(14, 1, 6)
(14, 2, 2)
(14, 3, 2)
(14, 4, 2)
(14, 5, 2)
(14, 6, 2)
(14, 7, 2)
(14, 8, 2)
(14, 9, 2)
(14, 10, 2)
(14, 11, 2)
(14, 12, 2)
(14, 13, 2)
(14, 14, 2)
(14, 15, 2)
(14, 16, 2)
(14, 17, 2)
(14, 18, 2)
(14, 19, 2)
(14, 20, 2)
(14, 21, 2)
(14, 22, 2)
(14, 23, 2)
(14, 24, 2)
(14, 25, 2)
(14, 26, 2)
(14, 27, 2)
(14, 28, 2)
(14, 29, 2)
(14, 30, 2)
(14, 31, 2)
(14, 32, 2)
(14, 33, 2)
(14, 34, 2)
(14, 35, 2)
(14, 36, 2)
(14, 37, 2)
(14, 38, 2)
(14, 39, 2)

(15, 0, 9)
(15, 1, 7)
(15, 2, 3)
(15, 3, 3)
(15, 4, 3)
(15, 5, 3)
(15, 6, 3)
(15, 7, 3)
(15, 8, 3)
(15, 9, 3)
(15, 10, 3)
(15, 11, 3)
(15, 12, 3)
(15, 13, 3)
(15, 14, 3)
(15, 15, 3)
(15, 16, 3)
(15, 17, 3)
(15, 18, 3)
(15, 19, 3)
(15, 20, 3)
(15, 21, 3)
(15, 22, 3)
(15, 23, 3)
(15, 24, 3)
(15, 25, 3)
(15, 26, 3)
(15, 27, 3)
(15, 28, 3)
(15, 29, 3)
(15, 30, 3)
(15, 31, 3)
(15, 32, 3)
(15, 33, 3)
(15, 34, 3)
(15, 35, 3)
(15, 36, 3)
(15, 37, 3)
(15, 38, 3)
(15, 39, 3)

(16, 0, 13)
(16, 1, 7)
(16, 2, 3)
(16, 3, 3)
(16, 4, 3)
(16, 5, 3)
(16, 6, 3)
(16, 7, 3)
(16, 8, 3)
(16, 9, 3)
(16, 10, 3)
(16, 11, 3)
(16, 12, 3)
(16, 13, 3)
(16, 14, 3)
(16, 15, 3)
(16, 16, 3)
(16, 17, 3)
(16, 18, 3)
(16, 19, 3)
(16, 20, 3)
(16, 21, 3)
(16, 22, 3)
(16, 23, 3)
(16, 24, 3)
(16, 25, 3)
(16, 26, 3)
(16, 27, 3)
(16, 28, 3)
(16, 29, 3)
(16, 30, 3)
(16, 31, 3)
(16, 32, 3)
(16, 33, 3)
(16, 34, 3)
(16, 35, 3)
(16, 36, 3)
(16, 37, 3)
(16, 38, 3)
(16, 39, 3)

(17, 0, 14)
(17, 1, 8)
(17, 2, 3)
(17, 3, 3)
(17, 4, 3)
(17, 5, 3)
(17, 6, 3)
(17, 7, 3)
(17, 8, 3)
(17, 9, 3)
(17, 10, 3)
(17, 11, 3)
(17, 12, 3)
(17, 13, 3)
(17, 14, 3)
(17, 15, 3)
(17, 16, 3)
(17, 17, 3)
(17, 18, 3)
(17, 19, 3)
(17, 20, 3)
(17, 21, 3)
(17, 22, 3)
(17, 23, 3)
(17, 24, 3)
(17, 25, 3)
(17, 26, 3)
(17, 27, 3)
(17, 28, 3)
(17, 29, 3)
(17, 30, 3)
(17, 31, 3)
(17, 32, 3)
(17, 33, 3)
(17, 34, 3)
(17, 35, 3)
(17, 36, 3)
(17, 37, 3)
(17, 38, 3)
(17, 39, 3)

(18, 0, 15)
(18, 1, 9)
(18, 2, 4)
(18, 3, 3)
(18, 4, 3)
(18, 5, 3)
(18, 6, 3)
(18, 7, 3)
(18, 8, 3)
(18, 9, 3)
(18, 10, 3)
(18, 11, 3)
(18, 12, 3)
(18, 13, 3)
(18, 14, 3)
(18, 15, 3)
(18, 16, 3)
(18, 17, 3)
(18, 18, 3)
(18, 19, 3)
(18, 20, 3)
(18, 21, 3)
(18, 22, 3)
(18, 23, 3)
(18, 24, 3)
(18, 25, 3)
(18, 26, 3)
(18, 27, 3)
(18, 28, 3)
(18, 29, 3)
(18, 30, 3)
(18, 31, 3)
(18, 32, 3)
(18, 33, 3)
(18, 34, 3)
(18, 35, 3)
(18, 36, 3)
(18, 37, 3)
(18, 38, 3)
(18, 39, 3)

(19, 0, 19)
(19, 1, 11)
(19, 2, 5)
(19, 3, 4)
(19, 4, 4)
(19, 5, 4)
(19, 6, 4)
(19, 7, 4)
(19, 8, 4)
(19, 9, 4)
(19, 10, 4)
(19, 11, 4)
(19, 12, 4)
(19, 13, 4)
(19, 14, 4)
(19, 15, 4)
(19, 16, 4)
(19, 17, 4)
(19, 18, 4)
(19, 19, 4)
(19, 20, 4)
(19, 21, 4)
(19, 22, 4)
(19, 23, 4)
(19, 24, 4)
(19, 25, 4)
(19, 26, 4)
(19, 27, 4)
(19, 28, 4)
(19, 29, 4)
(19, 30, 4)
(19, 31, 4)
(19, 32, 4)
(19, 33, 4)
(19, 34, 4)
(19, 35, 4)
(19, 36, 4)
(19, 37, 4)
(19, 38, 4)
(19, 39, 4)

(20, 0, 20)
(20, 1, 12)
(20, 2, 5)
(20, 3, 4)
(20, 4, 4)
(20, 5, 4)
(20, 6, 4)
(20, 7, 4)
(20, 8, 4)
(20, 9, 4)
(20, 10, 4)
(20, 11, 4)
(20, 12, 4)
(20, 13, 4)
(20, 14, 4)
(20, 15, 4)
(20, 16, 4)
(20, 17, 4)
(20, 18, 4)
(20, 19, 4)
(20, 20, 4)
(20, 21, 4)
(20, 22, 4)
(20, 23, 4)
(20, 24, 4)
(20, 25, 4)
(20, 26, 4)
(20, 27, 4)
(20, 28, 4)
(20, 29, 4)
(20, 30, 4)
(20, 31, 4)
(20, 32, 4)
(20, 33, 4)
(20, 34, 4)
(20, 35, 4)
(20, 36, 4)
(20, 37, 4)
(20, 38, 4)
(20, 39, 4)

(21, 0, 20)
(21, 1, 12)
(21, 2, 5)
(21, 3, 4)
(21, 4, 4)
(21, 5, 4)
(21, 6, 4)
(21, 7, 4)
(21, 8, 4)
(21, 9, 4)
(21, 10, 4)
(21, 11, 4)
(21, 12, 4)
(21, 13, 4)
(21, 14, 4)
(21, 15, 4)
(21, 16, 4)
(21, 17, 4)
(21, 18, 4)
(21, 19, 4)
(21, 20, 4)
(21, 21, 4)
(21, 22, 4)
(21, 23, 4)
(21, 24, 4)
(21, 25, 4)
(21, 26, 4)
(21, 27, 4)
(21, 28, 4)
(21, 29, 4)
(21, 30, 4)
(21, 31, 4)
(21, 32, 4)
(21, 33, 4)
(21, 34, 4)
(21, 35, 4)
(21, 36, 4)
(21, 37, 4)
(21, 38, 4)
(21, 39, 4)

(22, 0, 20)
(22, 1, 12)
(22, 2, 5)
(22, 3, 4)
(22, 4, 4)
(22, 5, 4)
(22, 6, 4)
(22, 7, 4)
(22, 8, 4)
(22, 9, 4)
(22, 10, 4)
(22, 11, 4)
(22, 12, 4)
(22, 13, 4)
(22, 14, 4)
(22, 15, 4)
(22, 16, 4)
(22, 17, 4)
(22, 18, 4)
(22, 19, 4)
(22, 20, 4)
(22, 21, 4)
(22, 22, 4)
(22, 23, 4)
(22, 24, 4)
(22, 25, 4)
(22, 26, 4)
(22, 27, 4)
(22, 28, 4)
(22, 29, 4)
(22, 30, 4)
(22, 31, 4)
(22, 32, 4)
(22, 33, 4)
(22, 34, 4)
(22, 35, 4)
(22, 36, 4)
(22, 37, 4)
(22, 38, 4)
(22, 39, 4)

(23, 0, 21)
(23, 1, 13)
(23, 2, 6)
(23, 3, 5)
(23, 4, 5)
(23, 5, 5)
(23, 6, 5)
(23, 7, 5)
(23, 8, 5)
(23, 9, 5)
(23, 10, 5)
(23, 11, 5)
(23, 12, 5)
(23, 13, 5)
(23, 14, 5)
(23, 15, 5)
(23, 16, 5)
(23, 17, 5)
(23, 18, 5)
(23, 19, 5)
(23, 20, 5)
(23, 21, 5)
(23, 22, 5)
(23, 23, 4)
(23, 24, 4)
(23, 25, 4)
(23, 26, 4)
(23, 27, 4)
(23, 28, 4)
(23, 29, 4)
(23, 30, 4)
(23, 31, 4)
(23, 32, 4)
(23, 33, 4)
(23, 34, 4)
(23, 35, 4)
(23, 36, 4)
(23, 37, 4)
(23, 38, 4)
(23, 39, 4)

(24, 0, 21)
(24, 1, 13)
(24, 2, 6)
(24, 3, 5)
(24, 4, 5)
(24, 5, 5)
(24, 6, 5)
(24, 7, 5)
(24, 8, 5)
(24, 9, 5)
(24, 10, 5)
(24, 11, 5)
(24, 12, 5)
(24, 13, 5)
(24, 14, 5)
(24, 15, 5)
(24, 16, 5)
(24, 17, 5)
(24, 18, 5)
(24, 19, 5)
(24, 20, 5)
(24, 21, 4)
(24, 22, 4)
(24, 23, 4)
(24, 24, 4)
(24, 25, 4)
(24, 26, 4)
(24, 27, 4)
(24, 28, 4)
(24, 29, 4)
(24, 30, 4)
(24, 31, 4)
(24, 32, 4)
(24, 33, 4)
(24, 34, 4)
(24, 35, 4)
(24, 36, 4)
(24, 37, 4)
(24, 38, 4)
(24, 39, 4)

(25, 0, 22)
(25, 1, 14)
(25, 2, 7)
(25, 3, 6)
(25, 4, 6)
(25, 5, 6)
(25, 6, 6)
(25, 7, 6)
(25, 8, 6)
(25, 9, 6)
(25, 10, 6)
(25, 11, 6)
(25, 12, 6)
(25, 13, 6)
(25, 14, 6)
(25, 15, 6)
(25, 16, 6)
(25, 17, 6)
(25, 18, 6)
(25, 19, 6)
(25, 20, 6)
(25, 21, 5)
(25, 22, 5)
(25, 23, 5)
(25, 24, 5)
(25, 25, 5)
(25, 26, 5)
(25, 27, 5)
(25, 28, 5)
(25, 29, 4)
(25, 30, 4)
(25, 31, 4)
(25, 32, 4)
(25, 33, 4)
(25, 34, 3)
(25, 35, 3)
(25, 36, 3)
(25, 37, 3)
(25, 38, 3)
(25, 39, 3)

(26, 0, 23)
(26, 1, 15)
(26, 2, 8)
(26, 3, 7)
(26, 4, 7)
(26, 5, 7)
(26, 6, 6)
(26, 7, 6)
(26, 8, 6)
(26, 9, 6)
(26, 10, 6)
(26, 11, 6)
(26, 12, 6)
(26, 13, 6)
(26, 14, 6)
(26, 15, 6)
(26, 16, 6)
(26, 17, 5)
(26, 18, 5)
(26, 19, 5)
(26, 20, 5)
(26, 21, 5)
(26, 22, 5)
(26, 23, 5)
(26, 24, 5)
(26, 25, 5)
(26, 26, 5)
(26, 27, 5)
(26, 28, 5)
(26, 29, 4)
(26, 30, 4)
(26, 31, 4)
(26, 32, 3)
(26, 33, 3)
(26, 34, 3)
(26, 35, 3)
(26, 36, 3)
(26, 37, 3)
(26, 38, 3)
(26, 39, 3)

(27, 0, 25)
(27, 1, 17)
(27, 2, 10)
(27, 3, 9)
(27, 4, 8)
(27, 5, 8)
(27, 6, 6)
(27, 7, 6)
(27, 8, 6)
(27, 9, 6)
(27, 10, 6)
(27, 11, 6)
(27, 12, 5)
(27, 13, 5)
(27, 14, 5)
(27, 15, 5)
(27, 16, 5)
(27, 17, 5)
(27, 18, 5)
(27, 19, 5)
(27, 20, 5)
(27, 21, 5)
(27, 22, 5)
(27, 23, 5)
(27, 24, 5)
(27, 25, 5)
(27, 26, 5)
(27, 27, 5)
(27, 28, 5)
(27, 29, 4)
(27, 30, 4)
(27, 31, 4)
(27, 32, 3)
(27, 33, 3)
(27, 34, 3)
(27, 35, 3)
(27, 36, 3)
(27, 37, 3)
(27, 38, 3)
(27, 39, 3)

(28, 0, 28)
(28, 1, 20)
(28, 2, 13)
(28, 3, 12)
(28, 4, 11)
(28, 5, 11)
(28, 6, 8)
(28, 7, 8)
(28, 8, 8)
(28, 9, 8)
(28, 10, 7)
(28, 11, 7)
(28, 12, 6)
(28, 13, 6)
(28, 14, 6)
(28, 15, 5)
(28, 16, 5)
(28, 17, 5)
(28, 18, 5)
(28, 19, 5)
(28, 20, 5)
(28, 21, 5)
(28, 22, 5)
(28, 23, 5)
(28, 24, 4)
(28, 25, 4)
(28, 26, 4)
(28, 27, 4)
(28, 28, 3)
(28, 29, 3)
(28, 30, 3)
(28, 31, 3)
(28, 32, 3)
(28, 33, 3)
(28, 34, 3)
(28, 35, 3)
(28, 36, 3)
(28, 37, 3)
(28, 38, 3)
(28, 39, 3)

(29, 0, 32)
(29, 1, 23)
(29, 2, 15)
(29, 3, 14)
(29, 4, 12)
(29, 5, 11)
(29, 6, 7)
(29, 7, 7)
(29, 8, 7)
(29, 9, 7)
(29, 10, 7)
(29, 11, 7)
(29, 12, 6)
(29, 13, 6)
(29, 14, 5)
(29, 15, 5)
(29, 16, 5)
(29, 17, 5)
(29, 18, 5)
(29, 19, 5)
(29, 20, 5)
(29, 21, 5)
(29, 22, 5)
(29, 23, 5)
(29, 24, 4)
(29, 25, 4)
(29, 26, 4)
(29, 27, 4)
(29, 28, 3)
(29, 29, 3)
(29, 30, 3)
(29, 31, 3)
(29, 32, 3)
(29, 33, 3)
(29, 34, 3)
(29, 35, 3)
(29, 36, 3)
(29, 37, 3)
(29, 38, 3)
(29, 39, 3)

(30, 0, 38)
(30, 1, 28)
(30, 2, 19)
(30, 3, 16)
(30, 4, 13)
(30, 5, 12)
(30, 6, 8)
(30, 7, 8)
(30, 8, 8)
(30, 9, 8)
(30, 10, 7)
(30, 11, 7)
(30, 12, 6)
(30, 13, 6)
(30, 14, 6)
(30, 15, 6)
(30, 16, 6)
(30, 17, 5)
(30, 18, 5)
(30, 19, 5)
(30, 20, 5)
(30, 21, 5)
(30, 22, 5)
(30, 23, 5)
(30, 24, 4)
(30, 25, 4)
(30, 26, 4)
(30, 27, 4)
(30, 28, 3)
(30, 29, 3)
(30, 30, 3)
(30, 31, 3)
(30, 32, 3)
(30, 33, 3)
(30, 34, 3)
(30, 35, 3)
(30, 36, 3)
(30, 37, 3)
(30, 38, 3)
(30, 39, 3)

(31, 0, 38)
(31, 1, 28)
(31, 2, 19)
(31, 3, 16)
(31, 4, 13)
(31, 5, 12)
(31, 6, 8)
(31, 7, 8)
(31, 8, 8)
(31, 9, 8)
(31, 10, 7)
(31, 11, 7)
(31, 12, 6)
(31, 13, 6)
(31, 14, 6)
(31, 15, 6)
(31, 16, 6)
(31, 17, 5)
(31, 18, 5)
(31, 19, 5)
(31, 20, 5)
(31, 21, 5)
(31, 22, 5)
(31, 23, 5)
(31, 24, 4)
(31, 25, 4)
(31, 26, 4)
(31, 27, 4)
(31, 28, 3)
(31, 29, 3)
(31, 30, 3)
(31, 31, 3)
(31, 32, 3)
(31, 33, 3)
(31, 34, 3)
(31, 35, 3)
(31, 36, 3)
(31, 37, 3)
(31, 38, 3)
(31, 39, 3)

(32, 0, 40)
(32, 1, 30)
(32, 2, 21)
(32, 3, 16)
(32, 4, 12)
(32, 5, 12)
(32, 6, 8)
(32, 7, 8)
(32, 8, 8)
(32, 9, 8)
(32, 10, 7)
(32, 11, 7)
(32, 12, 6)
(32, 13, 6)
(32, 14, 6)
(32, 15, 6)
(32, 16, 6)
(32, 17, 5)
(32, 18, 5)
(32, 19, 5)
(32, 20, 5)
(32, 21, 5)
(32, 22, 5)
(32, 23, 4)
(32, 24, 4)
(32, 25, 4)
(32, 26, 4)
(32, 27, 4)
(32, 28, 3)
(32, 29, 3)
(32, 30, 3)
(32, 31, 3)
(32, 32, 3)
(32, 33, 3)
(32, 34, 3)
(32, 35, 3)
(32, 36, 3)
(32, 37, 3)
(32, 38, 3)
(32, 39, 3)

(33, 0, 40)
(33, 1, 30)
(33, 2, 21)
(33, 3, 16)
(33, 4, 12)
(33, 5, 12)
(33, 6, 8)
(33, 7, 8)
(33, 8, 8)
(33, 9, 8)
(33, 10, 7)
(33, 11, 7)
(33, 12, 6)
(33, 13, 6)
(33, 14, 6)
(33, 15, 6)
(33, 16, 6)
(33, 17, 5)
(33, 18, 5)
(33, 19, 5)
(33, 20, 5)
(33, 21, 5)
(33, 22, 5)
(33, 23, 4)
(33, 24, 4)
(33, 25, 4)
(33, 26, 4)
(33, 27, 4)
(33, 28, 3)
(33, 29, 3)
(33, 30, 3)
(33, 31, 3)
(33, 32, 3)
(33, 33, 3)
(33, 34, 3)
(33, 35, 3)
(33, 36, 3)
(33, 37, 3)
(33, 38, 3)
(33, 39, 3)

(34, 0, 40)
(34, 1, 30)
(34, 2, 21)
(34, 3, 16)
(34, 4, 12)
(34, 5, 12)
(34, 6, 8)
(34, 7, 8)
(34, 8, 8)
(34, 9, 8)
(34, 10, 7)
(34, 11, 7)
(34, 12, 6)
(34, 13, 6)
(34, 14, 6)
(34, 15, 6)
(34, 16, 6)
(34, 17, 5)
(34, 18, 5)
(34, 19, 5)
(34, 20, 5)
(34, 21, 5)
(34, 22, 5)
(34, 23, 4)
(34, 24, 4)
(34, 25, 4)
(34, 26, 4)
(34, 27, 4)
(34, 28, 3)
(34, 29, 3)
(34, 30, 3)
(34, 31, 3)
(34, 32, 3)
(34, 33, 3)
(34, 34, 3)
(34, 35, 3)
(34, 36, 3)
(34, 37, 3)
(34, 38, 3)
(34, 39, 3)

(35, 0, 40)
(35, 1, 30)
(35, 2, 21)
(35, 3, 16)
(35, 4, 12)
(35, 5, 12)
(35, 6, 8)
(35, 7, 8)
(35, 8, 8)
(35, 9, 8)
(35, 10, 7)
(35, 11, 7)
(35, 12, 6)
(35, 13, 6)
(35, 14, 6)
(35, 15, 6)
(35, 16, 6)
(35, 17, 5)
(35, 18, 5)
(35, 19, 5)
(35, 20, 5)
(35, 21, 5)
(35, 22, 5)
(35, 23, 4)
(35, 24, 4)
(35, 25, 4)
(35, 26, 4)
(35, 27, 4)
(35, 28, 3)
(35, 29, 3)
(35, 30, 3)
(35, 31, 3)
(35, 32, 3)
(35, 33, 3)
(35, 34, 3)
(35, 35, 3)
(35, 36, 3)
(35, 37, 3)
(35, 38, 3)
(35, 39, 3)

(36, 0, 40)
(36, 1, 30)
(36, 2, 21)
(36, 3, 16)
(36, 4, 12)
(36, 5, 12)
(36, 6, 8)
(36, 7, 8)
(36, 8, 8)
(36, 9, 8)
(36, 10, 7)
(36, 11, 7)
(36, 12, 6)
(36, 13, 6)
(36, 14, 6)
(36, 15, 6)
(36, 16, 6)
(36, 17, 5)
(36, 18, 5)
(36, 19, 5)
(36, 20, 5)
(36, 21, 5)
(36, 22, 5)
(36, 23, 4)
(36, 24, 4)
(36, 25, 4)
(36, 26, 4)
(36, 27, 4)
(36, 28, 3)
(36, 29, 3)
(36, 30, 3)
(36, 31, 3)
(36, 32, 3)
(36, 33, 3)
(36, 34, 3)
(36, 35, 3)
(36, 36, 3)
(36, 37, 3)
(36, 38, 3)
(36, 39, 3)

(37, 0, 40)
(37, 1, 30)
(37, 2, 21)
(37, 3, 16)
(37, 4, 12)
(37, 5, 12)
(37, 6, 8)
(37, 7, 8)
(37, 8, 8)
(37, 9, 8)
(37, 10, 7)
(37, 11, 7)
(37, 12, 6)
(37, 13, 6)
(37, 14, 6)
(37, 15, 6)
(37, 16, 6)
(37, 17, 5)
(37, 18, 5)
(37, 19, 5)
(37, 20, 5)
(37, 21, 5)
(37, 22, 5)
(37, 23, 4)
(37, 24, 4)
(37, 25, 4)
(37, 26, 4)
(37, 27, 4)
(37, 28, 3)
(37, 29, 3)
(37, 30, 3)
(37, 31, 3)
(37, 32, 3)
(37, 33, 3)
(37, 34, 3)
(37, 35, 3)
(37, 36, 3)
(37, 37, 3)
(37, 38, 3)
(37, 39, 3)

(38, 0, 41)
(38, 1, 31)
(38, 2, 22)
(38, 3, 17)
(38, 4, 13)
(38, 5, 13)
(38, 6, 9)
(38, 7, 9)
(38, 8, 9)
(38, 9, 9)
(38, 10, 8)
(38, 11, 7)
(38, 12, 6)
(38, 13, 6)
(38, 14, 6)
(38, 15, 6)
(38, 16, 6)
(38, 17, 5)
(38, 18, 5)
(38, 19, 4)
(38, 20, 4)
(38, 21, 4)
(38, 22, 4)
(38, 23, 3)
(38, 24, 3)
(38, 25, 3)
(38, 26, 3)
(38, 27, 3)
(38, 28, 3)
(38, 29, 3)
(38, 30, 3)
(38, 31, 3)
(38, 32, 3)
(38, 33, 3)
(38, 34, 3)
(38, 35, 3)
(38, 36, 3)
(38, 37, 3)
(38, 38, 3)
(38, 39, 3)

(39, 0, 41)
(39, 1, 31)
(39, 2, 22)
(39, 3, 17)
(39, 4, 13)
(39, 5, 13)
(39, 6, 9)
(39, 7, 9)
(39, 8, 9)
(39, 9, 9)
(39, 10, 8)
(39, 11, 7)
(39, 12, 6)
(39, 13, 6)
(39, 14, 6)
(39, 15, 6)
(39, 16, 5)
(39, 17, 4)
(39, 18, 4)
(39, 19, 4)
(39, 20, 4)
(39, 21, 4)
(39, 22, 4)
(39, 23, 3)
(39, 24, 3)
(39, 25, 3)
(39, 26, 3)
(39, 27, 3)
(39, 28, 3)
(39, 29, 3)
(39, 30, 3)
(39, 31, 3)
(39, 32, 3)
(39, 33, 3)
(39, 34, 3)
(39, 35, 3)
(39, 36, 3)
(39, 37, 3)
(39, 38, 3)
(39, 39, 3)


Betti numbers:
xi_0:
(0, 0, 3)
(1, 0, 3)
(2, 0, 1)
(3, 0, 1)
(15, 0, 1)
(16, 0, 4)
(17, 0, 1)
(18, 0, 1)
(19, 0, 4)
(20, 0, 1)
(23, 0, 1)
(25, 0, 1)
(26, 0, 1)
(27, 0, 2)
(28, 0, 3)
(29, 0, 4)
(30, 0, 6)
(32, 0, 2)
(38, 0, 1)
xi_1:
(0, 2, 2)
(1, 1, 1)
(1, 2, 1)
(2, 2, 1)
(3, 1, 1)
(16, 1, 4)
(17, 2, 1)
(18, 3, 1)
(19, 1, 2)
(19, 2, 1)
(20, 2, 1)
(23, 23, 1)
(24, 21, 1)
(25, 29, 1)
(25, 34, 1)
(26, 6, 1)
(26, 17, 1)
(26, 32, 1)
(27, 4, 1)
(27, 6, 1)
(27, 12, 1)
(28, 6, 1)
(28, 10, 1)
(28, 15, 1)
(28, 24, 1)
(28, 28, 1)
(29, 1, 1)
(29, 2, 1)
(29, 4, 1)
(29, 5, 1)
(29, 6, 1)
(29, 14, 1)
(30, 1, 1)
(30, 2, 1)
(30, 3, 2)
(30, 4, 1)
(30, 5, 1)
(30, 10, 1)
(30, 17, 1)
(32, 3, 2)
(32, 4, 1)
(32, 23, 1)
(38, 11, 1)
(38, 19, 1)
(39, 16, 1)
xi_2:
(24, 23, 1)
(26, 21, 1)
(26, 34, 1)
(27, 17, 1)
(28, 29, 1)
(28, 32, 1)
(29, 10, 1)
(29, 15, 1)
(30, 5, 1)
(30, 14, 1)
(32, 5, 1)
(32, 24, 1)
(38, 28, 1)
(39, 19, 1)
