x-grades
-23470601399327083/4000000000000000
-11549908374031143/2000000000000000
-22729032096797489/4000000000000000
-5589561861383173/1000000000000000
-4397492558853579/800000000000000
-10808339071501549/2000000000000000
-21245893491738301/4000000000000000
-652347151264797/125000000000000
-20504324189208707/4000000000000000
-2013353953794391/400000000000000
-19762754886679113/4000000000000000
-4847992558853579/1000000000000000
-19021185584149519/4000000000000000
-9325200466442361/2000000000000000
-731184651264797/160000000000000
-2238603953794391/500000000000000
-17538046979090331/4000000000000000
-8583631163912767/2000000000000000
-16796477676560737/4000000000000000
-821284651264797/200000000000000
-16054908374031143/4000000000000000
-7842061861383173/2000000000000000
-15313339071501549/4000000000000000
-933909651264797/250000000000000
-2914353953794391/800000000000000
-7100492558853579/2000000000000000
-13830200466442361/4000000000000000
-3364853953794391/1000000000000000
-13088631163912767/4000000000000000
-1271784651264797/400000000000000
-12347061861383173/4000000000000000
-1497034651264797/500000000000000
-11605492558853579/4000000000000000
-5617353953794391/2000000000000000
-2172784651264797/800000000000000
-2623284651264797/1000000000000000
-10122353953794391/4000000000000000
-4875784651264797/2000000000000000
-9380784651264797/4000000000000000
-901/400

y-grades
1249991/500000
1249991/250000
3749973/500000
1249991/125000
1249991/100000
3749973/250000
8749937/500000
1249991/62500
11249919/500000
1249991/50000
13749901/500000
3749973/125000
16249883/500000
8749937/250000
3749973/100000
1249991/31250
21249847/500000
11249919/250000
23749829/500000
1249991/25000
26249811/500000
13749901/250000
28749793/500000
3749973/62500
1249991/20000
16249883/250000
33749757/500000
8749937/125000
36249739/500000
3749973/50000
38749721/500000
1249991/15625
41249703/500000
21249847/250000
8749937/100000
11249919/125000
46249667/500000
23749829/250000
48749649/500000
1249991/12500

Dimensions > 0:
(0, 0, 2)
(0, 1, 2)
(0, 2, 1)
(0, 3, 1)
(0, 4, 1)
(0, 5, 1)
(0, 6, 1)
(0, 7, 1)
(0, 8, 1)
(0, 9, 1)
(0, 10, 1)
(0, 11, 1)
(0, 12, 1)
(0, 13, 1)
(0, 14, 1)
(0, 15, 1)
(0, 16, 1)
(0, 17, 1)
(0, 18, 1)
(0, 19, 1)
(0, 20, 1)
(0, 21, 1)
(0, 22, 1)
(0, 23, 1)
(0, 24, 1)
(0, 25, 1)
(0, 26, 1)
(0, 27, 1)
(0, 28, 1)
(0, 29, 1)
(0, 30, 1)
(0, 31, 1)
(0, 32, 1)
(0, 33, 1)
(0, 34, 1)
(0, 35, 1)
(0, 36, 1)
(0, 37, 1)
(0, 38, 1)
(0, 39, 1)

(1, 0, 2)
(1, 1, 2)
(1, 2, 1)
(1, 3, 1)
(1, 4, 1)
(1, 5, 1)
(1, 6, 1)
(1, 7, 1)
(1, 8, 1)
(1, 9, 1)
(1, 10, 1)
(1, 11, 1)
(1, 12, 1)
(1, 13, 1)
(1, 14, 1)
(1, 15, 1)
(1, 16, 1)
(1, 17, 1)
(1, 18, 1)
(1, 19, 1)
(1, 20, 1)
(1, 21, 1)
(1, 22, 1)
(1, 23, 1)
(1, 24, 1)
(1, 25, 1)
(1, 26, 1)
(1, 27, 1)
(1, 28, 1)
(1, 29, 1)
(1, 30, 1)
(1, 31, 1)
(1, 32, 1)
(1, 33, 1)
(1, 34, 1)
(1, 35, 1)
(1, 36, 1)
(1, 37, 1)
(1, 38, 1)
(1, 39, 1)

(2, 0, 2)
(2, 1, 2)
(2, 2, 1)
(2, 3, 1)
(2, 4, 1)
(2, 5, 1)
(2, 6, 1)
(2, 7, 1)
(2, 8, 1)
(2, 9, 1)
(2, 10, 1)
(2, 11, 1)
(2, 12, 1)
(2, 13, 1)
(2, 14, 1)
(2, 15, 1)
(2, 16, 1)
(2, 17, 1)
(2, 18, 1)
(2, 19, 1)
(2, 20, 1)
(2, 21, 1)
(2, 22, 1)
(2, 23, 1)
(2, 24, 1)
(2, 25, 1)
(2, 26, 1)
(2, 27, 1)
(2, 28, 1)
(2, 29, 1)
(2, 30, 1)
(2, 31, 1)
(2, 32, 1)
(2, 33, 1)
(2, 34, 1)
(2, 35, 1)
(2, 36, 1)
(2, 37, 1)
(2, 38, 1)
(2, 39, 1)

(3, 0, 3)
(3, 1, 3)
(3, 2, 2)
(3, 3, 2)
(3, 4, 2)
(3, 5, 1)
(3, 6, 1)
(3, 7, 1)
(3, 8, 1)
(3, 9, 1)
(3, 10, 1)
(3, 11, 1)
(3, 12, 1)
(3, 13, 1)
(3, 14, 1)
(3, 15, 1)
(3, 16, 1)
(3, 17, 1)
(3, 18, 1)
(3, 19, 1)
(3, 20, 1)
(3, 21, 1)
(3, 22, 1)
(3, 23, 1)
(3, 24, 1)
(3, 25, 1)
(3, 26, 1)
(3, 27, 1)
(3, 28, 1)
(3, 29, 1)
(3, 30, 1)
(3, 31, 1)
(3, 32, 1)
(3, 33, 1)
(3, 34, 1)
(3, 35, 1)
(3, 36, 1)
(3, 37, 1)
(3, 38, 1)
(3, 39, 1)

(4, 0, 4)
(4, 1, 4)
(4, 2, 3)
(4, 3, 3)
(4, 4, 3)
(4, 5, 2)
(4, 6, 2)
(4, 7, 2)
(4, 8, 2)
(4, 9, 2)
(4, 10, 2)
(4, 11, 2)
(4, 12, 2)
(4, 13, 2)
(4, 14, 2)
(4, 15, 2)
(4, 16, 2)
(4, 17, 2)
(4, 18, 2)
(4, 19, 2)
(4, 20, 2)
(4, 21, 2)
(4, 22, 2)
(4, 23, 2)
(4, 24, 2)
(4, 25, 2)
(4, 26, 2)
(4, 27, 2)
(4, 28, 2)
(4, 29, 2)
(4, 30, 2)
(4, 31, 2)
(4, 32, 2)
(4, 33, 2)
(4, 34, 2)
(4, 35, 1)
(4, 36, 1)
(4, 37, 1)
(4, 38, 1)
(4, 39, 1)

(5, 0, 6)
(5, 1, 6)
(5, 2, 4)
(5, 3, 4)
(5, 4, 4)
(5, 5, 3)
(5, 6, 3)
(5, 7, 3)
(5, 8, 3)
(5, 9, 3)
(5, 10, 3)
(5, 11, 3)
(5, 12, 3)
(5, 13, 3)
(5, 14, 3)
(5, 15, 3)
(5, 16, 3)
(5, 17, 3)
(5, 18, 2)
(5, 19, 2)
(5, 20, 2)
(5, 21, 2)
(5, 22, 2)
(5, 23, 2)
(5, 24, 2)
(5, 25, 2)
(5, 26, 2)
(5, 27, 2)
(5, 28, 2)
(5, 29, 2)
(5, 30, 2)
(5, 31, 2)
(5, 32, 1)
(5, 33, 1)
(5, 34, 1)
(5, 35, 1)
(5, 36, 1)
(5, 37, 1)
(5, 38, 1)
(5, 39, 1)

(6, 0, 8)
(6, 1, 8)
(6, 2, 5)
(6, 3, 5)
(6, 4, 5)
(6, 5, 4)
(6, 6, 4)
(6, 7, 4)
(6, 8, 3)
(6, 9, 3)
(6, 10, 3)
(6, 11, 3)
(6, 12, 3)
(6, 13, 3)
(6, 14, 3)
(6, 15, 3)
(6, 16, 3)
(6, 17, 3)
(6, 18, 2)
(6, 19, 2)
(6, 20, 2)
(6, 21, 2)
(6, 22, 2)
(6, 23, 2)
(6, 24, 2)
(6, 25, 2)
(6, 26, 2)
(6, 27, 2)
(6, 28, 2)
(6, 29, 2)
(6, 30, 2)
(6, 31, 2)
(6, 32, 1)
(6, 33, 1)
(6, 34, 1)
(6, 35, 1)
(6, 36, 1)
(6, 37, 1)
(6, 38, 1)
(6, 39, 1)

(7, 0, 12)
(7, 1, 12)
(7, 2, 7)
(7, 3, 7)
(7, 4, 7)
(7, 5, 6)
(7, 6, 5)
(7, 7, 5)
(7, 8, 3)
(7, 9, 3)
(7, 10, 3)
(7, 11, 3)
(7, 12, 3)
(7, 13, 3)
(7, 14, 3)
(7, 15, 3)
(7, 16, 3)
(7, 17, 3)
(7, 18, 2)
(7, 19, 2)
(7, 20, 2)
(7, 21, 2)
(7, 22, 2)
(7, 23, 2)
(7, 24, 2)
(7, 25, 2)
(7, 26, 2)
(7, 27, 2)
(7, 28, 2)
(7, 29, 2)
(7, 30, 2)
(7, 31, 1)
(7, 32, 1)
(7, 33, 1)
(7, 34, 1)
(7, 35, 1)
(7, 36, 1)
(7, 37, 1)
(7, 38, 1)
(7, 39, 1)

(8, 0, 20)
(8, 1, 19)
(8, 2, 10)
(8, 3, 10)
(8, 4, 10)
(8, 5, 9)
(8, 6, 6)
(8, 7, 5)
(8, 8, 3)
(8, 9, 3)
(8, 10, 3)
(8, 11, 3)
(8, 12, 2)
(8, 13, 2)
(8, 14, 2)
(8, 15, 2)
(8, 16, 2)
(8, 17, 2)
(8, 18, 2)
(8, 19, 2)
(8, 20, 2)
(8, 21, 2)
(8, 22, 2)
(8, 23, 2)
(8, 24, 2)
(8, 25, 2)
(8, 26, 2)
(8, 27, 2)
(8, 28, 2)
(8, 29, 2)
(8, 30, 2)
(8, 31, 1)
(8, 32, 1)
(8, 33, 1)
(8, 34, 1)
(8, 35, 1)
(8, 36, 1)
(8, 37, 1)
(8, 38, 1)
(8, 39, 1)

(9, 0, 27)
(9, 1, 24)
(9, 2, 14)
(9, 3, 12)
(9, 4, 11)
(9, 5, 10)
(9, 6, 7)
(9, 7, 4)
(9, 8, 2)
(9, 9, 2)
(9, 10, 2)
(9, 11, 2)
(9, 12, 2)
(9, 13, 2)
(9, 14, 2)
(9, 15, 2)
(9, 16, 2)
(9, 17, 2)
(9, 18, 2)
(9, 19, 2)
(9, 20, 2)
(9, 21, 2)
(9, 22, 2)
(9, 23, 2)
(9, 24, 2)
(9, 25, 2)
(9, 26, 2)
(9, 27, 2)
(9, 28, 2)
(9, 29, 2)
(9, 30, 2)
(9, 31, 1)
(9, 32, 1)
(9, 33, 1)
(9, 34, 1)
(9, 35, 1)
(9, 36, 1)
(9, 37, 1)
(9, 38, 1)
(9, 39, 1)

(10, 0, 30)
(10, 1, 26)
(10, 2, 16)
(10, 3, 14)
(10, 4, 12)
(10, 5, 11)
(10, 6, 8)
(10, 7, 5)
(10, 8, 2)
(10, 9, 2)
(10, 10, 2)
(10, 11, 2)
(10, 12, 2)
(10, 13, 2)
(10, 14, 2)
(10, 15, 2)
(10, 16, 2)
(10, 17, 2)
(10, 18, 2)
(10, 19, 2)
(10, 20, 2)
(10, 21, 2)
(10, 22, 2)
(10, 23, 2)
(10, 24, 2)
(10, 25, 2)
(10, 26, 2)
(10, 27, 1)
(10, 28, 1)
(10, 29, 1)
(10, 30, 1)
(10, 31, 1)
(10, 32, 1)
(10, 33, 1)
(10, 34, 1)
(10, 35, 1)
(10, 36, 1)
(10, 37, 1)
(10, 38, 1)
(10, 39, 1)

(11, 0, 32)
(11, 1, 27)
(11, 2, 16)
(11, 3, 14)
(11, 4, 12)
(11, 5, 11)
(11, 6, 8)
(11, 7, 5)
(11, 8, 2)
(11, 9, 2)
(11, 10, 2)
(11, 11, 2)
(11, 12, 2)
(11, 13, 2)
(11, 14, 2)
(11, 15, 2)
(11, 16, 2)
(11, 17, 2)
(11, 18, 2)
(11, 19, 2)
(11, 20, 2)
(11, 21, 2)
(11, 22, 2)
(11, 23, 2)
(11, 24, 2)
(11, 25, 2)
(11, 26, 2)
(11, 27, 1)
(11, 28, 1)
(11, 29, 1)
(11, 30, 1)
(11, 31, 1)
(11, 32, 1)
(11, 33, 1)
(11, 34, 1)
(11, 35, 1)
(11, 36, 1)
(11, 37, 1)
(11, 38, 1)
(11, 39, 1)

(12, 0, 32)
(12, 1, 27)
(12, 2, 16)
(12, 3, 14)
(12, 4, 12)
(12, 5, 11)
(12, 6, 8)
(12, 7, 5)
(12, 8, 2)
(12, 9, 2)
(12, 10, 2)
(12, 11, 2)
(12, 12, 2)
(12, 13, 2)
(12, 14, 2)
(12, 15, 2)
(12, 16, 2)
(12, 17, 2)
(12, 18, 2)
(12, 19, 2)
(12, 20, 2)
(12, 21, 2)
(12, 22, 2)
(12, 23, 2)
(12, 24, 2)
(12, 25, 2)
(12, 26, 2)
(12, 27, 1)
(12, 28, 1)
(12, 29, 1)
(12, 30, 1)
(12, 31, 1)
(12, 32, 1)
(12, 33, 1)
(12, 34, 1)
(12, 35, 1)
(12, 36, 1)
(12, 37, 1)
(12, 38, 1)
(12, 39, 1)

(13, 0, 35)
(13, 1, 30)
(13, 2, 19)
(13, 3, 17)
(13, 4, 15)
(13, 5, 13)
(13, 6, 8)
(13, 7, 5)
(13, 8, 2)
(13, 9, 2)
(13, 10, 2)
(13, 11, 2)
(13, 12, 2)
(13, 13, 2)
(13, 14, 2)
(13, 15, 2)
(13, 16, 2)
(13, 17, 2)
(13, 18, 2)
(13, 19, 2)
(13, 20, 2)
(13, 21, 2)
(13, 22, 2)
(13, 23, 2)
(13, 24, 2)
(13, 25, 1)
(13, 26, 1)
(13, 27, 1)
(13, 28, 1)
(13, 29, 1)
(13, 30, 1)
(13, 31, 1)
(13, 32, 1)
(13, 33, 1)
(13, 34, 1)
(13, 35, 1)
(13, 36, 1)
(13, 37, 1)
(13, 38, 1)
(13, 39, 1)

(14, 0, 45)
(14, 1, 32)
(14, 2, 19)
(14, 3, 17)
(14, 4, 15)
(14, 5, 14)
(14, 6, 9)
(14, 7, 6)
(14, 8, 3)
(14, 9, 3)
(14, 10, 3)
(14, 11, 3)
(14, 12, 3)
(14, 13, 3)
(14, 14, 3)
(14, 15, 3)
(14, 16, 3)
(14, 17, 3)
(14, 18, 3)
(14, 19, 3)
(14, 20, 3)
(14, 21, 3)
(14, 22, 2)
(14, 23, 2)
(14, 24, 2)
(14, 25, 2)
(14, 26, 2)
(14, 27, 2)
(14, 28, 2)
(14, 29, 2)
(14, 30, 2)
(14, 31, 2)
(14, 32, 2)
(14, 33, 2)
(14, 34, 1)
(14, 35, 1)
(14, 36, 1)
(14, 37, 1)
(14, 38, 1)
(14, 39, 1)

(15, 0, 50)
(15, 1, 33)
(15, 2, 19)
(15, 3, 17)
(15, 4, 15)
(15, 5, 14)
(15, 6, 9)
(15, 7, 6)
(15, 8, 3)
(15, 9, 3)
(15, 10, 3)
(15, 11, 3)
(15, 12, 3)
(15, 13, 3)
(15, 14, 3)
(15, 15, 3)
(15, 16, 3)
(15, 17, 3)
(15, 18, 3)
(15, 19, 3)
(15, 20, 3)
(15, 21, 3)
(15, 22, 2)
(15, 23, 2)
(15, 24, 2)
(15, 25, 2)
(15, 26, 2)
(15, 27, 2)
(15, 28, 2)
(15, 29, 2)
(15, 30, 2)
(15, 31, 2)
(15, 32, 2)
(15, 33, 2)
(15, 34, 1)
(15, 35, 1)
(15, 36, 1)
(15, 37, 1)
(15, 38, 1)
(15, 39, 1)

(16, 0, 52)
(16, 1, 36)
(16, 2, 20)
(16, 3, 18)
(16, 4, 16)
(16, 5, 15)
(16, 6, 10)
(16, 7, 7)
(16, 8, 4)
(16, 9, 4)
(16, 10, 4)
(16, 11, 4)
(16, 12, 4)
(16, 13, 4)
(16, 14, 4)
(16, 15, 4)
(16, 16, 4)
(16, 17, 4)
(16, 18, 4)
(16, 19, 4)
(16, 20, 4)
(16, 21, 4)
(16, 22, 3)
(16, 23, 3)
(16, 24, 3)
(16, 25, 3)
(16, 26, 3)
(16, 27, 3)
(16, 28, 3)
(16, 29, 3)
(16, 30, 3)
(16, 31, 3)
(16, 32, 3)
(16, 33, 3)
(16, 34, 1)
(16, 35, 1)
(16, 36, 1)
(16, 37, 1)
(16, 38, 1)
(16, 39, 1)

(17, 0, 55)
(17, 1, 39)
(17, 2, 21)
(17, 3, 19)
(17, 4, 16)
(17, 5, 15)
(17, 6, 10)
(17, 7, 7)
(17, 8, 4)
(17, 9, 4)
(17, 10, 4)
(17, 11, 4)
(17, 12, 4)
(17, 13, 4)
(17, 14, 4)
(17, 15, 4)
(17, 16, 4)
(17, 17, 4)
(17, 18, 4)
(17, 19, 4)
(17, 20, 4)
(17, 21, 4)
(17, 22, 3)
(17, 23, 3)
(17, 24, 3)
(17, 25, 3)
(17, 26, 3)
(17, 27, 3)
(17, 28, 2)
(17, 29, 2)
(17, 30, 2)
(17, 31, 2)
(17, 32, 2)
(17, 33, 2)
(17, 34, 1)
(17, 35, 1)
(17, 36, 1)
(17, 37, 1)
(17, 38, 1)
(17, 39, 1)

(18, 0, 56)
(18, 1, 40)
(18, 2, 22)
(18, 3, 20)
(18, 4, 17)
(18, 5, 15)
(18, 6, 10)
(18, 7, 7)
(18, 8, 4)
(18, 9, 4)
(18, 10, 4)
(18, 11, 4)
(18, 12, 4)
(18, 13, 4)
(18, 14, 4)
(18, 15, 4)
(18, 16, 4)
(18, 17, 4)
(18, 18, 4)
(18, 19, 4)
(18, 20, 4)
(18, 21, 4)
(18, 22, 3)
(18, 23, 3)
(18, 24, 3)
(18, 25, 3)
(18, 26, 3)
(18, 27, 3)
(18, 28, 2)
(18, 29, 2)
(18, 30, 2)
(18, 31, 2)
(18, 32, 2)
(18, 33, 1)
(18, 34, 1)
(18, 35, 1)
(18, 36, 1)
(18, 37, 1)
(18, 38, 1)
(18, 39, 1)

(19, 0, 58)
(19, 1, 41)
(19, 2, 23)
(19, 3, 21)
(19, 4, 18)
(19, 5, 16)
(19, 6, 11)
(19, 7, 8)
(19, 8, 4)
(19, 9, 4)
(19, 10, 4)
(19, 11, 4)
(19, 12, 4)
(19, 13, 4)
(19, 14, 4)
(19, 15, 4)
(19, 16, 4)
(19, 17, 4)
(19, 18, 4)
(19, 19, 4)
(19, 20, 4)
(19, 21, 4)
(19, 22, 2)
(19, 23, 2)
(19, 24, 2)
(19, 25, 2)
(19, 26, 2)
(19, 27, 2)
(19, 28, 2)
(19, 29, 2)
(19, 30, 2)
(19, 31, 2)
(19, 32, 2)
(19, 33, 1)
(19, 34, 1)
(19, 35, 1)
(19, 36, 1)
(19, 37, 1)
(19, 38, 1)
(19, 39, 1)

(20, 0, 59)
(20, 1, 42)
(20, 2, 24)
(20, 3, 22)
(20, 4, 19)
(20, 5, 17)
(20, 6, 11)
(20, 7, 8)
(20, 8, 4)
(20, 9, 4)
(20, 10, 4)
(20, 11, 4)
(20, 12, 4)
(20, 13, 4)
(20, 14, 4)
(20, 15, 4)
(20, 16, 4)
(20, 17, 4)
(20, 18, 4)
(20, 19, 3)
(20, 20, 3)
(20, 21, 3)
(20, 22, 2)
(20, 23, 2)
(20, 24, 2)
(20, 25, 2)
(20, 26, 2)
(20, 27, 2)
(20, 28, 2)
(20, 29, 2)
(20, 30, 2)
(20, 31, 2)
(20, 32, 2)
(20, 33, 1)
(20, 34, 1)
(20, 35, 1)
(20, 36, 1)
(20, 37, 1)
(20, 38, 1)
(20, 39, 1)

(21, 0, 59)
(21, 1, 42)
(21, 2, 24)
(21, 3, 22)
(21, 4, 19)
(21, 5, 17)
(21, 6, 11)
(21, 7, 8)
(21, 8, 4)
(21, 9, 4)
(21, 10, 4)
(21, 11, 4)
(21, 12, 4)
(21, 13, 4)
(21, 14, 4)
(21, 15, 4)
(21, 16, 4)
(21, 17, 4)
(21, 18, 4)
(21, 19, 3)
(21, 20, 3)
(21, 21, 3)
(21, 22, 2)
(21, 23, 2)
(21, 24, 2)
(21, 25, 2)
(21, 26, 2)
(21, 27, 2)
(21, 28, 2)
(21, 29, 2)
(21, 30, 2)
(21, 31, 2)
(21, 32, 2)
(21, 33, 1)
(21, 34, 1)
(21, 35, 1)
(21, 36, 1)
(21, 37, 1)
(21, 38, 1)
(21, 39, 1)

(22, 0, 59)
(22, 1, 42)
(22, 2, 24)
(22, 3, 22)
(22, 4, 19)
(22, 5, 17)
(22, 6, 11)
(22, 7, 8)
(22, 8, 4)
(22, 9, 4)
(22, 10, 4)
(22, 11, 4)
(22, 12, 4)
(22, 13, 4)
(22, 14, 4)
(22, 15, 4)
(22, 16, 4)
(22, 17, 4)
(22, 18, 4)
(22, 19, 3)
(22, 20, 3)
(22, 21, 3)
(22, 22, 2)
(22, 23, 2)
(22, 24, 2)
(22, 25, 2)
(22, 26, 2)
(22, 27, 2)
(22, 28, 2)
(22, 29, 2)
(22, 30, 2)
(22, 31, 2)
(22, 32, 2)
(22, 33, 1)
(22, 34, 1)
(22, 35, 1)
(22, 36, 1)
(22, 37, 1)
(22, 38, 1)
(22, 39, 1)

(23, 0, 60)
(23, 1, 43)
(23, 2, 25)
(23, 3, 23)
(23, 4, 20)
(23, 5, 18)
(23, 6, 12)
(23, 7, 9)
(23, 8, 5)
(23, 9, 4)
(23, 10, 4)
(23, 11, 4)
(23, 12, 4)
(23, 13, 4)
(23, 14, 4)
(23, 15, 4)
(23, 16, 4)
(23, 17, 4)
(23, 18, 4)
(23, 19, 3)
(23, 20, 3)
(23, 21, 3)
(23, 22, 2)
(23, 23, 2)
(23, 24, 2)
(23, 25, 2)
(23, 26, 1)
(23, 27, 1)
(23, 28, 1)
(23, 29, 1)
(23, 30, 1)
(23, 31, 1)
(23, 32, 1)
(23, 33, 1)
(23, 34, 1)
(23, 35, 1)
(23, 36, 1)
(23, 37, 1)
(23, 38, 1)
(23, 39, 1)

(24, 0, 61)
(24, 1, 44)
(24, 2, 26)
(24, 3, 24)
(24, 4, 21)
(24, 5, 19)
(24, 6, 13)
(24, 7, 9)
(24, 8, 5)
(24, 9, 4)
(24, 10, 4)
(24, 11, 4)
(24, 12, 4)
(24, 13, 4)
(24, 14, 4)
(24, 15, 4)
(24, 16, 4)
(24, 17, 4)
(24, 18, 4)
(24, 19, 3)
(24, 20, 3)
(24, 21, 3)
(24, 22, 1)
(24, 23, 1)
(24, 24, 1)
(24, 25, 1)
(24, 26, 1)
(24, 27, 1)
(24, 28, 1)
(24, 29, 1)
(24, 30, 1)
(24, 31, 1)
(24, 32, 1)
(24, 33, 1)
(24, 34, 1)
(24, 35, 1)
(24, 36, 1)
(24, 37, 1)
(24, 38, 1)
(24, 39, 1)

(25, 0, 61)
(25, 1, 44)
(25, 2, 26)
(25, 3, 24)
(25, 4, 21)
(25, 5, 19)
(25, 6, 13)
(25, 7, 9)
(25, 8, 5)
(25, 9, 4)
(25, 10, 4)
(25, 11, 4)
(25, 12, 4)
(25, 13, 4)
(25, 14, 4)
(25, 15, 4)
(25, 16, 4)
(25, 17, 4)
(25, 18, 4)
(25, 19, 3)
(25, 20, 3)
(25, 21, 3)
(25, 22, 1)
(25, 23, 1)
(25, 24, 1)
(25, 25, 1)
(25, 26, 1)
(25, 27, 1)
(25, 28, 1)
(25, 29, 1)
(25, 30, 1)
(25, 31, 1)
(25, 32, 1)
(25, 33, 1)
(25, 34, 1)
(25, 35, 1)
(25, 36, 1)
(25, 37, 1)
(25, 38, 1)
(25, 39, 1)

(26, 0, 61)
(26, 1, 44)
(26, 2, 26)
(26, 3, 24)
(26, 4, 21)
(26, 5, 19)
(26, 6, 13)
(26, 7, 9)
(26, 8, 5)
(26, 9, 4)
(26, 10, 4)
(26, 11, 4)
(26, 12, 4)
(26, 13, 4)
(26, 14, 4)
(26, 15, 4)
(26, 16, 4)
(26, 17, 4)
(26, 18, 4)
(26, 19, 3)
(26, 20, 3)
(26, 21, 3)
(26, 22, 1)
(26, 23, 1)
(26, 24, 1)
(26, 25, 1)
(26, 26, 1)
(26, 27, 1)
(26, 28, 1)
(26, 29, 1)
(26, 30, 1)
(26, 31, 1)
(26, 32, 1)
(26, 33, 1)
(26, 34, 1)
(26, 35, 1)
(26, 36, 1)
(26, 37, 1)
(26, 38, 1)
(26, 39, 1)

(27, 0, 61)
(27, 1, 44)
(27, 2, 26)
(27, 3, 24)
(27, 4, 21)
(27, 5, 19)
(27, 6, 13)
(27, 7, 9)
(27, 8, 5)
(27, 9, 4)
(27, 10, 4)
(27, 11, 4)
(27, 12, 4)
(27, 13, 4)
(27, 14, 4)
(27, 15, 4)
(27, 16, 4)
(27, 17, 4)
(27, 18, 4)
(27, 19, 3)
(27, 20, 3)
(27, 21, 3)
(27, 22, 1)
(27, 23, 1)
(27, 24, 1)
(27, 25, 1)
(27, 26, 1)
(27, 27, 1)
(27, 28, 1)
(27, 29, 1)
(27, 30, 1)
(27, 31, 1)
(27, 32, 1)
(27, 33, 1)
(27, 34, 1)
(27, 35, 1)
(27, 36, 1)
(27, 37, 1)
(27, 38, 1)
(27, 39, 1)

(28, 0, 61)
(28, 1, 44)
(28, 2, 26)
(28, 3, 24)
(28, 4, 21)
(28, 5, 19)
(28, 6, 13)
(28, 7, 9)
(28, 8, 5)
(28, 9, 4)
(28, 10, 4)
(28, 11, 4)
(28, 12, 4)
(28, 13, 4)
(28, 14, 4)
(28, 15, 4)
(28, 16, 4)
(28, 17, 4)
(28, 18, 4)
(28, 19, 3)
(28, 20, 3)
(28, 21, 3)
(28, 22, 1)
(28, 23, 1)
(28, 24, 1)
(28, 25, 1)
(28, 26, 1)
(28, 27, 1)
(28, 28, 1)
(28, 29, 1)
(28, 30, 1)
(28, 31, 1)
(28, 32, 1)
(28, 33, 1)
(28, 34, 1)
(28, 35, 1)
(28, 36, 1)
(28, 37, 1)
(28, 38, 1)
(28, 39, 1)

(29, 0, 61)
(29, 1, 44)
(29, 2, 26)
(29, 3, 24)
(29, 4, 21)
(29, 5, 19)
(29, 6, 13)
(29, 7, 9)
(29, 8, 5)
(29, 9, 4)
(29, 10, 4)
(29, 11, 4)
(29, 12, 4)
(29, 13, 4)
(29, 14, 4)
(29, 15, 4)
(29, 16, 4)
(29, 17, 4)
(29, 18, 4)
(29, 19, 3)
(29, 20, 3)
(29, 21, 3)
(29, 22, 1)
(29, 23, 1)
(29, 24, 1)
(29, 25, 1)
(29, 26, 1)
(29, 27, 1)
(29, 28, 1)
(29, 29, 1)
(29, 30, 1)
(29, 31, 1)
(29, 32, 1)
(29, 33, 1)
(29, 34, 1)
(29, 35, 1)
(29, 36, 1)
(29, 37, 1)
(29, 38, 1)
(29, 39, 1)

(30, 0, 61)
(30, 1, 44)
(30, 2, 26)
(30, 3, 24)
(30, 4, 21)
(30, 5, 19)
(30, 6, 13)
(30, 7, 9)
(30, 8, 5)
(30, 9, 4)
(30, 10, 4)
(30, 11, 4)
(30, 12, 4)
(30, 13, 4)
(30, 14, 4)
(30, 15, 4)
(30, 16, 4)
(30, 17, 4)
(30, 18, 4)
(30, 19, 3)
(30, 20, 3)
(30, 21, 3)
(30, 22, 1)
(30, 23, 1)
(30, 24, 1)
(30, 25, 1)
(30, 26, 1)
(30, 27, 1)
(30, 28, 1)
(30, 29, 1)
(30, 30, 1)
(30, 31, 1)
(30, 32, 1)
(30, 33, 1)
(30, 34, 1)
(30, 35, 1)
(30, 36, 1)
(30, 37, 1)
(30, 38, 1)
(30, 39, 1)

(31, 0, 61)
(31, 1, 44)
(31, 2, 26)
(31, 3, 24)
(31, 4, 21)
(31, 5, 19)
(31, 6, 13)
(31, 7, 9)
(31, 8, 5)
(31, 9, 4)
(31, 10, 4)
(31, 11, 4)
(31, 12, 4)
(31, 13, 4)
(31, 14, 4)
(31, 15, 4)
(31, 16, 4)
(31, 17, 4)
(31, 18, 4)
(31, 19, 3)
(31, 20, 3)
(31, 21, 3)
(31, 22, 1)
(31, 23, 1)
(31, 24, 1)
(31, 25, 1)
(31, 26, 1)
(31, 27, 1)
(31, 28, 1)
(31, 29, 1)
(31, 30, 1)
(31, 31, 1)
(31, 32, 1)
(31, 33, 1)
(31, 34, 1)
(31, 35, 1)
(31, 36, 1)
(31, 37, 1)
(31, 38, 1)
(31, 39, 1)

(32, 0, 61)
(32, 1, 44)
(32, 2, 26)
(32, 3, 24)
(32, 4, 21)
(32, 5, 19)
(32, 6, 13)
(32, 7, 9)
(32, 8, 5)
(32, 9, 4)
(32, 10, 4)
(32, 11, 4)
(32, 12, 4)
(32, 13, 4)
(32, 14, 4)
(32, 15, 4)
(32, 16, 4)
(32, 17, 4)
(32, 18, 4)
(32, 19, 3)
(32, 20, 3)
(32, 21, 3)
(32, 22, 1)
(32, 23, 1)
(32, 24, 1)
(32, 25, 1)
(32, 26, 1)
(32, 27, 1)
(32, 28, 1)
(32, 29, 1)
(32, 30, 1)
(32, 31, 1)
(32, 32, 1)
(32, 33, 1)
(32, 34, 1)
(32, 35, 1)
(32, 36, 1)
(32, 37, 1)
(32, 38, 1)
(32, 39, 1)

(33, 0, 62)
(33, 1, 45)
(33, 2, 27)
(33, 3, 25)
(33, 4, 22)
(33, 5, 20)
(33, 6, 14)
(33, 7, 10)
(33, 8, 6)
(33, 9, 5)
(33, 10, 5)
(33, 11, 5)
(33, 12, 5)
(33, 13, 5)
(33, 14, 5)
(33, 15, 5)
(33, 16, 5)
(33, 17, 5)
(33, 18, 5)
(33, 19, 3)
(33, 20, 3)
(33, 21, 3)
(33, 22, 1)
(33, 23, 1)
(33, 24, 1)
(33, 25, 1)
(33, 26, 1)
(33, 27, 1)
(33, 28, 1)
(33, 29, 1)
(33, 30, 1)
(33, 31, 1)
(33, 32, 1)
(33, 33, 1)
(33, 34, 1)
(33, 35, 1)
(33, 36, 1)
(33, 37, 1)
(33, 38, 1)
(33, 39, 1)

(34, 0, 62)
(34, 1, 45)
(34, 2, 27)
(34, 3, 25)
(34, 4, 22)
(34, 5, 20)
(34, 6, 14)
(34, 7, 10)
(34, 8, 6)
(34, 9, 5)
(34, 10, 5)
(34, 11, 5)
(34, 12, 5)
(34, 13, 5)
(34, 14, 5)
(34, 15, 5)
(34, 16, 5)
(34, 17, 5)
(34, 18, 5)
(34, 19, 3)
(34, 20, 3)
(34, 21, 3)
(34, 22, 1)
(34, 23, 1)
(34, 24, 1)
(34, 25, 1)
(34, 26, 1)
(34, 27, 1)
(34, 28, 1)
(34, 29, 1)
(34, 30, 1)
(34, 31, 1)
(34, 32, 1)
(34, 33, 1)
(34, 34, 1)
(34, 35, 1)
(34, 36, 1)
(34, 37, 1)
(34, 38, 1)
(34, 39, 1)

(35, 0, 64)
(35, 1, 47)
(35, 2, 29)
(35, 3, 27)
(35, 4, 24)
(35, 5, 22)
(35, 6, 16)
(35, 7, 11)
(35, 8, 6)
(35, 9, 5)
(35, 10, 5)
(35, 11, 5)
(35, 12, 5)
(35, 13, 5)
(35, 14, 5)
(35, 15, 5)
(35, 16, 5)
(35, 17, 5)
(35, 18, 5)
(35, 19, 3)
(35, 20, 3)
(35, 21, 3)
(35, 22, 1)
(35, 23, 1)
(35, 24, 1)
(35, 25, 1)
(35, 26, 1)
(35, 27, 1)
(35, 28, 1)
(35, 29, 1)
(35, 30, 1)
(35, 31, 1)
(35, 32, 1)
(35, 33, 1)
(35, 34, 1)
(35, 35, 1)
(35, 36, 1)
(35, 37, 1)
(35, 38, 1)
(35, 39, 1)

(36, 0, 64)
(36, 1, 47)
(36, 2, 29)
(36, 3, 27)
(36, 4, 24)
(36, 5, 22)
(36, 6, 15)
(36, 7, 10)
(36, 8, 6)
(36, 9, 5)
(36, 10, 5)
(36, 11, 5)
(36, 12, 5)
(36, 13, 5)
(36, 14, 5)
(36, 15, 5)
(36, 16, 5)
(36, 17, 5)
(36, 18, 5)
(36, 19, 3)
(36, 20, 3)
(36, 21, 3)
(36, 22, 1)
(36, 23, 1)
(36, 24, 1)
(36, 25, 1)
(36, 26, 1)
(36, 27, 1)
(36, 28, 1)
(36, 29, 1)
(36, 30, 1)
(36, 31, 1)
(36, 32, 1)
(36, 33, 1)
(36, 34, 1)
(36, 35, 1)
(36, 36, 1)
(36, 37, 1)
(36, 38, 1)
(36, 39, 1)

(37, 0, 64)
(37, 1, 47)
(37, 2, 29)
(37, 3, 27)
(37, 4, 24)
(37, 5, 22)
(37, 6, 15)
(37, 7, 10)
(37, 8, 6)
(37, 9, 5)
(37, 10, 5)
(37, 11, 5)
(37, 12, 5)
(37, 13, 5)
(37, 14, 5)
(37, 15, 5)
(37, 16, 5)
(37, 17, 5)
(37, 18, 5)
(37, 19, 3)
(37, 20, 3)
(37, 21, 3)
(37, 22, 1)
(37, 23, 1)
(37, 24, 1)
(37, 25, 1)
(37, 26, 1)
(37, 27, 1)
(37, 28, 1)
(37, 29, 1)
(37, 30, 1)
(37, 31, 1)
(37, 32, 1)
(37, 33, 1)
(37, 34, 1)
(37, 35, 1)
(37, 36, 1)
(37, 37, 1)
(37, 38, 1)
(37, 39, 1)

(38, 0, 65)
(38, 1, 48)
(38, 2, 29)
(38, 3, 27)
(38, 4, 24)
(38, 5, 22)
(38, 6, 15)
(38, 7, 10)
(38, 8, 6)
(38, 9, 5)
(38, 10, 5)
(38, 11, 5)
(38, 12, 5)
(38, 13, 5)
(38, 14, 5)
(38, 15, 5)
(38, 16, 5)
(38, 17, 5)
(38, 18, 5)
(38, 19, 3)
(38, 20, 3)
(38, 21, 3)
(38, 22, 1)
(38, 23, 1)
(38, 24, 1)
(38, 25, 1)
(38, 26, 1)
(38, 27, 1)
(38, 28, 1)
(38, 29, 1)
(38, 30, 1)
(38, 31, 1)
(38, 32, 1)
(38, 33, 1)
(38, 34, 1)
(38, 35, 1)
(38, 36, 1)
(38, 37, 1)
(38, 38, 1)
(38, 39, 1)

(39, 0, 68)
(39, 1, 50)
(39, 2, 30)
(39, 3, 27)
(39, 4, 24)
(39, 5, 22)
(39, 6, 15)
(39, 7, 10)
(39, 8, 6)
(39, 9, 5)
(39, 10, 5)
(39, 11, 5)
(39, 12, 5)
(39, 13, 5)
(39, 14, 5)
(39, 15, 5)
(39, 16, 5)
(39, 17, 5)
(39, 18, 5)
(39, 19, 3)
(39, 20, 3)
(39, 21, 3)
(39, 22, 1)
(39, 23, 1)
(39, 24, 1)
(39, 25, 1)
(39, 26, 1)
(39, 27, 1)
(39, 28, 1)
(39, 29, 1)
(39, 30, 1)
(39, 31, 1)
(39, 32, 1)
(39, 33, 1)
(39, 34, 1)
(39, 35, 1)
(39, 36, 1)
(39, 37, 1)
(39, 38, 1)
(39, 39, 1)


Betti numbers:
xi_0:
(0, 0, 2)
(3, 0, 1)
(4, 0, 1)
(5, 0, 2)
(6, 0, 2)
(7, 0, 4)
(8, 0, 8)
(9, 0, 7)
(10, 0, 3)
(11, 0, 2)
(13, 0, 3)
(14, 0, 10)
(15, 0, 5)
(16, 0, 3)
(17, 0, 3)
(18, 0, 1)
(19, 0, 2)
(20, 0, 1)
(23, 0, 1)
(24, 0, 1)
(33, 0, 1)
(35, 0, 2)
(38, 0, 1)
(39, 0, 3)
xi_1:
(0, 2, 1)
(3, 5, 1)
(4, 35, 1)
(5, 2, 1)
(5, 18, 1)
(5, 32, 1)
(6, 2, 1)
(6, 8, 1)
(7, 2, 2)
(7, 6, 1)
(7, 8, 1)
(7, 31, 1)
(8, 1, 1)
(8, 2, 4)
(8, 6, 2)
(8, 7, 1)
(8, 12, 1)
(9, 1, 2)
(9, 2, 1)
(9, 3, 2)
(9, 4, 1)
(9, 6, 1)
(9, 7, 2)
(10, 1, 1)
(10, 4, 1)
(10, 8, 1)
(10, 27, 1)
(11, 1, 1)
(11, 2, 1)
(13, 5, 1)
(13, 6, 2)
(13, 25, 1)
(14, 1, 8)
(14, 2, 2)
(14, 22, 1)
(14, 34, 1)
(15, 1, 4)
(15, 2, 1)
(16, 0, 1)
(16, 2, 2)
(16, 34, 1)
(17, 2, 2)
(17, 4, 1)
(17, 28, 1)
(18, 5, 1)
(18, 33, 1)
(19, 1, 1)
(19, 8, 1)
(19, 22, 1)
(20, 6, 1)
(20, 19, 1)
(23, 9, 1)
(23, 26, 1)
(24, 7, 1)
(24, 22, 1)
(33, 19, 1)
(35, 7, 1)
(35, 8, 1)
(36, 6, 1)
(38, 2, 1)
(39, 1, 1)
(39, 2, 1)
(39, 3, 1)
xi_2:
(5, 35, 1)
(7, 32, 1)
(8, 18, 1)
(9, 6, 1)
(9, 12, 1)
(10, 31, 1)
(13, 27, 1)
(14, 5, 1)
(14, 25, 1)
(16, 1, 1)
(17, 34, 1)
(18, 34, 1)
(19, 28, 1)
(20, 22, 1)
(23, 33, 1)
(24, 26, 1)
(36, 8, 1)
