x-grades
-49300485277108683/8000000000000000
-24134600211924743/4000000000000000
-47237915570590289/8000000000000000
-11551657679332773/2000000000000000
-9035069172814379/1600000000000000
-22072030505406349/4000000000000000
-43112776157553501/8000000000000000
-1315046603259197/250000000000000
-41050206451035107/8000000000000000
-4001892159777591/800000000000000
-38987636744516713/8000000000000000
-9489087972814379/2000000000000000
-36925067037998319/8000000000000000
-17946891092369561/4000000000000000
-1394499893259197/320000000000000
-4228901559777591/1000000000000000
-32799927624961531/8000000000000000
-15884321385851167/4000000000000000
-30737357918443137/8000000000000000
-1485303653259197/400000000000000
-28674788211924743/8000000000000000
-13821751679332773/4000000000000000
-26612218505406349/8000000000000000
-1598808353259197/500000000000000
-4909929759777591/1600000000000000
-11759181972814379/4000000000000000
-22487079092369561/8000000000000000
-5363948559777591/2000000000000000
-20424509385851167/8000000000000000
-1939322453259197/800000000000000
-18361939679332773/8000000000000000
-2166331853259197/1000000000000000
-16299369972814379/8000000000000000
-7634042559777591/4000000000000000
-2847360053259197/1600000000000000
-3301378853259197/2000000000000000
-12174230559777591/8000000000000000
-5571472853259197/4000000000000000
-10111660853259197/8000000000000000
-1135047/1000000

y-grades
624999/250000
624999/125000
1874997/250000
624999/62500
624999/50000
1874997/125000
4374993/250000
624999/31250
5624991/250000
624999/25000
6874989/250000
1874997/62500
8124987/250000
4374993/125000
1874997/50000
624999/15625
10624983/250000
5624991/125000
11874981/250000
624999/12500
13124979/250000
6874989/125000
14374977/250000
1874997/31250
624999/10000
8124987/125000
16874973/250000
4374993/62500
18124971/250000
1874997/25000
19374969/250000
1249998/15625
20624967/250000
10624983/125000
4374993/50000
5624991/62500
23124963/250000
11874981/125000
24374961/250000
624999/6250

Dimensions > 0:
(0, 0, 20)
(0, 1, 2)
(0, 2, 2)
(0, 3, 2)
(0, 4, 2)
(0, 5, 2)
(0, 6, 2)
(0, 7, 2)
(0, 8, 1)
(0, 9, 1)
(0, 10, 1)
(0, 11, 1)
(0, 12, 1)
(0, 13, 1)
(0, 14, 1)
(0, 15, 1)
(0, 16, 1)
(0, 17, 1)
(0, 18, 1)
(0, 19, 1)
(0, 20, 1)
(0, 21, 1)
(0, 22, 1)
(0, 23, 1)
(0, 24, 1)
(0, 25, 1)
(0, 26, 1)
(0, 27, 1)
(0, 28, 1)
(0, 29, 1)
(0, 30, 1)
(0, 31, 1)
(0, 32, 1)
(0, 33, 1)
(0, 34, 1)
(0, 35, 1)
(0, 36, 1)
(0, 37, 1)
(0, 38, 1)
(0, 39, 1)

(1, 0, 27)
(1, 1, 3)
(1, 2, 2)
(1, 3, 2)
(1, 4, 2)
(1, 5, 2)
(1, 6, 2)
(1, 7, 2)
(1, 8, 1)
(1, 9, 1)
(1, 10, 1)
(1, 11, 1)
(1, 12, 1)
(1, 13, 1)
(1, 14, 1)
(1, 15, 1)
(1, 16, 1)
(1, 17, 1)
(1, 18, 1)
(1, 19, 1)
(1, 20, 1)
(1, 21, 1)
(1, 22, 1)
(1, 23, 1)
(1, 24, 1)
(1, 25, 1)
(1, 26, 1)
(1, 27, 1)
(1, 28, 1)
(1, 29, 1)
(1, 30, 1)
(1, 31, 1)
(1, 32, 1)
(1, 33, 1)
(1, 34, 1)
(1, 35, 1)
(1, 36, 1)
(1, 37, 1)
(1, 38, 1)
(1, 39, 1)

(2, 0, 27)
(2, 1, 3)
(2, 2, 2)
(2, 3, 2)
(2, 4, 2)
(2, 5, 2)
(2, 6, 2)
(2, 7, 2)
(2, 8, 1)
(2, 9, 1)
(2, 10, 1)
(2, 11, 1)
(2, 12, 1)
(2, 13, 1)
(2, 14, 1)
(2, 15, 1)
(2, 16, 1)
(2, 17, 1)
(2, 18, 1)
(2, 19, 1)
(2, 20, 1)
(2, 21, 1)
(2, 22, 1)
(2, 23, 1)
(2, 24, 1)
(2, 25, 1)
(2, 26, 1)
(2, 27, 1)
(2, 28, 1)
(2, 29, 1)
(2, 30, 1)
(2, 31, 1)
(2, 32, 1)
(2, 33, 1)
(2, 34, 1)
(2, 35, 1)
(2, 36, 1)
(2, 37, 1)
(2, 38, 1)
(2, 39, 1)

(3, 0, 27)
(3, 1, 3)
(3, 2, 2)
(3, 3, 2)
(3, 4, 2)
(3, 5, 2)
(3, 6, 2)
(3, 7, 2)
(3, 8, 1)
(3, 9, 1)
(3, 10, 1)
(3, 11, 1)
(3, 12, 1)
(3, 13, 1)
(3, 14, 1)
(3, 15, 1)
(3, 16, 1)
(3, 17, 1)
(3, 18, 1)
(3, 19, 1)
(3, 20, 1)
(3, 21, 1)
(3, 22, 1)
(3, 23, 1)
(3, 24, 1)
(3, 25, 1)
(3, 26, 1)
(3, 27, 1)
(3, 28, 1)
(3, 29, 1)
(3, 30, 1)
(3, 31, 1)
(3, 32, 1)
(3, 33, 1)
(3, 34, 1)
(3, 35, 1)
(3, 36, 1)
(3, 37, 1)
(3, 38, 1)
(3, 39, 1)

(4, 0, 28)
(4, 1, 4)
(4, 2, 3)
(4, 3, 3)
(4, 4, 2)
(4, 5, 2)
(4, 6, 2)
(4, 7, 2)
(4, 8, 1)
(4, 9, 1)
(4, 10, 1)
(4, 11, 1)
(4, 12, 1)
(4, 13, 1)
(4, 14, 1)
(4, 15, 1)
(4, 16, 1)
(4, 17, 1)
(4, 18, 1)
(4, 19, 1)
(4, 20, 1)
(4, 21, 1)
(4, 22, 1)
(4, 23, 1)
(4, 24, 1)
(4, 25, 1)
(4, 26, 1)
(4, 27, 1)
(4, 28, 1)
(4, 29, 1)
(4, 30, 1)
(4, 31, 1)
(4, 32, 1)
(4, 33, 1)
(4, 34, 1)
(4, 35, 1)
(4, 36, 1)
(4, 37, 1)
(4, 38, 1)
(4, 39, 1)

(5, 0, 31)
(5, 1, 6)
(5, 2, 5)
(5, 3, 5)
(5, 4, 4)
(5, 5, 4)
(5, 6, 4)
(5, 7, 4)
(5, 8, 3)
(5, 9, 3)
(5, 10, 3)
(5, 11, 3)
(5, 12, 3)
(5, 13, 3)
(5, 14, 3)
(5, 15, 3)
(5, 16, 3)
(5, 17, 3)
(5, 18, 3)
(5, 19, 3)
(5, 20, 3)
(5, 21, 3)
(5, 22, 3)
(5, 23, 3)
(5, 24, 3)
(5, 25, 3)
(5, 26, 3)
(5, 27, 3)
(5, 28, 3)
(5, 29, 3)
(5, 30, 3)
(5, 31, 3)
(5, 32, 3)
(5, 33, 3)
(5, 34, 3)
(5, 35, 3)
(5, 36, 3)
(5, 37, 3)
(5, 38, 3)
(5, 39, 3)

(6, 0, 39)
(6, 1, 8)
(6, 2, 7)
(6, 3, 7)
(6, 4, 6)
(6, 5, 6)
(6, 6, 6)
(6, 7, 6)
(6, 8, 4)
(6, 9, 4)
(6, 10, 4)
(6, 11, 4)
(6, 12, 4)
(6, 13, 4)
(6, 14, 4)
(6, 15, 4)
(6, 16, 4)
(6, 17, 4)
(6, 18, 4)
(6, 19, 4)
(6, 20, 4)
(6, 21, 4)
(6, 22, 4)
(6, 23, 4)
(6, 24, 3)
(6, 25, 3)
(6, 26, 3)
(6, 27, 3)
(6, 28, 3)
(6, 29, 3)
(6, 30, 3)
(6, 31, 3)
(6, 32, 3)
(6, 33, 3)
(6, 34, 3)
(6, 35, 3)
(6, 36, 3)
(6, 37, 3)
(6, 38, 3)
(6, 39, 3)

(7, 0, 51)
(7, 1, 11)
(7, 2, 7)
(7, 3, 7)
(7, 4, 6)
(7, 5, 6)
(7, 6, 6)
(7, 7, 6)
(7, 8, 4)
(7, 9, 4)
(7, 10, 4)
(7, 11, 4)
(7, 12, 4)
(7, 13, 4)
(7, 14, 4)
(7, 15, 4)
(7, 16, 4)
(7, 17, 4)
(7, 18, 4)
(7, 19, 4)
(7, 20, 4)
(7, 21, 4)
(7, 22, 4)
(7, 23, 4)
(7, 24, 3)
(7, 25, 3)
(7, 26, 3)
(7, 27, 3)
(7, 28, 3)
(7, 29, 3)
(7, 30, 3)
(7, 31, 3)
(7, 32, 3)
(7, 33, 3)
(7, 34, 3)
(7, 35, 3)
(7, 36, 3)
(7, 37, 3)
(7, 38, 3)
(7, 39, 3)

(8, 0, 65)
(8, 1, 14)
(8, 2, 10)
(8, 3, 10)
(8, 4, 9)
(8, 5, 9)
(8, 6, 9)
(8, 7, 9)
(8, 8, 6)
(8, 9, 6)
(8, 10, 6)
(8, 11, 6)
(8, 12, 6)
(8, 13, 6)
(8, 14, 6)
(8, 15, 6)
(8, 16, 6)
(8, 17, 6)
(8, 18, 6)
(8, 19, 6)
(8, 20, 6)
(8, 21, 6)
(8, 22, 6)
(8, 23, 6)
(8, 24, 5)
(8, 25, 5)
(8, 26, 5)
(8, 27, 5)
(8, 28, 5)
(8, 29, 5)
(8, 30, 5)
(8, 31, 5)
(8, 32, 5)
(8, 33, 5)
(8, 34, 5)
(8, 35, 5)
(8, 36, 5)
(8, 37, 5)
(8, 38, 5)
(8, 39, 5)

(9, 0, 75)
(9, 1, 16)
(9, 2, 11)
(9, 3, 11)
(9, 4, 10)
(9, 5, 10)
(9, 6, 10)
(9, 7, 10)
(9, 8, 7)
(9, 9, 7)
(9, 10, 7)
(9, 11, 7)
(9, 12, 7)
(9, 13, 7)
(9, 14, 7)
(9, 15, 7)
(9, 16, 7)
(9, 17, 7)
(9, 18, 7)
(9, 19, 7)
(9, 20, 7)
(9, 21, 7)
(9, 22, 7)
(9, 23, 7)
(9, 24, 5)
(9, 25, 5)
(9, 26, 5)
(9, 27, 5)
(9, 28, 5)
(9, 29, 5)
(9, 30, 5)
(9, 31, 5)
(9, 32, 5)
(9, 33, 5)
(9, 34, 5)
(9, 35, 5)
(9, 36, 4)
(9, 37, 4)
(9, 38, 3)
(9, 39, 3)

(10, 0, 84)
(10, 1, 18)
(10, 2, 12)
(10, 3, 12)
(10, 4, 11)
(10, 5, 10)
(10, 6, 10)
(10, 7, 10)
(10, 8, 7)
(10, 9, 7)
(10, 10, 7)
(10, 11, 7)
(10, 12, 7)
(10, 13, 7)
(10, 14, 7)
(10, 15, 7)
(10, 16, 7)
(10, 17, 7)
(10, 18, 7)
(10, 19, 7)
(10, 20, 7)
(10, 21, 7)
(10, 22, 7)
(10, 23, 7)
(10, 24, 5)
(10, 25, 5)
(10, 26, 5)
(10, 27, 5)
(10, 28, 5)
(10, 29, 5)
(10, 30, 5)
(10, 31, 5)
(10, 32, 5)
(10, 33, 5)
(10, 34, 5)
(10, 35, 5)
(10, 36, 3)
(10, 37, 3)
(10, 38, 3)
(10, 39, 3)

(11, 0, 87)
(11, 1, 18)
(11, 2, 12)
(11, 3, 12)
(11, 4, 11)
(11, 5, 10)
(11, 6, 10)
(11, 7, 10)
(11, 8, 7)
(11, 9, 7)
(11, 10, 7)
(11, 11, 7)
(11, 12, 7)
(11, 13, 7)
(11, 14, 7)
(11, 15, 7)
(11, 16, 7)
(11, 17, 7)
(11, 18, 7)
(11, 19, 7)
(11, 20, 7)
(11, 21, 7)
(11, 22, 7)
(11, 23, 7)
(11, 24, 5)
(11, 25, 5)
(11, 26, 5)
(11, 27, 5)
(11, 28, 5)
(11, 29, 5)
(11, 30, 5)
(11, 31, 5)
(11, 32, 5)
(11, 33, 5)
(11, 34, 5)
(11, 35, 5)
(11, 36, 3)
(11, 37, 3)
(11, 38, 3)
(11, 39, 3)

(12, 0, 90)
(12, 1, 18)
(12, 2, 12)
(12, 3, 12)
(12, 4, 11)
(12, 5, 10)
(12, 6, 10)
(12, 7, 10)
(12, 8, 7)
(12, 9, 7)
(12, 10, 7)
(12, 11, 7)
(12, 12, 7)
(12, 13, 7)
(12, 14, 7)
(12, 15, 7)
(12, 16, 7)
(12, 17, 7)
(12, 18, 7)
(12, 19, 7)
(12, 20, 7)
(12, 21, 7)
(12, 22, 7)
(12, 23, 7)
(12, 24, 5)
(12, 25, 5)
(12, 26, 5)
(12, 27, 5)
(12, 28, 5)
(12, 29, 5)
(12, 30, 5)
(12, 31, 5)
(12, 32, 5)
(12, 33, 5)
(12, 34, 5)
(12, 35, 5)
(12, 36, 3)
(12, 37, 3)
(12, 38, 3)
(12, 39, 3)

(13, 0, 92)
(13, 1, 20)
(13, 2, 14)
(13, 3, 14)
(13, 4, 13)
(13, 5, 12)
(13, 6, 12)
(13, 7, 12)
(13, 8, 9)
(13, 9, 9)
(13, 10, 9)
(13, 11, 8)
(13, 12, 8)
(13, 13, 8)
(13, 14, 8)
(13, 15, 8)
(13, 16, 8)
(13, 17, 8)
(13, 18, 8)
(13, 19, 8)
(13, 20, 8)
(13, 21, 8)
(13, 22, 8)
(13, 23, 8)
(13, 24, 6)
(13, 25, 6)
(13, 26, 6)
(13, 27, 6)
(13, 28, 6)
(13, 29, 6)
(13, 30, 6)
(13, 31, 6)
(13, 32, 6)
(13, 33, 6)
(13, 34, 6)
(13, 35, 6)
(13, 36, 4)
(13, 37, 4)
(13, 38, 4)
(13, 39, 4)

(14, 0, 92)
(14, 1, 20)
(14, 2, 14)
(14, 3, 14)
(14, 4, 13)
(14, 5, 12)
(14, 6, 12)
(14, 7, 12)
(14, 8, 9)
(14, 9, 9)
(14, 10, 9)
(14, 11, 8)
(14, 12, 8)
(14, 13, 8)
(14, 14, 8)
(14, 15, 8)
(14, 16, 8)
(14, 17, 8)
(14, 18, 8)
(14, 19, 8)
(14, 20, 8)
(14, 21, 8)
(14, 22, 8)
(14, 23, 8)
(14, 24, 6)
(14, 25, 6)
(14, 26, 6)
(14, 27, 6)
(14, 28, 6)
(14, 29, 6)
(14, 30, 6)
(14, 31, 6)
(14, 32, 6)
(14, 33, 6)
(14, 34, 6)
(14, 35, 6)
(14, 36, 4)
(14, 37, 4)
(14, 38, 4)
(14, 39, 4)

(15, 0, 93)
(15, 1, 21)
(15, 2, 15)
(15, 3, 15)
(15, 4, 14)
(15, 5, 13)
(15, 6, 13)
(15, 7, 13)
(15, 8, 10)
(15, 9, 10)
(15, 10, 10)
(15, 11, 9)
(15, 12, 9)
(15, 13, 9)
(15, 14, 9)
(15, 15, 9)
(15, 16, 9)
(15, 17, 9)
(15, 18, 9)
(15, 19, 9)
(15, 20, 9)
(15, 21, 9)
(15, 22, 9)
(15, 23, 9)
(15, 24, 7)
(15, 25, 7)
(15, 26, 7)
(15, 27, 7)
(15, 28, 7)
(15, 29, 7)
(15, 30, 7)
(15, 31, 7)
(15, 32, 7)
(15, 33, 7)
(15, 34, 7)
(15, 35, 7)
(15, 36, 5)
(15, 37, 5)
(15, 38, 5)
(15, 39, 5)

(16, 0, 95)
(16, 1, 23)
(16, 2, 17)
(16, 3, 17)
(16, 4, 16)
(16, 5, 14)
(16, 6, 14)
(16, 7, 14)
(16, 8, 10)
(16, 9, 10)
(16, 10, 10)
(16, 11, 9)
(16, 12, 9)
(16, 13, 9)
(16, 14, 9)
(16, 15, 9)
(16, 16, 9)
(16, 17, 9)
(16, 18, 9)
(16, 19, 9)
(16, 20, 9)
(16, 21, 9)
(16, 22, 9)
(16, 23, 9)
(16, 24, 7)
(16, 25, 7)
(16, 26, 7)
(16, 27, 7)
(16, 28, 7)
(16, 29, 7)
(16, 30, 7)
(16, 31, 7)
(16, 32, 7)
(16, 33, 7)
(16, 34, 7)
(16, 35, 7)
(16, 36, 4)
(16, 37, 4)
(16, 38, 4)
(16, 39, 4)

(17, 0, 95)
(17, 1, 23)
(17, 2, 17)
(17, 3, 17)
(17, 4, 16)
(17, 5, 14)
(17, 6, 14)
(17, 7, 14)
(17, 8, 10)
(17, 9, 10)
(17, 10, 10)
(17, 11, 9)
(17, 12, 9)
(17, 13, 9)
(17, 14, 9)
(17, 15, 9)
(17, 16, 9)
(17, 17, 9)
(17, 18, 9)
(17, 19, 9)
(17, 20, 9)
(17, 21, 9)
(17, 22, 9)
(17, 23, 9)
(17, 24, 7)
(17, 25, 7)
(17, 26, 7)
(17, 27, 7)
(17, 28, 7)
(17, 29, 7)
(17, 30, 7)
(17, 31, 7)
(17, 32, 7)
(17, 33, 7)
(17, 34, 7)
(17, 35, 7)
(17, 36, 4)
(17, 37, 4)
(17, 38, 4)
(17, 39, 4)

(18, 0, 95)
(18, 1, 23)
(18, 2, 17)
(18, 3, 17)
(18, 4, 16)
(18, 5, 14)
(18, 6, 14)
(18, 7, 14)
(18, 8, 10)
(18, 9, 10)
(18, 10, 10)
(18, 11, 9)
(18, 12, 9)
(18, 13, 9)
(18, 14, 9)
(18, 15, 9)
(18, 16, 9)
(18, 17, 9)
(18, 18, 9)
(18, 19, 9)
(18, 20, 9)
(18, 21, 9)
(18, 22, 9)
(18, 23, 9)
(18, 24, 7)
(18, 25, 7)
(18, 26, 7)
(18, 27, 7)
(18, 28, 7)
(18, 29, 7)
(18, 30, 7)
(18, 31, 7)
(18, 32, 7)
(18, 33, 7)
(18, 34, 7)
(18, 35, 7)
(18, 36, 4)
(18, 37, 4)
(18, 38, 4)
(18, 39, 4)

(19, 0, 95)
(19, 1, 23)
(19, 2, 17)
(19, 3, 17)
(19, 4, 16)
(19, 5, 14)
(19, 6, 14)
(19, 7, 14)
(19, 8, 10)
(19, 9, 10)
(19, 10, 10)
(19, 11, 9)
(19, 12, 9)
(19, 13, 9)
(19, 14, 9)
(19, 15, 9)
(19, 16, 9)
(19, 17, 9)
(19, 18, 9)
(19, 19, 9)
(19, 20, 9)
(19, 21, 9)
(19, 22, 9)
(19, 23, 9)
(19, 24, 7)
(19, 25, 7)
(19, 26, 7)
(19, 27, 7)
(19, 28, 7)
(19, 29, 7)
(19, 30, 7)
(19, 31, 7)
(19, 32, 7)
(19, 33, 7)
(19, 34, 7)
(19, 35, 7)
(19, 36, 4)
(19, 37, 4)
(19, 38, 4)
(19, 39, 4)

(20, 0, 95)
(20, 1, 23)
(20, 2, 17)
(20, 3, 17)
(20, 4, 16)
(20, 5, 14)
(20, 6, 14)
(20, 7, 14)
(20, 8, 10)
(20, 9, 10)
(20, 10, 10)
(20, 11, 9)
(20, 12, 9)
(20, 13, 9)
(20, 14, 9)
(20, 15, 9)
(20, 16, 9)
(20, 17, 9)
(20, 18, 9)
(20, 19, 9)
(20, 20, 9)
(20, 21, 9)
(20, 22, 9)
(20, 23, 9)
(20, 24, 7)
(20, 25, 7)
(20, 26, 7)
(20, 27, 7)
(20, 28, 7)
(20, 29, 7)
(20, 30, 7)
(20, 31, 7)
(20, 32, 7)
(20, 33, 7)
(20, 34, 7)
(20, 35, 7)
(20, 36, 4)
(20, 37, 4)
(20, 38, 4)
(20, 39, 4)

(21, 0, 96)
(21, 1, 24)
(21, 2, 18)
(21, 3, 18)
(21, 4, 17)
(21, 5, 15)
(21, 6, 15)
(21, 7, 15)
(21, 8, 11)
(21, 9, 11)
(21, 10, 11)
(21, 11, 10)
(21, 12, 9)
(21, 13, 9)
(21, 14, 9)
(21, 15, 9)
(21, 16, 9)
(21, 17, 9)
(21, 18, 9)
(21, 19, 9)
(21, 20, 9)
(21, 21, 9)
(21, 22, 9)
(21, 23, 9)
(21, 24, 7)
(21, 25, 7)
(21, 26, 7)
(21, 27, 7)
(21, 28, 7)
(21, 29, 7)
(21, 30, 7)
(21, 31, 7)
(21, 32, 7)
(21, 33, 7)
(21, 34, 7)
(21, 35, 7)
(21, 36, 4)
(21, 37, 4)
(21, 38, 4)
(21, 39, 4)

(22, 0, 96)
(22, 1, 24)
(22, 2, 18)
(22, 3, 18)
(22, 4, 17)
(22, 5, 15)
(22, 6, 15)
(22, 7, 15)
(22, 8, 11)
(22, 9, 11)
(22, 10, 11)
(22, 11, 10)
(22, 12, 9)
(22, 13, 9)
(22, 14, 9)
(22, 15, 9)
(22, 16, 9)
(22, 17, 9)
(22, 18, 9)
(22, 19, 9)
(22, 20, 9)
(22, 21, 9)
(22, 22, 9)
(22, 23, 9)
(22, 24, 7)
(22, 25, 7)
(22, 26, 7)
(22, 27, 7)
(22, 28, 7)
(22, 29, 7)
(22, 30, 7)
(22, 31, 7)
(22, 32, 7)
(22, 33, 7)
(22, 34, 7)
(22, 35, 7)
(22, 36, 4)
(22, 37, 4)
(22, 38, 4)
(22, 39, 4)

(23, 0, 98)
(23, 1, 25)
(23, 2, 19)
(23, 3, 19)
(23, 4, 18)
(23, 5, 16)
(23, 6, 16)
(23, 7, 16)
(23, 8, 12)
(23, 9, 12)
(23, 10, 12)
(23, 11, 11)
(23, 12, 10)
(23, 13, 10)
(23, 14, 10)
(23, 15, 10)
(23, 16, 10)
(23, 17, 10)
(23, 18, 10)
(23, 19, 10)
(23, 20, 10)
(23, 21, 10)
(23, 22, 10)
(23, 23, 10)
(23, 24, 8)
(23, 25, 8)
(23, 26, 8)
(23, 27, 8)
(23, 28, 8)
(23, 29, 8)
(23, 30, 8)
(23, 31, 8)
(23, 32, 8)
(23, 33, 8)
(23, 34, 8)
(23, 35, 8)
(23, 36, 5)
(23, 37, 5)
(23, 38, 5)
(23, 39, 5)

(24, 0, 105)
(24, 1, 27)
(24, 2, 20)
(24, 3, 20)
(24, 4, 19)
(24, 5, 16)
(24, 6, 16)
(24, 7, 16)
(24, 8, 12)
(24, 9, 12)
(24, 10, 12)
(24, 11, 11)
(24, 12, 10)
(24, 13, 10)
(24, 14, 10)
(24, 15, 10)
(24, 16, 10)
(24, 17, 10)
(24, 18, 10)
(24, 19, 10)
(24, 20, 10)
(24, 21, 10)
(24, 22, 10)
(24, 23, 10)
(24, 24, 8)
(24, 25, 8)
(24, 26, 8)
(24, 27, 8)
(24, 28, 8)
(24, 29, 8)
(24, 30, 8)
(24, 31, 8)
(24, 32, 8)
(24, 33, 8)
(24, 34, 8)
(24, 35, 8)
(24, 36, 5)
(24, 37, 5)
(24, 38, 5)
(24, 39, 5)

(25, 0, 111)
(25, 1, 28)
(25, 2, 21)
(25, 3, 21)
(25, 4, 20)
(25, 5, 17)
(25, 6, 17)
(25, 7, 17)
(25, 8, 13)
(25, 9, 13)
(25, 10, 13)
(25, 11, 12)
(25, 12, 11)
(25, 13, 11)
(25, 14, 11)
(25, 15, 11)
(25, 16, 11)
(25, 17, 11)
(25, 18, 11)
(25, 19, 11)
(25, 20, 11)
(25, 21, 11)
(25, 22, 11)
(25, 23, 11)
(25, 24, 9)
(25, 25, 9)
(25, 26, 9)
(25, 27, 9)
(25, 28, 9)
(25, 29, 9)
(25, 30, 9)
(25, 31, 9)
(25, 32, 8)
(25, 33, 8)
(25, 34, 8)
(25, 35, 8)
(25, 36, 5)
(25, 37, 5)
(25, 38, 5)
(25, 39, 4)

(26, 0, 116)
(26, 1, 28)
(26, 2, 21)
(26, 3, 21)
(26, 4, 20)
(26, 5, 17)
(26, 6, 17)
(26, 7, 17)
(26, 8, 13)
(26, 9, 13)
(26, 10, 13)
(26, 11, 12)
(26, 12, 11)
(26, 13, 11)
(26, 14, 11)
(26, 15, 11)
(26, 16, 11)
(26, 17, 11)
(26, 18, 11)
(26, 19, 11)
(26, 20, 11)
(26, 21, 11)
(26, 22, 11)
(26, 23, 11)
(26, 24, 9)
(26, 25, 9)
(26, 26, 9)
(26, 27, 9)
(26, 28, 9)
(26, 29, 9)
(26, 30, 9)
(26, 31, 9)
(26, 32, 8)
(26, 33, 8)
(26, 34, 8)
(26, 35, 8)
(26, 36, 5)
(26, 37, 4)
(26, 38, 4)
(26, 39, 4)

(27, 0, 121)
(27, 1, 29)
(27, 2, 22)
(27, 3, 22)
(27, 4, 21)
(27, 5, 18)
(27, 6, 18)
(27, 7, 18)
(27, 8, 14)
(27, 9, 14)
(27, 10, 14)
(27, 11, 13)
(27, 12, 12)
(27, 13, 12)
(27, 14, 12)
(27, 15, 12)
(27, 16, 12)
(27, 17, 12)
(27, 18, 12)
(27, 19, 12)
(27, 20, 12)
(27, 21, 12)
(27, 22, 12)
(27, 23, 12)
(27, 24, 10)
(27, 25, 10)
(27, 26, 10)
(27, 27, 10)
(27, 28, 10)
(27, 29, 10)
(27, 30, 10)
(27, 31, 10)
(27, 32, 9)
(27, 33, 9)
(27, 34, 9)
(27, 35, 8)
(27, 36, 5)
(27, 37, 5)
(27, 38, 5)
(27, 39, 5)

(28, 0, 128)
(28, 1, 30)
(28, 2, 22)
(28, 3, 22)
(28, 4, 21)
(28, 5, 18)
(28, 6, 18)
(28, 7, 18)
(28, 8, 14)
(28, 9, 14)
(28, 10, 14)
(28, 11, 13)
(28, 12, 12)
(28, 13, 12)
(28, 14, 12)
(28, 15, 12)
(28, 16, 12)
(28, 17, 12)
(28, 18, 12)
(28, 19, 12)
(28, 20, 12)
(28, 21, 12)
(28, 22, 12)
(28, 23, 12)
(28, 24, 10)
(28, 25, 10)
(28, 26, 10)
(28, 27, 10)
(28, 28, 10)
(28, 29, 10)
(28, 30, 10)
(28, 31, 10)
(28, 32, 9)
(28, 33, 8)
(28, 34, 8)
(28, 35, 7)
(28, 36, 5)
(28, 37, 5)
(28, 38, 5)
(28, 39, 5)

(29, 0, 132)
(29, 1, 30)
(29, 2, 22)
(29, 3, 22)
(29, 4, 21)
(29, 5, 18)
(29, 6, 18)
(29, 7, 18)
(29, 8, 14)
(29, 9, 14)
(29, 10, 14)
(29, 11, 13)
(29, 12, 12)
(29, 13, 12)
(29, 14, 12)
(29, 15, 12)
(29, 16, 12)
(29, 17, 12)
(29, 18, 12)
(29, 19, 12)
(29, 20, 12)
(29, 21, 12)
(29, 22, 12)
(29, 23, 12)
(29, 24, 10)
(29, 25, 10)
(29, 26, 10)
(29, 27, 10)
(29, 28, 10)
(29, 29, 10)
(29, 30, 10)
(29, 31, 10)
(29, 32, 9)
(29, 33, 8)
(29, 34, 8)
(29, 35, 7)
(29, 36, 5)
(29, 37, 5)
(29, 38, 5)
(29, 39, 5)

(30, 0, 137)
(30, 1, 30)
(30, 2, 22)
(30, 3, 22)
(30, 4, 21)
(30, 5, 18)
(30, 6, 18)
(30, 7, 18)
(30, 8, 14)
(30, 9, 14)
(30, 10, 14)
(30, 11, 13)
(30, 12, 12)
(30, 13, 12)
(30, 14, 12)
(30, 15, 12)
(30, 16, 12)
(30, 17, 12)
(30, 18, 12)
(30, 19, 12)
(30, 20, 12)
(30, 21, 12)
(30, 22, 12)
(30, 23, 12)
(30, 24, 10)
(30, 25, 10)
(30, 26, 10)
(30, 27, 10)
(30, 28, 10)
(30, 29, 10)
(30, 30, 10)
(30, 31, 10)
(30, 32, 9)
(30, 33, 8)
(30, 34, 8)
(30, 35, 7)
(30, 36, 5)
(30, 37, 5)
(30, 38, 5)
(30, 39, 4)

(31, 0, 142)
(31, 1, 31)
(31, 2, 23)
(31, 3, 23)
(31, 4, 22)
(31, 5, 19)
(31, 6, 19)
(31, 7, 19)
(31, 8, 15)
(31, 9, 15)
(31, 10, 15)
(31, 11, 14)
(31, 12, 13)
(31, 13, 12)
(31, 14, 12)
(31, 15, 12)
(31, 16, 12)
(31, 17, 12)
(31, 18, 12)
(31, 19, 12)
(31, 20, 12)
(31, 21, 12)
(31, 22, 12)
(31, 23, 12)
(31, 24, 10)
(31, 25, 10)
(31, 26, 10)
(31, 27, 9)
(31, 28, 9)
(31, 29, 8)
(31, 30, 8)
(31, 31, 8)
(31, 32, 7)
(31, 33, 7)
(31, 34, 7)
(31, 35, 7)
(31, 36, 5)
(31, 37, 5)
(31, 38, 4)
(31, 39, 4)

(32, 0, 146)
(32, 1, 32)
(32, 2, 23)
(32, 3, 23)
(32, 4, 22)
(32, 5, 19)
(32, 6, 19)
(32, 7, 19)
(32, 8, 15)
(32, 9, 15)
(32, 10, 15)
(32, 11, 14)
(32, 12, 13)
(32, 13, 12)
(32, 14, 12)
(32, 15, 12)
(32, 16, 12)
(32, 17, 12)
(32, 18, 12)
(32, 19, 12)
(32, 20, 12)
(32, 21, 12)
(32, 22, 12)
(32, 23, 12)
(32, 24, 10)
(32, 25, 10)
(32, 26, 9)
(32, 27, 9)
(32, 28, 8)
(32, 29, 8)
(32, 30, 8)
(32, 31, 8)
(32, 32, 7)
(32, 33, 7)
(32, 34, 7)
(32, 35, 7)
(32, 36, 4)
(32, 37, 4)
(32, 38, 4)
(32, 39, 4)

(33, 0, 149)
(33, 1, 32)
(33, 2, 23)
(33, 3, 23)
(33, 4, 22)
(33, 5, 19)
(33, 6, 19)
(33, 7, 19)
(33, 8, 15)
(33, 9, 15)
(33, 10, 15)
(33, 11, 14)
(33, 12, 13)
(33, 13, 12)
(33, 14, 12)
(33, 15, 12)
(33, 16, 12)
(33, 17, 12)
(33, 18, 12)
(33, 19, 12)
(33, 20, 12)
(33, 21, 12)
(33, 22, 12)
(33, 23, 12)
(33, 24, 10)
(33, 25, 10)
(33, 26, 9)
(33, 27, 9)
(33, 28, 8)
(33, 29, 8)
(33, 30, 8)
(33, 31, 8)
(33, 32, 7)
(33, 33, 7)
(33, 34, 7)
(33, 35, 7)
(33, 36, 4)
(33, 37, 4)
(33, 38, 4)
(33, 39, 4)

(34, 0, 152)
(34, 1, 32)
(34, 2, 23)
(34, 3, 23)
(34, 4, 22)
(34, 5, 19)
(34, 6, 19)
(34, 7, 19)
(34, 8, 15)
(34, 9, 15)
(34, 10, 15)
(34, 11, 14)
(34, 12, 13)
(34, 13, 12)
(34, 14, 12)
(34, 15, 12)
(34, 16, 12)
(34, 17, 12)
(34, 18, 12)
(34, 19, 12)
(34, 20, 12)
(34, 21, 12)
(34, 22, 12)
(34, 23, 12)
(34, 24, 10)
(34, 25, 10)
(34, 26, 9)
(34, 27, 9)
(34, 28, 8)
(34, 29, 8)
(34, 30, 8)
(34, 31, 8)
(34, 32, 7)
(34, 33, 7)
(34, 34, 6)
(34, 35, 6)
(34, 36, 4)
(34, 37, 4)
(34, 38, 4)
(34, 39, 4)

(35, 0, 152)
(35, 1, 32)
(35, 2, 23)
(35, 3, 23)
(35, 4, 22)
(35, 5, 19)
(35, 6, 19)
(35, 7, 19)
(35, 8, 15)
(35, 9, 15)
(35, 10, 15)
(35, 11, 14)
(35, 12, 13)
(35, 13, 12)
(35, 14, 12)
(35, 15, 12)
(35, 16, 12)
(35, 17, 12)
(35, 18, 12)
(35, 19, 12)
(35, 20, 12)
(35, 21, 12)
(35, 22, 12)
(35, 23, 12)
(35, 24, 10)
(35, 25, 10)
(35, 26, 9)
(35, 27, 9)
(35, 28, 8)
(35, 29, 8)
(35, 30, 8)
(35, 31, 8)
(35, 32, 7)
(35, 33, 7)
(35, 34, 6)
(35, 35, 6)
(35, 36, 4)
(35, 37, 4)
(35, 38, 4)
(35, 39, 4)

(36, 0, 152)
(36, 1, 32)
(36, 2, 23)
(36, 3, 23)
(36, 4, 22)
(36, 5, 19)
(36, 6, 19)
(36, 7, 19)
(36, 8, 15)
(36, 9, 15)
(36, 10, 15)
(36, 11, 14)
(36, 12, 13)
(36, 13, 12)
(36, 14, 12)
(36, 15, 12)
(36, 16, 12)
(36, 17, 12)
(36, 18, 12)
(36, 19, 12)
(36, 20, 12)
(36, 21, 12)
(36, 22, 12)
(36, 23, 12)
(36, 24, 10)
(36, 25, 10)
(36, 26, 9)
(36, 27, 9)
(36, 28, 8)
(36, 29, 8)
(36, 30, 8)
(36, 31, 8)
(36, 32, 7)
(36, 33, 7)
(36, 34, 6)
(36, 35, 6)
(36, 36, 4)
(36, 37, 4)
(36, 38, 4)
(36, 39, 4)

(37, 0, 152)
(37, 1, 32)
(37, 2, 23)
(37, 3, 23)
(37, 4, 22)
(37, 5, 19)
(37, 6, 19)
(37, 7, 19)
(37, 8, 15)
(37, 9, 15)
(37, 10, 15)
(37, 11, 14)
(37, 12, 13)
(37, 13, 12)
(37, 14, 12)
(37, 15, 12)
(37, 16, 12)
(37, 17, 12)
(37, 18, 12)
(37, 19, 12)
(37, 20, 12)
(37, 21, 12)
(37, 22, 12)
(37, 23, 12)
(37, 24, 10)
(37, 25, 10)
(37, 26, 9)
(37, 27, 9)
(37, 28, 8)
(37, 29, 8)
(37, 30, 8)
(37, 31, 8)
(37, 32, 7)
(37, 33, 7)
(37, 34, 6)
(37, 35, 6)
(37, 36, 4)
(37, 37, 4)
(37, 38, 4)
(37, 39, 4)

(38, 0, 152)
(38, 1, 32)
(38, 2, 23)
(38, 3, 23)
(38, 4, 22)
(38, 5, 19)
(38, 6, 19)
(38, 7, 19)
(38, 8, 15)
(38, 9, 15)
(38, 10, 15)
(38, 11, 14)
(38, 12, 13)
(38, 13, 12)
(38, 14, 12)
(38, 15, 12)
(38, 16, 12)
(38, 17, 12)
(38, 18, 12)
(38, 19, 12)
(38, 20, 12)
(38, 21, 12)
(38, 22, 12)
(38, 23, 12)
(38, 24, 10)
(38, 25, 10)
(38, 26, 9)
(38, 27, 9)
(38, 28, 8)
(38, 29, 8)
(38, 30, 8)
(38, 31, 8)
(38, 32, 7)
(38, 33, 7)
(38, 34, 6)
(38, 35, 6)
(38, 36, 4)
(38, 37, 4)
(38, 38, 4)
(38, 39, 4)

(39, 0, 154)
(39, 1, 34)
(39, 2, 24)
(39, 3, 24)
(39, 4, 23)
(39, 5, 20)
(39, 6, 20)
(39, 7, 20)
(39, 8, 16)
(39, 9, 16)
(39, 10, 16)
(39, 11, 15)
(39, 12, 14)
(39, 13, 12)
(39, 14, 12)
(39, 15, 12)
(39, 16, 12)
(39, 17, 12)
(39, 18, 12)
(39, 19, 12)
(39, 20, 12)
(39, 21, 12)
(39, 22, 12)
(39, 23, 12)
(39, 24, 10)
(39, 25, 10)
(39, 26, 9)
(39, 27, 8)
(39, 28, 7)
(39, 29, 7)
(39, 30, 7)
(39, 31, 6)
(39, 32, 5)
(39, 33, 5)
(39, 34, 5)
(39, 35, 5)
(39, 36, 4)
(39, 37, 4)
(39, 38, 4)
(39, 39, 4)


Betti numbers:
xi_0:
(0, 0, 20)
(1, 0, 7)
(4, 0, 1)
(5, 0, 3)
(6, 0, 8)
(7, 0, 12)
(8, 0, 14)
(9, 0, 10)
(10, 0, 9)
(11, 0, 3)
(12, 0, 3)
(13, 0, 2)
(15, 0, 1)
(16, 0, 2)
(21, 0, 1)
(23, 0, 2)
(24, 0, 7)
(25, 0, 6)
(26, 0, 5)
(27, 0, 5)
(28, 0, 7)
(29, 0, 4)
(30, 0, 5)
(31, 0, 5)
(32, 0, 4)
(33, 0, 3)
(34, 0, 3)
(39, 0, 2)
xi_1:
(0, 1, 18)
(0, 8, 1)
(1, 1, 6)
(1, 2, 1)
(4, 4, 1)
(5, 1, 1)
(6, 1, 6)
(6, 8, 1)
(6, 24, 1)
(7, 1, 9)
(7, 2, 3)
(8, 1, 11)
(8, 8, 1)
(9, 1, 8)
(9, 2, 1)
(9, 24, 1)
(9, 36, 1)
(9, 38, 1)
(10, 1, 7)
(10, 2, 1)
(10, 5, 1)
(10, 36, 1)
(11, 1, 3)
(12, 1, 3)
(13, 11, 1)
(16, 5, 1)
(16, 8, 1)
(16, 36, 1)
(21, 12, 1)
(23, 1, 1)
(24, 1, 5)
(24, 2, 1)
(24, 5, 1)
(25, 1, 5)
(25, 32, 1)
(25, 39, 1)
(26, 1, 5)
(26, 37, 1)
(27, 1, 4)
(27, 35, 1)
(28, 1, 6)
(28, 2, 1)
(28, 33, 1)
(28, 35, 1)
(29, 1, 4)
(30, 1, 5)
(30, 39, 1)
(31, 1, 4)
(31, 13, 1)
(31, 27, 1)
(31, 29, 1)
(31, 38, 1)
(32, 1, 3)
(32, 2, 1)
(32, 26, 1)
(32, 28, 1)
(32, 36, 1)
(33, 1, 3)
(34, 1, 3)
(34, 34, 1)
(39, 2, 1)
(39, 13, 1)
(39, 27, 1)
(39, 31, 1)
xi_2:
(10, 38, 1)
(26, 39, 1)
(27, 37, 1)
(28, 35, 1)
(28, 36, 1)
(31, 33, 1)
(31, 35, 1)
(31, 39, 1)
(32, 27, 1)
(32, 29, 1)
(32, 38, 1)
(34, 36, 1)
(39, 34, 1)
(39, 36, 1)
