x-grades
-6332829046800101/80000000000000
-3110625827306889/40000000000000
-1221934852485491/16000000000000
-1499524217560283/20000000000000
-5886519478054809/80000000000000
-2887471042934243/40000000000000
-5663364693682163/80000000000000
-34698670634349/500000000000
-5440209909309517/80000000000000
-2664316258561597/40000000000000
-5217055124936871/80000000000000
-1276369433187637/20000000000000
-199756013622569/3200000000000
-2441161474188951/40000000000000
-4770745556191579/80000000000000
-582396020500657/10000000000000
-4547590771818933/80000000000000
-443601337963261/8000000000000
-4324435987446287/80000000000000
-1053214648814991/20000000000000
-4101281203073641/80000000000000
-1994851905443659/40000000000000
-775625283740199/16000000000000
-235409314157167/5000000000000
-3654971634328349/80000000000000
-1771697121071013/40000000000000
-3431816849955703/80000000000000
-166011972888469/4000000000000
-3208662065583057/80000000000000
-1548542336698367/40000000000000
-2985507281210411/80000000000000
-359241236128011/10000000000000
-552470499367553/16000000000000
-1325387552325721/40000000000000
-2539197712465119/80000000000000
-606905080069699/20000000000000
-2316042928092473/80000000000000
-44089310718123/1600000000000
-2092888143719827/80000000000000
-30957980492711/1250000000000

y-grades
9999271/4000000
9999271/2000000
29997813/4000000
9999271/1000000
9999271/800000
29997813/2000000
69994897/4000000
9999271/500000
89993439/4000000
9999271/400000
109991981/4000000
29997813/1000000
129990523/4000000
69994897/2000000
29997813/800000
9999271/250000
169987607/4000000
89993439/2000000
189986149/4000000
9999271/200000
209984691/4000000
109991981/2000000
229983233/4000000
29997813/500000
9999271/160000
129990523/2000000
269980317/4000000
69994897/1000000
289978859/4000000
29997813/400000
309977401/4000000
9999271/125000
329975943/4000000
169987607/2000000
69994897/800000
89993439/1000000
369973027/4000000
189986149/2000000
389971569/4000000
9999271/100000

Dimensions > 0:
(0, 0, 27)
(0, 1, 7)
(0, 2, 7)
(0, 3, 6)
(0, 4, 6)
(0, 5, 6)
(0, 6, 5)
(0, 7, 4)
(0, 8, 4)
(0, 9, 4)
(0, 10, 4)
(0, 11, 4)
(0, 12, 4)
(0, 13, 4)
(0, 14, 4)
(0, 15, 4)
(0, 16, 4)
(0, 17, 2)
(0, 18, 2)
(0, 19, 1)
(0, 20, 1)
(0, 21, 1)
(0, 22, 1)
(0, 23, 1)
(0, 24, 1)
(0, 25, 1)
(0, 26, 1)
(0, 27, 1)
(0, 28, 1)
(0, 29, 1)
(0, 30, 1)
(0, 31, 1)
(0, 32, 1)
(0, 33, 1)
(0, 34, 1)
(0, 35, 1)
(0, 36, 1)
(0, 37, 1)
(0, 38, 1)
(0, 39, 1)

(1, 0, 41)
(1, 1, 20)
(1, 2, 18)
(1, 3, 9)
(1, 4, 9)
(1, 5, 8)
(1, 6, 7)
(1, 7, 6)
(1, 8, 6)
(1, 9, 6)
(1, 10, 6)
(1, 11, 6)
(1, 12, 6)
(1, 13, 6)
(1, 14, 6)
(1, 15, 6)
(1, 16, 6)
(1, 17, 4)
(1, 18, 4)
(1, 19, 3)
(1, 20, 3)
(1, 21, 3)
(1, 22, 3)
(1, 23, 3)
(1, 24, 3)
(1, 25, 3)
(1, 26, 3)
(1, 27, 3)
(1, 28, 3)
(1, 29, 3)
(1, 30, 3)
(1, 31, 3)
(1, 32, 3)
(1, 33, 3)
(1, 34, 3)
(1, 35, 3)
(1, 36, 3)
(1, 37, 3)
(1, 38, 3)
(1, 39, 3)

(2, 0, 69)
(2, 1, 39)
(2, 2, 33)
(2, 3, 11)
(2, 4, 11)
(2, 5, 11)
(2, 6, 10)
(2, 7, 8)
(2, 8, 8)
(2, 9, 8)
(2, 10, 8)
(2, 11, 8)
(2, 12, 8)
(2, 13, 8)
(2, 14, 8)
(2, 15, 8)
(2, 16, 8)
(2, 17, 6)
(2, 18, 6)
(2, 19, 5)
(2, 20, 5)
(2, 21, 5)
(2, 22, 5)
(2, 23, 5)
(2, 24, 5)
(2, 25, 5)
(2, 26, 5)
(2, 27, 5)
(2, 28, 5)
(2, 29, 5)
(2, 30, 5)
(2, 31, 5)
(2, 32, 5)
(2, 33, 5)
(2, 34, 5)
(2, 35, 5)
(2, 36, 5)
(2, 37, 5)
(2, 38, 5)
(2, 39, 4)

(3, 0, 111)
(3, 1, 73)
(3, 2, 63)
(3, 3, 33)
(3, 4, 24)
(3, 5, 22)
(3, 6, 16)
(3, 7, 13)
(3, 8, 13)
(3, 9, 13)
(3, 10, 13)
(3, 11, 13)
(3, 12, 13)
(3, 13, 13)
(3, 14, 13)
(3, 15, 13)
(3, 16, 13)
(3, 17, 11)
(3, 18, 10)
(3, 19, 7)
(3, 20, 7)
(3, 21, 7)
(3, 22, 7)
(3, 23, 7)
(3, 24, 7)
(3, 25, 7)
(3, 26, 7)
(3, 27, 7)
(3, 28, 7)
(3, 29, 7)
(3, 30, 7)
(3, 31, 6)
(3, 32, 6)
(3, 33, 6)
(3, 34, 6)
(3, 35, 6)
(3, 36, 6)
(3, 37, 6)
(3, 38, 6)
(3, 39, 5)

(4, 0, 116)
(4, 1, 76)
(4, 2, 65)
(4, 3, 34)
(4, 4, 25)
(4, 5, 22)
(4, 6, 16)
(4, 7, 13)
(4, 8, 13)
(4, 9, 13)
(4, 10, 13)
(4, 11, 13)
(4, 12, 13)
(4, 13, 13)
(4, 14, 13)
(4, 15, 13)
(4, 16, 13)
(4, 17, 11)
(4, 18, 10)
(4, 19, 7)
(4, 20, 7)
(4, 21, 7)
(4, 22, 7)
(4, 23, 7)
(4, 24, 7)
(4, 25, 7)
(4, 26, 7)
(4, 27, 7)
(4, 28, 7)
(4, 29, 7)
(4, 30, 7)
(4, 31, 6)
(4, 32, 6)
(4, 33, 6)
(4, 34, 6)
(4, 35, 6)
(4, 36, 6)
(4, 37, 6)
(4, 38, 6)
(4, 39, 5)

(5, 0, 116)
(5, 1, 76)
(5, 2, 65)
(5, 3, 34)
(5, 4, 25)
(5, 5, 22)
(5, 6, 16)
(5, 7, 13)
(5, 8, 13)
(5, 9, 13)
(5, 10, 13)
(5, 11, 13)
(5, 12, 13)
(5, 13, 13)
(5, 14, 13)
(5, 15, 13)
(5, 16, 13)
(5, 17, 11)
(5, 18, 10)
(5, 19, 7)
(5, 20, 7)
(5, 21, 7)
(5, 22, 7)
(5, 23, 7)
(5, 24, 7)
(5, 25, 7)
(5, 26, 7)
(5, 27, 7)
(5, 28, 7)
(5, 29, 7)
(5, 30, 7)
(5, 31, 6)
(5, 32, 6)
(5, 33, 6)
(5, 34, 6)
(5, 35, 6)
(5, 36, 6)
(5, 37, 6)
(5, 38, 6)
(5, 39, 5)

(6, 0, 116)
(6, 1, 76)
(6, 2, 65)
(6, 3, 34)
(6, 4, 25)
(6, 5, 22)
(6, 6, 16)
(6, 7, 13)
(6, 8, 13)
(6, 9, 13)
(6, 10, 13)
(6, 11, 13)
(6, 12, 13)
(6, 13, 13)
(6, 14, 13)
(6, 15, 13)
(6, 16, 13)
(6, 17, 11)
(6, 18, 10)
(6, 19, 7)
(6, 20, 7)
(6, 21, 7)
(6, 22, 7)
(6, 23, 7)
(6, 24, 7)
(6, 25, 7)
(6, 26, 7)
(6, 27, 7)
(6, 28, 7)
(6, 29, 7)
(6, 30, 7)
(6, 31, 6)
(6, 32, 6)
(6, 33, 6)
(6, 34, 6)
(6, 35, 6)
(6, 36, 6)
(6, 37, 6)
(6, 38, 6)
(6, 39, 5)

(7, 0, 149)
(7, 1, 95)
(7, 2, 79)
(7, 3, 43)
(7, 4, 34)
(7, 5, 29)
(7, 6, 23)
(7, 7, 20)
(7, 8, 20)
(7, 9, 20)
(7, 10, 20)
(7, 11, 20)
(7, 12, 20)
(7, 13, 20)
(7, 14, 20)
(7, 15, 20)
(7, 16, 20)
(7, 17, 16)
(7, 18, 15)
(7, 19, 11)
(7, 20, 11)
(7, 21, 10)
(7, 22, 10)
(7, 23, 10)
(7, 24, 9)
(7, 25, 9)
(7, 26, 9)
(7, 27, 9)
(7, 28, 9)
(7, 29, 9)
(7, 30, 9)
(7, 31, 8)
(7, 32, 8)
(7, 33, 8)
(7, 34, 8)
(7, 35, 8)
(7, 36, 8)
(7, 37, 8)
(7, 38, 8)
(7, 39, 7)

(8, 0, 177)
(8, 1, 121)
(8, 2, 102)
(8, 3, 58)
(8, 4, 44)
(8, 5, 39)
(8, 6, 33)
(8, 7, 30)
(8, 8, 30)
(8, 9, 30)
(8, 10, 30)
(8, 11, 30)
(8, 12, 30)
(8, 13, 30)
(8, 14, 30)
(8, 15, 30)
(8, 16, 30)
(8, 17, 25)
(8, 18, 24)
(8, 19, 19)
(8, 20, 18)
(8, 21, 14)
(8, 22, 14)
(8, 23, 14)
(8, 24, 13)
(8, 25, 13)
(8, 26, 13)
(8, 27, 13)
(8, 28, 13)
(8, 29, 13)
(8, 30, 13)
(8, 31, 11)
(8, 32, 9)
(8, 33, 9)
(8, 34, 9)
(8, 35, 9)
(8, 36, 9)
(8, 37, 9)
(8, 38, 9)
(8, 39, 8)

(9, 0, 202)
(9, 1, 144)
(9, 2, 125)
(9, 3, 77)
(9, 4, 54)
(9, 5, 48)
(9, 6, 40)
(9, 7, 37)
(9, 8, 37)
(9, 9, 37)
(9, 10, 37)
(9, 11, 37)
(9, 12, 37)
(9, 13, 37)
(9, 14, 37)
(9, 15, 37)
(9, 16, 36)
(9, 17, 31)
(9, 18, 30)
(9, 19, 25)
(9, 20, 24)
(9, 21, 19)
(9, 22, 19)
(9, 23, 19)
(9, 24, 17)
(9, 25, 16)
(9, 26, 16)
(9, 27, 16)
(9, 28, 16)
(9, 29, 16)
(9, 30, 16)
(9, 31, 13)
(9, 32, 11)
(9, 33, 11)
(9, 34, 11)
(9, 35, 11)
(9, 36, 11)
(9, 37, 11)
(9, 38, 11)
(9, 39, 10)

(10, 0, 226)
(10, 1, 151)
(10, 2, 131)
(10, 3, 83)
(10, 4, 60)
(10, 5, 54)
(10, 6, 46)
(10, 7, 43)
(10, 8, 43)
(10, 9, 43)
(10, 10, 43)
(10, 11, 43)
(10, 12, 43)
(10, 13, 43)
(10, 14, 43)
(10, 15, 43)
(10, 16, 42)
(10, 17, 36)
(10, 18, 34)
(10, 19, 28)
(10, 20, 27)
(10, 21, 22)
(10, 22, 22)
(10, 23, 22)
(10, 24, 19)
(10, 25, 18)
(10, 26, 18)
(10, 27, 18)
(10, 28, 18)
(10, 29, 18)
(10, 30, 18)
(10, 31, 15)
(10, 32, 13)
(10, 33, 13)
(10, 34, 13)
(10, 35, 13)
(10, 36, 13)
(10, 37, 13)
(10, 38, 13)
(10, 39, 12)

(11, 0, 234)
(11, 1, 159)
(11, 2, 137)
(11, 3, 89)
(11, 4, 66)
(11, 5, 60)
(11, 6, 52)
(11, 7, 49)
(11, 8, 49)
(11, 9, 49)
(11, 10, 49)
(11, 11, 49)
(11, 12, 49)
(11, 13, 49)
(11, 14, 49)
(11, 15, 49)
(11, 16, 48)
(11, 17, 42)
(11, 18, 40)
(11, 19, 33)
(11, 20, 32)
(11, 21, 27)
(11, 22, 26)
(11, 23, 26)
(11, 24, 23)
(11, 25, 22)
(11, 26, 22)
(11, 27, 22)
(11, 28, 22)
(11, 29, 22)
(11, 30, 22)
(11, 31, 19)
(11, 32, 17)
(11, 33, 17)
(11, 34, 17)
(11, 35, 17)
(11, 36, 17)
(11, 37, 17)
(11, 38, 17)
(11, 39, 16)

(12, 0, 261)
(12, 1, 180)
(12, 2, 156)
(12, 3, 106)
(12, 4, 83)
(12, 5, 77)
(12, 6, 69)
(12, 7, 66)
(12, 8, 66)
(12, 9, 66)
(12, 10, 66)
(12, 11, 66)
(12, 12, 66)
(12, 13, 66)
(12, 14, 65)
(12, 15, 65)
(12, 16, 63)
(12, 17, 56)
(12, 18, 53)
(12, 19, 46)
(12, 20, 43)
(12, 21, 33)
(12, 22, 31)
(12, 23, 30)
(12, 24, 27)
(12, 25, 26)
(12, 26, 26)
(12, 27, 26)
(12, 28, 25)
(12, 29, 25)
(12, 30, 25)
(12, 31, 21)
(12, 32, 19)
(12, 33, 18)
(12, 34, 18)
(12, 35, 18)
(12, 36, 17)
(12, 37, 17)
(12, 38, 17)
(12, 39, 15)

(13, 0, 278)
(13, 1, 193)
(13, 2, 169)
(13, 3, 119)
(13, 4, 96)
(13, 5, 90)
(13, 6, 82)
(13, 7, 79)
(13, 8, 79)
(13, 9, 79)
(13, 10, 79)
(13, 11, 78)
(13, 12, 78)
(13, 13, 78)
(13, 14, 77)
(13, 15, 77)
(13, 16, 74)
(13, 17, 67)
(13, 18, 62)
(13, 19, 55)
(13, 20, 51)
(13, 21, 36)
(13, 22, 34)
(13, 23, 32)
(13, 24, 29)
(13, 25, 28)
(13, 26, 28)
(13, 27, 26)
(13, 28, 23)
(13, 29, 23)
(13, 30, 23)
(13, 31, 19)
(13, 32, 17)
(13, 33, 16)
(13, 34, 15)
(13, 35, 15)
(13, 36, 14)
(13, 37, 14)
(13, 38, 14)
(13, 39, 13)

(14, 0, 305)
(14, 1, 208)
(14, 2, 181)
(14, 3, 130)
(14, 4, 107)
(14, 5, 101)
(14, 6, 93)
(14, 7, 90)
(14, 8, 90)
(14, 9, 90)
(14, 10, 90)
(14, 11, 89)
(14, 12, 89)
(14, 13, 89)
(14, 14, 88)
(14, 15, 88)
(14, 16, 85)
(14, 17, 77)
(14, 18, 72)
(14, 19, 63)
(14, 20, 58)
(14, 21, 41)
(14, 22, 39)
(14, 23, 37)
(14, 24, 33)
(14, 25, 32)
(14, 26, 31)
(14, 27, 29)
(14, 28, 23)
(14, 29, 23)
(14, 30, 23)
(14, 31, 19)
(14, 32, 17)
(14, 33, 16)
(14, 34, 16)
(14, 35, 16)
(14, 36, 15)
(14, 37, 15)
(14, 38, 15)
(14, 39, 14)

(15, 0, 335)
(15, 1, 226)
(15, 2, 197)
(15, 3, 144)
(15, 4, 120)
(15, 5, 112)
(15, 6, 104)
(15, 7, 101)
(15, 8, 100)
(15, 9, 100)
(15, 10, 100)
(15, 11, 99)
(15, 12, 98)
(15, 13, 98)
(15, 14, 97)
(15, 15, 97)
(15, 16, 94)
(15, 17, 84)
(15, 18, 79)
(15, 19, 67)
(15, 20, 62)
(15, 21, 45)
(15, 22, 42)
(15, 23, 40)
(15, 24, 36)
(15, 25, 35)
(15, 26, 33)
(15, 27, 30)
(15, 28, 24)
(15, 29, 24)
(15, 30, 24)
(15, 31, 20)
(15, 32, 18)
(15, 33, 17)
(15, 34, 17)
(15, 35, 17)
(15, 36, 16)
(15, 37, 16)
(15, 38, 16)
(15, 39, 15)

(16, 0, 406)
(16, 1, 265)
(16, 2, 227)
(16, 3, 162)
(16, 4, 138)
(16, 5, 130)
(16, 6, 122)
(16, 7, 119)
(16, 8, 119)
(16, 9, 119)
(16, 10, 119)
(16, 11, 118)
(16, 12, 117)
(16, 13, 117)
(16, 14, 116)
(16, 15, 115)
(16, 16, 110)
(16, 17, 99)
(16, 18, 93)
(16, 19, 81)
(16, 20, 75)
(16, 21, 50)
(16, 22, 46)
(16, 23, 43)
(16, 24, 39)
(16, 25, 38)
(16, 26, 36)
(16, 27, 33)
(16, 28, 27)
(16, 29, 27)
(16, 30, 27)
(16, 31, 23)
(16, 32, 21)
(16, 33, 20)
(16, 34, 20)
(16, 35, 20)
(16, 36, 19)
(16, 37, 19)
(16, 38, 19)
(16, 39, 18)

(17, 0, 438)
(17, 1, 286)
(17, 2, 243)
(17, 3, 176)
(17, 4, 151)
(17, 5, 141)
(17, 6, 133)
(17, 7, 129)
(17, 8, 129)
(17, 9, 129)
(17, 10, 129)
(17, 11, 128)
(17, 12, 127)
(17, 13, 127)
(17, 14, 126)
(17, 15, 125)
(17, 16, 120)
(17, 17, 107)
(17, 18, 101)
(17, 19, 89)
(17, 20, 83)
(17, 21, 55)
(17, 22, 50)
(17, 23, 46)
(17, 24, 41)
(17, 25, 40)
(17, 26, 38)
(17, 27, 35)
(17, 28, 29)
(17, 29, 29)
(17, 30, 28)
(17, 31, 24)
(17, 32, 22)
(17, 33, 21)
(17, 34, 21)
(17, 35, 21)
(17, 36, 20)
(17, 37, 19)
(17, 38, 19)
(17, 39, 18)

(18, 0, 506)
(18, 1, 334)
(18, 2, 284)
(18, 3, 201)
(18, 4, 170)
(18, 5, 158)
(18, 6, 150)
(18, 7, 146)
(18, 8, 146)
(18, 9, 146)
(18, 10, 146)
(18, 11, 143)
(18, 12, 142)
(18, 13, 141)
(18, 14, 140)
(18, 15, 138)
(18, 16, 132)
(18, 17, 117)
(18, 18, 110)
(18, 19, 98)
(18, 20, 90)
(18, 21, 57)
(18, 22, 52)
(18, 23, 48)
(18, 24, 43)
(18, 25, 42)
(18, 26, 40)
(18, 27, 37)
(18, 28, 30)
(18, 29, 30)
(18, 30, 29)
(18, 31, 25)
(18, 32, 23)
(18, 33, 21)
(18, 34, 21)
(18, 35, 21)
(18, 36, 19)
(18, 37, 18)
(18, 38, 18)
(18, 39, 17)

(19, 0, 567)
(19, 1, 369)
(19, 2, 311)
(19, 3, 215)
(19, 4, 184)
(19, 5, 170)
(19, 6, 162)
(19, 7, 158)
(19, 8, 157)
(19, 9, 157)
(19, 10, 157)
(19, 11, 154)
(19, 12, 153)
(19, 13, 152)
(19, 14, 151)
(19, 15, 149)
(19, 16, 143)
(19, 17, 126)
(19, 18, 119)
(19, 19, 106)
(19, 20, 98)
(19, 21, 65)
(19, 22, 59)
(19, 23, 55)
(19, 24, 50)
(19, 25, 49)
(19, 26, 46)
(19, 27, 41)
(19, 28, 33)
(19, 29, 33)
(19, 30, 32)
(19, 31, 28)
(19, 32, 26)
(19, 33, 24)
(19, 34, 24)
(19, 35, 23)
(19, 36, 21)
(19, 37, 21)
(19, 38, 21)
(19, 39, 20)

(20, 0, 650)
(20, 1, 439)
(20, 2, 367)
(20, 3, 236)
(20, 4, 196)
(20, 5, 178)
(20, 6, 170)
(20, 7, 165)
(20, 8, 164)
(20, 9, 164)
(20, 10, 164)
(20, 11, 161)
(20, 12, 160)
(20, 13, 159)
(20, 14, 158)
(20, 15, 156)
(20, 16, 150)
(20, 17, 131)
(20, 18, 124)
(20, 19, 111)
(20, 20, 103)
(20, 21, 69)
(20, 22, 62)
(20, 23, 58)
(20, 24, 53)
(20, 25, 52)
(20, 26, 49)
(20, 27, 43)
(20, 28, 35)
(20, 29, 35)
(20, 30, 34)
(20, 31, 30)
(20, 32, 28)
(20, 33, 26)
(20, 34, 26)
(20, 35, 26)
(20, 36, 24)
(20, 37, 24)
(20, 38, 24)
(20, 39, 23)

(21, 0, 708)
(21, 1, 480)
(21, 2, 407)
(21, 3, 263)
(21, 4, 212)
(21, 5, 189)
(21, 6, 179)
(21, 7, 174)
(21, 8, 172)
(21, 9, 172)
(21, 10, 172)
(21, 11, 169)
(21, 12, 168)
(21, 13, 167)
(21, 14, 166)
(21, 15, 164)
(21, 16, 158)
(21, 17, 138)
(21, 18, 131)
(21, 19, 117)
(21, 20, 109)
(21, 21, 75)
(21, 22, 67)
(21, 23, 63)
(21, 24, 58)
(21, 25, 57)
(21, 26, 54)
(21, 27, 48)
(21, 28, 39)
(21, 29, 39)
(21, 30, 38)
(21, 31, 33)
(21, 32, 31)
(21, 33, 29)
(21, 34, 29)
(21, 35, 29)
(21, 36, 27)
(21, 37, 27)
(21, 38, 27)
(21, 39, 26)

(22, 0, 776)
(22, 1, 538)
(22, 2, 457)
(22, 3, 284)
(22, 4, 231)
(22, 5, 202)
(22, 6, 191)
(22, 7, 186)
(22, 8, 184)
(22, 9, 183)
(22, 10, 183)
(22, 11, 180)
(22, 12, 179)
(22, 13, 178)
(22, 14, 177)
(22, 15, 175)
(22, 16, 169)
(22, 17, 149)
(22, 18, 142)
(22, 19, 127)
(22, 20, 118)
(22, 21, 82)
(22, 22, 74)
(22, 23, 70)
(22, 24, 65)
(22, 25, 64)
(22, 26, 61)
(22, 27, 55)
(22, 28, 45)
(22, 29, 45)
(22, 30, 44)
(22, 31, 39)
(22, 32, 37)
(22, 33, 35)
(22, 34, 34)
(22, 35, 34)
(22, 36, 32)
(22, 37, 32)
(22, 38, 32)
(22, 39, 31)

(23, 0, 887)
(23, 1, 614)
(23, 2, 517)
(23, 3, 319)
(23, 4, 255)
(23, 5, 223)
(23, 6, 212)
(23, 7, 205)
(23, 8, 203)
(23, 9, 202)
(23, 10, 202)
(23, 11, 199)
(23, 12, 198)
(23, 13, 197)
(23, 14, 196)
(23, 15, 194)
(23, 16, 187)
(23, 17, 163)
(23, 18, 156)
(23, 19, 140)
(23, 20, 129)
(23, 21, 85)
(23, 22, 77)
(23, 23, 73)
(23, 24, 68)
(23, 25, 67)
(23, 26, 64)
(23, 27, 58)
(23, 28, 48)
(23, 29, 48)
(23, 30, 47)
(23, 31, 41)
(23, 32, 39)
(23, 33, 37)
(23, 34, 36)
(23, 35, 36)
(23, 36, 33)
(23, 37, 33)
(23, 38, 33)
(23, 39, 32)

(24, 0, 946)
(24, 1, 656)
(24, 2, 556)
(24, 3, 341)
(24, 4, 275)
(24, 5, 243)
(24, 6, 232)
(24, 7, 225)
(24, 8, 223)
(24, 9, 222)
(24, 10, 222)
(24, 11, 219)
(24, 12, 218)
(24, 13, 217)
(24, 14, 216)
(24, 15, 214)
(24, 16, 207)
(24, 17, 183)
(24, 18, 176)
(24, 19, 157)
(24, 20, 146)
(24, 21, 93)
(24, 22, 85)
(24, 23, 81)
(24, 24, 73)
(24, 25, 72)
(24, 26, 69)
(24, 27, 63)
(24, 28, 53)
(24, 29, 53)
(24, 30, 52)
(24, 31, 46)
(24, 32, 44)
(24, 33, 42)
(24, 34, 41)
(24, 35, 41)
(24, 36, 38)
(24, 37, 38)
(24, 38, 38)
(24, 39, 37)

(25, 0, 1035)
(25, 1, 722)
(25, 2, 614)
(25, 3, 383)
(25, 4, 313)
(25, 5, 277)
(25, 6, 261)
(25, 7, 251)
(25, 8, 249)
(25, 9, 248)
(25, 10, 248)
(25, 11, 245)
(25, 12, 244)
(25, 13, 243)
(25, 14, 242)
(25, 15, 238)
(25, 16, 231)
(25, 17, 202)
(25, 18, 194)
(25, 19, 174)
(25, 20, 161)
(25, 21, 107)
(25, 22, 96)
(25, 23, 92)
(25, 24, 85)
(25, 25, 83)
(25, 26, 77)
(25, 27, 70)
(25, 28, 59)
(25, 29, 59)
(25, 30, 58)
(25, 31, 51)
(25, 32, 49)
(25, 33, 46)
(25, 34, 45)
(25, 35, 45)
(25, 36, 42)
(25, 37, 41)
(25, 38, 41)
(25, 39, 40)

(26, 0, 1075)
(26, 1, 755)
(26, 2, 641)
(26, 3, 406)
(26, 4, 335)
(26, 5, 296)
(26, 6, 280)
(26, 7, 270)
(26, 8, 268)
(26, 9, 267)
(26, 10, 267)
(26, 11, 263)
(26, 12, 261)
(26, 13, 260)
(26, 14, 259)
(26, 15, 255)
(26, 16, 248)
(26, 17, 219)
(26, 18, 211)
(26, 19, 189)
(26, 20, 174)
(26, 21, 117)
(26, 22, 104)
(26, 23, 99)
(26, 24, 90)
(26, 25, 88)
(26, 26, 82)
(26, 27, 74)
(26, 28, 62)
(26, 29, 61)
(26, 30, 60)
(26, 31, 54)
(26, 32, 52)
(26, 33, 49)
(26, 34, 48)
(26, 35, 48)
(26, 36, 45)
(26, 37, 43)
(26, 38, 43)
(26, 39, 42)

(27, 0, 1233)
(27, 1, 839)
(27, 2, 714)
(27, 3, 466)
(27, 4, 391)
(27, 5, 346)
(27, 6, 329)
(27, 7, 318)
(27, 8, 314)
(27, 9, 313)
(27, 10, 313)
(27, 11, 308)
(27, 12, 306)
(27, 13, 303)
(27, 14, 301)
(27, 15, 296)
(27, 16, 289)
(27, 17, 255)
(27, 18, 245)
(27, 19, 218)
(27, 20, 200)
(27, 21, 138)
(27, 22, 122)
(27, 23, 115)
(27, 24, 101)
(27, 25, 97)
(27, 26, 90)
(27, 27, 80)
(27, 28, 68)
(27, 29, 67)
(27, 30, 66)
(27, 31, 60)
(27, 32, 58)
(27, 33, 55)
(27, 34, 54)
(27, 35, 53)
(27, 36, 49)
(27, 37, 48)
(27, 38, 48)
(27, 39, 46)

(28, 0, 1351)
(28, 1, 917)
(28, 2, 777)
(28, 3, 516)
(28, 4, 435)
(28, 5, 390)
(28, 6, 371)
(28, 7, 361)
(28, 8, 355)
(28, 9, 354)
(28, 10, 353)
(28, 11, 348)
(28, 12, 346)
(28, 13, 343)
(28, 14, 341)
(28, 15, 335)
(28, 16, 327)
(28, 17, 291)
(28, 18, 278)
(28, 19, 248)
(28, 20, 228)
(28, 21, 164)
(28, 22, 145)
(28, 23, 131)
(28, 24, 113)
(28, 25, 104)
(28, 26, 91)
(28, 27, 83)
(28, 28, 70)
(28, 29, 68)
(28, 30, 66)
(28, 31, 60)
(28, 32, 57)
(28, 33, 54)
(28, 34, 53)
(28, 35, 52)
(28, 36, 49)
(28, 37, 48)
(28, 38, 48)
(28, 39, 47)

(29, 0, 1408)
(29, 1, 966)
(29, 2, 823)
(29, 3, 550)
(29, 4, 465)
(29, 5, 414)
(29, 6, 391)
(29, 7, 380)
(29, 8, 374)
(29, 9, 373)
(29, 10, 372)
(29, 11, 366)
(29, 12, 363)
(29, 13, 358)
(29, 14, 356)
(29, 15, 350)
(29, 16, 342)
(29, 17, 306)
(29, 18, 293)
(29, 19, 262)
(29, 20, 242)
(29, 21, 173)
(29, 22, 154)
(29, 23, 139)
(29, 24, 119)
(29, 25, 109)
(29, 26, 96)
(29, 27, 88)
(29, 28, 74)
(29, 29, 71)
(29, 30, 69)
(29, 31, 63)
(29, 32, 60)
(29, 33, 57)
(29, 34, 56)
(29, 35, 55)
(29, 36, 52)
(29, 37, 51)
(29, 38, 51)
(29, 39, 50)

(30, 0, 1496)
(30, 1, 1028)
(30, 2, 880)
(30, 3, 596)
(30, 4, 498)
(30, 5, 438)
(30, 6, 414)
(30, 7, 403)
(30, 8, 396)
(30, 9, 394)
(30, 10, 393)
(30, 11, 387)
(30, 12, 383)
(30, 13, 376)
(30, 14, 374)
(30, 15, 368)
(30, 16, 360)
(30, 17, 322)
(30, 18, 309)
(30, 19, 278)
(30, 20, 257)
(30, 21, 186)
(30, 22, 165)
(30, 23, 149)
(30, 24, 128)
(30, 25, 117)
(30, 26, 103)
(30, 27, 95)
(30, 28, 81)
(30, 29, 77)
(30, 30, 74)
(30, 31, 67)
(30, 32, 64)
(30, 33, 61)
(30, 34, 60)
(30, 35, 59)
(30, 36, 56)
(30, 37, 55)
(30, 38, 54)
(30, 39, 53)

(31, 0, 1607)
(31, 1, 1094)
(31, 2, 936)
(31, 3, 632)
(31, 4, 528)
(31, 5, 465)
(31, 6, 441)
(31, 7, 430)
(31, 8, 419)
(31, 9, 415)
(31, 10, 413)
(31, 11, 407)
(31, 12, 402)
(31, 13, 395)
(31, 14, 392)
(31, 15, 385)
(31, 16, 376)
(31, 17, 334)
(31, 18, 320)
(31, 19, 288)
(31, 20, 267)
(31, 21, 196)
(31, 22, 174)
(31, 23, 158)
(31, 24, 135)
(31, 25, 123)
(31, 26, 106)
(31, 27, 97)
(31, 28, 83)
(31, 29, 79)
(31, 30, 76)
(31, 31, 68)
(31, 32, 65)
(31, 33, 61)
(31, 34, 60)
(31, 35, 59)
(31, 36, 55)
(31, 37, 54)
(31, 38, 54)
(31, 39, 53)

(32, 0, 1649)
(32, 1, 1126)
(32, 2, 965)
(32, 3, 656)
(32, 4, 549)
(32, 5, 482)
(32, 6, 456)
(32, 7, 445)
(32, 8, 434)
(32, 9, 430)
(32, 10, 428)
(32, 11, 422)
(32, 12, 417)
(32, 13, 410)
(32, 14, 407)
(32, 15, 400)
(32, 16, 391)
(32, 17, 348)
(32, 18, 333)
(32, 19, 301)
(32, 20, 280)
(32, 21, 209)
(32, 22, 186)
(32, 23, 170)
(32, 24, 147)
(32, 25, 134)
(32, 26, 115)
(32, 27, 106)
(32, 28, 92)
(32, 29, 88)
(32, 30, 85)
(32, 31, 75)
(32, 32, 71)
(32, 33, 67)
(32, 34, 65)
(32, 35, 64)
(32, 36, 58)
(32, 37, 57)
(32, 38, 57)
(32, 39, 56)

(33, 0, 1714)
(33, 1, 1181)
(33, 2, 1011)
(33, 3, 678)
(33, 4, 569)
(33, 5, 500)
(33, 6, 474)
(33, 7, 462)
(33, 8, 451)
(33, 9, 447)
(33, 10, 445)
(33, 11, 439)
(33, 12, 434)
(33, 13, 427)
(33, 14, 424)
(33, 15, 417)
(33, 16, 408)
(33, 17, 365)
(33, 18, 350)
(33, 19, 317)
(33, 20, 296)
(33, 21, 224)
(33, 22, 200)
(33, 23, 182)
(33, 24, 159)
(33, 25, 146)
(33, 26, 125)
(33, 27, 116)
(33, 28, 102)
(33, 29, 98)
(33, 30, 95)
(33, 31, 85)
(33, 32, 81)
(33, 33, 77)
(33, 34, 75)
(33, 35, 74)
(33, 36, 67)
(33, 37, 65)
(33, 38, 65)
(33, 39, 63)

(34, 0, 1765)
(34, 1, 1230)
(34, 2, 1054)
(34, 3, 719)
(34, 4, 601)
(34, 5, 524)
(34, 6, 495)
(34, 7, 483)
(34, 8, 471)
(34, 9, 467)
(34, 10, 463)
(34, 11, 457)
(34, 12, 452)
(34, 13, 445)
(34, 14, 442)
(34, 15, 435)
(34, 16, 426)
(34, 17, 383)
(34, 18, 367)
(34, 19, 333)
(34, 20, 312)
(34, 21, 240)
(34, 22, 215)
(34, 23, 195)
(34, 24, 171)
(34, 25, 158)
(34, 26, 137)
(34, 27, 128)
(34, 28, 114)
(34, 29, 110)
(34, 30, 107)
(34, 31, 96)
(34, 32, 92)
(34, 33, 88)
(34, 34, 86)
(34, 35, 83)
(34, 36, 76)
(34, 37, 74)
(34, 38, 74)
(34, 39, 71)

(35, 0, 1813)
(35, 1, 1266)
(35, 2, 1087)
(35, 3, 752)
(35, 4, 634)
(35, 5, 555)
(35, 6, 526)
(35, 7, 511)
(35, 8, 498)
(35, 9, 493)
(35, 10, 488)
(35, 11, 482)
(35, 12, 477)
(35, 13, 470)
(35, 14, 467)
(35, 15, 460)
(35, 16, 451)
(35, 17, 408)
(35, 18, 392)
(35, 19, 357)
(35, 20, 332)
(35, 21, 258)
(35, 22, 230)
(35, 23, 210)
(35, 24, 184)
(35, 25, 168)
(35, 26, 140)
(35, 27, 131)
(35, 28, 117)
(35, 29, 113)
(35, 30, 109)
(35, 31, 98)
(35, 32, 93)
(35, 33, 89)
(35, 34, 87)
(35, 35, 84)
(35, 36, 76)
(35, 37, 74)
(35, 38, 74)
(35, 39, 70)

(36, 0, 1853)
(36, 1, 1300)
(36, 2, 1119)
(36, 3, 784)
(36, 4, 666)
(36, 5, 587)
(36, 6, 558)
(36, 7, 543)
(36, 8, 530)
(36, 9, 524)
(36, 10, 519)
(36, 11, 510)
(36, 12, 504)
(36, 13, 494)
(36, 14, 489)
(36, 15, 482)
(36, 16, 472)
(36, 17, 429)
(36, 18, 413)
(36, 19, 375)
(36, 20, 350)
(36, 21, 272)
(36, 22, 243)
(36, 23, 221)
(36, 24, 192)
(36, 25, 176)
(36, 26, 148)
(36, 27, 138)
(36, 28, 124)
(36, 29, 120)
(36, 30, 114)
(36, 31, 103)
(36, 32, 97)
(36, 33, 93)
(36, 34, 90)
(36, 35, 86)
(36, 36, 78)
(36, 37, 75)
(36, 38, 74)
(36, 39, 70)

(37, 0, 1900)
(37, 1, 1340)
(37, 2, 1152)
(37, 3, 816)
(37, 4, 698)
(37, 5, 619)
(37, 6, 590)
(37, 7, 574)
(37, 8, 561)
(37, 9, 554)
(37, 10, 547)
(37, 11, 537)
(37, 12, 531)
(37, 13, 521)
(37, 14, 515)
(37, 15, 507)
(37, 16, 496)
(37, 17, 452)
(37, 18, 436)
(37, 19, 398)
(37, 20, 370)
(37, 21, 292)
(37, 22, 263)
(37, 23, 239)
(37, 24, 209)
(37, 25, 192)
(37, 26, 161)
(37, 27, 150)
(37, 28, 135)
(37, 29, 130)
(37, 30, 124)
(37, 31, 110)
(37, 32, 103)
(37, 33, 97)
(37, 34, 94)
(37, 35, 89)
(37, 36, 81)
(37, 37, 77)
(37, 38, 75)
(37, 39, 72)

(38, 0, 1932)
(38, 1, 1364)
(38, 2, 1176)
(38, 3, 839)
(38, 4, 721)
(38, 5, 642)
(38, 6, 612)
(38, 7, 595)
(38, 8, 582)
(38, 9, 575)
(38, 10, 568)
(38, 11, 558)
(38, 12, 552)
(38, 13, 542)
(38, 14, 535)
(38, 15, 527)
(38, 16, 516)
(38, 17, 472)
(38, 18, 456)
(38, 19, 417)
(38, 20, 387)
(38, 21, 309)
(38, 22, 280)
(38, 23, 253)
(38, 24, 222)
(38, 25, 202)
(38, 26, 170)
(38, 27, 158)
(38, 28, 141)
(38, 29, 136)
(38, 30, 130)
(38, 31, 115)
(38, 32, 108)
(38, 33, 102)
(38, 34, 99)
(38, 35, 94)
(38, 36, 86)
(38, 37, 81)
(38, 38, 79)
(38, 39, 76)

(39, 0, 1968)
(39, 1, 1399)
(39, 2, 1205)
(39, 3, 866)
(39, 4, 748)
(39, 5, 669)
(39, 6, 639)
(39, 7, 622)
(39, 8, 609)
(39, 9, 602)
(39, 10, 595)
(39, 11, 585)
(39, 12, 579)
(39, 13, 568)
(39, 14, 560)
(39, 15, 552)
(39, 16, 539)
(39, 17, 495)
(39, 18, 478)
(39, 19, 435)
(39, 20, 404)
(39, 21, 324)
(39, 22, 294)
(39, 23, 265)
(39, 24, 233)
(39, 25, 210)
(39, 26, 173)
(39, 27, 161)
(39, 28, 144)
(39, 29, 136)
(39, 30, 129)
(39, 31, 115)
(39, 32, 108)
(39, 33, 102)
(39, 34, 99)
(39, 35, 94)
(39, 36, 86)
(39, 37, 81)
(39, 38, 80)
(39, 39, 77)


Betti numbers:
xi_0:
(0, 0, 27)
(1, 0, 14)
(2, 0, 28)
(3, 0, 42)
(4, 0, 5)
(7, 0, 33)
(8, 0, 28)
(9, 0, 25)
(10, 0, 24)
(11, 0, 8)
(12, 0, 27)
(13, 0, 17)
(14, 0, 27)
(15, 0, 30)
(16, 0, 71)
(17, 0, 32)
(18, 0, 68)
(19, 0, 61)
(20, 0, 83)
(21, 0, 58)
(22, 0, 68)
(23, 0, 111)
(24, 0, 59)
(25, 0, 89)
(26, 0, 40)
(27, 0, 158)
(28, 0, 118)
(29, 0, 57)
(30, 0, 88)
(31, 0, 111)
(32, 0, 42)
(33, 0, 65)
(34, 0, 51)
(35, 0, 48)
(36, 0, 40)
(37, 0, 47)
(38, 0, 32)
(39, 0, 36)
xi_1:
(0, 1, 20)
(0, 3, 1)
(0, 6, 1)
(0, 7, 1)
(0, 17, 2)
(0, 19, 1)
(1, 1, 1)
(1, 2, 2)
(1, 3, 8)
(1, 5, 1)
(2, 1, 9)
(2, 2, 4)
(2, 3, 14)
(2, 7, 1)
(2, 39, 1)
(3, 1, 8)
(3, 2, 4)
(3, 3, 8)
(3, 4, 9)
(3, 5, 2)
(3, 6, 5)
(3, 7, 1)
(3, 18, 1)
(3, 19, 2)
(3, 31, 1)
(4, 1, 2)
(4, 2, 1)
(4, 3, 1)
(4, 5, 1)
(7, 1, 14)
(7, 2, 5)
(7, 3, 5)
(7, 5, 2)
(7, 17, 2)
(7, 19, 1)
(7, 21, 1)
(7, 24, 1)
(8, 1, 2)
(8, 2, 3)
(8, 3, 8)
(8, 4, 5)
(8, 17, 1)
(8, 19, 1)
(8, 20, 1)
(8, 21, 3)
(8, 31, 1)
(8, 32, 2)
(9, 1, 2)
(9, 3, 4)
(9, 4, 9)
(9, 5, 1)
(9, 6, 2)
(9, 16, 1)
(9, 21, 1)
(9, 24, 1)
(9, 25, 1)
(9, 31, 1)
(10, 1, 17)
(10, 2, 1)
(10, 17, 1)
(10, 18, 1)
(10, 19, 1)
(10, 24, 1)
(11, 2, 2)
(11, 19, 1)
(11, 22, 1)
(12, 1, 6)
(12, 2, 2)
(12, 3, 2)
(12, 14, 1)
(12, 16, 1)
(12, 17, 1)
(12, 18, 1)
(12, 20, 2)
(12, 21, 5)
(12, 22, 1)
(12, 23, 1)
(12, 28, 1)
(12, 31, 1)
(12, 33, 1)
(12, 36, 1)
(12, 39, 1)
(13, 1, 4)
(13, 11, 1)
(13, 16, 1)
(13, 18, 2)
(13, 20, 1)
(13, 21, 5)
(13, 23, 1)
(13, 27, 2)
(13, 28, 2)
(13, 34, 1)
(14, 1, 12)
(14, 2, 3)
(14, 3, 1)
(14, 17, 1)
(14, 19, 2)
(14, 20, 1)
(14, 21, 2)
(14, 24, 1)
(14, 26, 1)
(14, 28, 3)
(15, 1, 12)
(15, 2, 2)
(15, 3, 2)
(15, 4, 1)
(15, 5, 2)
(15, 8, 1)
(15, 12, 1)
(15, 17, 2)
(15, 19, 3)
(15, 20, 1)
(15, 22, 1)
(15, 26, 1)
(15, 27, 1)
(16, 1, 32)
(16, 2, 9)
(16, 3, 12)
(16, 15, 1)
(16, 16, 2)
(16, 17, 1)
(16, 18, 1)
(16, 19, 1)
(16, 20, 1)
(16, 21, 8)
(16, 22, 1)
(16, 23, 1)
(17, 1, 11)
(17, 2, 5)
(17, 3, 2)
(17, 4, 1)
(17, 5, 2)
(17, 7, 1)
(17, 17, 2)
(17, 21, 3)
(17, 22, 1)
(17, 23, 1)
(17, 24, 1)
(17, 30, 1)
(17, 37, 1)
(18, 1, 20)
(18, 2, 7)
(18, 3, 16)
(18, 4, 6)
(18, 5, 2)
(18, 11, 2)
(18, 13, 1)
(18, 15, 1)
(18, 16, 1)
(18, 17, 2)
(18, 18, 1)
(18, 20, 2)
(18, 21, 5)
(18, 28, 1)
(18, 30, 1)
(18, 33, 1)
(18, 36, 1)
(18, 37, 1)
(19, 1, 26)
(19, 2, 8)
(19, 3, 13)
(19, 5, 2)
(19, 8, 1)
(19, 17, 2)
(19, 19, 1)
(19, 22, 1)
(19, 26, 1)
(19, 27, 2)
(19, 28, 1)
(19, 35, 1)
(20, 1, 13)
(20, 2, 14)
(20, 3, 35)
(20, 4, 9)
(20, 5, 5)
(20, 7, 1)
(20, 17, 2)
(20, 19, 1)
(20, 21, 1)
(20, 22, 1)
(20, 27, 1)
(21, 1, 17)
(21, 2, 1)
(21, 3, 13)
(21, 4, 11)
(21, 5, 5)
(21, 6, 2)
(21, 8, 1)
(21, 17, 1)
(21, 19, 1)
(21, 22, 1)
(21, 28, 1)
(21, 31, 1)
(22, 1, 10)
(22, 2, 8)
(22, 3, 29)
(22, 4, 3)
(22, 5, 6)
(22, 6, 1)
(22, 9, 1)
(22, 19, 1)
(22, 20, 1)
(22, 21, 2)
(22, 28, 1)
(22, 34, 1)
(23, 1, 35)
(23, 2, 16)
(23, 3, 25)
(23, 4, 11)
(23, 5, 4)
(23, 7, 2)
(23, 16, 1)
(23, 17, 4)
(23, 19, 2)
(23, 20, 2)
(23, 21, 8)
(23, 31, 1)
(23, 36, 1)
(24, 1, 17)
(24, 2, 3)
(24, 3, 17)
(24, 4, 2)
(24, 19, 3)
(24, 21, 9)
(24, 24, 3)
(25, 1, 23)
(25, 2, 8)
(25, 3, 16)
(25, 4, 4)
(25, 5, 4)
(25, 6, 5)
(25, 7, 3)
(25, 15, 2)
(25, 17, 5)
(25, 18, 1)
(25, 19, 2)
(25, 20, 2)
(25, 21, 1)
(25, 22, 3)
(25, 25, 1)
(25, 26, 3)
(25, 27, 1)
(25, 28, 1)
(25, 31, 1)
(25, 33, 1)
(25, 37, 1)
(26, 1, 7)
(26, 2, 6)
(26, 3, 4)
(26, 4, 1)
(26, 5, 3)
(26, 11, 1)
(26, 12, 1)
(26, 19, 2)
(26, 20, 2)
(26, 21, 3)
(26, 22, 2)
(26, 23, 1)
(26, 24, 2)
(26, 27, 1)
(26, 28, 1)
(26, 29, 1)
(26, 37, 1)
(27, 1, 74)
(27, 2, 11)
(27, 3, 13)
(27, 4, 4)
(27, 5, 6)
(27, 6, 1)
(27, 7, 1)
(27, 8, 2)
(27, 11, 1)
(27, 13, 2)
(27, 14, 1)
(27, 15, 1)
(27, 17, 5)
(27, 18, 2)
(27, 19, 5)
(27, 20, 3)
(27, 21, 5)
(27, 22, 3)
(27, 23, 2)
(27, 24, 5)
(27, 25, 2)
(27, 26, 1)
(27, 27, 2)
(27, 29, 1)
(27, 35, 1)
(27, 36, 1)
(27, 39, 1)
(28, 1, 40)
(28, 2, 15)
(28, 3, 13)
(28, 4, 6)
(28, 6, 2)
(28, 8, 2)
(28, 10, 1)
(28, 15, 1)
(28, 16, 1)
(28, 17, 3)
(28, 18, 3)
(28, 19, 3)
(28, 20, 2)
(28, 21, 2)
(28, 22, 3)
(28, 23, 7)
(28, 24, 4)
(28, 25, 5)
(28, 26, 6)
(28, 28, 1)
(28, 29, 1)
(28, 30, 1)
(28, 32, 1)
(29, 1, 8)
(29, 2, 3)
(29, 3, 12)
(29, 4, 4)
(29, 5, 6)
(29, 6, 4)
(29, 7, 1)
(29, 11, 1)
(29, 12, 1)
(29, 13, 2)
(29, 19, 1)
(29, 21, 5)
(29, 23, 1)
(29, 24, 2)
(29, 25, 1)
(29, 28, 1)
(29, 29, 1)
(30, 1, 26)
(30, 2, 6)
(30, 3, 11)
(30, 4, 13)
(30, 5, 9)
(30, 6, 1)
(30, 8, 1)
(30, 9, 1)
(30, 12, 1)
(30, 13, 2)
(30, 17, 2)
(30, 20, 1)
(30, 21, 2)
(30, 22, 2)
(30, 23, 1)
(30, 24, 1)
(30, 25, 1)
(30, 26, 1)
(30, 29, 1)
(30, 30, 1)
(30, 31, 1)
(30, 38, 1)
(31, 1, 45)
(31, 2, 10)
(31, 3, 20)
(31, 4, 6)
(31, 5, 3)
(31, 8, 4)
(31, 9, 2)
(31, 10, 1)
(31, 12, 1)
(31, 14, 1)
(31, 15, 1)
(31, 16, 1)
(31, 17, 4)
(31, 18, 1)
(31, 19, 1)
(31, 20, 1)
(31, 22, 1)
(31, 24, 2)
(31, 25, 1)
(31, 26, 3)
(31, 27, 1)
(31, 31, 1)
(31, 33, 1)
(31, 36, 1)
(32, 1, 10)
(32, 2, 3)
(32, 3, 5)
(32, 4, 3)
(32, 5, 4)
(32, 6, 2)
(32, 17, 1)
(32, 18, 1)
(32, 22, 1)
(32, 25, 1)
(32, 26, 2)
(32, 31, 2)
(32, 32, 1)
(32, 34, 1)
(32, 36, 2)
(33, 1, 10)
(33, 2, 9)
(33, 3, 24)
(33, 4, 2)
(33, 5, 2)
(33, 7, 1)
(33, 19, 1)
(33, 21, 1)
(33, 22, 1)
(33, 23, 2)
(33, 26, 2)
(33, 36, 1)
(33, 37, 1)
(33, 39, 1)
(34, 1, 2)
(34, 2, 6)
(34, 3, 2)
(34, 4, 9)
(34, 5, 8)
(34, 6, 3)
(34, 8, 1)
(34, 10, 2)
(34, 18, 1)
(34, 19, 1)
(34, 22, 1)
(34, 23, 2)
(34, 24, 1)
(34, 31, 1)
(34, 35, 2)
(34, 39, 1)
(35, 1, 12)
(35, 2, 3)
(35, 5, 2)
(35, 7, 3)
(35, 8, 1)
(35, 9, 1)
(35, 10, 1)
(35, 19, 1)
(35, 20, 4)
(35, 21, 2)
(35, 22, 3)
(35, 24, 2)
(35, 25, 3)
(35, 26, 7)
(35, 30, 1)
(35, 32, 1)
(35, 36, 1)
(35, 39, 1)
(36, 1, 6)
(36, 2, 2)
(36, 9, 1)
(36, 11, 3)
(36, 12, 1)
(36, 13, 3)
(36, 14, 2)
(36, 16, 1)
(36, 19, 3)
(36, 21, 4)
(36, 22, 1)
(36, 23, 2)
(36, 24, 3)
(36, 26, 1)
(36, 27, 1)
(36, 30, 2)
(36, 32, 1)
(36, 34, 1)
(36, 35, 1)
(36, 37, 1)
(36, 38, 1)
(37, 1, 7)
(37, 2, 7)
(37, 3, 1)
(37, 7, 1)
(37, 9, 1)
(37, 10, 2)
(37, 11, 1)
(37, 14, 1)
(37, 15, 1)
(37, 16, 1)
(37, 17, 1)
(37, 19, 1)
(37, 20, 3)
(37, 22, 1)
(37, 23, 2)
(37, 24, 1)
(37, 25, 1)
(37, 26, 3)
(37, 27, 1)
(37, 28, 1)
(37, 29, 1)
(37, 31, 3)
(37, 32, 1)
(37, 33, 2)
(37, 35, 1)
(37, 37, 1)
(37, 38, 1)
(38, 1, 8)
(38, 3, 1)
(38, 6, 1)
(38, 7, 1)
(38, 14, 1)
(38, 19, 1)
(38, 20, 2)
(38, 23, 3)
(38, 24, 1)
(38, 25, 3)
(38, 26, 1)
(38, 27, 1)
(38, 28, 2)
(38, 31, 1)
(38, 37, 1)
(39, 1, 1)
(39, 2, 6)
(39, 3, 2)
(39, 13, 1)
(39, 14, 1)
(39, 16, 2)
(39, 18, 1)
(39, 19, 4)
(39, 20, 1)
(39, 21, 2)
(39, 22, 1)
(39, 23, 2)
(39, 24, 1)
(39, 25, 3)
(39, 26, 5)
(39, 27, 1)
(39, 29, 3)
(39, 30, 1)
xi_2:
(2, 3, 1)
(2, 5, 1)
(13, 39, 1)
(14, 34, 1)
(15, 20, 1)
(16, 8, 1)
(16, 19, 1)
(18, 30, 1)
(18, 37, 1)
(19, 37, 1)
(20, 5, 1)
(20, 19, 1)
(20, 35, 1)
(22, 4, 1)
(23, 5, 1)
(23, 19, 1)
(25, 19, 1)
(25, 24, 1)
(26, 31, 1)
(27, 29, 1)
(27, 37, 1)
(28, 7, 1)
(28, 17, 1)
(28, 27, 2)
(28, 36, 1)
(28, 39, 1)
(30, 2, 1)
(31, 20, 1)
(31, 38, 1)
(36, 26, 1)
(37, 19, 1)
(37, 22, 1)
(37, 39, 1)
(39, 27, 1)
(39, 31, 1)
(39, 38, 1)
