x-grades
-79375201719578614807/4000000000000000000
-38677577624512724807/2000000000000000000
-75335108778472284421/4000000000000000000
-18328765576979779807/1000000000000000000
-14259003167473190807/800000000000000000
-34637484683406394421/2000000000000000000
-67254922896259623649/4000000000000000000
-8154359553213307307/500000000000000000
-63214829955153293263/4000000000000000000
-6119478348460012807/400000000000000000
-59174737014046962877/4000000000000000000
-14288672635873449421/1000000000000000000
-55134644072940632491/4000000000000000000
-26557298801193733649/2000000000000000000
-10218910226366860421/800000000000000000
-3067156541330071057/250000000000000000
-47054458190727971719/4000000000000000000
-22517205860087403263/2000000000000000000
-43014365249621641333/4000000000000000000
-2049715938953423807/200000000000000000
-38974272308515310947/4000000000000000000
-18477112918981072877/2000000000000000000
-34934179367408980561/4000000000000000000
-4114266612106976921/500000000000000000
-1235763457052106007/160000000000000000
-14437019977874742491/2000000000000000000
-26853993485196319789/4000000000000000000
-6208486753660788649/1000000000000000000
-22813900544089989403/4000000000000000000
-2079385407353682421/400000000000000000
-18773807602983659017/4000000000000000000
-130888758847113233/31250000000000000
-14733714661877328631/4000000000000000000
-6356834095662081719/2000000000000000000
-2138724344154199649/800000000000000000
-2168393812554458263/1000000000000000000
-6653528779664667859/4000000000000000000
-2316741154555751333/2000000000000000000
-2613435838558337473/4000000000000000000
-14834734200129307/100000000000000000

y-grades
49/20
49/10
147/20
49/5
49/4
147/10
343/20
98/5
441/20
49/2
539/20
147/5
637/20
343/10
147/4
196/5
833/20
441/10
931/20
49
1029/20
539/10
1127/20
294/5
245/4
637/10
1323/20
343/5
1421/20
147/2
1519/20
392/5
1617/20
833/10
343/4
441/5
1813/20
931/10
1911/20
98

Dimensions > 0:
(0, 0, 2)
(0, 1, 2)
(0, 2, 2)
(0, 3, 2)
(0, 4, 2)
(0, 5, 2)
(0, 6, 1)
(0, 7, 1)
(0, 8, 1)
(0, 9, 1)
(0, 10, 1)
(0, 11, 1)
(0, 12, 1)
(0, 13, 1)
(0, 14, 1)
(0, 15, 1)
(0, 16, 1)
(0, 17, 1)
(0, 18, 1)
(0, 19, 1)
(0, 20, 1)
(0, 21, 1)
(0, 22, 1)
(0, 23, 1)
(0, 24, 1)
(0, 25, 1)
(0, 26, 1)
(0, 27, 1)
(0, 28, 1)
(0, 29, 1)
(0, 30, 1)
(0, 31, 1)
(0, 32, 1)
(0, 33, 1)
(0, 34, 1)
(0, 35, 1)
(0, 36, 1)
(0, 37, 1)
(0, 38, 1)
(0, 39, 1)

(1, 0, 4)
(1, 1, 4)
(1, 2, 4)
(1, 3, 4)
(1, 4, 4)
(1, 5, 4)
(1, 6, 2)
(1, 7, 2)
(1, 8, 2)
(1, 9, 2)
(1, 10, 2)
(1, 11, 2)
(1, 12, 2)
(1, 13, 2)
(1, 14, 2)
(1, 15, 2)
(1, 16, 2)
(1, 17, 2)
(1, 18, 2)
(1, 19, 2)
(1, 20, 2)
(1, 21, 2)
(1, 22, 2)
(1, 23, 2)
(1, 24, 2)
(1, 25, 2)
(1, 26, 2)
(1, 27, 2)
(1, 28, 2)
(1, 29, 2)
(1, 30, 2)
(1, 31, 2)
(1, 32, 2)
(1, 33, 2)
(1, 34, 2)
(1, 35, 2)
(1, 36, 2)
(1, 37, 2)
(1, 38, 2)
(1, 39, 2)

(2, 0, 4)
(2, 1, 4)
(2, 2, 4)
(2, 3, 4)
(2, 4, 4)
(2, 5, 4)
(2, 6, 2)
(2, 7, 2)
(2, 8, 2)
(2, 9, 2)
(2, 10, 2)
(2, 11, 2)
(2, 12, 2)
(2, 13, 2)
(2, 14, 2)
(2, 15, 2)
(2, 16, 2)
(2, 17, 2)
(2, 18, 2)
(2, 19, 2)
(2, 20, 2)
(2, 21, 2)
(2, 22, 2)
(2, 23, 2)
(2, 24, 2)
(2, 25, 2)
(2, 26, 2)
(2, 27, 2)
(2, 28, 2)
(2, 29, 2)
(2, 30, 2)
(2, 31, 2)
(2, 32, 2)
(2, 33, 2)
(2, 34, 2)
(2, 35, 2)
(2, 36, 2)
(2, 37, 2)
(2, 38, 2)
(2, 39, 2)

(3, 0, 5)
(3, 1, 5)
(3, 2, 5)
(3, 3, 5)
(3, 4, 5)
(3, 5, 5)
(3, 6, 3)
(3, 7, 3)
(3, 8, 3)
(3, 9, 3)
(3, 10, 3)
(3, 11, 3)
(3, 12, 3)
(3, 13, 3)
(3, 14, 3)
(3, 15, 3)
(3, 16, 3)
(3, 17, 3)
(3, 18, 3)
(3, 19, 3)
(3, 20, 3)
(3, 21, 3)
(3, 22, 3)
(3, 23, 2)
(3, 24, 2)
(3, 25, 2)
(3, 26, 2)
(3, 27, 2)
(3, 28, 2)
(3, 29, 2)
(3, 30, 2)
(3, 31, 2)
(3, 32, 2)
(3, 33, 2)
(3, 34, 2)
(3, 35, 2)
(3, 36, 2)
(3, 37, 2)
(3, 38, 2)
(3, 39, 2)

(4, 0, 6)
(4, 1, 6)
(4, 2, 6)
(4, 3, 6)
(4, 4, 6)
(4, 5, 6)
(4, 6, 4)
(4, 7, 4)
(4, 8, 4)
(4, 9, 4)
(4, 10, 4)
(4, 11, 4)
(4, 12, 4)
(4, 13, 4)
(4, 14, 4)
(4, 15, 4)
(4, 16, 4)
(4, 17, 4)
(4, 18, 4)
(4, 19, 4)
(4, 20, 4)
(4, 21, 4)
(4, 22, 4)
(4, 23, 3)
(4, 24, 3)
(4, 25, 3)
(4, 26, 3)
(4, 27, 2)
(4, 28, 2)
(4, 29, 2)
(4, 30, 2)
(4, 31, 2)
(4, 32, 2)
(4, 33, 2)
(4, 34, 2)
(4, 35, 2)
(4, 36, 2)
(4, 37, 2)
(4, 38, 2)
(4, 39, 2)

(5, 0, 6)
(5, 1, 6)
(5, 2, 6)
(5, 3, 6)
(5, 4, 6)
(5, 5, 6)
(5, 6, 4)
(5, 7, 4)
(5, 8, 4)
(5, 9, 4)
(5, 10, 4)
(5, 11, 4)
(5, 12, 4)
(5, 13, 4)
(5, 14, 4)
(5, 15, 4)
(5, 16, 4)
(5, 17, 4)
(5, 18, 4)
(5, 19, 4)
(5, 20, 4)
(5, 21, 4)
(5, 22, 4)
(5, 23, 3)
(5, 24, 3)
(5, 25, 3)
(5, 26, 3)
(5, 27, 2)
(5, 28, 2)
(5, 29, 2)
(5, 30, 2)
(5, 31, 2)
(5, 32, 2)
(5, 33, 2)
(5, 34, 2)
(5, 35, 2)
(5, 36, 2)
(5, 37, 2)
(5, 38, 2)
(5, 39, 2)

(6, 0, 6)
(6, 1, 6)
(6, 2, 6)
(6, 3, 6)
(6, 4, 6)
(6, 5, 6)
(6, 6, 4)
(6, 7, 4)
(6, 8, 4)
(6, 9, 4)
(6, 10, 4)
(6, 11, 4)
(6, 12, 4)
(6, 13, 4)
(6, 14, 4)
(6, 15, 4)
(6, 16, 4)
(6, 17, 4)
(6, 18, 4)
(6, 19, 4)
(6, 20, 4)
(6, 21, 4)
(6, 22, 4)
(6, 23, 3)
(6, 24, 3)
(6, 25, 3)
(6, 26, 3)
(6, 27, 2)
(6, 28, 2)
(6, 29, 2)
(6, 30, 2)
(6, 31, 2)
(6, 32, 2)
(6, 33, 2)
(6, 34, 2)
(6, 35, 2)
(6, 36, 2)
(6, 37, 2)
(6, 38, 2)
(6, 39, 2)

(7, 0, 6)
(7, 1, 6)
(7, 2, 6)
(7, 3, 6)
(7, 4, 6)
(7, 5, 6)
(7, 6, 4)
(7, 7, 4)
(7, 8, 4)
(7, 9, 4)
(7, 10, 4)
(7, 11, 4)
(7, 12, 4)
(7, 13, 4)
(7, 14, 4)
(7, 15, 4)
(7, 16, 4)
(7, 17, 4)
(7, 18, 4)
(7, 19, 4)
(7, 20, 4)
(7, 21, 4)
(7, 22, 4)
(7, 23, 3)
(7, 24, 3)
(7, 25, 3)
(7, 26, 3)
(7, 27, 2)
(7, 28, 2)
(7, 29, 2)
(7, 30, 2)
(7, 31, 2)
(7, 32, 2)
(7, 33, 2)
(7, 34, 2)
(7, 35, 2)
(7, 36, 2)
(7, 37, 2)
(7, 38, 2)
(7, 39, 2)

(8, 0, 6)
(8, 1, 6)
(8, 2, 6)
(8, 3, 6)
(8, 4, 6)
(8, 5, 6)
(8, 6, 4)
(8, 7, 4)
(8, 8, 4)
(8, 9, 4)
(8, 10, 4)
(8, 11, 4)
(8, 12, 4)
(8, 13, 4)
(8, 14, 4)
(8, 15, 4)
(8, 16, 4)
(8, 17, 4)
(8, 18, 4)
(8, 19, 4)
(8, 20, 4)
(8, 21, 4)
(8, 22, 4)
(8, 23, 3)
(8, 24, 3)
(8, 25, 3)
(8, 26, 3)
(8, 27, 2)
(8, 28, 2)
(8, 29, 2)
(8, 30, 2)
(8, 31, 2)
(8, 32, 2)
(8, 33, 2)
(8, 34, 2)
(8, 35, 2)
(8, 36, 2)
(8, 37, 2)
(8, 38, 2)
(8, 39, 2)

(9, 0, 6)
(9, 1, 6)
(9, 2, 6)
(9, 3, 6)
(9, 4, 6)
(9, 5, 6)
(9, 6, 4)
(9, 7, 4)
(9, 8, 4)
(9, 9, 4)
(9, 10, 4)
(9, 11, 4)
(9, 12, 4)
(9, 13, 4)
(9, 14, 4)
(9, 15, 4)
(9, 16, 4)
(9, 17, 4)
(9, 18, 4)
(9, 19, 4)
(9, 20, 4)
(9, 21, 4)
(9, 22, 4)
(9, 23, 3)
(9, 24, 3)
(9, 25, 3)
(9, 26, 3)
(9, 27, 2)
(9, 28, 2)
(9, 29, 2)
(9, 30, 2)
(9, 31, 2)
(9, 32, 2)
(9, 33, 2)
(9, 34, 2)
(9, 35, 2)
(9, 36, 2)
(9, 37, 2)
(9, 38, 2)
(9, 39, 2)

(10, 0, 6)
(10, 1, 6)
(10, 2, 6)
(10, 3, 6)
(10, 4, 6)
(10, 5, 6)
(10, 6, 4)
(10, 7, 4)
(10, 8, 4)
(10, 9, 4)
(10, 10, 4)
(10, 11, 4)
(10, 12, 4)
(10, 13, 4)
(10, 14, 4)
(10, 15, 4)
(10, 16, 4)
(10, 17, 4)
(10, 18, 4)
(10, 19, 4)
(10, 20, 4)
(10, 21, 4)
(10, 22, 4)
(10, 23, 3)
(10, 24, 3)
(10, 25, 3)
(10, 26, 3)
(10, 27, 2)
(10, 28, 2)
(10, 29, 2)
(10, 30, 2)
(10, 31, 2)
(10, 32, 2)
(10, 33, 2)
(10, 34, 2)
(10, 35, 2)
(10, 36, 2)
(10, 37, 2)
(10, 38, 2)
(10, 39, 2)

(11, 0, 6)
(11, 1, 6)
(11, 2, 6)
(11, 3, 6)
(11, 4, 6)
(11, 5, 6)
(11, 6, 4)
(11, 7, 4)
(11, 8, 4)
(11, 9, 4)
(11, 10, 4)
(11, 11, 4)
(11, 12, 4)
(11, 13, 4)
(11, 14, 4)
(11, 15, 4)
(11, 16, 4)
(11, 17, 4)
(11, 18, 4)
(11, 19, 4)
(11, 20, 4)
(11, 21, 4)
(11, 22, 4)
(11, 23, 3)
(11, 24, 3)
(11, 25, 3)
(11, 26, 3)
(11, 27, 2)
(11, 28, 2)
(11, 29, 2)
(11, 30, 2)
(11, 31, 2)
(11, 32, 2)
(11, 33, 2)
(11, 34, 2)
(11, 35, 2)
(11, 36, 2)
(11, 37, 2)
(11, 38, 2)
(11, 39, 2)

(12, 0, 6)
(12, 1, 6)
(12, 2, 6)
(12, 3, 6)
(12, 4, 6)
(12, 5, 6)
(12, 6, 4)
(12, 7, 4)
(12, 8, 4)
(12, 9, 4)
(12, 10, 4)
(12, 11, 4)
(12, 12, 4)
(12, 13, 4)
(12, 14, 4)
(12, 15, 4)
(12, 16, 4)
(12, 17, 4)
(12, 18, 4)
(12, 19, 4)
(12, 20, 4)
(12, 21, 4)
(12, 22, 4)
(12, 23, 3)
(12, 24, 3)
(12, 25, 3)
(12, 26, 3)
(12, 27, 2)
(12, 28, 2)
(12, 29, 2)
(12, 30, 2)
(12, 31, 2)
(12, 32, 2)
(12, 33, 2)
(12, 34, 2)
(12, 35, 2)
(12, 36, 2)
(12, 37, 2)
(12, 38, 2)
(12, 39, 2)

(13, 0, 6)
(13, 1, 6)
(13, 2, 6)
(13, 3, 6)
(13, 4, 6)
(13, 5, 6)
(13, 6, 4)
(13, 7, 4)
(13, 8, 4)
(13, 9, 4)
(13, 10, 4)
(13, 11, 4)
(13, 12, 4)
(13, 13, 4)
(13, 14, 4)
(13, 15, 4)
(13, 16, 4)
(13, 17, 4)
(13, 18, 4)
(13, 19, 4)
(13, 20, 4)
(13, 21, 4)
(13, 22, 4)
(13, 23, 3)
(13, 24, 3)
(13, 25, 3)
(13, 26, 3)
(13, 27, 2)
(13, 28, 2)
(13, 29, 2)
(13, 30, 2)
(13, 31, 2)
(13, 32, 2)
(13, 33, 2)
(13, 34, 2)
(13, 35, 2)
(13, 36, 2)
(13, 37, 2)
(13, 38, 2)
(13, 39, 2)

(14, 0, 6)
(14, 1, 6)
(14, 2, 6)
(14, 3, 6)
(14, 4, 6)
(14, 5, 6)
(14, 6, 4)
(14, 7, 4)
(14, 8, 4)
(14, 9, 4)
(14, 10, 4)
(14, 11, 4)
(14, 12, 4)
(14, 13, 4)
(14, 14, 4)
(14, 15, 4)
(14, 16, 4)
(14, 17, 4)
(14, 18, 4)
(14, 19, 4)
(14, 20, 4)
(14, 21, 4)
(14, 22, 4)
(14, 23, 3)
(14, 24, 3)
(14, 25, 3)
(14, 26, 3)
(14, 27, 2)
(14, 28, 2)
(14, 29, 2)
(14, 30, 2)
(14, 31, 2)
(14, 32, 2)
(14, 33, 2)
(14, 34, 2)
(14, 35, 2)
(14, 36, 2)
(14, 37, 2)
(14, 38, 2)
(14, 39, 2)

(15, 0, 6)
(15, 1, 6)
(15, 2, 6)
(15, 3, 6)
(15, 4, 6)
(15, 5, 6)
(15, 6, 4)
(15, 7, 4)
(15, 8, 4)
(15, 9, 4)
(15, 10, 4)
(15, 11, 4)
(15, 12, 4)
(15, 13, 4)
(15, 14, 4)
(15, 15, 4)
(15, 16, 4)
(15, 17, 4)
(15, 18, 4)
(15, 19, 4)
(15, 20, 4)
(15, 21, 4)
(15, 22, 4)
(15, 23, 3)
(15, 24, 3)
(15, 25, 3)
(15, 26, 3)
(15, 27, 2)
(15, 28, 2)
(15, 29, 2)
(15, 30, 2)
(15, 31, 2)
(15, 32, 2)
(15, 33, 2)
(15, 34, 2)
(15, 35, 2)
(15, 36, 2)
(15, 37, 2)
(15, 38, 2)
(15, 39, 2)

(16, 0, 6)
(16, 1, 6)
(16, 2, 6)
(16, 3, 6)
(16, 4, 6)
(16, 5, 6)
(16, 6, 4)
(16, 7, 4)
(16, 8, 4)
(16, 9, 4)
(16, 10, 4)
(16, 11, 4)
(16, 12, 4)
(16, 13, 4)
(16, 14, 4)
(16, 15, 4)
(16, 16, 4)
(16, 17, 4)
(16, 18, 4)
(16, 19, 4)
(16, 20, 4)
(16, 21, 4)
(16, 22, 4)
(16, 23, 3)
(16, 24, 3)
(16, 25, 3)
(16, 26, 3)
(16, 27, 2)
(16, 28, 2)
(16, 29, 2)
(16, 30, 2)
(16, 31, 2)
(16, 32, 2)
(16, 33, 2)
(16, 34, 2)
(16, 35, 2)
(16, 36, 2)
(16, 37, 2)
(16, 38, 2)
(16, 39, 2)

(17, 0, 6)
(17, 1, 6)
(17, 2, 6)
(17, 3, 6)
(17, 4, 6)
(17, 5, 6)
(17, 6, 4)
(17, 7, 4)
(17, 8, 4)
(17, 9, 4)
(17, 10, 4)
(17, 11, 4)
(17, 12, 4)
(17, 13, 4)
(17, 14, 4)
(17, 15, 4)
(17, 16, 4)
(17, 17, 4)
(17, 18, 4)
(17, 19, 4)
(17, 20, 4)
(17, 21, 4)
(17, 22, 4)
(17, 23, 3)
(17, 24, 3)
(17, 25, 3)
(17, 26, 3)
(17, 27, 2)
(17, 28, 2)
(17, 29, 2)
(17, 30, 2)
(17, 31, 2)
(17, 32, 2)
(17, 33, 2)
(17, 34, 2)
(17, 35, 2)
(17, 36, 2)
(17, 37, 2)
(17, 38, 2)
(17, 39, 2)

(18, 0, 6)
(18, 1, 6)
(18, 2, 6)
(18, 3, 6)
(18, 4, 6)
(18, 5, 6)
(18, 6, 4)
(18, 7, 4)
(18, 8, 4)
(18, 9, 4)
(18, 10, 4)
(18, 11, 4)
(18, 12, 4)
(18, 13, 4)
(18, 14, 4)
(18, 15, 4)
(18, 16, 4)
(18, 17, 4)
(18, 18, 4)
(18, 19, 4)
(18, 20, 4)
(18, 21, 4)
(18, 22, 4)
(18, 23, 3)
(18, 24, 3)
(18, 25, 3)
(18, 26, 3)
(18, 27, 2)
(18, 28, 2)
(18, 29, 2)
(18, 30, 2)
(18, 31, 2)
(18, 32, 2)
(18, 33, 2)
(18, 34, 2)
(18, 35, 2)
(18, 36, 2)
(18, 37, 2)
(18, 38, 2)
(18, 39, 2)

(19, 0, 9)
(19, 1, 9)
(19, 2, 9)
(19, 3, 9)
(19, 4, 9)
(19, 5, 9)
(19, 6, 7)
(19, 7, 7)
(19, 8, 7)
(19, 9, 6)
(19, 10, 6)
(19, 11, 6)
(19, 12, 6)
(19, 13, 6)
(19, 14, 6)
(19, 15, 6)
(19, 16, 6)
(19, 17, 6)
(19, 18, 6)
(19, 19, 6)
(19, 20, 6)
(19, 21, 6)
(19, 22, 6)
(19, 23, 5)
(19, 24, 5)
(19, 25, 5)
(19, 26, 5)
(19, 27, 4)
(19, 28, 4)
(19, 29, 4)
(19, 30, 4)
(19, 31, 4)
(19, 32, 4)
(19, 33, 4)
(19, 34, 4)
(19, 35, 4)
(19, 36, 4)
(19, 37, 4)
(19, 38, 4)
(19, 39, 4)

(20, 0, 10)
(20, 1, 10)
(20, 2, 10)
(20, 3, 10)
(20, 4, 10)
(20, 5, 10)
(20, 6, 8)
(20, 7, 8)
(20, 8, 8)
(20, 9, 7)
(20, 10, 7)
(20, 11, 7)
(20, 12, 7)
(20, 13, 7)
(20, 14, 7)
(20, 15, 7)
(20, 16, 7)
(20, 17, 7)
(20, 18, 7)
(20, 19, 7)
(20, 20, 7)
(20, 21, 7)
(20, 22, 7)
(20, 23, 6)
(20, 24, 6)
(20, 25, 6)
(20, 26, 6)
(20, 27, 5)
(20, 28, 5)
(20, 29, 5)
(20, 30, 5)
(20, 31, 5)
(20, 32, 5)
(20, 33, 5)
(20, 34, 5)
(20, 35, 5)
(20, 36, 5)
(20, 37, 5)
(20, 38, 5)
(20, 39, 5)

(21, 0, 21)
(21, 1, 13)
(21, 2, 13)
(21, 3, 13)
(21, 4, 13)
(21, 5, 13)
(21, 6, 10)
(21, 7, 10)
(21, 8, 10)
(21, 9, 9)
(21, 10, 9)
(21, 11, 9)
(21, 12, 9)
(21, 13, 9)
(21, 14, 9)
(21, 15, 9)
(21, 16, 9)
(21, 17, 9)
(21, 18, 9)
(21, 19, 9)
(21, 20, 9)
(21, 21, 9)
(21, 22, 9)
(21, 23, 8)
(21, 24, 8)
(21, 25, 8)
(21, 26, 8)
(21, 27, 7)
(21, 28, 7)
(21, 29, 7)
(21, 30, 7)
(21, 31, 7)
(21, 32, 7)
(21, 33, 7)
(21, 34, 7)
(21, 35, 7)
(21, 36, 7)
(21, 37, 7)
(21, 38, 7)
(21, 39, 7)

(22, 0, 33)
(22, 1, 17)
(22, 2, 14)
(22, 3, 14)
(22, 4, 14)
(22, 5, 14)
(22, 6, 11)
(22, 7, 11)
(22, 8, 11)
(22, 9, 10)
(22, 10, 10)
(22, 11, 10)
(22, 12, 10)
(22, 13, 10)
(22, 14, 10)
(22, 15, 10)
(22, 16, 10)
(22, 17, 10)
(22, 18, 10)
(22, 19, 10)
(22, 20, 10)
(22, 21, 10)
(22, 22, 10)
(22, 23, 9)
(22, 24, 9)
(22, 25, 9)
(22, 26, 9)
(22, 27, 8)
(22, 28, 8)
(22, 29, 8)
(22, 30, 8)
(22, 31, 8)
(22, 32, 8)
(22, 33, 8)
(22, 34, 8)
(22, 35, 8)
(22, 36, 8)
(22, 37, 8)
(22, 38, 8)
(22, 39, 7)

(23, 0, 35)
(23, 1, 19)
(23, 2, 16)
(23, 3, 16)
(23, 4, 16)
(23, 5, 16)
(23, 6, 12)
(23, 7, 12)
(23, 8, 12)
(23, 9, 11)
(23, 10, 11)
(23, 11, 11)
(23, 12, 11)
(23, 13, 11)
(23, 14, 11)
(23, 15, 11)
(23, 16, 11)
(23, 17, 11)
(23, 18, 11)
(23, 19, 11)
(23, 20, 11)
(23, 21, 11)
(23, 22, 11)
(23, 23, 10)
(23, 24, 10)
(23, 25, 10)
(23, 26, 10)
(23, 27, 9)
(23, 28, 9)
(23, 29, 9)
(23, 30, 9)
(23, 31, 9)
(23, 32, 9)
(23, 33, 9)
(23, 34, 9)
(23, 35, 9)
(23, 36, 9)
(23, 37, 9)
(23, 38, 9)
(23, 39, 8)

(24, 0, 37)
(24, 1, 21)
(24, 2, 18)
(24, 3, 18)
(24, 4, 18)
(24, 5, 18)
(24, 6, 14)
(24, 7, 14)
(24, 8, 14)
(24, 9, 13)
(24, 10, 13)
(24, 11, 13)
(24, 12, 13)
(24, 13, 13)
(24, 14, 13)
(24, 15, 13)
(24, 16, 13)
(24, 17, 13)
(24, 18, 13)
(24, 19, 13)
(24, 20, 13)
(24, 21, 13)
(24, 22, 13)
(24, 23, 12)
(24, 24, 12)
(24, 25, 12)
(24, 26, 12)
(24, 27, 11)
(24, 28, 11)
(24, 29, 11)
(24, 30, 11)
(24, 31, 11)
(24, 32, 11)
(24, 33, 11)
(24, 34, 11)
(24, 35, 11)
(24, 36, 9)
(24, 37, 9)
(24, 38, 9)
(24, 39, 8)

(25, 0, 38)
(25, 1, 22)
(25, 2, 19)
(25, 3, 19)
(25, 4, 19)
(25, 5, 19)
(25, 6, 15)
(25, 7, 15)
(25, 8, 15)
(25, 9, 14)
(25, 10, 14)
(25, 11, 14)
(25, 12, 14)
(25, 13, 14)
(25, 14, 14)
(25, 15, 14)
(25, 16, 14)
(25, 17, 14)
(25, 18, 14)
(25, 19, 14)
(25, 20, 14)
(25, 21, 14)
(25, 22, 14)
(25, 23, 13)
(25, 24, 13)
(25, 25, 13)
(25, 26, 13)
(25, 27, 12)
(25, 28, 12)
(25, 29, 12)
(25, 30, 12)
(25, 31, 12)
(25, 32, 12)
(25, 33, 12)
(25, 34, 12)
(25, 35, 12)
(25, 36, 9)
(25, 37, 9)
(25, 38, 9)
(25, 39, 8)

(26, 0, 39)
(26, 1, 23)
(26, 2, 20)
(26, 3, 20)
(26, 4, 20)
(26, 5, 20)
(26, 6, 16)
(26, 7, 16)
(26, 8, 16)
(26, 9, 15)
(26, 10, 15)
(26, 11, 15)
(26, 12, 15)
(26, 13, 15)
(26, 14, 15)
(26, 15, 15)
(26, 16, 15)
(26, 17, 15)
(26, 18, 15)
(26, 19, 15)
(26, 20, 15)
(26, 21, 15)
(26, 22, 15)
(26, 23, 14)
(26, 24, 14)
(26, 25, 13)
(26, 26, 13)
(26, 27, 12)
(26, 28, 12)
(26, 29, 12)
(26, 30, 12)
(26, 31, 12)
(26, 32, 12)
(26, 33, 12)
(26, 34, 12)
(26, 35, 12)
(26, 36, 9)
(26, 37, 9)
(26, 38, 9)
(26, 39, 8)

(27, 0, 42)
(27, 1, 26)
(27, 2, 23)
(27, 3, 23)
(27, 4, 23)
(27, 5, 23)
(27, 6, 19)
(27, 7, 19)
(27, 8, 19)
(27, 9, 17)
(27, 10, 17)
(27, 11, 17)
(27, 12, 17)
(27, 13, 17)
(27, 14, 17)
(27, 15, 17)
(27, 16, 17)
(27, 17, 17)
(27, 18, 17)
(27, 19, 17)
(27, 20, 17)
(27, 21, 17)
(27, 22, 17)
(27, 23, 16)
(27, 24, 16)
(27, 25, 15)
(27, 26, 15)
(27, 27, 14)
(27, 28, 14)
(27, 29, 14)
(27, 30, 14)
(27, 31, 14)
(27, 32, 14)
(27, 33, 14)
(27, 34, 14)
(27, 35, 14)
(27, 36, 11)
(27, 37, 11)
(27, 38, 11)
(27, 39, 10)

(28, 0, 42)
(28, 1, 26)
(28, 2, 23)
(28, 3, 23)
(28, 4, 23)
(28, 5, 23)
(28, 6, 19)
(28, 7, 19)
(28, 8, 19)
(28, 9, 17)
(28, 10, 17)
(28, 11, 17)
(28, 12, 17)
(28, 13, 17)
(28, 14, 17)
(28, 15, 17)
(28, 16, 17)
(28, 17, 17)
(28, 18, 17)
(28, 19, 17)
(28, 20, 17)
(28, 21, 17)
(28, 22, 17)
(28, 23, 16)
(28, 24, 16)
(28, 25, 15)
(28, 26, 15)
(28, 27, 14)
(28, 28, 14)
(28, 29, 14)
(28, 30, 14)
(28, 31, 14)
(28, 32, 14)
(28, 33, 14)
(28, 34, 14)
(28, 35, 14)
(28, 36, 11)
(28, 37, 11)
(28, 38, 11)
(28, 39, 10)

(29, 0, 42)
(29, 1, 26)
(29, 2, 23)
(29, 3, 23)
(29, 4, 23)
(29, 5, 23)
(29, 6, 19)
(29, 7, 19)
(29, 8, 19)
(29, 9, 17)
(29, 10, 17)
(29, 11, 17)
(29, 12, 17)
(29, 13, 17)
(29, 14, 17)
(29, 15, 17)
(29, 16, 17)
(29, 17, 17)
(29, 18, 17)
(29, 19, 17)
(29, 20, 17)
(29, 21, 17)
(29, 22, 17)
(29, 23, 16)
(29, 24, 16)
(29, 25, 15)
(29, 26, 15)
(29, 27, 14)
(29, 28, 14)
(29, 29, 14)
(29, 30, 14)
(29, 31, 14)
(29, 32, 14)
(29, 33, 14)
(29, 34, 14)
(29, 35, 14)
(29, 36, 11)
(29, 37, 11)
(29, 38, 11)
(29, 39, 10)

(30, 0, 42)
(30, 1, 26)
(30, 2, 23)
(30, 3, 23)
(30, 4, 23)
(30, 5, 23)
(30, 6, 19)
(30, 7, 19)
(30, 8, 19)
(30, 9, 17)
(30, 10, 17)
(30, 11, 17)
(30, 12, 17)
(30, 13, 17)
(30, 14, 17)
(30, 15, 17)
(30, 16, 17)
(30, 17, 17)
(30, 18, 17)
(30, 19, 17)
(30, 20, 17)
(30, 21, 17)
(30, 22, 17)
(30, 23, 16)
(30, 24, 16)
(30, 25, 15)
(30, 26, 15)
(30, 27, 14)
(30, 28, 14)
(30, 29, 14)
(30, 30, 14)
(30, 31, 14)
(30, 32, 14)
(30, 33, 14)
(30, 34, 14)
(30, 35, 14)
(30, 36, 11)
(30, 37, 11)
(30, 38, 11)
(30, 39, 10)

(31, 0, 42)
(31, 1, 26)
(31, 2, 23)
(31, 3, 23)
(31, 4, 23)
(31, 5, 23)
(31, 6, 19)
(31, 7, 19)
(31, 8, 19)
(31, 9, 17)
(31, 10, 17)
(31, 11, 17)
(31, 12, 17)
(31, 13, 17)
(31, 14, 17)
(31, 15, 17)
(31, 16, 17)
(31, 17, 17)
(31, 18, 17)
(31, 19, 17)
(31, 20, 17)
(31, 21, 17)
(31, 22, 17)
(31, 23, 16)
(31, 24, 16)
(31, 25, 15)
(31, 26, 15)
(31, 27, 14)
(31, 28, 14)
(31, 29, 14)
(31, 30, 14)
(31, 31, 14)
(31, 32, 14)
(31, 33, 14)
(31, 34, 14)
(31, 35, 14)
(31, 36, 11)
(31, 37, 11)
(31, 38, 11)
(31, 39, 10)

(32, 0, 42)
(32, 1, 26)
(32, 2, 23)
(32, 3, 23)
(32, 4, 23)
(32, 5, 23)
(32, 6, 19)
(32, 7, 19)
(32, 8, 19)
(32, 9, 17)
(32, 10, 17)
(32, 11, 17)
(32, 12, 17)
(32, 13, 17)
(32, 14, 17)
(32, 15, 17)
(32, 16, 17)
(32, 17, 17)
(32, 18, 17)
(32, 19, 17)
(32, 20, 17)
(32, 21, 17)
(32, 22, 17)
(32, 23, 16)
(32, 24, 16)
(32, 25, 15)
(32, 26, 15)
(32, 27, 14)
(32, 28, 14)
(32, 29, 14)
(32, 30, 14)
(32, 31, 14)
(32, 32, 14)
(32, 33, 14)
(32, 34, 14)
(32, 35, 14)
(32, 36, 11)
(32, 37, 11)
(32, 38, 11)
(32, 39, 10)

(33, 0, 42)
(33, 1, 26)
(33, 2, 23)
(33, 3, 23)
(33, 4, 23)
(33, 5, 23)
(33, 6, 19)
(33, 7, 19)
(33, 8, 19)
(33, 9, 17)
(33, 10, 17)
(33, 11, 17)
(33, 12, 17)
(33, 13, 17)
(33, 14, 17)
(33, 15, 17)
(33, 16, 17)
(33, 17, 17)
(33, 18, 17)
(33, 19, 17)
(33, 20, 17)
(33, 21, 17)
(33, 22, 17)
(33, 23, 16)
(33, 24, 16)
(33, 25, 15)
(33, 26, 15)
(33, 27, 14)
(33, 28, 14)
(33, 29, 14)
(33, 30, 14)
(33, 31, 14)
(33, 32, 14)
(33, 33, 14)
(33, 34, 14)
(33, 35, 14)
(33, 36, 11)
(33, 37, 11)
(33, 38, 11)
(33, 39, 10)

(34, 0, 42)
(34, 1, 26)
(34, 2, 23)
(34, 3, 23)
(34, 4, 23)
(34, 5, 23)
(34, 6, 19)
(34, 7, 19)
(34, 8, 19)
(34, 9, 17)
(34, 10, 17)
(34, 11, 17)
(34, 12, 17)
(34, 13, 17)
(34, 14, 17)
(34, 15, 17)
(34, 16, 17)
(34, 17, 17)
(34, 18, 17)
(34, 19, 17)
(34, 20, 17)
(34, 21, 17)
(34, 22, 17)
(34, 23, 16)
(34, 24, 16)
(34, 25, 15)
(34, 26, 15)
(34, 27, 14)
(34, 28, 14)
(34, 29, 14)
(34, 30, 14)
(34, 31, 14)
(34, 32, 14)
(34, 33, 14)
(34, 34, 14)
(34, 35, 14)
(34, 36, 11)
(34, 37, 11)
(34, 38, 11)
(34, 39, 10)

(35, 0, 42)
(35, 1, 26)
(35, 2, 23)
(35, 3, 23)
(35, 4, 23)
(35, 5, 23)
(35, 6, 19)
(35, 7, 19)
(35, 8, 19)
(35, 9, 17)
(35, 10, 17)
(35, 11, 17)
(35, 12, 17)
(35, 13, 17)
(35, 14, 17)
(35, 15, 17)
(35, 16, 17)
(35, 17, 17)
(35, 18, 17)
(35, 19, 17)
(35, 20, 17)
(35, 21, 17)
(35, 22, 17)
(35, 23, 16)
(35, 24, 16)
(35, 25, 15)
(35, 26, 15)
(35, 27, 14)
(35, 28, 14)
(35, 29, 14)
(35, 30, 14)
(35, 31, 14)
(35, 32, 14)
(35, 33, 14)
(35, 34, 14)
(35, 35, 14)
(35, 36, 11)
(35, 37, 11)
(35, 38, 11)
(35, 39, 10)

(36, 0, 42)
(36, 1, 26)
(36, 2, 23)
(36, 3, 23)
(36, 4, 23)
(36, 5, 23)
(36, 6, 19)
(36, 7, 19)
(36, 8, 19)
(36, 9, 17)
(36, 10, 17)
(36, 11, 17)
(36, 12, 17)
(36, 13, 17)
(36, 14, 17)
(36, 15, 17)
(36, 16, 17)
(36, 17, 17)
(36, 18, 17)
(36, 19, 17)
(36, 20, 17)
(36, 21, 17)
(36, 22, 17)
(36, 23, 16)
(36, 24, 16)
(36, 25, 15)
(36, 26, 15)
(36, 27, 14)
(36, 28, 14)
(36, 29, 14)
(36, 30, 14)
(36, 31, 14)
(36, 32, 14)
(36, 33, 14)
(36, 34, 14)
(36, 35, 14)
(36, 36, 11)
(36, 37, 11)
(36, 38, 11)
(36, 39, 10)

(37, 0, 45)
(37, 1, 29)
(37, 2, 26)
(37, 3, 26)
(37, 4, 26)
(37, 5, 26)
(37, 6, 22)
(37, 7, 22)
(37, 8, 21)
(37, 9, 19)
(37, 10, 19)
(37, 11, 19)
(37, 12, 19)
(37, 13, 19)
(37, 14, 19)
(37, 15, 19)
(37, 16, 19)
(37, 17, 19)
(37, 18, 19)
(37, 19, 19)
(37, 20, 19)
(37, 21, 19)
(37, 22, 19)
(37, 23, 18)
(37, 24, 18)
(37, 25, 17)
(37, 26, 17)
(37, 27, 16)
(37, 28, 16)
(37, 29, 16)
(37, 30, 16)
(37, 31, 16)
(37, 32, 16)
(37, 33, 16)
(37, 34, 16)
(37, 35, 16)
(37, 36, 13)
(37, 37, 12)
(37, 38, 12)
(37, 39, 11)

(38, 0, 50)
(38, 1, 34)
(38, 2, 28)
(38, 3, 27)
(38, 4, 27)
(38, 5, 27)
(38, 6, 23)
(38, 7, 23)
(38, 8, 21)
(38, 9, 19)
(38, 10, 19)
(38, 11, 19)
(38, 12, 19)
(38, 13, 19)
(38, 14, 19)
(38, 15, 19)
(38, 16, 19)
(38, 17, 19)
(38, 18, 19)
(38, 19, 19)
(38, 20, 19)
(38, 21, 19)
(38, 22, 19)
(38, 23, 18)
(38, 24, 17)
(38, 25, 16)
(38, 26, 16)
(38, 27, 15)
(38, 28, 15)
(38, 29, 15)
(38, 30, 15)
(38, 31, 15)
(38, 32, 15)
(38, 33, 15)
(38, 34, 15)
(38, 35, 15)
(38, 36, 12)
(38, 37, 12)
(38, 38, 12)
(38, 39, 11)

(39, 0, 53)
(39, 1, 37)
(39, 2, 29)
(39, 3, 27)
(39, 4, 27)
(39, 5, 27)
(39, 6, 23)
(39, 7, 23)
(39, 8, 20)
(39, 9, 18)
(39, 10, 18)
(39, 11, 18)
(39, 12, 18)
(39, 13, 18)
(39, 14, 18)
(39, 15, 18)
(39, 16, 18)
(39, 17, 18)
(39, 18, 18)
(39, 19, 18)
(39, 20, 18)
(39, 21, 18)
(39, 22, 18)
(39, 23, 17)
(39, 24, 17)
(39, 25, 16)
(39, 26, 16)
(39, 27, 15)
(39, 28, 15)
(39, 29, 15)
(39, 30, 15)
(39, 31, 15)
(39, 32, 15)
(39, 33, 15)
(39, 34, 15)
(39, 35, 15)
(39, 36, 12)
(39, 37, 12)
(39, 38, 12)
(39, 39, 11)


Betti numbers:
xi_0:
(0, 0, 2)
(1, 0, 2)
(3, 0, 1)
(4, 0, 1)
(19, 0, 3)
(20, 0, 1)
(21, 0, 11)
(22, 0, 12)
(23, 0, 2)
(24, 0, 2)
(25, 0, 1)
(26, 0, 1)
(27, 0, 3)
(37, 0, 3)
(38, 0, 5)
(39, 0, 3)
xi_1:
(0, 6, 1)
(1, 6, 1)
(3, 23, 1)
(4, 27, 1)
(19, 9, 1)
(21, 1, 8)
(21, 6, 1)
(22, 1, 8)
(22, 2, 3)
(22, 39, 1)
(23, 6, 1)
(24, 36, 2)
(25, 36, 1)
(26, 25, 1)
(27, 9, 1)
(37, 8, 1)
(37, 37, 1)
(38, 2, 3)
(38, 3, 1)
(38, 8, 1)
(38, 24, 1)
(39, 2, 2)
(39, 3, 1)
(39, 8, 1)
xi_2:
(38, 37, 1)
(39, 24, 1)
