x-grades
-1517453686447613781/400000000000000000
-740180893063088461/200000000000000000
-1443269885804740063/400000000000000000
-351544496370825801/100000000000000000
-273817217032373269/80000000000000000
-665997092420214743/200000000000000000
-1294902284518992627/400000000000000000
-157226298024694471/50000000000000000
-1220718483876118909/400000000000000000
-23672531671093641/8000000000000000
-1146534683233245191/400000000000000000
-277360695727952083/100000000000000000
-1072350882590371473/400000000000000000
-517629491134467307/200000000000000000
-199633416389499551/80000000000000000
-30033599425814403/12500000000000000
-923983281304624037/400000000000000000
-443445690491593589/200000000000000000
-849799480661750319/400000000000000000
-40635379017015673/20000000000000000
-775615680018876601/400000000000000000
-369261889848719871/200000000000000000
-701431879376002883/400000000000000000
-83042497381820753/50000000000000000
-125449615746625833/80000000000000000
-295078089205846153/200000000000000000
-553064278090255447/400000000000000000
-128993094442204647/100000000000000000
-478880477447381729/400000000000000000
-44178857712594487/40000000000000000
-404696676804508011/400000000000000000
-22975298530191947/25000000000000000
-330512876161634293/400000000000000000
-146710487920098717/200000000000000000
-10253163020750423/16000000000000000
-54809293799330929/100000000000000000
-182145274875886857/400000000000000000
-72526687277224999/200000000000000000
-107961474233013139/400000000000000000
-1771739347789407/10000000000000000

y-grades
9998911/4000000
9998911/2000000
29996733/4000000
9998911/1000000
9998911/800000
29996733/2000000
69992377/4000000
9998911/500000
89990199/4000000
9998911/400000
109988021/4000000
29996733/1000000
129985843/4000000
69992377/2000000
29996733/800000
9998911/250000
169981487/4000000
89990199/2000000
189979309/4000000
9998911/200000
209977131/4000000
109988021/2000000
229974953/4000000
29996733/500000
9998911/160000
129985843/2000000
269970597/4000000
69992377/1000000
289968419/4000000
29996733/400000
309966241/4000000
9998911/125000
329964063/4000000
169981487/2000000
69992377/800000
89990199/1000000
369959707/4000000
189979309/2000000
389957529/4000000
9998911/100000

Dimensions > 0:
(0, 0, 1)
(0, 1, 1)
(0, 2, 1)
(0, 3, 1)
(0, 4, 1)
(0, 5, 1)
(0, 6, 1)
(0, 7, 1)
(0, 8, 1)
(0, 9, 1)
(0, 10, 1)
(0, 11, 1)
(0, 12, 1)
(0, 13, 1)
(0, 14, 1)
(0, 15, 1)
(0, 16, 1)
(0, 17, 1)
(0, 18, 1)
(0, 19, 1)
(0, 20, 1)
(0, 21, 1)
(0, 22, 1)
(0, 23, 1)
(0, 24, 1)
(0, 25, 1)
(0, 26, 1)
(0, 27, 1)
(0, 28, 1)
(0, 29, 1)
(0, 30, 1)
(0, 31, 1)
(0, 32, 1)
(0, 33, 1)
(0, 34, 1)
(0, 35, 1)
(0, 36, 1)
(0, 37, 1)
(0, 38, 1)
(0, 39, 1)

(1, 0, 3)
(1, 1, 2)
(1, 2, 2)
(1, 3, 2)
(1, 4, 2)
(1, 5, 2)
(1, 6, 2)
(1, 7, 2)
(1, 8, 2)
(1, 9, 2)
(1, 10, 2)
(1, 11, 2)
(1, 12, 2)
(1, 13, 2)
(1, 14, 2)
(1, 15, 2)
(1, 16, 2)
(1, 17, 2)
(1, 18, 2)
(1, 19, 2)
(1, 20, 2)
(1, 21, 2)
(1, 22, 2)
(1, 23, 2)
(1, 24, 2)
(1, 25, 2)
(1, 26, 2)
(1, 27, 2)
(1, 28, 2)
(1, 29, 2)
(1, 30, 2)
(1, 31, 2)
(1, 32, 2)
(1, 33, 2)
(1, 34, 2)
(1, 35, 2)
(1, 36, 2)
(1, 37, 1)
(1, 38, 1)
(1, 39, 1)

(2, 0, 4)
(2, 1, 2)
(2, 2, 2)
(2, 3, 2)
(2, 4, 2)
(2, 5, 2)
(2, 6, 2)
(2, 7, 2)
(2, 8, 2)
(2, 9, 2)
(2, 10, 2)
(2, 11, 2)
(2, 12, 2)
(2, 13, 2)
(2, 14, 2)
(2, 15, 2)
(2, 16, 2)
(2, 17, 2)
(2, 18, 2)
(2, 19, 2)
(2, 20, 2)
(2, 21, 2)
(2, 22, 2)
(2, 23, 2)
(2, 24, 2)
(2, 25, 2)
(2, 26, 2)
(2, 27, 2)
(2, 28, 2)
(2, 29, 2)
(2, 30, 2)
(2, 31, 2)
(2, 32, 2)
(2, 33, 2)
(2, 34, 2)
(2, 35, 2)
(2, 36, 1)
(2, 37, 1)
(2, 38, 1)
(2, 39, 1)

(3, 0, 6)
(3, 1, 4)
(3, 2, 4)
(3, 3, 4)
(3, 4, 4)
(3, 5, 4)
(3, 6, 3)
(3, 7, 3)
(3, 8, 3)
(3, 9, 3)
(3, 10, 3)
(3, 11, 3)
(3, 12, 3)
(3, 13, 3)
(3, 14, 3)
(3, 15, 3)
(3, 16, 3)
(3, 17, 3)
(3, 18, 3)
(3, 19, 3)
(3, 20, 3)
(3, 21, 3)
(3, 22, 3)
(3, 23, 3)
(3, 24, 3)
(3, 25, 3)
(3, 26, 3)
(3, 27, 3)
(3, 28, 3)
(3, 29, 3)
(3, 30, 3)
(3, 31, 3)
(3, 32, 3)
(3, 33, 3)
(3, 34, 3)
(3, 35, 3)
(3, 36, 2)
(3, 37, 2)
(3, 38, 2)
(3, 39, 2)

(4, 0, 8)
(4, 1, 6)
(4, 2, 6)
(4, 3, 6)
(4, 4, 6)
(4, 5, 6)
(4, 6, 3)
(4, 7, 3)
(4, 8, 3)
(4, 9, 3)
(4, 10, 3)
(4, 11, 3)
(4, 12, 3)
(4, 13, 3)
(4, 14, 3)
(4, 15, 3)
(4, 16, 3)
(4, 17, 3)
(4, 18, 3)
(4, 19, 3)
(4, 20, 3)
(4, 21, 3)
(4, 22, 3)
(4, 23, 3)
(4, 24, 3)
(4, 25, 3)
(4, 26, 3)
(4, 27, 3)
(4, 28, 3)
(4, 29, 3)
(4, 30, 3)
(4, 31, 3)
(4, 32, 3)
(4, 33, 3)
(4, 34, 3)
(4, 35, 3)
(4, 36, 2)
(4, 37, 2)
(4, 38, 2)
(4, 39, 2)

(5, 0, 10)
(5, 1, 8)
(5, 2, 8)
(5, 3, 8)
(5, 4, 8)
(5, 5, 8)
(5, 6, 3)
(5, 7, 3)
(5, 8, 3)
(5, 9, 3)
(5, 10, 3)
(5, 11, 3)
(5, 12, 3)
(5, 13, 3)
(5, 14, 3)
(5, 15, 3)
(5, 16, 3)
(5, 17, 3)
(5, 18, 3)
(5, 19, 3)
(5, 20, 3)
(5, 21, 3)
(5, 22, 3)
(5, 23, 3)
(5, 24, 3)
(5, 25, 3)
(5, 26, 3)
(5, 27, 3)
(5, 28, 3)
(5, 29, 3)
(5, 30, 3)
(5, 31, 3)
(5, 32, 3)
(5, 33, 3)
(5, 34, 3)
(5, 35, 3)
(5, 36, 2)
(5, 37, 2)
(5, 38, 2)
(5, 39, 2)

(6, 0, 10)
(6, 1, 8)
(6, 2, 8)
(6, 3, 8)
(6, 4, 8)
(6, 5, 8)
(6, 6, 3)
(6, 7, 3)
(6, 8, 3)
(6, 9, 3)
(6, 10, 3)
(6, 11, 3)
(6, 12, 3)
(6, 13, 3)
(6, 14, 3)
(6, 15, 3)
(6, 16, 3)
(6, 17, 3)
(6, 18, 3)
(6, 19, 3)
(6, 20, 3)
(6, 21, 3)
(6, 22, 3)
(6, 23, 3)
(6, 24, 3)
(6, 25, 3)
(6, 26, 3)
(6, 27, 3)
(6, 28, 3)
(6, 29, 3)
(6, 30, 3)
(6, 31, 3)
(6, 32, 3)
(6, 33, 3)
(6, 34, 3)
(6, 35, 3)
(6, 36, 2)
(6, 37, 2)
(6, 38, 2)
(6, 39, 2)

(7, 0, 12)
(7, 1, 10)
(7, 2, 10)
(7, 3, 10)
(7, 4, 10)
(7, 5, 10)
(7, 6, 3)
(7, 7, 3)
(7, 8, 3)
(7, 9, 3)
(7, 10, 3)
(7, 11, 3)
(7, 12, 3)
(7, 13, 3)
(7, 14, 3)
(7, 15, 3)
(7, 16, 3)
(7, 17, 3)
(7, 18, 3)
(7, 19, 3)
(7, 20, 3)
(7, 21, 3)
(7, 22, 3)
(7, 23, 3)
(7, 24, 3)
(7, 25, 3)
(7, 26, 3)
(7, 27, 3)
(7, 28, 3)
(7, 29, 3)
(7, 30, 3)
(7, 31, 3)
(7, 32, 3)
(7, 33, 3)
(7, 34, 3)
(7, 35, 3)
(7, 36, 2)
(7, 37, 2)
(7, 38, 2)
(7, 39, 2)

(8, 0, 13)
(8, 1, 11)
(8, 2, 11)
(8, 3, 11)
(8, 4, 11)
(8, 5, 11)
(8, 6, 4)
(8, 7, 4)
(8, 8, 4)
(8, 9, 4)
(8, 10, 4)
(8, 11, 4)
(8, 12, 4)
(8, 13, 4)
(8, 14, 4)
(8, 15, 4)
(8, 16, 4)
(8, 17, 3)
(8, 18, 3)
(8, 19, 3)
(8, 20, 3)
(8, 21, 3)
(8, 22, 2)
(8, 23, 2)
(8, 24, 2)
(8, 25, 2)
(8, 26, 2)
(8, 27, 2)
(8, 28, 2)
(8, 29, 2)
(8, 30, 2)
(8, 31, 2)
(8, 32, 2)
(8, 33, 2)
(8, 34, 2)
(8, 35, 2)
(8, 36, 2)
(8, 37, 2)
(8, 38, 2)
(8, 39, 2)

(9, 0, 17)
(9, 1, 15)
(9, 2, 15)
(9, 3, 15)
(9, 4, 15)
(9, 5, 15)
(9, 6, 4)
(9, 7, 4)
(9, 8, 4)
(9, 9, 4)
(9, 10, 4)
(9, 11, 4)
(9, 12, 4)
(9, 13, 4)
(9, 14, 4)
(9, 15, 4)
(9, 16, 4)
(9, 17, 2)
(9, 18, 2)
(9, 19, 2)
(9, 20, 2)
(9, 21, 2)
(9, 22, 2)
(9, 23, 2)
(9, 24, 2)
(9, 25, 2)
(9, 26, 2)
(9, 27, 2)
(9, 28, 2)
(9, 29, 2)
(9, 30, 2)
(9, 31, 2)
(9, 32, 2)
(9, 33, 1)
(9, 34, 1)
(9, 35, 1)
(9, 36, 1)
(9, 37, 1)
(9, 38, 1)
(9, 39, 1)

(10, 0, 18)
(10, 1, 16)
(10, 2, 16)
(10, 3, 16)
(10, 4, 16)
(10, 5, 16)
(10, 6, 4)
(10, 7, 4)
(10, 8, 4)
(10, 9, 4)
(10, 10, 4)
(10, 11, 4)
(10, 12, 4)
(10, 13, 4)
(10, 14, 4)
(10, 15, 4)
(10, 16, 4)
(10, 17, 2)
(10, 18, 2)
(10, 19, 2)
(10, 20, 2)
(10, 21, 2)
(10, 22, 2)
(10, 23, 2)
(10, 24, 2)
(10, 25, 2)
(10, 26, 2)
(10, 27, 2)
(10, 28, 2)
(10, 29, 2)
(10, 30, 2)
(10, 31, 2)
(10, 32, 2)
(10, 33, 1)
(10, 34, 1)
(10, 35, 1)
(10, 36, 1)
(10, 37, 1)
(10, 38, 1)
(10, 39, 1)

(11, 0, 18)
(11, 1, 16)
(11, 2, 16)
(11, 3, 16)
(11, 4, 16)
(11, 5, 16)
(11, 6, 4)
(11, 7, 4)
(11, 8, 4)
(11, 9, 4)
(11, 10, 4)
(11, 11, 4)
(11, 12, 4)
(11, 13, 4)
(11, 14, 4)
(11, 15, 4)
(11, 16, 4)
(11, 17, 2)
(11, 18, 2)
(11, 19, 2)
(11, 20, 2)
(11, 21, 2)
(11, 22, 2)
(11, 23, 2)
(11, 24, 2)
(11, 25, 2)
(11, 26, 2)
(11, 27, 2)
(11, 28, 2)
(11, 29, 2)
(11, 30, 2)
(11, 31, 2)
(11, 32, 2)
(11, 33, 1)
(11, 34, 1)
(11, 35, 1)
(11, 36, 1)
(11, 37, 1)
(11, 38, 1)
(11, 39, 1)

(12, 0, 20)
(12, 1, 18)
(12, 2, 18)
(12, 3, 18)
(12, 4, 17)
(12, 5, 17)
(12, 6, 4)
(12, 7, 4)
(12, 8, 4)
(12, 9, 4)
(12, 10, 4)
(12, 11, 4)
(12, 12, 4)
(12, 13, 4)
(12, 14, 4)
(12, 15, 4)
(12, 16, 4)
(12, 17, 2)
(12, 18, 2)
(12, 19, 2)
(12, 20, 2)
(12, 21, 2)
(12, 22, 2)
(12, 23, 2)
(12, 24, 2)
(12, 25, 2)
(12, 26, 2)
(12, 27, 2)
(12, 28, 2)
(12, 29, 2)
(12, 30, 2)
(12, 31, 2)
(12, 32, 2)
(12, 33, 1)
(12, 34, 1)
(12, 35, 1)
(12, 36, 1)
(12, 37, 1)
(12, 38, 1)
(12, 39, 1)

(13, 0, 22)
(13, 1, 20)
(13, 2, 20)
(13, 3, 20)
(13, 4, 18)
(13, 5, 18)
(13, 6, 4)
(13, 7, 4)
(13, 8, 4)
(13, 9, 4)
(13, 10, 4)
(13, 11, 4)
(13, 12, 4)
(13, 13, 4)
(13, 14, 4)
(13, 15, 4)
(13, 16, 4)
(13, 17, 2)
(13, 18, 2)
(13, 19, 2)
(13, 20, 2)
(13, 21, 2)
(13, 22, 2)
(13, 23, 2)
(13, 24, 2)
(13, 25, 2)
(13, 26, 2)
(13, 27, 2)
(13, 28, 2)
(13, 29, 2)
(13, 30, 2)
(13, 31, 2)
(13, 32, 2)
(13, 33, 1)
(13, 34, 1)
(13, 35, 1)
(13, 36, 1)
(13, 37, 1)
(13, 38, 1)
(13, 39, 1)

(14, 0, 24)
(14, 1, 21)
(14, 2, 21)
(14, 3, 21)
(14, 4, 19)
(14, 5, 19)
(14, 6, 5)
(14, 7, 5)
(14, 8, 5)
(14, 9, 5)
(14, 10, 5)
(14, 11, 5)
(14, 12, 5)
(14, 13, 5)
(14, 14, 5)
(14, 15, 5)
(14, 16, 5)
(14, 17, 2)
(14, 18, 1)
(14, 19, 1)
(14, 20, 1)
(14, 21, 1)
(14, 22, 1)
(14, 23, 1)
(14, 24, 1)
(14, 25, 1)
(14, 26, 1)
(14, 27, 1)
(14, 28, 1)
(14, 29, 1)
(14, 30, 1)
(14, 31, 1)
(14, 32, 1)
(14, 33, 1)
(14, 34, 1)
(14, 35, 1)
(14, 36, 1)
(14, 37, 1)
(14, 38, 1)
(14, 39, 1)

(15, 0, 24)
(15, 1, 21)
(15, 2, 21)
(15, 3, 21)
(15, 4, 19)
(15, 5, 19)
(15, 6, 5)
(15, 7, 5)
(15, 8, 5)
(15, 9, 5)
(15, 10, 5)
(15, 11, 5)
(15, 12, 5)
(15, 13, 5)
(15, 14, 5)
(15, 15, 5)
(15, 16, 5)
(15, 17, 2)
(15, 18, 1)
(15, 19, 1)
(15, 20, 1)
(15, 21, 1)
(15, 22, 1)
(15, 23, 1)
(15, 24, 1)
(15, 25, 1)
(15, 26, 1)
(15, 27, 1)
(15, 28, 1)
(15, 29, 1)
(15, 30, 1)
(15, 31, 1)
(15, 32, 1)
(15, 33, 1)
(15, 34, 1)
(15, 35, 1)
(15, 36, 1)
(15, 37, 1)
(15, 38, 1)
(15, 39, 1)

(16, 0, 27)
(16, 1, 23)
(16, 2, 23)
(16, 3, 23)
(16, 4, 21)
(16, 5, 21)
(16, 6, 6)
(16, 7, 6)
(16, 8, 6)
(16, 9, 6)
(16, 10, 6)
(16, 11, 6)
(16, 12, 6)
(16, 13, 6)
(16, 14, 6)
(16, 15, 6)
(16, 16, 6)
(16, 17, 2)
(16, 18, 1)
(16, 19, 1)
(16, 20, 1)
(16, 21, 1)
(16, 22, 1)
(16, 23, 1)
(16, 24, 1)
(16, 25, 1)
(16, 26, 1)
(16, 27, 1)
(16, 28, 1)
(16, 29, 1)
(16, 30, 1)
(16, 31, 1)
(16, 32, 1)
(16, 33, 1)
(16, 34, 1)
(16, 35, 1)
(16, 36, 1)
(16, 37, 1)
(16, 38, 1)
(16, 39, 1)

(17, 0, 28)
(17, 1, 24)
(17, 2, 24)
(17, 3, 24)
(17, 4, 22)
(17, 5, 22)
(17, 6, 6)
(17, 7, 6)
(17, 8, 6)
(17, 9, 6)
(17, 10, 6)
(17, 11, 6)
(17, 12, 6)
(17, 13, 6)
(17, 14, 6)
(17, 15, 6)
(17, 16, 6)
(17, 17, 2)
(17, 18, 1)
(17, 19, 1)
(17, 20, 1)
(17, 21, 1)
(17, 22, 1)
(17, 23, 1)
(17, 24, 1)
(17, 25, 1)
(17, 26, 1)
(17, 27, 1)
(17, 28, 1)
(17, 29, 1)
(17, 30, 1)
(17, 31, 1)
(17, 32, 1)
(17, 33, 1)
(17, 34, 1)
(17, 35, 1)
(17, 36, 1)
(17, 37, 1)
(17, 38, 1)
(17, 39, 1)

(18, 0, 30)
(18, 1, 26)
(18, 2, 26)
(18, 3, 26)
(18, 4, 24)
(18, 5, 24)
(18, 6, 7)
(18, 7, 7)
(18, 8, 7)
(18, 9, 7)
(18, 10, 7)
(18, 11, 7)
(18, 12, 7)
(18, 13, 7)
(18, 14, 7)
(18, 15, 7)
(18, 16, 7)
(18, 17, 2)
(18, 18, 1)
(18, 19, 1)
(18, 20, 1)
(18, 21, 1)
(18, 22, 1)
(18, 23, 1)
(18, 24, 1)
(18, 25, 1)
(18, 26, 1)
(18, 27, 1)
(18, 28, 1)
(18, 29, 1)
(18, 30, 1)
(18, 31, 1)
(18, 32, 1)
(18, 33, 1)
(18, 34, 1)
(18, 35, 1)
(18, 36, 1)
(18, 37, 1)
(18, 38, 1)
(18, 39, 1)

(19, 0, 31)
(19, 1, 27)
(19, 2, 27)
(19, 3, 27)
(19, 4, 25)
(19, 5, 25)
(19, 6, 7)
(19, 7, 7)
(19, 8, 7)
(19, 9, 7)
(19, 10, 7)
(19, 11, 7)
(19, 12, 7)
(19, 13, 7)
(19, 14, 7)
(19, 15, 7)
(19, 16, 7)
(19, 17, 1)
(19, 18, 1)
(19, 19, 1)
(19, 20, 1)
(19, 21, 1)
(19, 22, 1)
(19, 23, 1)
(19, 24, 1)
(19, 25, 1)
(19, 26, 1)
(19, 27, 1)
(19, 28, 1)
(19, 29, 1)
(19, 30, 1)
(19, 31, 1)
(19, 32, 1)
(19, 33, 1)
(19, 34, 1)
(19, 35, 1)
(19, 36, 1)
(19, 37, 1)
(19, 38, 1)
(19, 39, 1)

(20, 0, 31)
(20, 1, 27)
(20, 2, 27)
(20, 3, 27)
(20, 4, 25)
(20, 5, 25)
(20, 6, 7)
(20, 7, 7)
(20, 8, 7)
(20, 9, 7)
(20, 10, 7)
(20, 11, 7)
(20, 12, 7)
(20, 13, 7)
(20, 14, 7)
(20, 15, 7)
(20, 16, 7)
(20, 17, 1)
(20, 18, 1)
(20, 19, 1)
(20, 20, 1)
(20, 21, 1)
(20, 22, 1)
(20, 23, 1)
(20, 24, 1)
(20, 25, 1)
(20, 26, 1)
(20, 27, 1)
(20, 28, 1)
(20, 29, 1)
(20, 30, 1)
(20, 31, 1)
(20, 32, 1)
(20, 33, 1)
(20, 34, 1)
(20, 35, 1)
(20, 36, 1)
(20, 37, 1)
(20, 38, 1)
(20, 39, 1)

(21, 0, 32)
(21, 1, 28)
(21, 2, 28)
(21, 3, 28)
(21, 4, 26)
(21, 5, 26)
(21, 6, 7)
(21, 7, 7)
(21, 8, 7)
(21, 9, 7)
(21, 10, 7)
(21, 11, 7)
(21, 12, 7)
(21, 13, 7)
(21, 14, 7)
(21, 15, 7)
(21, 16, 7)
(21, 17, 1)
(21, 18, 1)
(21, 19, 1)
(21, 20, 1)
(21, 21, 1)
(21, 22, 1)
(21, 23, 1)
(21, 24, 1)
(21, 25, 1)
(21, 26, 1)
(21, 27, 1)
(21, 28, 1)
(21, 29, 1)
(21, 30, 1)
(21, 31, 1)
(21, 32, 1)
(21, 33, 1)
(21, 34, 1)
(21, 35, 1)
(21, 36, 1)
(21, 37, 1)
(21, 38, 1)
(21, 39, 1)

(22, 0, 32)
(22, 1, 28)
(22, 2, 28)
(22, 3, 28)
(22, 4, 26)
(22, 5, 26)
(22, 6, 7)
(22, 7, 7)
(22, 8, 7)
(22, 9, 7)
(22, 10, 7)
(22, 11, 7)
(22, 12, 7)
(22, 13, 7)
(22, 14, 7)
(22, 15, 7)
(22, 16, 7)
(22, 17, 1)
(22, 18, 1)
(22, 19, 1)
(22, 20, 1)
(22, 21, 1)
(22, 22, 1)
(22, 23, 1)
(22, 24, 1)
(22, 25, 1)
(22, 26, 1)
(22, 27, 1)
(22, 28, 1)
(22, 29, 1)
(22, 30, 1)
(22, 31, 1)
(22, 32, 1)
(22, 33, 1)
(22, 34, 1)
(22, 35, 1)
(22, 36, 1)
(22, 37, 1)
(22, 38, 1)
(22, 39, 1)

(23, 0, 34)
(23, 1, 30)
(23, 2, 30)
(23, 3, 30)
(23, 4, 28)
(23, 5, 28)
(23, 6, 7)
(23, 7, 7)
(23, 8, 7)
(23, 9, 7)
(23, 10, 7)
(23, 11, 7)
(23, 12, 7)
(23, 13, 7)
(23, 14, 7)
(23, 15, 7)
(23, 16, 7)
(23, 17, 1)
(23, 18, 1)
(23, 19, 1)
(23, 20, 1)
(23, 21, 1)
(23, 22, 1)
(23, 23, 1)
(23, 24, 1)
(23, 25, 1)
(23, 26, 1)
(23, 27, 1)
(23, 28, 1)
(23, 29, 1)
(23, 30, 1)
(23, 31, 1)
(23, 32, 1)
(23, 33, 1)
(23, 34, 1)
(23, 35, 1)
(23, 36, 1)
(23, 37, 1)
(23, 38, 1)
(23, 39, 1)

(24, 0, 35)
(24, 1, 31)
(24, 2, 31)
(24, 3, 31)
(24, 4, 29)
(24, 5, 29)
(24, 6, 7)
(24, 7, 7)
(24, 8, 7)
(24, 9, 7)
(24, 10, 7)
(24, 11, 7)
(24, 12, 7)
(24, 13, 7)
(24, 14, 7)
(24, 15, 7)
(24, 16, 7)
(24, 17, 1)
(24, 18, 1)
(24, 19, 1)
(24, 20, 1)
(24, 21, 1)
(24, 22, 1)
(24, 23, 1)
(24, 24, 1)
(24, 25, 1)
(24, 26, 1)
(24, 27, 1)
(24, 28, 1)
(24, 29, 1)
(24, 30, 1)
(24, 31, 1)
(24, 32, 1)
(24, 33, 1)
(24, 34, 1)
(24, 35, 1)
(24, 36, 1)
(24, 37, 1)
(24, 38, 1)
(24, 39, 1)

(25, 0, 36)
(25, 1, 32)
(25, 2, 32)
(25, 3, 32)
(25, 4, 30)
(25, 5, 30)
(25, 6, 7)
(25, 7, 7)
(25, 8, 7)
(25, 9, 7)
(25, 10, 7)
(25, 11, 7)
(25, 12, 7)
(25, 13, 7)
(25, 14, 7)
(25, 15, 7)
(25, 16, 7)
(25, 17, 1)
(25, 18, 1)
(25, 19, 1)
(25, 20, 1)
(25, 21, 1)
(25, 22, 1)
(25, 23, 1)
(25, 24, 1)
(25, 25, 1)
(25, 26, 1)
(25, 27, 1)
(25, 28, 1)
(25, 29, 1)
(25, 30, 1)
(25, 31, 1)
(25, 32, 1)
(25, 33, 1)
(25, 34, 1)
(25, 35, 1)
(25, 36, 1)
(25, 37, 1)
(25, 38, 1)
(25, 39, 1)

(26, 0, 36)
(26, 1, 32)
(26, 2, 32)
(26, 3, 32)
(26, 4, 30)
(26, 5, 30)
(26, 6, 7)
(26, 7, 7)
(26, 8, 7)
(26, 9, 7)
(26, 10, 7)
(26, 11, 7)
(26, 12, 7)
(26, 13, 7)
(26, 14, 7)
(26, 15, 7)
(26, 16, 7)
(26, 17, 1)
(26, 18, 1)
(26, 19, 1)
(26, 20, 1)
(26, 21, 1)
(26, 22, 1)
(26, 23, 1)
(26, 24, 1)
(26, 25, 1)
(26, 26, 1)
(26, 27, 1)
(26, 28, 1)
(26, 29, 1)
(26, 30, 1)
(26, 31, 1)
(26, 32, 1)
(26, 33, 1)
(26, 34, 1)
(26, 35, 1)
(26, 36, 1)
(26, 37, 1)
(26, 38, 1)
(26, 39, 1)

(27, 0, 36)
(27, 1, 32)
(27, 2, 32)
(27, 3, 32)
(27, 4, 30)
(27, 5, 30)
(27, 6, 7)
(27, 7, 7)
(27, 8, 7)
(27, 9, 7)
(27, 10, 7)
(27, 11, 7)
(27, 12, 7)
(27, 13, 7)
(27, 14, 7)
(27, 15, 7)
(27, 16, 7)
(27, 17, 1)
(27, 18, 1)
(27, 19, 1)
(27, 20, 1)
(27, 21, 1)
(27, 22, 1)
(27, 23, 1)
(27, 24, 1)
(27, 25, 1)
(27, 26, 1)
(27, 27, 1)
(27, 28, 1)
(27, 29, 1)
(27, 30, 1)
(27, 31, 1)
(27, 32, 1)
(27, 33, 1)
(27, 34, 1)
(27, 35, 1)
(27, 36, 1)
(27, 37, 1)
(27, 38, 1)
(27, 39, 1)

(28, 0, 37)
(28, 1, 33)
(28, 2, 33)
(28, 3, 33)
(28, 4, 31)
(28, 5, 31)
(28, 6, 7)
(28, 7, 7)
(28, 8, 7)
(28, 9, 7)
(28, 10, 7)
(28, 11, 7)
(28, 12, 7)
(28, 13, 7)
(28, 14, 7)
(28, 15, 7)
(28, 16, 7)
(28, 17, 1)
(28, 18, 1)
(28, 19, 1)
(28, 20, 1)
(28, 21, 1)
(28, 22, 1)
(28, 23, 1)
(28, 24, 1)
(28, 25, 1)
(28, 26, 1)
(28, 27, 1)
(28, 28, 1)
(28, 29, 1)
(28, 30, 1)
(28, 31, 1)
(28, 32, 1)
(28, 33, 1)
(28, 34, 1)
(28, 35, 1)
(28, 36, 1)
(28, 37, 1)
(28, 38, 1)
(28, 39, 1)

(29, 0, 37)
(29, 1, 33)
(29, 2, 33)
(29, 3, 33)
(29, 4, 31)
(29, 5, 31)
(29, 6, 7)
(29, 7, 7)
(29, 8, 7)
(29, 9, 7)
(29, 10, 7)
(29, 11, 7)
(29, 12, 7)
(29, 13, 7)
(29, 14, 7)
(29, 15, 7)
(29, 16, 7)
(29, 17, 1)
(29, 18, 1)
(29, 19, 1)
(29, 20, 1)
(29, 21, 1)
(29, 22, 1)
(29, 23, 1)
(29, 24, 1)
(29, 25, 1)
(29, 26, 1)
(29, 27, 1)
(29, 28, 1)
(29, 29, 1)
(29, 30, 1)
(29, 31, 1)
(29, 32, 1)
(29, 33, 1)
(29, 34, 1)
(29, 35, 1)
(29, 36, 1)
(29, 37, 1)
(29, 38, 1)
(29, 39, 1)

(30, 0, 38)
(30, 1, 34)
(30, 2, 34)
(30, 3, 34)
(30, 4, 32)
(30, 5, 32)
(30, 6, 7)
(30, 7, 7)
(30, 8, 7)
(30, 9, 7)
(30, 10, 7)
(30, 11, 7)
(30, 12, 7)
(30, 13, 7)
(30, 14, 7)
(30, 15, 7)
(30, 16, 7)
(30, 17, 1)
(30, 18, 1)
(30, 19, 1)
(30, 20, 1)
(30, 21, 1)
(30, 22, 1)
(30, 23, 1)
(30, 24, 1)
(30, 25, 1)
(30, 26, 1)
(30, 27, 1)
(30, 28, 1)
(30, 29, 1)
(30, 30, 1)
(30, 31, 1)
(30, 32, 1)
(30, 33, 1)
(30, 34, 1)
(30, 35, 1)
(30, 36, 1)
(30, 37, 1)
(30, 38, 1)
(30, 39, 1)

(31, 0, 38)
(31, 1, 34)
(31, 2, 34)
(31, 3, 34)
(31, 4, 32)
(31, 5, 32)
(31, 6, 7)
(31, 7, 7)
(31, 8, 7)
(31, 9, 7)
(31, 10, 7)
(31, 11, 7)
(31, 12, 7)
(31, 13, 7)
(31, 14, 7)
(31, 15, 7)
(31, 16, 7)
(31, 17, 1)
(31, 18, 1)
(31, 19, 1)
(31, 20, 1)
(31, 21, 1)
(31, 22, 1)
(31, 23, 1)
(31, 24, 1)
(31, 25, 1)
(31, 26, 1)
(31, 27, 1)
(31, 28, 1)
(31, 29, 1)
(31, 30, 1)
(31, 31, 1)
(31, 32, 1)
(31, 33, 1)
(31, 34, 1)
(31, 35, 1)
(31, 36, 1)
(31, 37, 1)
(31, 38, 1)
(31, 39, 1)

(32, 0, 38)
(32, 1, 34)
(32, 2, 34)
(32, 3, 34)
(32, 4, 32)
(32, 5, 32)
(32, 6, 7)
(32, 7, 7)
(32, 8, 7)
(32, 9, 7)
(32, 10, 7)
(32, 11, 7)
(32, 12, 7)
(32, 13, 7)
(32, 14, 7)
(32, 15, 7)
(32, 16, 7)
(32, 17, 1)
(32, 18, 1)
(32, 19, 1)
(32, 20, 1)
(32, 21, 1)
(32, 22, 1)
(32, 23, 1)
(32, 24, 1)
(32, 25, 1)
(32, 26, 1)
(32, 27, 1)
(32, 28, 1)
(32, 29, 1)
(32, 30, 1)
(32, 31, 1)
(32, 32, 1)
(32, 33, 1)
(32, 34, 1)
(32, 35, 1)
(32, 36, 1)
(32, 37, 1)
(32, 38, 1)
(32, 39, 1)

(33, 0, 39)
(33, 1, 35)
(33, 2, 35)
(33, 3, 35)
(33, 4, 33)
(33, 5, 33)
(33, 6, 7)
(33, 7, 7)
(33, 8, 7)
(33, 9, 7)
(33, 10, 7)
(33, 11, 7)
(33, 12, 7)
(33, 13, 7)
(33, 14, 7)
(33, 15, 7)
(33, 16, 7)
(33, 17, 1)
(33, 18, 1)
(33, 19, 1)
(33, 20, 1)
(33, 21, 1)
(33, 22, 1)
(33, 23, 1)
(33, 24, 1)
(33, 25, 1)
(33, 26, 1)
(33, 27, 1)
(33, 28, 1)
(33, 29, 1)
(33, 30, 1)
(33, 31, 1)
(33, 32, 1)
(33, 33, 1)
(33, 34, 1)
(33, 35, 1)
(33, 36, 1)
(33, 37, 1)
(33, 38, 1)
(33, 39, 1)

(34, 0, 39)
(34, 1, 35)
(34, 2, 35)
(34, 3, 35)
(34, 4, 33)
(34, 5, 33)
(34, 6, 7)
(34, 7, 7)
(34, 8, 7)
(34, 9, 7)
(34, 10, 7)
(34, 11, 7)
(34, 12, 7)
(34, 13, 7)
(34, 14, 7)
(34, 15, 7)
(34, 16, 7)
(34, 17, 1)
(34, 18, 1)
(34, 19, 1)
(34, 20, 1)
(34, 21, 1)
(34, 22, 1)
(34, 23, 1)
(34, 24, 1)
(34, 25, 1)
(34, 26, 1)
(34, 27, 1)
(34, 28, 1)
(34, 29, 1)
(34, 30, 1)
(34, 31, 1)
(34, 32, 1)
(34, 33, 1)
(34, 34, 1)
(34, 35, 1)
(34, 36, 1)
(34, 37, 1)
(34, 38, 1)
(34, 39, 1)

(35, 0, 40)
(35, 1, 36)
(35, 2, 36)
(35, 3, 36)
(35, 4, 34)
(35, 5, 34)
(35, 6, 7)
(35, 7, 7)
(35, 8, 7)
(35, 9, 7)
(35, 10, 7)
(35, 11, 7)
(35, 12, 7)
(35, 13, 7)
(35, 14, 7)
(35, 15, 7)
(35, 16, 7)
(35, 17, 1)
(35, 18, 1)
(35, 19, 1)
(35, 20, 1)
(35, 21, 1)
(35, 22, 1)
(35, 23, 1)
(35, 24, 1)
(35, 25, 1)
(35, 26, 1)
(35, 27, 1)
(35, 28, 1)
(35, 29, 1)
(35, 30, 1)
(35, 31, 1)
(35, 32, 1)
(35, 33, 1)
(35, 34, 1)
(35, 35, 1)
(35, 36, 1)
(35, 37, 1)
(35, 38, 1)
(35, 39, 1)

(36, 0, 40)
(36, 1, 36)
(36, 2, 36)
(36, 3, 36)
(36, 4, 34)
(36, 5, 34)
(36, 6, 7)
(36, 7, 7)
(36, 8, 7)
(36, 9, 7)
(36, 10, 7)
(36, 11, 7)
(36, 12, 7)
(36, 13, 7)
(36, 14, 7)
(36, 15, 7)
(36, 16, 7)
(36, 17, 1)
(36, 18, 1)
(36, 19, 1)
(36, 20, 1)
(36, 21, 1)
(36, 22, 1)
(36, 23, 1)
(36, 24, 1)
(36, 25, 1)
(36, 26, 1)
(36, 27, 1)
(36, 28, 1)
(36, 29, 1)
(36, 30, 1)
(36, 31, 1)
(36, 32, 1)
(36, 33, 1)
(36, 34, 1)
(36, 35, 1)
(36, 36, 1)
(36, 37, 1)
(36, 38, 1)
(36, 39, 1)

(37, 0, 40)
(37, 1, 36)
(37, 2, 36)
(37, 3, 36)
(37, 4, 34)
(37, 5, 34)
(37, 6, 7)
(37, 7, 7)
(37, 8, 7)
(37, 9, 7)
(37, 10, 7)
(37, 11, 7)
(37, 12, 7)
(37, 13, 7)
(37, 14, 7)
(37, 15, 7)
(37, 16, 7)
(37, 17, 1)
(37, 18, 1)
(37, 19, 1)
(37, 20, 1)
(37, 21, 1)
(37, 22, 1)
(37, 23, 1)
(37, 24, 1)
(37, 25, 1)
(37, 26, 1)
(37, 27, 1)
(37, 28, 1)
(37, 29, 1)
(37, 30, 1)
(37, 31, 1)
(37, 32, 1)
(37, 33, 1)
(37, 34, 1)
(37, 35, 1)
(37, 36, 1)
(37, 37, 1)
(37, 38, 1)
(37, 39, 1)

(38, 0, 41)
(38, 1, 37)
(38, 2, 37)
(38, 3, 37)
(38, 4, 35)
(38, 5, 35)
(38, 6, 7)
(38, 7, 7)
(38, 8, 7)
(38, 9, 7)
(38, 10, 7)
(38, 11, 7)
(38, 12, 7)
(38, 13, 7)
(38, 14, 7)
(38, 15, 7)
(38, 16, 7)
(38, 17, 1)
(38, 18, 1)
(38, 19, 1)
(38, 20, 1)
(38, 21, 1)
(38, 22, 1)
(38, 23, 1)
(38, 24, 1)
(38, 25, 1)
(38, 26, 1)
(38, 27, 1)
(38, 28, 1)
(38, 29, 1)
(38, 30, 1)
(38, 31, 1)
(38, 32, 1)
(38, 33, 1)
(38, 34, 1)
(38, 35, 1)
(38, 36, 1)
(38, 37, 1)
(38, 38, 1)
(38, 39, 1)

(39, 0, 42)
(39, 1, 38)
(39, 2, 38)
(39, 3, 38)
(39, 4, 36)
(39, 5, 36)
(39, 6, 7)
(39, 7, 7)
(39, 8, 7)
(39, 9, 7)
(39, 10, 7)
(39, 11, 7)
(39, 12, 7)
(39, 13, 7)
(39, 14, 7)
(39, 15, 7)
(39, 16, 7)
(39, 17, 1)
(39, 18, 1)
(39, 19, 1)
(39, 20, 1)
(39, 21, 1)
(39, 22, 1)
(39, 23, 1)
(39, 24, 1)
(39, 25, 1)
(39, 26, 1)
(39, 27, 1)
(39, 28, 1)
(39, 29, 1)
(39, 30, 1)
(39, 31, 1)
(39, 32, 1)
(39, 33, 1)
(39, 34, 1)
(39, 35, 1)
(39, 36, 1)
(39, 37, 1)
(39, 38, 1)
(39, 39, 1)


Betti numbers:
xi_0:
(0, 0, 1)
(1, 0, 2)
(2, 0, 1)
(3, 0, 2)
(4, 0, 2)
(5, 0, 2)
(7, 0, 2)
(8, 0, 1)
(9, 0, 4)
(10, 0, 1)
(12, 0, 2)
(13, 0, 2)
(14, 0, 2)
(16, 0, 3)
(17, 0, 1)
(18, 0, 2)
(19, 0, 1)
(21, 0, 1)
(23, 0, 2)
(24, 0, 1)
(25, 0, 1)
(28, 0, 1)
(30, 0, 1)
(33, 0, 1)
(35, 0, 1)
(38, 0, 1)
(39, 0, 1)
xi_1:
(1, 1, 1)
(1, 37, 1)
(2, 1, 1)
(2, 36, 1)
(3, 6, 1)
(4, 6, 2)
(5, 6, 2)
(7, 6, 2)
(8, 17, 1)
(8, 22, 1)
(9, 6, 4)
(9, 17, 1)
(9, 33, 1)
(10, 6, 1)
(12, 4, 1)
(12, 6, 1)
(13, 4, 1)
(13, 6, 1)
(14, 1, 1)
(14, 17, 1)
(14, 18, 1)
(16, 1, 1)
(16, 6, 1)
(16, 17, 1)
(17, 6, 1)
(18, 6, 1)
(18, 17, 1)
(19, 6, 1)
(19, 17, 1)
(21, 6, 1)
(23, 6, 2)
(24, 6, 1)
(25, 6, 1)
(28, 6, 1)
(30, 6, 1)
(33, 6, 1)
(35, 6, 1)
(38, 6, 1)
(39, 6, 1)
xi_2:
(2, 37, 1)
(8, 36, 1)
(9, 22, 1)
(14, 33, 1)
(19, 18, 1)
